0 1
0 2
0 3
0 4
0 5
0 6
0 7
0 8
0 14
0 19
0 20
0 22
0 24
0 27
0 30
0 31
0 33
0 34
0 38
0 40
0 41
0 46
0 48
0 55
0 57
0 58
0 63
0 67
0 70
0 71
0 75
0 76
0 85
0 87
0 100
0 102
0 104
0 107
0 117
0 130
0 132
0 136
0 138
0 142
0 152
0 155
0 161
0 168
0 177
0 203
0 223
0 234
0 240
0 241
0 242
1 3
1 9
1 10
1 190
1 248
2 4
2 10
2 11
2 13
2 16
2 24
2 32
2 60
2 86
2 103
2 120
2 124
2 142
2 146
2 230
2 247
3 5
3 6
3 12
3 32
3 37
3 39
3 50
3 74
3 115
3 168
3 203
3 218
3 239
4 9
4 12
4 15
4 18
4 29
4 36
4 44
4 60
4 61
4 110
4 147
4 159
4 175
4 185
4 199
4 205
5 8
5 11
5 14
5 27
5 33
5 54
5 56
5 64
5 67
5 71
5 77
5 80
5 81
5 96
5 99
5 101
5 110
5 223
5 232
5 243
6 7
6 26
6 30
6 38
6 43
6 53
6 55
6 127
6 229
7 23
7 245
8 17
8 25
8 31
8 43
8 126
8 207
8 210
9 18
9 28
9 48
9 73
9 85
9 158
9 161
9 167
9 228
10 93
10 226
11 13
11 15
11 16
11 17
11 19
11 21
11 22
11 26
11 35
11 36
11 40
11 44
11 45
11 49
11 50
11 52
11 66
11 94
11 99
11 123
11 129
11 131
11 144
11 151
11 160
11 164
11 182
11 201
11 217
11 219
11 222
11 224
11 238
11 245
12 56
12 79
12 116
12 174
13 92
13 134
14 29
14 42
14 45
14 46
14 59
14 62
14 86
14 91
14 147
14 241
15 34
15 128
15 182
16 20
16 74
16 89
16 152
16 186
16 235
16 244
17 59
17 108
17 129
17 135
17 189
17 206
18 21
18 98
18 108
18 154
18 172
18 173
18 178
18 246
19 37
19 39
19 47
19 54
19 65
19 70
19 93
19 125
19 144
19 201
19 212
19 218
20 23
20 65
20 82
20 83
20 97
20 113
20 134
20 204
20 233
22 28
22 76
22 116
22 230
23 25
23 49
23 73
23 88
23 111
23 125
23 127
23 163
23 172
24 35
24 88
24 101
25 248
27 115
27 185
28 202
29 95
30 84
30 87
30 89
30 92
30 114
30 123
30 145
30 166
30 202
30 210
31 192
32 57
33 41
33 51
33 66
33 68
33 104
33 184
33 206
34 193
35 42
35 78
35 105
35 165
35 166
36 61
36 90
36 162
37 80
37 151
37 197
38 68
38 78
38 103
39 84
40 62
40 75
41 72
42 52
42 95
42 159
42 187
42 190
42 192
44 105
44 130
45 81
45 150
45 153
46 47
47 64
47 188
48 100
48 107
49 102
49 170
49 174
50 51
50 58
50 94
50 121
50 126
50 181
50 186
50 212
50 221
51 96
51 160
51 175
51 179
52 53
52 111
52 114
52 140
52 183
52 187
52 243
54 69
54 139
54 173
54 221
54 247
55 69
55 138
55 180
56 77
56 79
57 120
58 91
58 118
58 148
58 156
58 231
59 231
60 216
60 227
61 63
61 83
61 113
64 106
64 163
65 189
66 82
66 178
67 72
67 112
67 184
69 90
69 97
69 133
69 154
70 194
71 132
71 140
72 143
72 149
72 209
73 165
73 200
77 171
79 119
79 131
79 169
79 194
79 208
80 133
80 179
81 135
81 143
82 164
82 215
84 117
84 121
84 145
84 146
85 233
86 122
86 180
88 215
89 109
89 169
89 176
90 148
90 193
92 98
93 106
95 199
97 122
97 176
100 136
100 137
100 191
103 109
103 153
103 220
106 195
107 236
108 112
108 124
108 128
109 139
111 118
111 228
112 234
115 141
117 205
118 119
121 209
121 217
122 200
123 249
125 149
125 171
125 229
127 167
127 214
128 137
129 156
129 240
132 177
135 196
136 141
137 197
137 222
139 150
140 237
146 219
147 155
148 235
148 237
149 157
149 170
149 183
149 208
150 195
151 162
155 211
156 157
156 181
157 158
157 224
157 239
158 246
161 225
168 213
170 196
173 220
176 244
178 198
178 213
179 191
181 207
181 216
183 227
186 188
186 226
188 204
190 232
192 249
196 198
200 211
212 214
221 225
224 236
229 242
237 238
