0 1
0 2
0 4
0 6
0 8
0 9
0 10
0 11
0 14
0 17
0 35
0 39
0 43
0 53
0 83
0 92
0 93
0 102
0 103
0 104
0 113
0 119
0 123
0 134
0 149
0 168
0 184
0 232
0 234
1 3
1 6
1 7
1 9
1 10
1 12
1 15
1 16
1 19
1 25
1 32
1 34
1 47
1 54
1 57
1 58
1 60
1 64
1 66
1 68
1 73
1 79
1 82
1 88
1 90
1 96
1 98
1 110
1 111
1 112
1 113
1 128
1 144
1 146
1 151
1 158
1 160
1 186
1 192
1 194
1 202
1 209
1 226
1 243
2 3
2 15
2 22
2 27
2 30
2 42
2 43
2 71
2 91
2 136
2 181
2 185
2 201
2 231
2 245
3 4
3 5
3 8
3 11
3 13
3 16
3 17
3 18
3 19
3 20
3 24
3 25
3 26
3 28
3 30
3 45
3 62
3 63
3 76
3 80
3 85
3 94
3 95
3 100
3 103
3 109
3 132
3 159
3 163
3 176
3 189
3 197
3 215
3 216
3 219
3 230
3 235
3 238
3 246
4 5
4 29
4 77
4 122
4 182
4 198
4 204
4 225
4 236
5 22
5 37
5 61
5 95
5 98
5 158
5 165
5 167
5 218
5 232
6 7
6 12
6 23
6 82
6 240
7 13
7 14
7 21
7 24
7 26
7 27
7 31
7 33
7 36
7 40
7 41
7 64
7 72
7 80
7 93
7 107
7 116
7 127
7 128
7 133
7 162
7 175
7 176
7 183
7 187
7 229
7 242
8 18
8 23
8 48
8 51
8 58
8 61
8 65
8 87
8 96
8 112
8 130
8 152
8 170
8 177
8 185
8 229
9 89
9 120
9 131
9 134
9 212
10 34
10 99
13 33
13 37
13 44
13 52
13 106
13 126
13 145
14 20
14 39
14 49
14 59
14 88
15 42
15 50
15 74
15 77
15 172
15 173
15 207
16 32
16 56
16 94
16 115
16 136
16 142
16 143
16 154
16 157
16 187
16 210
16 218
17 36
17 248
18 89
18 147
18 246
19 40
19 41
19 45
19 75
19 84
19 117
19 133
19 139
19 172
19 217
19 225
20 21
20 71
20 108
20 120
20 149
20 242
21 38
21 195
22 28
22 29
22 46
22 67
22 81
22 92
22 124
22 189
22 208
22 223
24 44
24 68
24 85
24 137
24 195
24 213
26 180
28 206
29 31
29 47
29 69
29 123
29 135
29 162
29 204
29 241
30 210
31 35
31 57
31 81
31 101
31 125
31 163
31 182
31 199
31 216
32 51
32 54
32 67
32 146
32 219
33 63
33 86
34 38
34 48
34 50
34 70
34 76
34 161
34 166
34 220
35 46
35 87
35 178
35 196
35 230
36 60
36 78
36 138
36 173
36 228
36 239
38 59
39 56
39 78
39 97
40 55
40 105
40 190
42 73
42 74
42 114
42 194
44 53
44 62
44 75
44 141
44 174
44 191
45 84
46 52
46 107
46 115
46 186
47 49
47 79
47 180
48 69
48 118
48 247
49 121
49 152
49 205
50 166
51 104
51 105
51 153
51 199
52 55
52 167
52 174
53 175
53 249
54 65
54 72
55 102
55 143
55 147
55 155
58 91
59 66
59 141
59 178
61 109
61 156
61 165
62 70
62 83
62 138
62 144
62 193
62 205
62 213
62 243
63 121
65 137
65 177
66 110
66 126
66 129
66 208
66 224
67 97
67 119
67 157
67 171
67 193
67 233
68 140
70 159
72 135
73 90
73 171
73 220
74 179
75 151
75 168
75 214
76 127
76 188
79 111
79 222
82 116
82 235
83 101
83 114
83 139
84 129
84 192
85 86
86 179
87 125
88 233
89 100
91 161
91 183
92 99
93 108
95 148
96 122
96 200
97 117
97 148
98 130
99 106
99 200
100 184
102 118
102 150
102 196
103 131
103 142
103 164
104 224
106 170
107 153
110 203
112 124
112 155
112 226
114 198
116 169
116 206
117 236
122 132
122 214
122 234
123 156
126 154
129 223
130 150
133 145
133 181
133 188
134 140
134 228
135 169
135 209
140 160
145 240
145 241
146 191
147 217
147 247
151 164
151 202
151 227
154 222
156 197
156 211
157 244
161 203
165 201
167 212
171 207
183 211
187 190
189 249
196 221
206 215
209 231
212 221
220 237
223 237
224 227
228 238
231 245
232 239
243 244
243 248
