0 1
0 2
0 3
0 4
0 5
0 6
0 7
0 8
0 9
0 10
0 11
0 12
0 13
0 14
0 15
0 16
0 17
0 18
0 19
0 20
0 21
0 22
0 23
0 24
0 25
0 26
0 27
0 28
0 30
0 32
0 33
0 35
0 37
0 39
0 40
0 41
0 42
0 44
0 46
0 47
0 48
0 50
0 51
0 53
0 54
0 60
0 61
0 62
0 67
0 69
0 70
0 74
0 76
0 78
0 79
0 81
0 83
0 84
0 85
0 86
0 87
0 89
0 90
0 91
0 96
0 99
0 104
0 113
0 114
0 116
0 119
0 120
0 122
0 124
0 125
0 127
0 134
0 143
0 145
0 151
0 170
0 176
0 177
0 180
0 188
0 200
0 210
0 216
0 218
0 224
0 230
0 235
1 19
1 20
1 21
1 22
1 23
1 24
1 26
1 30
1 31
1 32
1 35
1 36
1 41
1 43
1 46
1 48
1 53
1 54
1 57
1 63
1 70
1 73
1 78
1 86
1 88
1 93
1 95
1 111
1 114
1 116
1 127
1 141
1 149
1 160
1 161
1 167
1 170
1 172
1 174
1 176
1 185
1 196
1 203
1 227
1 237
1 243
2 19
2 20
2 21
2 22
2 25
2 27
2 29
2 37
2 39
2 41
2 46
2 51
2 58
2 72
2 110
2 115
2 149
2 194
2 204
2 214
3 19
3 20
3 21
3 22
3 23
3 27
3 28
3 32
3 35
3 36
3 38
3 39
3 40
3 47
3 49
3 50
3 54
3 55
3 56
3 57
3 64
3 67
3 70
3 71
3 78
3 82
3 101
3 103
3 104
3 105
3 107
3 109
3 118
3 122
3 124
3 126
3 147
3 148
3 158
3 217
3 229
3 235
3 237
3 239
3 240
4 19
4 20
4 21
4 23
4 24
4 31
4 32
4 36
4 41
4 47
4 53
4 57
4 61
4 62
4 63
4 71
4 74
4 76
4 81
4 94
4 99
4 101
4 102
4 120
4 125
4 140
4 144
4 145
4 170
4 177
4 178
4 184
4 195
4 205
4 206
4 215
4 228
4 241
4 242
5 19
5 20
5 21
5 22
5 24
5 26
5 27
5 31
5 38
5 39
5 40
5 59
5 62
5 64
5 68
5 73
5 75
5 87
5 96
5 108
5 128
5 134
5 138
5 149
5 165
5 184
5 199
5 209
5 215
5 223
6 19
6 20
6 21
6 22
6 23
6 25
6 26
6 27
6 31
6 34
6 35
6 37
6 38
6 40
6 41
6 42
6 45
6 49
6 51
6 52
6 53
6 56
6 60
6 61
6 62
6 63
6 73
6 92
6 94
6 103
6 120
6 129
6 131
6 138
6 139
6 149
6 152
6 159
6 170
6 171
6 175
6 199
6 202
6 203
6 226
6 230
6 242
6 245
7 19
7 20
7 21
7 22
7 23
7 24
7 26
7 27
7 29
7 31
7 33
7 37
7 39
7 41
7 42
7 44
7 47
7 52
7 54
7 67
7 70
7 71
7 72
7 78
7 79
7 82
7 93
7 96
7 98
7 101
7 104
7 118
7 124
7 125
7 133
7 137
7 138
7 140
7 144
7 154
7 158
7 160
7 166
7 183
7 200
7 202
7 204
7 228
7 231
7 238
7 244
8 19
8 20
8 21
8 22
8 23
8 24
8 25
8 28
8 30
8 32
8 33
8 35
8 44
8 45
8 46
8 54
8 55
8 68
8 74
8 77
8 102
8 106
8 109
8 110
8 112
8 113
8 128
8 147
8 152
8 162
8 169
8 174
8 176
8 186
8 210
8 213
8 247
9 19
9 20
9 21
9 22
9 23
9 24
9 25
9 26
9 27
9 28
9 29
9 30
9 33
9 34
9 35
9 36
9 39
9 43
9 45
9 48
9 52
9 61
9 62
9 66
9 76
9 78
9 83
9 84
9 91
9 93
9 96
9 97
9 99
9 101
9 107
9 111
9 115
9 125
9 141
9 148
9 150
9 155
9 166
9 169
9 170
9 181
9 188
9 192
9 202
9 203
9 207
9 210
9 212
9 224
9 229
9 230
9 239
9 240
9 246
9 248
10 19
10 20
10 21
10 22
10 23
10 26
10 31
10 32
10 33
10 34
10 43
10 51
10 59
10 80
10 87
10 88
10 89
10 91
10 106
10 116
10 117
10 144
10 145
10 155
10 178
11 21
11 22
11 25
11 27
11 29
11 33
11 36
11 37
11 38
11 42
11 46
11 52
11 62
11 67
11 68
11 72
11 78
11 83
11 85
11 100
11 108
11 117
11 122
11 128
11 133
11 141
11 145
11 158
11 169
11 178
11 186
11 205
11 229
11 231
11 244
12 19
12 20
12 21
12 22
12 23
12 24
12 25
12 26
12 28
12 29
12 30
12 31
12 32
12 45
12 47
12 49
12 51
12 52
12 53
12 54
12 57
12 65
12 66
12 69
12 72
12 77
12 79
12 82
12 83
12 102
12 107
12 116
12 139
12 142
12 160
12 176
12 177
12 184
12 185
12 190
12 207
12 214
12 238
12 242
13 19
13 20
13 23
13 24
13 25
13 27
13 28
13 29
13 31
13 32
13 34
13 40
13 42
13 43
13 51
13 56
13 62
13 63
13 66
13 70
13 72
13 78
13 80
13 82
13 86
13 107
13 121
13 131
13 139
13 143
13 149
13 150
13 158
13 160
13 173
13 183
13 186
13 187
13 188
13 190
13 194
13 222
13 241
13 243
13 245
13 247
14 19
14 20
14 22
14 23
14 24
14 25
14 26
14 27
14 30
14 34
14 36
14 37
14 41
14 42
14 45
14 48
14 53
14 56
14 58
14 60
14 63
14 66
14 69
14 70
14 76
14 80
14 87
14 88
14 89
14 90
14 92
14 100
14 102
14 116
14 123
14 129
14 134
14 135
14 140
14 147
14 150
14 152
14 154
14 157
14 162
14 169
14 173
14 183
14 186
14 193
14 196
14 203
14 212
14 214
14 231
14 237
14 245
15 19
15 20
15 21
15 24
15 25
15 28
15 29
15 34
15 35
15 37
15 38
15 42
15 44
15 48
15 51
15 54
15 56
15 72
15 74
15 84
15 89
15 93
15 99
15 107
15 114
15 120
15 124
15 141
15 152
15 159
15 162
15 202
15 241
16 19
16 20
16 21
16 24
16 25
16 26
16 28
16 29
16 33
16 34
16 40
16 41
16 43
16 44
16 48
16 49
16 50
16 54
16 60
16 63
16 64
16 67
16 69
16 75
16 80
16 84
16 92
16 94
16 99
16 103
16 105
16 112
16 126
16 139
16 150
16 151
16 155
16 157
16 161
16 168
16 169
16 174
16 181
16 183
16 205
16 209
16 222
16 237
16 241
16 246
17 19
17 22
17 23
17 24
17 25
17 27
17 30
17 33
17 36
17 45
17 49
17 54
17 61
17 63
17 66
17 70
17 78
17 92
17 106
17 119
17 136
17 179
17 190
17 196
17 204
17 216
18 19
18 20
18 21
18 22
18 23
18 25
18 26
18 27
18 28
18 29
18 30
18 31
18 34
18 35
18 37
18 40
18 51
18 53
18 58
18 59
18 64
18 65
18 68
18 69
18 71
18 74
18 75
18 82
18 83
18 84
18 87
18 88
18 90
18 96
18 98
18 102
18 105
18 106
18 111
18 115
18 119
18 121
18 148
18 159
18 167
18 168
18 169
18 175
18 178
18 181
18 188
18 201
18 205
18 211
18 218
18 226
18 227
18 230
18 243
18 245
18 247
19 20
19 21
19 22
19 23
19 24
19 25
19 26
19 27
19 28
19 29
19 30
19 31
19 32
19 33
19 34
19 35
19 36
19 38
19 39
19 41
19 44
19 47
19 49
19 50
19 52
19 53
19 55
19 57
19 58
19 62
19 65
19 67
19 72
19 74
19 75
19 78
19 80
19 81
19 82
19 84
19 86
19 90
19 97
19 98
19 102
19 103
19 104
19 106
19 109
19 116
19 118
19 119
19 121
19 122
19 123
19 135
19 137
19 142
19 144
19 147
19 148
19 151
19 153
19 156
19 170
19 176
19 180
19 187
19 189
19 193
19 195
19 200
19 211
19 215
19 217
19 222
19 226
19 228
19 231
19 234
19 238
19 248
20 21
20 22
20 23
20 24
20 25
20 26
20 27
20 28
20 29
20 30
20 31
20 32
20 33
20 34
20 35
20 36
20 39
20 40
20 41
20 43
20 44
20 46
20 48
20 50
20 52
20 53
20 54
20 55
20 56
20 57
20 59
20 60
20 62
20 71
20 73
20 78
20 81
20 82
20 83
20 88
20 89
20 95
20 97
20 103
20 107
20 108
20 112
20 113
20 115
20 128
20 139
20 140
20 144
20 145
20 147
20 149
20 154
20 159
20 160
20 168
20 173
20 174
20 178
20 179
20 189
20 205
20 208
20 213
20 222
20 226
20 231
20 234
20 236
20 237
20 238
20 249
21 22
21 23
21 24
21 25
21 26
21 28
21 29
21 30
21 31
21 32
21 33
21 34
21 35
21 36
21 37
21 38
21 40
21 41
21 42
21 44
21 46
21 47
21 50
21 51
21 53
21 54
21 55
21 56
21 58
21 59
21 60
21 61
21 62
21 63
21 65
21 68
21 70
21 71
21 76
21 77
21 79
21 80
21 84
21 85
21 90
21 91
21 92
21 93
21 94
21 95
21 98
21 104
21 113
21 115
21 119
21 121
21 125
21 126
21 127
21 130
21 131
21 132
21 133
21 134
21 136
21 140
21 144
21 146
21 147
21 150
21 154
21 160
21 161
21 163
21 164
21 165
21 166
21 167
21 170
21 173
21 180
21 182
21 187
21 188
21 193
21 194
21 196
21 197
21 200
21 201
21 203
21 205
21 209
21 213
21 215
21 220
21 223
21 226
21 227
21 235
21 240
21 242
21 248
22 23
22 24
22 25
22 26
22 28
22 29
22 30
22 31
22 33
22 36
22 41
22 42
22 44
22 45
22 48
22 50
22 51
22 53
22 54
22 56
22 59
22 60
22 63
22 66
22 72
22 75
22 79
22 80
22 81
22 83
22 89
22 91
22 93
22 94
22 95
22 96
22 98
22 102
22 105
22 108
22 112
22 114
22 115
22 117
22 120
22 128
22 133
22 139
22 140
22 154
22 159
22 160
22 161
22 164
22 174
22 175
22 176
22 181
22 184
22 188
22 191
22 196
22 200
22 211
22 213
22 219
22 222
22 225
22 243
22 244
23 24
23 25
23 26
23 27
23 28
23 29
23 30
23 32
23 33
23 34
23 35
23 38
23 39
23 40
23 42
23 43
23 44
23 46
23 47
23 48
23 55
23 56
23 58
23 60
23 67
23 68
23 71
23 74
23 78
23 81
23 85
23 86
23 91
23 93
23 98
23 99
23 100
23 101
23 105
23 111
23 112
23 114
23 115
23 118
23 142
23 143
23 160
23 163
23 164
23 165
23 168
23 171
23 177
23 182
23 184
23 187
23 188
23 190
23 192
23 196
23 197
23 199
23 204
23 211
23 215
23 218
23 229
23 234
23 236
23 239
23 243
23 247
24 26
24 27
24 28
24 29
24 30
24 32
24 37
24 38
24 39
24 40
24 41
24 43
24 44
24 45
24 46
24 47
24 49
24 56
24 57
24 58
24 63
24 65
24 66
24 67
24 69
24 73
24 74
24 75
24 80
24 94
24 98
24 102
24 119
24 121
24 129
24 130
24 132
24 141
24 143
24 144
24 155
24 158
24 164
24 168
24 176
24 177
24 193
24 210
24 217
24 221
24 222
24 227
25 26
25 27
25 28
25 29
25 30
25 31
25 32
25 33
25 34
25 36
25 37
25 38
25 39
25 41
25 44
25 47
25 48
25 49
25 53
25 54
25 56
25 57
25 59
25 61
25 62
25 64
25 66
25 68
25 69
25 70
25 72
25 73
25 75
25 76
25 79
25 82
25 88
25 105
25 114
25 115
25 116
25 117
25 122
25 129
25 131
25 136
25 137
25 139
25 141
25 152
25 154
25 163
25 166
25 169
25 174
25 175
25 192
25 194
25 207
25 216
25 217
25 226
25 240
25 242
25 243
26 27
26 28
26 29
26 30
26 31
26 32
26 33
26 34
26 35
26 37
26 38
26 39
26 40
26 42
26 43
26 44
26 45
26 47
26 48
26 50
26 53
26 55
26 56
26 57
26 60
26 61
26 62
26 69
26 72
26 76
26 77
26 80
26 82
26 85
26 90
26 91
26 92
26 94
26 102
26 106
26 108
26 109
26 112
26 114
26 116
26 117
26 118
26 121
26 128
26 132
26 133
26 143
26 148
26 153
26 162
26 173
26 185
26 191
26 194
26 199
26 201
26 205
26 210
26 213
26 224
26 226
26 229
26 238
26 245
26 247
26 248
26 249
27 28
27 30
27 31
27 33
27 35
27 37
27 38
27 39
27 40
27 42
27 43
27 44
27 45
27 48
27 52
27 57
27 66
27 67
27 68
27 69
27 71
27 75
27 77
27 78
27 82
27 86
27 89
27 90
27 96
27 97
27 100
27 103
27 107
27 108
27 114
27 117
27 118
27 122
27 123
27 126
27 128
27 131
27 132
27 133
27 136
27 139
27 140
27 141
27 145
27 146
27 151
27 152
27 159
27 162
27 173
27 178
27 179
27 181
27 190
27 191
27 193
27 203
27 206
27 213
27 216
27 220
27 223
27 224
27 226
27 228
27 229
27 230
27 233
27 235
27 240
27 242
27 245
28 29
28 33
28 35
28 36
28 38
28 40
28 46
28 48
28 49
28 50
28 52
28 54
28 55
28 59
28 61
28 63
28 64
28 65
28 67
28 68
28 75
28 78
28 80
28 81
28 82
28 86
28 95
28 103
28 105
28 107
28 117
28 122
28 132
28 133
28 138
28 139
28 149
28 156
28 158
28 160
28 182
28 186
28 188
28 223
28 226
28 230
28 245
29 30
29 31
29 32
29 34
29 35
29 36
29 38
29 39
29 41
29 42
29 43
29 44
29 45
29 46
29 49
29 51
29 53
29 57
29 65
29 66
29 67
29 71
29 73
29 78
29 79
29 80
29 86
29 88
29 99
29 100
29 106
29 109
29 110
29 111
29 113
29 115
29 118
29 120
29 122
29 137
29 138
29 139
29 140
29 142
29 144
29 164
29 167
29 176
29 183
29 200
29 201
29 204
29 205
29 208
29 217
29 232
29 233
29 234
29 241
29 242
29 243
30 31
30 32
30 36
30 40
30 42
30 43
30 48
30 49
30 54
30 55
30 59
30 62
30 67
30 73
30 77
30 80
30 84
30 86
30 96
30 97
30 101
30 102
30 106
30 108
30 110
30 118
30 124
30 125
30 129
30 135
30 138
30 141
30 143
30 146
30 148
30 151
30 152
30 154
30 155
30 158
30 160
30 164
30 167
30 169
30 177
30 180
30 182
30 184
30 196
30 208
30 211
30 218
30 223
30 228
30 239
30 240
30 241
30 242
31 32
31 34
31 36
31 37
31 38
31 39
31 41
31 43
31 46
31 50
31 52
31 54
31 58
31 59
31 60
31 66
31 67
31 68
31 75
31 82
31 88
31 95
31 101
31 102
31 103
31 106
31 110
31 118
31 129
31 131
31 143
31 144
31 147
31 148
31 149
31 156
31 164
31 171
31 172
31 175
31 178
31 184
31 185
31 186
31 189
31 193
31 207
31 213
31 223
31 225
31 235
31 238
31 244
32 33
32 34
32 36
32 37
32 40
32 53
32 55
32 60
32 61
32 63
32 66
32 68
32 73
32 74
32 79
32 80
32 83
32 93
32 98
32 100
32 104
32 108
32 112
32 115
32 116
32 120
32 122
32 127
32 128
32 137
32 142
32 149
32 150
32 152
32 156
32 159
32 161
32 167
32 177
32 189
32 192
32 209
32 210
32 213
32 224
32 225
32 232
32 235
33 34
33 35
33 38
33 42
33 45
33 47
33 49
33 51
33 56
33 64
33 67
33 68
33 73
33 74
33 75
33 76
33 81
33 82
33 86
33 87
33 88
33 89
33 91
33 94
33 101
33 102
33 104
33 105
33 110
33 111
33 114
33 121
33 126
33 127
33 141
33 143
33 147
33 149
33 153
33 157
33 158
33 162
33 163
33 166
33 169
33 174
33 177
33 185
33 190
33 209
33 211
33 215
33 238
33 243
33 244
33 246
34 35
34 37
34 38
34 39
34 42
34 43
34 45
34 46
34 51
34 55
34 57
34 58
34 61
34 71
34 73
34 77
34 84
34 86
34 87
34 92
34 102
34 103
34 105
34 115
34 117
34 125
34 130
34 134
34 136
34 141
34 153
34 154
34 163
34 164
34 165
34 168
34 171
34 182
34 188
34 190
34 195
34 199
34 200
34 202
34 213
34 225
34 228
34 229
34 239
34 247
35 36
35 37
35 38
35 45
35 47
35 49
35 52
35 55
35 57
35 59
35 61
35 62
35 65
35 71
35 75
35 77
35 81
35 89
35 91
35 93
35 100
35 101
35 105
35 108
35 110
35 112
35 119
35 121
35 128
35 130
35 133
35 135
35 137
35 140
35 144
35 156
35 160
35 169
35 172
35 189
35 191
35 197
35 206
35 221
35 249
36 37
36 39
36 41
36 45
36 46
36 50
36 51
36 52
36 54
36 55
36 58
36 60
36 64
36 65
36 68
36 70
36 71
36 72
36 73
36 74
36 77
36 80
36 82
36 83
36 88
36 92
36 97
36 99
36 107
36 113
36 116
36 130
36 134
36 144
36 147
36 160
36 164
36 165
36 167
36 169
36 174
36 175
36 179
36 183
36 184
36 185
36 197
36 198
36 200
36 204
36 208
36 209
36 214
36 215
36 223
36 241
36 245
36 247
36 249
37 40
37 42
37 43
37 49
37 50
37 52
37 56
37 57
37 59
37 60
37 66
37 69
37 71
37 74
37 80
37 88
37 95
37 96
37 108
37 110
37 113
37 114
37 123
37 125
37 133
37 134
37 135
37 137
37 138
37 142
37 147
37 154
37 156
37 157
37 188
37 189
37 193
37 199
37 202
37 207
37 208
37 219
37 229
37 231
37 236
37 240
38 39
38 40
38 44
38 45
38 47
38 49
38 51
38 53
38 59
38 61
38 62
38 64
38 65
38 66
38 71
38 75
38 77
38 79
38 81
38 85
38 89
38 93
38 101
38 104
38 107
38 109
38 113
38 116
38 117
38 123
38 128
38 133
38 135
38 136
38 148
38 151
38 153
38 155
38 162
38 164
38 165
38 170
38 177
38 181
38 182
38 183
38 201
38 206
38 207
38 213
38 229
38 237
38 240
38 241
39 43
39 46
39 50
39 52
39 55
39 64
39 66
39 70
39 75
39 81
39 85
39 87
39 99
39 112
39 119
39 124
39 129
39 142
39 143
39 155
39 159
39 174
39 177
39 207
39 208
39 217
39 239
39 240
39 247
40 41
40 42
40 43
40 44
40 47
40 54
40 55
40 56
40 57
40 58
40 59
40 61
40 63
40 69
40 76
40 82
40 83
40 85
40 95
40 96
40 109
40 113
40 115
40 118
40 126
40 128
40 131
40 132
40 143
40 151
40 154
40 155
40 156
40 185
40 187
40 192
40 209
40 221
40 225
40 232
41 44
41 45
41 46
41 52
41 72
41 73
41 79
41 83
41 91
41 97
41 120
41 122
41 125
41 135
41 156
41 168
41 173
41 184
41 203
41 207
41 208
41 212
41 214
41 216
41 226
41 246
42 43
42 47
42 49
42 50
42 58
42 62
42 64
42 65
42 72
42 73
42 91
42 95
42 97
42 111
42 112
42 114
42 135
42 140
42 141
42 157
42 187
42 199
42 224
42 237
43 45
43 46
43 48
43 50
43 51
43 57
43 67
43 71
43 74
43 77
43 78
43 84
43 92
43 93
43 97
43 98
43 101
43 103
43 104
43 109
43 116
43 126
43 127
43 130
43 140
43 145
43 154
43 157
43 161
43 163
43 181
43 216
43 225
43 227
43 229
43 235
43 245
44 46
44 47
44 48
44 50
44 56
44 57
44 64
44 76
44 77
44 78
44 81
44 83
44 85
44 97
44 98
44 99
44 100
44 105
44 107
44 110
44 112
44 117
44 118
44 121
44 125
44 126
44 130
44 139
44 142
44 143
44 147
44 153
44 156
44 157
44 166
44 170
44 175
44 177
44 192
44 193
44 207
44 209
44 219
44 225
44 237
44 239
44 248
44 249
45 47
45 59
45 63
45 64
45 66
45 68
45 92
45 95
45 97
45 100
45 115
45 119
45 127
45 131
45 134
45 137
45 141
45 158
45 215
45 233
45 234
46 48
46 49
46 53
46 58
46 59
46 60
46 64
46 71
46 74
46 80
46 84
46 96
46 101
46 107
46 110
46 111
46 116
46 117
46 120
46 124
46 129
46 132
46 140
46 142
46 146
46 157
46 164
46 186
46 191
46 195
46 204
46 205
46 206
46 210
46 212
46 227
46 234
46 245
46 246
46 248
47 48
47 50
47 52
47 55
47 56
47 58
47 61
47 63
47 64
47 68
47 69
47 73
47 76
47 79
47 83
47 84
47 85
47 92
47 93
47 99
47 100
47 106
47 108
47 119
47 125
47 128
47 134
47 136
47 138
47 140
47 153
47 157
47 159
47 166
47 173
47 175
47 179
47 190
47 193
47 196
47 199
47 203
47 209
47 245
48 49
48 52
48 59
48 72
48 77
48 79
48 83
48 84
48 88
48 94
48 96
48 98
48 100
48 101
48 112
48 115
48 126
48 132
48 134
48 136
48 147
48 150
48 156
48 163
48 169
48 174
48 189
48 205
48 206
48 207
48 223
48 226
48 232
48 233
49 50
49 51
49 58
49 60
49 61
49 62
49 76
49 78
49 81
49 91
49 93
49 94
49 95
49 98
49 104
49 108
49 117
49 124
49 126
49 127
49 129
49 146
49 157
49 159
49 162
49 163
49 171
49 175
49 179
49 187
49 190
49 195
49 197
49 205
49 206
49 220
49 239
49 245
50 51
50 52
50 66
50 67
50 73
50 86
50 93
50 96
50 98
50 104
50 108
50 132
50 145
50 148
50 154
50 159
50 162
50 164
50 165
50 173
50 180
50 185
50 208
50 212
50 221
50 225
50 236
50 238
50 244
50 246
51 53
51 58
51 60
51 61
51 65
51 67
51 70
51 72
51 74
51 76
51 81
51 88
51 92
51 98
51 105
51 108
51 110
51 114
51 123
51 144
51 149
51 150
51 166
51 168
51 175
51 177
51 179
51 181
51 197
51 200
51 219
51 235
51 244
51 248
52 55
52 92
52 94
52 106
52 113
52 118
52 130
52 132
52 136
52 137
52 143
52 161
52 172
52 176
52 181
52 184
52 198
52 212
52 225
52 235
52 247
53 55
53 56
53 57
53 58
53 61
53 63
53 65
53 69
53 70
53 87
53 105
53 113
53 114
53 117
53 121
53 132
53 135
53 140
53 144
53 158
53 160
53 161
53 194
53 198
53 214
53 223
53 233
54 64
54 65
54 66
54 68
54 69
54 70
54 81
54 91
54 94
54 98
54 101
54 109
54 110
54 111
54 131
54 138
54 153
54 154
54 186
54 187
54 192
54 201
54 204
54 211
54 220
54 222
54 230
54 239
54 243
55 58
55 65
55 68
55 69
55 70
55 74
55 85
55 87
55 93
55 97
55 108
55 115
55 117
55 120
55 122
55 124
55 133
55 135
55 155
55 156
55 157
55 165
55 170
55 172
55 190
55 201
55 205
55 230
55 231
55 249
56 59
56 78
56 87
56 90
56 91
56 92
56 106
56 168
56 169
56 173
56 182
56 190
56 193
56 197
56 204
56 213
56 225
56 231
56 233
56 243
57 65
57 70
57 75
57 76
57 80
57 85
57 92
57 96
57 118
57 119
57 120
57 123
57 125
57 130
57 133
57 143
57 146
57 152
57 164
57 172
57 201
57 202
57 206
57 214
57 231
57 248
58 60
58 62
58 63
58 64
58 69
58 76
58 79
58 84
58 86
58 87
58 90
58 95
58 105
58 113
58 114
58 123
58 131
58 132
58 133
58 137
58 139
58 161
58 167
58 168
58 171
58 195
58 207
58 249
59 60
59 63
59 65
59 79
59 82
59 89
59 97
59 98
59 100
59 103
59 105
59 106
59 107
59 108
59 116
59 122
59 129
59 159
59 190
59 218
59 234
59 237
60 64
60 69
60 77
60 86
60 87
60 89
60 95
60 101
60 103
60 114
60 123
60 128
60 132
60 135
60 147
60 148
60 153
60 158
60 162
60 173
60 177
60 178
60 185
60 192
60 198
60 234
61 65
61 68
61 75
61 76
61 93
61 94
61 106
61 110
61 125
61 127
61 129
61 132
61 137
61 138
61 142
61 144
61 145
61 163
61 165
61 166
61 185
61 231
61 232
61 233
61 240
62 67
62 72
62 97
62 99
62 112
62 113
62 146
62 153
62 164
62 172
62 181
62 184
62 195
62 199
62 200
62 204
62 211
62 214
63 72
63 74
63 75
63 87
63 91
63 104
63 106
63 107
63 108
63 110
63 120
63 121
63 124
63 127
63 135
63 137
63 164
63 170
63 197
63 224
64 75
64 89
64 96
64 99
64 102
64 103
64 111
64 114
64 127
64 143
64 145
64 148
64 157
64 168
64 174
64 184
64 188
64 222
64 227
64 247
65 69
65 72
65 73
65 74
65 76
65 77
65 83
65 84
65 85
65 91
65 92
65 94
65 104
65 105
65 112
65 114
65 119
65 121
65 122
65 146
65 152
65 159
65 169
65 171
65 178
65 193
65 204
65 208
65 219
65 221
65 230
65 232
65 234
65 236
65 244
66 70
66 71
66 80
66 81
66 86
66 87
66 89
66 90
66 107
66 109
66 113
66 122
66 127
66 130
66 149
66 155
66 161
66 162
66 165
66 179
66 184
66 189
66 195
66 212
66 216
66 227
67 81
67 84
67 85
67 89
67 90
67 93
67 110
67 124
67 126
67 129
67 145
67 176
67 189
67 191
67 194
67 196
67 210
67 212
67 218
67 234
67 237
67 246
68 109
68 118
68 134
68 137
68 153
68 167
68 172
68 191
68 217
68 224
68 231
68 242
69 70
69 79
69 83
69 85
69 87
69 97
69 101
69 102
69 105
69 116
69 118
69 119
69 131
69 135
69 145
69 148
69 149
69 157
69 187
69 191
69 194
69 196
69 208
69 221
69 224
69 227
69 242
69 244
70 71
70 73
70 77
70 82
70 83
70 84
70 85
70 88
70 89
70 90
70 94
70 137
70 163
70 165
70 188
70 241
71 79
71 85
71 90
71 111
71 116
71 119
71 120
71 135
71 139
71 141
71 180
71 182
71 187
71 194
71 205
71 221
71 223
71 240
71 246
72 77
72 83
72 90
72 95
72 98
72 109
72 112
72 132
72 163
72 179
72 195
72 217
72 227
72 235
72 249
73 81
73 88
73 94
73 118
73 124
73 126
73 127
73 137
73 138
73 147
73 172
73 174
73 178
73 179
73 195
73 203
73 227
73 238
73 240
73 248
74 76
74 77
74 86
74 90
74 99
74 104
74 109
74 111
74 112
74 122
74 123
74 125
74 152
74 159
74 165
74 169
74 172
74 181
74 187
74 216
75 79
75 88
75 92
75 126
75 130
75 131
75 138
75 150
75 160
75 183
75 207
75 209
75 214
75 219
75 220
75 235
75 242
76 103
76 107
76 117
76 124
76 127
76 139
76 141
76 191
76 219
76 223
76 229
76 232
77 95
77 103
77 111
77 113
77 124
77 142
77 144
77 153
77 156
77 160
77 182
77 210
77 216
77 217
77 223
77 238
78 79
78 82
78 85
78 86
78 88
78 89
78 104
78 109
78 111
78 115
78 116
78 121
78 122
78 124
78 141
78 146
78 150
78 151
78 175
78 187
78 189
78 194
78 199
78 206
78 207
78 220
78 222
78 241
78 248
79 87
79 95
79 128
79 130
79 132
79 134
79 149
79 169
79 171
79 191
79 198
79 215
79 239
80 91
80 106
80 107
80 113
80 118
80 120
80 121
80 130
80 136
80 153
80 154
80 170
80 173
80 185
80 186
80 194
80 215
80 221
80 225
80 227
80 238
81 100
81 103
81 109
81 113
81 115
81 131
81 136
81 148
81 151
81 152
81 153
81 164
81 166
81 171
81 172
81 174
81 192
81 197
81 201
81 203
81 206
81 216
81 225
81 231
81 233
81 236
82 92
82 95
82 97
82 104
82 111
82 113
82 161
82 181
82 210
82 216
82 219
82 221
82 239
83 84
83 89
83 91
83 99
83 100
83 126
83 130
83 139
83 142
83 176
83 179
83 196
83 198
83 218
83 238
83 243
84 87
84 90
84 135
84 143
84 178
84 180
84 189
84 204
84 215
84 224
85 86
85 95
85 99
85 100
85 101
85 106
85 121
85 126
85 129
85 135
85 152
85 156
85 168
85 211
86 88
86 97
86 99
86 101
86 117
86 123
86 130
86 138
86 150
86 165
86 179
86 186
86 196
86 210
86 213
86 236
86 238
86 241
87 90
87 94
87 100
87 117
87 121
87 132
87 137
87 151
87 153
87 192
87 197
87 217
87 233
87 248
87 249
88 96
88 123
88 129
88 146
88 167
88 171
88 173
88 202
88 206
88 217
88 232
88 236
88 241
89 90
89 94
89 97
89 123
89 127
89 133
89 136
89 140
89 144
89 146
89 147
89 151
89 162
89 163
89 175
89 188
89 205
89 237
90 102
90 107
90 111
90 119
90 126
90 128
90 151
90 165
90 168
90 175
90 182
90 191
90 192
90 198
90 199
90 203
90 210
90 221
90 228
90 238
91 93
91 103
91 112
91 119
91 121
91 128
91 142
91 161
91 162
91 182
91 196
91 198
91 199
91 211
91 214
91 218
91 236
92 110
92 127
92 134
92 136
92 138
92 140
92 142
92 151
92 158
92 159
92 189
92 191
92 201
92 208
92 233
92 238
92 247
93 96
93 104
93 110
93 112
93 123
93 134
93 160
93 162
93 166
93 176
93 192
93 194
93 214
93 232
93 234
94 96
94 119
94 140
94 144
94 145
94 155
94 166
94 167
94 182
94 205
94 217
95 100
95 114
95 129
95 139
95 150
95 166
95 167
95 170
95 175
95 176
95 187
95 206
95 208
95 239
96 105
96 110
96 117
96 124
96 133
96 136
96 141
96 148
96 169
96 186
96 187
96 192
96 195
96 211
96 218
96 219
96 235
96 236
96 243
96 246
97 98
97 100
97 104
97 120
97 123
97 124
97 126
97 131
97 136
97 155
97 172
97 198
97 222
97 247
98 99
98 106
98 108
98 111
98 122
98 142
98 149
98 171
98 178
98 199
98 212
98 214
98 222
98 228
99 131
99 142
99 146
99 151
99 154
99 170
99 178
99 192
99 199
99 208
99 245
100 102
100 103
100 129
100 175
100 180
100 189
100 200
100 202
100 220
100 227
100 238
100 249
101 102
101 147
101 156
101 159
101 200
101 218
101 223
101 225
102 120
102 150
102 203
102 210
102 243
102 244
103 109
103 115
103 123
103 127
103 137
103 147
103 148
103 155
103 158
103 160
103 168
103 173
103 180
103 181
103 190
103 198
103 204
103 207
103 222
103 228
103 236
103 249
104 124
104 138
104 145
104 159
104 193
104 194
104 195
104 206
104 208
104 222
104 242
105 109
105 111
105 116
105 138
105 142
105 151
105 199
105 228
105 237
106 119
106 121
106 130
106 148
106 157
106 184
106 188
106 198
106 246
107 109
107 120
107 136
107 153
107 172
107 174
107 179
107 211
107 218
107 236
107 239
108 125
108 131
108 133
108 136
108 151
108 162
108 166
108 170
108 171
108 172
108 173
108 174
108 194
108 199
108 208
108 212
108 220
108 224
108 225
108 229
108 236
109 118
109 144
109 145
109 150
109 152
109 157
109 158
109 161
109 163
109 189
109 238
110 135
110 177
110 180
110 183
110 196
110 230
111 135
111 146
111 148
111 157
111 167
111 181
111 187
111 196
111 201
111 202
111 221
111 235
111 240
112 125
112 127
112 150
112 171
112 179
112 191
112 202
112 217
112 221
112 230
113 151
113 165
113 173
113 181
113 184
113 185
113 189
113 190
113 198
113 212
113 226
113 233
113 237
113 241
114 122
114 125
114 129
114 130
114 133
114 137
114 152
114 156
114 158
114 224
114 228
114 231
115 120
115 125
115 128
115 142
115 155
115 161
115 218
115 227
115 235
115 236
116 123
116 183
116 200
116 215
116 216
116 218
116 221
116 244
117 123
117 134
117 150
117 161
117 172
117 179
117 180
117 185
117 192
117 193
117 202
117 218
117 234
118 128
118 131
118 139
118 143
118 146
118 166
118 171
118 178
118 183
118 186
118 190
118 211
118 220
118 230
118 239
118 247
119 130
119 175
119 191
119 204
119 207
119 210
119 223
119 248
120 138
120 185
120 190
121 154
121 161
121 167
121 183
121 196
121 231
121 237
122 145
122 151
122 162
122 180
122 198
122 211
122 232
122 245
123 126
123 149
123 150
123 157
123 195
123 233
123 247
123 248
124 134
124 153
124 165
124 179
124 182
124 226
125 133
125 134
125 166
125 168
125 180
125 197
125 202
125 205
125 207
125 208
126 129
126 131
126 136
126 141
126 152
126 179
126 194
126 203
126 215
126 247
127 143
127 152
127 168
127 170
127 175
127 182
127 202
128 138
128 190
128 228
129 134
129 167
129 173
129 174
129 176
129 181
129 201
129 204
129 205
129 211
129 215
129 218
129 225
129 242
130 139
130 169
130 176
130 181
130 193
130 197
130 207
130 217
130 224
131 132
131 163
131 217
131 219
131 244
132 141
132 145
132 146
132 153
132 155
132 161
132 162
132 204
133 147
133 158
133 163
133 166
133 181
133 186
133 187
133 218
133 219
133 220
133 221
134 148
134 149
134 154
134 159
134 165
134 172
134 179
134 209
134 232
135 140
135 145
135 180
135 183
135 198
135 200
135 204
135 205
135 218
135 225
135 226
135 230
135 235
135 244
136 163
136 174
136 178
136 193
136 198
136 200
136 209
136 213
136 244
136 246
137 146
137 196
137 198
137 220
137 244
138 146
138 158
138 177
138 182
138 212
138 240
138 241
139 163
139 191
139 217
139 229
140 156
140 172
140 206
140 212
140 213
140 230
141 203
141 232
141 234
142 143
142 188
143 146
143 149
143 171
143 176
143 194
143 197
143 218
144 155
144 158
144 175
144 178
144 183
144 190
144 191
144 213
144 224
144 228
144 230
144 234
144 249
145 152
145 185
145 188
145 210
145 223
146 157
146 183
146 201
146 216
147 156
147 171
147 173
147 176
147 180
147 185
147 188
147 197
147 227
147 232
147 244
148 150
148 155
148 163
148 187
148 195
148 203
148 237
149 154
149 166
149 177
149 186
149 189
149 201
149 202
149 203
149 206
149 214
149 226
149 240
150 160
150 162
150 180
150 202
150 213
151 164
151 171
151 197
151 233
151 235
151 239
152 192
152 213
152 215
153 170
153 183
153 184
153 189
153 194
153 195
153 211
153 224
153 225
153 229
153 233
153 240
153 242
153 243
154 155
154 156
154 167
154 176
154 186
154 197
154 206
154 210
154 211
154 223
154 228
155 172
155 180
156 168
156 188
156 203
156 220
156 247
157 177
157 198
157 208
157 209
157 212
157 214
157 242
158 201
158 202
158 215
158 219
158 221
159 165
159 191
159 219
159 248
160 161
160 164
160 174
160 184
160 186
160 189
160 196
160 197
160 223
160 224
160 233
160 240
160 249
161 185
161 187
161 193
161 201
161 220
162 197
162 208
162 212
162 233
163 167
164 168
164 184
164 210
165 170
165 180
165 200
165 229
165 231
165 233
165 234
166 167
166 206
166 222
166 243
167 182
167 209
167 214
167 215
167 221
167 223
167 228
167 235
168 230
168 246
168 249
169 171
169 185
169 210
169 213
169 229
169 235
169 249
170 195
170 222
171 182
171 193
171 209
171 216
172 183
172 216
172 224
172 245
173 186
174 177
174 178
174 182
174 191
174 214
174 222
175 178
175 195
175 198
175 201
175 222
175 245
176 186
176 192
176 219
176 220
176 239
177 220
178 203
178 226
180 194
180 230
180 243
181 183
181 206
181 219
181 229
181 232
181 248
182 225
182 232
183 199
184 230
185 209
185 216
186 217
186 237
186 239
187 199
187 224
188 209
188 212
188 237
189 192
189 234
190 193
190 217
190 227
191 200
191 204
191 209
191 214
191 227
191 236
191 246
192 201
192 221
192 231
192 240
192 245
193 195
193 212
193 220
193 236
194 222
194 228
196 216
198 220
199 200
199 219
199 226
200 215
201 202
201 207
201 214
201 221
201 228
201 231
202 216
202 246
202 249
203 220
203 237
204 211
204 219
204 241
205 212
205 232
208 246
209 219
210 234
210 238
210 243
211 244
212 226
213 243
214 249
215 228
215 245
216 229
216 233
218 234
219 242
220 232
220 239
221 232
221 236
221 248
222 244
223 242
224 231
225 248
226 227
226 241
228 246
230 241
230 246
232 236
233 247
236 242
237 241
237 246
243 247
244 248
247 249
