0 1
0 2
0 3
0 4
0 5
0 6
0 7
0 8
0 9
0 10
0 11
0 12
0 13
0 14
0 15
0 16
0 17
0 18
0 19
0 20
0 21
0 22
0 23
0 24
0 25
0 27
0 28
0 30
0 31
0 33
0 34
0 36
0 39
0 42
0 46
0 51
0 52
0 61
0 63
0 70
0 88
0 91
0 103
0 105
0 109
0 110
0 112
0 113
0 117
0 119
0 126
0 140
0 141
0 149
0 153
0 159
0 160
0 163
0 167
0 175
0 182
0 186
0 192
0 197
0 199
0 201
0 215
0 222
0 229
0 230
0 232
0 247
1 15
1 16
1 20
1 21
1 26
1 27
1 35
1 42
1 44
1 46
1 63
1 72
1 75
1 78
1 122
1 132
1 149
1 191
1 218
1 222
1 235
1 247
2 15
2 16
2 17
2 18
2 19
2 20
2 21
2 22
2 23
2 24
2 26
2 31
2 33
2 35
2 37
2 39
2 46
2 56
2 60
2 74
2 87
2 91
2 95
2 118
2 121
2 122
2 124
2 132
2 135
2 148
2 153
2 155
2 166
2 169
2 171
2 177
2 182
2 190
2 200
2 215
2 230
3 15
3 16
3 17
3 18
3 20
3 21
3 22
3 23
3 24
3 25
3 32
3 36
3 40
3 41
3 55
3 58
3 61
3 63
3 64
3 65
3 69
3 72
3 74
3 75
3 79
3 85
3 86
3 91
3 92
3 94
3 96
3 98
3 119
3 131
3 138
3 143
3 144
3 145
3 148
3 150
3 154
3 156
3 157
3 170
3 179
3 186
3 194
3 203
3 220
3 221
3 237
3 246
4 15
4 16
4 17
4 18
4 19
4 21
4 22
4 23
4 25
4 30
4 32
4 35
4 38
4 39
4 48
4 51
4 56
4 58
4 62
4 63
4 76
4 86
4 99
4 106
4 112
4 118
4 119
4 124
4 125
4 134
4 142
4 156
4 159
4 161
4 175
4 176
4 177
4 178
4 186
4 213
4 221
4 222
4 225
4 228
4 241
4 248
5 15
5 16
5 17
5 18
5 19
5 20
5 22
5 25
5 29
5 40
5 45
5 50
5 54
5 55
5 62
5 65
5 67
5 75
5 76
5 84
5 85
5 98
5 102
5 114
5 119
5 126
5 128
5 130
5 137
5 144
5 146
5 149
5 154
5 160
5 177
5 191
5 195
5 212
5 218
5 221
5 223
5 224
6 15
6 16
6 17
6 18
6 19
6 20
6 21
6 22
6 23
6 24
6 25
6 27
6 28
6 30
6 31
6 32
6 33
6 39
6 40
6 41
6 43
6 44
6 54
6 55
6 60
6 62
6 66
6 71
6 73
6 87
6 93
6 94
6 99
6 102
6 106
6 127
6 136
6 141
6 144
6 154
6 175
6 185
6 194
6 208
6 214
6 227
6 228
6 231
7 15
7 16
7 17
7 18
7 19
7 24
7 28
7 29
7 37
7 42
7 45
7 48
7 49
7 51
7 53
7 55
7 66
7 69
7 76
7 77
7 84
7 92
7 108
7 124
7 126
7 127
7 132
7 136
7 142
7 173
7 202
7 205
8 15
8 16
8 18
8 19
8 20
8 22
8 24
8 26
8 28
8 32
8 33
8 37
8 38
8 43
8 46
8 50
8 53
8 54
8 55
8 56
8 67
8 83
8 84
8 86
8 90
8 96
8 108
8 123
8 126
8 127
8 131
8 133
8 134
8 157
8 171
8 177
8 178
8 185
8 199
8 207
8 229
8 233
8 242
8 243
8 249
9 17
9 18
9 26
9 30
9 34
9 36
9 43
9 49
9 50
9 66
9 74
9 77
9 78
9 79
9 84
9 93
9 95
9 96
9 111
9 116
9 118
9 127
9 135
9 151
9 156
9 202
9 213
9 225
9 234
10 15
10 16
10 17
10 24
10 26
10 27
10 30
10 34
10 64
10 69
10 73
10 76
10 81
10 93
10 129
10 200
10 215
10 223
11 15
11 16
11 18
11 19
11 20
11 21
11 23
11 25
11 27
11 32
11 38
11 43
11 45
11 46
11 51
11 52
11 56
11 60
11 62
11 64
11 68
11 85
11 87
11 90
11 97
11 104
11 110
11 113
11 126
11 129
11 133
11 158
11 182
11 187
11 204
11 220
11 224
11 231
11 247
12 15
12 17
12 18
12 20
12 21
12 22
12 26
12 27
12 28
12 31
12 32
12 33
12 37
12 38
12 40
12 45
12 49
12 56
12 57
12 59
12 70
12 71
12 78
12 89
12 93
12 94
12 96
12 98
12 103
12 119
12 129
12 137
12 152
12 153
12 160
12 170
12 175
12 180
12 188
12 192
12 197
12 206
12 209
12 225
12 229
12 232
12 235
12 245
12 248
13 15
13 16
13 17
13 19
13 21
13 22
13 29
13 30
13 32
13 34
13 42
13 44
13 45
13 50
13 51
13 53
13 61
13 64
13 69
13 70
13 80
13 82
13 83
13 84
13 87
13 90
13 94
13 98
13 137
13 144
13 158
13 161
13 162
13 175
13 212
13 229
13 235
13 241
14 15
14 16
14 17
14 19
14 20
14 23
14 31
14 33
14 36
14 39
14 47
14 52
14 60
14 64
14 69
14 74
14 75
14 77
14 80
14 90
14 93
14 94
14 98
14 111
14 118
14 124
14 137
14 138
14 142
14 146
14 175
14 180
14 186
14 187
14 198
14 203
14 214
14 236
14 240
14 242
14 245
15 16
15 17
15 18
15 19
15 20
15 21
15 22
15 23
15 24
15 27
15 29
15 33
15 35
15 36
15 37
15 44
15 48
15 49
15 51
15 53
15 56
15 58
15 59
15 61
15 62
15 65
15 72
15 74
15 77
15 78
15 80
15 84
15 86
15 92
15 97
15 98
15 102
15 105
15 106
15 107
15 111
15 112
15 113
15 123
15 128
15 132
15 133
15 145
15 158
15 159
15 160
15 173
15 181
15 183
15 198
15 206
15 218
15 219
15 249
16 17
16 18
16 19
16 20
16 21
16 22
16 23
16 24
16 25
16 26
16 27
16 28
16 29
16 30
16 32
16 34
16 38
16 40
16 41
16 42
16 43
16 47
16 49
16 53
16 56
16 58
16 59
16 60
16 61
16 63
16 69
16 74
16 79
16 81
16 82
16 91
16 92
16 95
16 96
16 97
16 100
16 108
16 115
16 116
16 119
16 125
16 128
16 138
16 140
16 142
16 144
16 148
16 161
16 164
16 165
16 169
16 170
16 171
16 174
16 175
16 178
16 182
16 184
16 191
16 195
16 198
16 211
16 214
16 216
16 217
16 220
16 222
16 224
16 232
16 233
16 246
16 247
16 248
17 18
17 19
17 20
17 21
17 22
17 23
17 25
17 26
17 27
17 28
17 29
17 31
17 38
17 39
17 41
17 49
17 51
17 52
17 55
17 58
17 59
17 60
17 62
17 65
17 67
17 69
17 71
17 78
17 80
17 82
17 86
17 93
17 94
17 95
17 97
17 105
17 106
17 109
17 110
17 113
17 116
17 129
17 132
17 139
17 147
17 149
17 162
17 163
17 164
17 173
17 177
17 181
17 195
17 196
17 198
17 209
17 212
17 232
17 237
17 240
17 249
18 19
18 21
18 22
18 23
18 24
18 25
18 26
18 27
18 28
18 29
18 30
18 31
18 34
18 35
18 37
18 39
18 42
18 46
18 48
18 50
18 52
18 54
18 55
18 58
18 59
18 64
18 65
18 70
18 72
18 79
18 80
18 86
18 87
18 88
18 89
18 91
18 93
18 108
18 111
18 112
18 116
18 120
18 124
18 128
18 142
18 143
18 145
18 149
18 169
18 174
18 197
18 198
18 199
18 206
18 208
18 210
18 216
18 219
18 220
18 223
18 224
18 235
18 244
18 247
19 20
19 21
19 22
19 23
19 24
19 25
19 26
19 28
19 29
19 31
19 32
19 33
19 35
19 36
19 37
19 38
19 39
19 40
19 42
19 44
19 45
19 47
19 52
19 53
19 54
19 56
19 58
19 59
19 63
19 64
19 65
19 67
19 75
19 77
19 83
19 85
19 86
19 89
19 94
19 100
19 107
19 108
19 115
19 122
19 130
19 132
19 133
19 139
19 140
19 143
19 151
19 158
19 166
19 168
19 170
19 171
19 172
19 173
19 174
19 182
19 187
19 193
19 194
19 197
19 200
19 209
19 211
19 219
19 231
19 235
19 240
19 241
20 23
20 24
20 25
20 26
20 28
20 31
20 33
20 34
20 38
20 40
20 44
20 46
20 49
20 51
20 53
20 56
20 57
20 62
20 68
20 75
20 79
20 81
20 88
20 92
20 96
20 97
20 100
20 104
20 116
20 123
20 126
20 127
20 146
20 147
20 148
20 154
20 157
20 162
20 164
20 166
20 171
20 176
20 180
20 188
20 217
20 219
20 227
20 234
20 240
20 245
21 24
21 25
21 26
21 29
21 30
21 33
21 36
21 37
21 40
21 43
21 45
21 47
21 48
21 49
21 54
21 58
21 60
21 64
21 68
21 69
21 70
21 72
21 75
21 76
21 81
21 82
21 83
21 84
21 87
21 115
21 118
21 119
21 121
21 123
21 125
21 132
21 133
21 137
21 138
21 149
21 152
21 161
21 165
21 167
21 170
21 175
21 178
21 185
21 191
21 195
21 202
21 204
21 210
21 213
21 219
21 233
21 237
21 243
22 23
22 24
22 25
22 26
22 27
22 28
22 31
22 32
22 33
22 34
22 35
22 36
22 37
22 38
22 39
22 40
22 42
22 47
22 51
22 56
22 62
22 64
22 66
22 68
22 71
22 72
22 80
22 82
22 84
22 88
22 89
22 92
22 96
22 101
22 106
22 115
22 117
22 124
22 125
22 130
22 133
22 140
22 150
22 155
22 160
22 168
22 172
22 176
22 181
22 185
22 188
22 204
22 205
22 214
22 223
22 237
22 241
22 244
22 246
22 247
22 249
23 25
23 27
23 28
23 29
23 30
23 31
23 32
23 33
23 35
23 38
23 40
23 41
23 42
23 43
23 49
23 51
23 52
23 53
23 54
23 55
23 56
23 59
23 60
23 61
23 62
23 63
23 64
23 73
23 74
23 76
23 79
23 80
23 81
23 82
23 83
23 84
23 85
23 87
23 88
23 89
23 92
23 95
23 97
23 100
23 101
23 104
23 107
23 109
23 125
23 126
23 129
23 133
23 134
23 135
23 145
23 146
23 147
23 148
23 150
23 152
23 155
23 156
23 157
23 162
23 163
23 164
23 165
23 168
23 170
23 176
23 188
23 194
23 205
23 208
23 212
23 215
23 217
23 218
23 220
23 221
23 226
23 228
23 230
23 237
23 245
24 26
24 31
24 33
24 34
24 37
24 38
24 39
24 40
24 41
24 43
24 44
24 45
24 47
24 48
24 52
24 53
24 57
24 68
24 69
24 71
24 74
24 77
24 80
24 83
24 88
24 89
24 92
24 96
24 98
24 109
24 110
24 119
24 120
24 126
24 134
24 142
24 147
24 150
24 151
24 155
24 156
24 159
24 174
24 181
24 188
24 189
24 192
24 193
24 201
24 205
24 213
24 218
24 220
24 236
24 239
24 240
25 27
25 28
25 29
25 30
25 32
25 34
25 35
25 36
25 37
25 39
25 41
25 42
25 44
25 45
25 47
25 49
25 50
25 52
25 54
25 55
25 57
25 58
25 59
25 62
25 65
25 67
25 68
25 70
25 72
25 73
25 76
25 77
25 79
25 81
25 84
25 89
25 91
25 92
25 94
25 100
25 102
25 103
25 107
25 110
25 112
25 114
25 116
25 123
25 126
25 127
25 130
25 132
25 134
25 135
25 136
25 140
25 146
25 147
25 152
25 153
25 156
25 166
25 168
25 174
25 180
25 184
25 196
25 200
25 203
25 213
25 234
25 237
25 238
25 241
26 27
26 29
26 30
26 31
26 34
26 35
26 38
26 39
26 41
26 43
26 46
26 48
26 55
26 59
26 60
26 66
26 70
26 73
26 75
26 87
26 91
26 98
26 99
26 100
26 102
26 107
26 108
26 117
26 123
26 130
26 141
26 144
26 148
26 151
26 153
26 164
26 165
26 211
26 216
26 223
26 235
26 244
27 28
27 29
27 30
27 32
27 34
27 37
27 40
27 45
27 47
27 49
27 50
27 51
27 52
27 60
27 66
27 73
27 75
27 81
27 109
27 111
27 116
27 122
27 125
27 127
27 129
27 135
27 136
27 156
27 166
27 173
27 183
27 188
27 189
27 191
27 211
27 212
27 214
27 218
27 219
27 222
27 235
27 236
27 241
27 246
27 248
27 249
28 29
28 30
28 31
28 34
28 35
28 37
28 39
28 40
28 42
28 54
28 55
28 58
28 65
28 66
28 67
28 76
28 80
28 83
28 93
28 96
28 97
28 99
28 101
28 105
28 112
28 117
28 122
28 123
28 125
28 134
28 144
28 152
28 160
28 166
28 171
28 172
28 177
28 182
28 189
28 192
28 193
28 200
28 201
28 223
28 228
28 232
29 34
29 35
29 36
29 37
29 46
29 48
29 50
29 56
29 59
29 68
29 71
29 72
29 85
29 90
29 91
29 98
29 101
29 103
29 105
29 106
29 110
29 114
29 121
29 130
29 135
29 149
29 169
29 202
29 213
29 215
29 222
29 226
29 243
30 32
30 41
30 45
30 46
30 53
30 57
30 64
30 66
30 71
30 102
30 112
30 115
30 125
30 133
30 179
30 184
30 190
30 199
30 222
30 243
30 244
31 33
31 36
31 41
31 44
31 46
31 52
31 60
31 70
31 71
31 91
31 97
31 114
31 136
31 147
31 153
31 158
31 164
31 174
31 181
31 185
31 188
31 202
31 214
31 225
31 234
31 238
31 243
32 35
32 36
32 42
32 43
32 44
32 46
32 49
32 50
32 55
32 57
32 63
32 64
32 66
32 70
32 81
32 91
32 100
32 103
32 112
32 115
32 117
32 127
32 138
32 142
32 147
32 155
32 172
32 183
32 189
32 191
32 203
32 246
33 36
33 38
33 41
33 43
33 44
33 45
33 48
33 49
33 54
33 64
33 68
33 71
33 76
33 78
33 82
33 83
33 96
33 97
33 99
33 105
33 106
33 113
33 114
33 115
33 126
33 161
33 163
33 168
33 171
33 178
33 190
33 194
33 197
33 212
33 238
33 243
34 35
34 36
34 38
34 41
34 42
34 44
34 47
34 54
34 57
34 58
34 65
34 78
34 80
34 93
34 104
34 107
34 118
34 127
34 135
34 139
34 141
34 146
34 150
34 154
34 160
34 163
34 166
34 167
34 169
34 170
34 188
34 198
34 200
34 223
34 231
35 41
35 51
35 57
35 58
35 59
35 62
35 69
35 79
35 87
35 102
35 114
35 121
35 122
35 136
35 141
35 146
35 159
35 162
35 178
35 187
35 188
35 193
35 205
35 208
35 242
36 39
36 40
36 44
36 45
36 47
36 53
36 59
36 60
36 61
36 62
36 65
36 71
36 77
36 82
36 84
36 85
36 89
36 99
36 129
36 135
36 141
36 146
36 176
36 182
36 201
36 203
36 206
36 207
36 210
36 215
36 228
36 240
36 243
37 46
37 48
37 53
37 54
37 63
37 69
37 73
37 74
37 78
37 85
37 89
37 90
37 92
37 94
37 105
37 109
37 117
37 120
37 127
37 128
37 131
37 136
37 137
37 139
37 145
37 154
37 155
37 174
37 180
37 183
37 187
37 197
37 210
37 234
37 237
37 245
38 43
38 48
38 50
38 53
38 58
38 67
38 73
38 77
38 78
38 79
38 84
38 85
38 86
38 94
38 104
38 130
38 139
38 176
38 178
38 196
38 226
38 228
38 230
38 235
38 239
38 245
39 41
39 42
39 43
39 44
39 54
39 57
39 63
39 70
39 73
39 93
39 94
39 137
39 154
39 158
39 162
39 165
39 178
39 182
39 183
39 189
39 196
39 199
39 203
39 208
39 217
39 244
40 45
40 46
40 47
40 55
40 59
40 66
40 71
40 78
40 81
40 82
40 86
40 88
40 90
40 91
40 92
40 103
40 117
40 125
40 127
40 128
40 130
40 141
40 153
40 154
40 159
40 167
40 168
40 174
40 185
40 197
40 203
40 209
40 241
40 244
41 51
41 61
41 67
41 75
41 102
41 103
41 124
41 153
41 172
41 203
41 239
42 43
42 47
42 50
42 51
42 52
42 54
42 63
42 65
42 66
42 85
42 86
42 91
42 93
42 97
42 111
42 115
42 122
42 123
42 128
42 131
42 135
42 138
42 141
42 152
42 185
42 194
42 196
42 217
42 230
42 233
42 234
42 246
43 52
43 67
43 72
43 85
43 110
43 111
43 120
43 140
43 147
43 151
43 153
43 156
43 166
43 171
43 182
43 193
43 210
43 242
44 47
44 56
44 57
44 58
44 68
44 72
44 74
44 76
44 77
44 83
44 88
44 89
44 95
44 98
44 99
44 107
44 114
44 117
44 121
44 127
44 145
44 150
44 157
44 159
44 161
44 169
44 180
44 190
44 221
44 225
44 236
45 47
45 48
45 50
45 59
45 61
45 66
45 88
45 97
45 104
45 110
45 111
45 118
45 122
45 133
45 161
45 163
45 168
45 170
45 181
45 188
45 227
45 242
45 243
46 48
46 50
46 52
46 55
46 62
46 63
46 70
46 103
46 104
46 135
46 136
46 139
46 142
46 148
46 156
46 203
46 206
46 207
46 216
46 235
47 48
47 50
47 57
47 61
47 63
47 71
47 81
47 82
47 88
47 99
47 109
47 116
47 124
47 150
47 154
47 159
47 161
47 191
47 198
47 205
47 206
47 208
47 220
47 234
47 240
48 49
48 56
48 57
48 68
48 69
48 73
48 75
48 87
48 95
48 112
48 120
48 143
48 145
48 155
48 167
48 175
48 179
48 213
48 219
48 220
48 224
48 227
48 239
49 67
49 68
49 75
49 92
49 95
49 103
49 106
49 109
49 140
49 146
49 150
49 152
49 161
49 162
49 209
49 226
49 238
49 246
50 65
50 69
50 73
50 75
50 78
50 98
50 100
50 103
50 110
50 123
50 156
50 163
50 164
50 181
50 208
50 214
50 218
50 242
51 53
51 68
51 80
51 83
51 87
51 93
51 105
51 108
51 115
51 117
51 122
51 130
51 131
51 135
51 137
51 139
51 141
51 145
51 152
51 193
51 196
51 197
51 202
51 213
51 221
51 243
52 60
52 62
52 70
52 73
52 86
52 94
52 98
52 99
52 101
52 107
52 113
52 118
52 120
52 156
52 163
52 172
52 185
52 198
52 201
52 218
52 224
52 232
52 234
53 60
53 61
53 65
53 67
53 68
53 69
53 70
53 79
53 86
53 95
53 109
53 111
53 115
53 120
53 124
53 128
53 138
53 144
53 146
53 175
53 180
53 181
53 183
53 185
53 186
53 200
53 205
53 226
53 240
54 57
54 67
54 101
54 117
54 128
54 135
54 143
54 155
54 162
54 172
54 179
54 201
54 202
54 203
54 209
54 213
54 214
54 219
54 226
54 227
54 246
55 61
55 77
55 81
55 85
55 100
55 104
55 105
55 116
55 131
55 150
55 152
55 153
55 177
55 188
55 190
55 206
55 226
55 237
56 57
56 61
56 76
56 79
56 99
56 101
56 102
56 109
56 113
56 119
56 124
56 132
56 136
56 140
56 142
56 146
56 162
56 170
56 171
56 196
56 229
56 233
56 242
57 70
57 71
57 73
57 79
57 82
57 84
57 90
57 92
57 96
57 102
57 110
57 121
57 131
57 143
57 165
57 170
57 179
57 182
57 192
57 205
57 214
57 217
57 222
57 224
57 225
57 229
58 64
58 72
58 75
58 76
58 78
58 89
58 99
58 101
58 134
58 150
58 164
58 169
58 174
58 191
58 192
58 197
58 207
58 219
58 229
58 249
59 63
59 72
59 79
59 83
59 85
59 87
59 104
59 107
59 120
59 129
59 149
59 151
59 159
59 204
59 215
59 219
59 225
60 61
60 74
60 106
60 120
60 135
60 149
60 153
60 166
60 190
60 192
60 230
61 67
61 77
61 86
61 97
61 104
61 123
61 128
61 136
61 145
61 158
61 159
61 173
61 179
61 189
61 198
61 209
61 211
61 215
61 241
62 67
62 68
62 72
62 74
62 89
62 96
62 97
62 100
62 102
62 112
62 122
62 140
62 141
62 142
62 151
62 152
62 155
62 170
62 179
62 183
62 191
62 207
62 228
63 66
63 72
63 81
63 90
63 98
63 100
63 105
63 107
63 117
63 121
63 125
63 126
63 132
63 137
63 151
63 170
63 177
63 183
63 194
63 206
63 221
63 222
63 236
64 65
64 100
64 105
64 107
64 119
64 123
64 126
64 136
64 145
64 149
64 172
64 208
64 247
65 66
65 86
65 100
65 102
65 115
65 134
65 139
65 147
65 160
65 167
65 195
65 220
65 242
66 78
66 85
66 102
66 106
66 108
66 111
66 130
66 131
66 139
66 141
66 163
66 174
66 194
66 212
67 87
67 93
67 105
67 116
67 130
67 132
67 143
67 158
67 172
67 205
67 210
67 218
68 71
68 77
68 90
68 99
68 108
68 110
68 158
68 165
68 223
68 225
68 227
68 247
68 248
69 78
69 87
69 88
69 114
69 133
69 134
69 147
69 162
69 167
69 168
69 171
69 187
69 200
69 209
69 216
69 225
69 228
69 239
70 73
70 76
70 77
70 82
70 83
70 89
70 113
70 128
70 136
70 138
70 139
70 145
70 157
70 162
70 172
70 182
70 233
71 74
71 83
71 94
71 110
71 111
71 116
71 119
71 129
71 140
71 142
71 144
71 149
71 151
71 157
71 158
71 161
71 173
71 205
71 207
71 230
71 243
72 93
72 108
72 114
72 140
72 154
72 166
72 171
72 175
72 185
72 193
72 199
73 74
73 76
73 82
73 88
73 95
73 96
73 106
73 120
73 136
73 142
73 144
73 183
73 195
73 227
73 246
74 81
74 96
74 98
74 104
74 107
74 110
74 112
74 113
74 118
74 134
74 143
74 147
74 148
74 160
74 169
74 192
74 204
74 217
74 222
74 228
74 229
74 245
74 246
74 247
74 249
75 83
75 101
75 117
75 131
75 160
75 216
75 244
75 249
76 80
76 102
76 118
76 119
76 131
76 187
76 197
76 214
76 225
76 236
77 79
77 131
77 167
77 189
77 203
77 205
77 207
77 212
77 215
77 237
78 80
78 84
78 101
78 109
78 133
78 147
78 153
78 193
78 228
78 239
79 80
79 123
79 131
79 139
79 169
79 176
79 184
79 191
79 201
79 207
79 248
80 81
80 82
80 101
80 104
80 108
80 109
80 120
80 134
80 141
80 167
80 210
80 221
80 232
80 233
80 241
80 242
81 88
81 91
81 112
81 172
81 239
82 90
82 92
82 94
82 95
82 106
82 117
82 118
82 130
82 147
82 149
82 154
82 164
82 165
82 204
82 230
82 244
83 101
83 104
83 113
83 134
83 148
83 173
83 188
83 196
83 208
83 216
83 226
83 235
83 249
84 88
84 90
84 114
84 129
84 140
84 163
84 175
84 184
85 89
85 90
85 95
85 99
85 101
85 109
85 114
85 116
85 121
85 124
85 129
85 157
85 160
85 167
85 189
85 211
85 229
85 231
85 249
86 97
86 101
86 108
86 113
86 126
86 133
86 154
86 182
86 187
86 204
86 217
86 220
86 223
86 242
87 91
87 105
87 110
87 114
87 168
87 174
87 178
87 204
87 217
88 120
88 121
88 133
88 134
88 171
88 188
88 210
89 90
89 107
89 138
89 180
89 206
89 230
89 233
89 241
90 95
90 99
90 103
90 119
90 121
90 138
90 152
90 202
90 231
90 246
91 103
91 125
91 156
91 179
91 202
91 208
91 215
91 248
92 106
92 108
92 113
92 117
92 119
92 122
92 133
92 208
92 216
92 228
92 236
92 244
93 104
93 122
93 130
93 137
93 150
93 154
93 195
93 225
94 95
94 106
94 109
94 112
94 114
94 116
94 137
94 155
94 162
94 180
94 181
94 184
94 206
94 242
95 115
95 123
95 158
95 171
95 174
95 176
95 180
95 194
95 202
95 216
95 231
95 248
96 103
96 115
96 138
96 143
96 153
96 157
96 173
96 177
96 179
96 201
96 212
97 123
97 144
97 145
97 195
97 214
97 227
97 232
97 234
98 105
98 148
98 195
98 222
98 226
98 227
98 232
98 237
98 240
98 244
99 100
99 107
99 121
99 143
99 152
99 169
99 174
99 190
99 208
99 239
100 103
100 143
100 155
100 163
100 173
100 181
100 182
100 184
100 195
100 221
100 242
101 121
101 122
101 128
101 142
101 162
101 167
101 175
101 178
101 186
101 187
101 212
101 220
101 229
101 243
101 244
102 127
102 131
102 139
102 141
102 143
102 217
102 238
103 150
103 168
103 173
103 189
103 190
103 201
103 224
103 237
104 108
104 146
104 166
104 172
104 174
104 176
104 180
104 192
104 196
105 111
105 129
105 131
105 143
105 151
105 155
105 176
105 186
105 217
105 233
106 113
106 128
106 129
106 154
106 164
106 168
106 201
106 209
106 243
107 111
107 112
107 113
107 115
107 125
107 151
107 161
107 172
107 177
107 197
107 235
107 238
107 245
108 118
108 120
108 231
109 116
109 121
109 124
109 125
109 134
109 139
109 152
109 157
109 160
109 166
109 176
109 185
109 191
109 199
109 227
109 230
109 243
109 248
110 111
110 148
110 186
110 189
110 195
110 200
110 215
110 225
111 114
111 118
111 129
111 132
111 137
111 139
111 151
111 187
111 202
111 233
112 121
112 122
112 125
112 155
112 215
113 124
113 169
113 200
114 118
114 120
114 132
114 137
114 141
114 166
114 181
115 136
115 138
115 165
115 177
115 179
115 194
115 199
115 200
115 209
115 219
115 226
116 145
116 151
116 170
116 177
116 187
116 206
116 219
116 232
116 237
116 239
117 126
117 132
117 159
117 168
117 183
117 208
117 209
117 212
117 225
117 226
117 236
117 246
118 127
118 128
118 138
118 144
118 169
118 181
118 213
118 221
119 130
119 135
119 159
119 167
119 204
119 208
119 221
120 124
120 183
120 192
120 207
120 219
121 142
121 167
121 168
121 183
121 184
122 158
122 176
122 223
122 236
122 238
123 137
123 147
123 207
123 209
123 240
124 224
125 144
125 224
125 227
125 237
126 146
126 157
126 178
126 181
126 191
126 192
126 196
126 209
126 210
126 220
126 249
127 161
127 192
127 198
127 199
127 214
127 234
128 156
128 181
128 188
128 196
128 207
128 230
128 246
129 138
129 144
129 150
129 163
129 178
129 199
129 211
129 227
129 249
130 155
130 158
130 165
130 176
130 201
130 211
130 224
130 238
131 164
131 185
131 189
131 190
131 199
131 221
132 140
132 159
132 186
132 205
132 219
133 148
133 180
133 190
133 216
133 236
133 245
133 248
134 179
134 222
134 234
134 238
134 240
134 248
135 146
135 163
135 177
135 216
136 140
136 157
136 160
136 164
136 184
136 192
136 210
136 215
136 232
137 145
137 187
137 193
137 223
137 229
138 194
138 195
138 199
138 249
139 152
139 179
139 184
139 200
139 216
139 218
140 149
140 161
140 179
140 193
141 151
141 165
141 169
141 173
141 199
142 143
142 206
142 231
143 148
143 150
143 165
143 184
143 203
144 189
144 233
145 149
145 153
145 180
145 184
145 224
145 234
146 148
146 171
146 211
147 156
147 157
147 169
147 198
147 203
147 226
147 238
147 239
148 166
148 175
148 193
148 199
148 210
148 212
148 236
149 207
149 237
149 246
150 164
150 211
151 158
151 197
151 213
151 218
152 235
153 162
153 195
154 161
154 164
154 184
154 186
154 194
155 157
155 163
155 173
155 190
155 207
155 222
155 235
156 191
156 217
156 242
156 247
157 160
157 165
157 167
157 168
157 210
158 159
158 172
158 173
158 191
158 200
159 170
160 190
160 223
160 231
161 231
162 189
162 213
162 228
163 202
163 229
164 165
164 206
164 239
164 241
165 186
165 205
166 177
166 189
166 193
166 220
167 184
167 185
167 198
168 187
168 190
168 225
168 236
169 176
169 179
169 183
169 201
169 211
169 221
169 222
170 178
170 202
170 224
171 210
171 247
172 183
172 196
172 228
172 231
173 178
173 218
173 242
174 192
174 216
174 231
175 204
176 180
176 186
176 187
176 204
177 185
177 228
180 186
180 197
180 223
181 182
181 190
181 197
181 202
181 232
181 248
182 238
183 210
183 224
183 239
184 186
184 193
184 201
184 236
184 240
185 194
185 195
185 196
185 198
185 215
185 227
185 241
186 214
186 239
186 245
187 201
187 206
187 212
187 220
188 204
188 205
189 193
189 194
189 200
190 196
190 204
191 213
192 216
194 198
194 213
195 233
196 203
196 204
196 211
196 214
196 217
196 218
196 232
197 207
197 241
199 245
202 211
202 248
203 231
204 229
206 209
208 212
208 223
208 226
208 238
209 244
209 245
210 211
210 230
210 232
211 217
213 233
213 234
214 238
215 235
215 240
215 247
215 248
216 218
216 221
216 226
217 243
218 234
220 227
220 236
220 244
222 233
222 249
223 247
225 229
227 230
229 230
230 240
232 239
233 247
234 238
234 244
240 241
242 245
243 245
