0 1
0 2
0 3
0 4
0 5
0 6
0 7
0 8
0 9
0 10
0 12
0 13
0 16
0 17
0 22
0 27
0 28
0 29
0 31
0 38
0 44
0 48
0 51
0 54
0 59
0 60
0 74
0 83
0 86
0 112
0 113
0 124
0 127
0 146
0 170
0 176
0 193
0 202
0 216
1 8
1 12
1 13
1 24
1 31
1 54
1 56
1 80
1 86
1 130
1 161
1 194
2 7
2 8
2 9
2 10
2 16
2 23
2 28
2 51
2 75
2 78
2 89
2 99
2 114
2 126
2 137
2 138
2 143
2 196
2 203
2 213
2 219
2 226
2 235
3 7
3 8
3 11
3 14
3 15
3 17
3 21
3 29
3 31
3 38
3 40
3 58
3 61
3 67
3 73
3 76
3 88
3 97
3 99
3 105
3 145
3 150
3 153
3 181
3 207
3 243
3 247
4 7
4 30
4 57
4 63
4 94
4 119
4 131
4 194
4 239
4 241
5 7
5 8
5 9
5 15
5 20
5 32
5 37
5 41
5 47
5 49
5 70
5 74
5 79
5 80
5 84
5 95
5 107
5 118
5 122
5 126
5 139
5 149
5 155
5 156
5 160
5 172
5 181
5 188
5 194
5 208
5 221
5 229
6 7
6 9
6 10
6 11
6 13
6 15
6 17
6 19
6 22
6 24
6 26
6 30
6 34
6 43
6 48
6 53
6 56
6 59
6 62
6 71
6 72
6 91
6 104
6 117
6 120
6 125
6 129
6 130
6 167
6 179
6 180
6 188
6 189
7 8
7 9
7 10
7 11
7 12
7 13
7 14
7 15
7 18
7 19
7 20
7 30
7 33
7 35
7 36
7 37
7 41
7 44
7 45
7 46
7 47
7 48
7 53
7 60
7 80
7 86
7 97
7 98
7 100
7 102
7 105
7 113
7 121
7 134
7 143
7 144
7 148
7 149
7 151
7 159
7 172
7 182
7 186
7 187
7 189
7 190
7 194
7 196
7 201
7 205
7 218
7 242
8 9
8 10
8 11
8 12
8 14
8 17
8 19
8 20
8 22
8 23
8 24
8 25
8 26
8 27
8 30
8 32
8 34
8 40
8 41
8 43
8 44
8 45
8 46
8 47
8 48
8 51
8 55
8 57
8 59
8 63
8 66
8 68
8 70
8 71
8 72
8 86
8 88
8 94
8 101
8 116
8 118
8 120
8 135
8 136
8 137
8 140
8 142
8 149
8 153
8 170
8 172
8 174
8 176
8 178
8 180
8 185
8 197
8 201
8 204
8 238
8 247
8 248
9 10
9 11
9 12
9 16
9 18
9 19
9 23
9 24
9 26
9 32
9 33
9 34
9 39
9 40
9 42
9 43
9 46
9 48
9 49
9 52
9 53
9 54
9 68
9 71
9 76
9 81
9 83
9 86
9 89
9 93
9 106
9 114
9 123
9 129
9 139
9 147
9 150
9 153
9 156
9 163
9 184
9 185
9 196
9 197
9 226
9 229
9 233
9 234
9 246
10 11
10 13
10 16
10 17
10 18
10 21
10 23
10 33
10 35
10 42
10 44
10 91
10 94
10 97
10 100
10 106
10 110
10 115
10 119
10 122
10 132
10 133
10 148
10 152
10 172
10 193
10 216
10 218
10 220
10 225
10 233
11 12
11 13
11 14
11 17
11 21
11 22
11 25
11 27
11 28
11 33
11 36
11 38
11 39
11 48
11 49
11 53
11 56
11 61
11 73
11 78
11 80
11 84
11 85
11 100
11 102
11 110
11 142
11 145
11 147
11 166
11 177
11 178
11 193
11 201
11 203
11 217
11 220
11 226
12 14
12 15
12 18
12 19
12 21
12 26
12 28
12 34
12 45
12 46
12 50
12 53
12 57
12 75
12 82
12 85
12 87
12 89
12 101
12 119
12 127
12 143
12 156
12 158
12 168
12 175
12 188
12 199
12 200
12 211
12 220
12 244
12 249
13 14
13 15
13 18
13 20
13 21
13 22
13 25
13 27
13 28
13 29
13 31
13 36
13 41
13 44
13 45
13 49
13 54
13 67
13 76
13 79
13 97
13 101
13 103
13 109
13 116
13 120
13 127
13 129
13 134
13 138
13 142
13 151
13 154
13 160
13 165
13 173
13 185
13 189
13 197
13 208
13 212
13 221
13 224
13 226
13 227
13 228
13 237
14 16
14 18
14 20
14 21
14 25
14 26
14 33
14 35
14 39
14 47
14 57
14 62
14 76
14 78
14 82
14 84
14 92
14 94
14 95
14 101
14 103
14 112
14 114
14 121
14 135
14 136
14 147
14 162
14 169
14 175
14 176
14 187
14 188
14 207
14 231
14 232
14 236
14 248
15 16
15 23
15 26
15 31
15 37
15 38
15 39
15 45
15 47
15 50
15 55
15 56
15 58
15 73
15 74
15 81
15 88
15 97
15 101
15 121
15 122
15 128
15 150
15 167
15 173
15 190
15 197
15 215
15 222
16 19
16 20
16 25
16 29
16 32
16 34
16 35
16 38
16 43
16 52
16 61
16 64
16 71
16 79
16 92
16 108
16 109
16 117
16 128
16 133
16 134
16 135
16 143
16 146
16 178
16 181
16 187
16 188
16 191
16 197
16 203
16 210
16 217
16 239
16 247
17 24
17 64
17 88
17 108
17 110
17 177
17 189
17 191
17 196
17 227
18 23
18 30
18 36
18 40
18 52
18 66
18 69
18 74
18 82
18 116
18 124
18 150
18 162
18 167
18 185
18 200
18 220
18 222
18 229
18 237
19 29
19 33
19 43
19 65
19 68
19 71
19 93
19 105
19 109
19 112
19 117
19 121
19 141
19 173
19 179
19 184
19 196
19 215
20 22
20 32
20 49
20 63
20 65
20 88
20 118
20 119
20 133
20 136
20 159
20 169
20 175
20 193
20 218
20 244
21 27
21 41
21 43
21 51
21 58
21 65
21 66
21 78
21 99
21 111
21 120
21 124
21 131
21 144
21 171
21 174
21 206
21 209
21 223
21 242
22 36
22 39
22 42
22 46
22 50
22 58
22 79
22 82
22 91
22 105
22 137
22 163
22 167
22 213
23 24
23 25
23 27
23 28
23 29
23 31
23 37
23 40
23 42
23 52
23 55
23 68
23 73
23 75
23 76
23 84
23 90
23 91
23 98
23 104
23 117
23 118
23 120
23 125
23 130
23 132
23 133
23 146
23 164
23 165
23 175
23 192
23 205
23 222
23 224
23 235
23 245
23 246
24 59
24 77
24 124
24 132
24 166
24 195
24 229
25 32
25 106
25 132
25 216
25 219
25 238
26 35
26 62
26 87
26 99
26 131
26 213
27 37
27 40
27 47
27 61
27 69
27 90
27 94
27 123
27 167
27 179
27 183
27 217
27 238
28 62
28 66
28 76
28 94
28 125
28 162
28 163
28 238
28 247
28 249
29 30
29 59
29 70
29 78
29 79
29 88
29 90
29 93
29 96
29 111
29 130
29 141
29 142
29 161
29 162
29 173
29 174
29 237
29 239
29 244
29 248
30 34
30 89
30 113
30 196
30 236
30 239
31 38
31 44
31 54
31 84
31 131
31 171
31 193
31 216
32 50
32 55
32 58
32 75
32 134
32 205
32 236
32 249
33 35
33 36
33 63
33 69
33 72
33 106
33 127
33 128
33 134
33 138
33 144
33 149
33 170
33 191
33 208
33 233
33 244
34 37
34 56
34 67
34 71
34 96
34 110
34 113
34 134
34 142
34 157
34 165
34 179
34 184
34 203
34 208
35 39
35 42
35 45
35 46
35 52
35 62
35 64
35 66
35 67
35 68
35 69
35 73
35 80
35 84
35 95
35 96
35 99
35 116
35 128
35 131
35 139
35 154
35 210
35 212
35 213
35 222
35 234
36 64
36 65
36 87
36 103
36 122
36 146
36 150
36 180
36 183
36 197
36 204
36 243
37 61
37 77
37 103
37 128
37 129
37 145
37 152
37 165
37 198
38 41
38 55
38 56
38 62
38 85
38 93
38 108
38 119
38 127
38 139
38 175
38 176
38 231
38 232
39 49
39 50
39 53
39 61
39 92
39 93
39 96
39 98
39 100
39 145
39 161
39 164
39 166
39 188
39 230
39 232
39 237
40 42
40 74
40 75
40 108
40 110
40 133
40 159
40 176
40 198
40 228
40 240
41 55
41 57
41 60
41 69
41 80
41 95
41 96
41 152
41 157
41 211
41 246
42 54
42 70
42 140
42 153
42 173
42 183
42 228
42 242
43 89
43 133
43 161
43 168
43 184
44 64
44 65
44 138
44 181
44 219
45 51
45 206
45 209
46 113
46 151
46 192
47 50
47 57
47 67
47 107
47 129
47 155
47 168
47 221
47 236
47 243
48 59
48 66
48 81
48 112
48 130
48 143
48 173
48 186
48 245
49 93
49 154
49 169
49 209
49 230
50 51
50 52
50 69
50 105
50 116
50 141
50 145
50 147
50 151
50 164
50 168
50 189
50 237
51 64
51 67
51 72
51 98
51 102
51 137
51 155
51 172
51 195
51 214
52 68
52 98
52 104
52 126
52 190
52 214
52 217
53 58
53 60
53 97
53 168
53 193
53 225
54 70
54 78
54 79
54 126
54 157
54 242
55 77
55 103
55 114
55 128
55 149
56 83
56 87
56 162
56 187
56 201
56 213
56 243
57 119
57 122
57 154
57 231
58 60
58 75
58 222
58 230
59 60
59 115
59 178
59 220
59 245
59 249
60 63
60 81
60 85
60 165
60 182
60 191
60 214
60 235
61 82
61 99
62 63
62 65
62 81
62 87
62 92
62 107
62 112
62 122
62 123
62 130
62 148
62 177
62 192
62 219
62 245
63 108
63 198
64 70
64 81
64 92
64 96
64 142
64 177
64 191
64 221
64 223
65 73
65 74
65 82
65 86
66 77
66 83
66 101
66 112
66 115
66 136
66 146
66 155
66 168
66 214
66 219
66 239
67 89
67 121
67 159
67 202
67 215
68 77
68 102
68 137
68 163
68 235
69 83
69 87
69 91
69 98
69 100
69 115
69 158
69 212
69 218
69 223
70 72
70 121
70 166
70 189
70 192
70 241
71 72
71 124
71 141
71 169
71 231
72 90
72 114
72 182
72 192
72 211
73 145
73 157
73 164
73 183
73 192
73 204
73 222
73 246
74 102
74 206
75 109
75 131
75 153
76 77
76 104
76 125
76 139
76 155
76 159
76 198
76 205
76 227
76 232
77 85
77 103
77 182
77 241
78 91
78 111
78 116
78 129
78 183
78 202
79 85
79 90
79 95
79 161
79 177
79 184
79 190
79 206
80 92
80 111
80 118
80 123
80 143
80 160
80 162
80 174
81 83
81 135
81 187
81 215
82 140
82 164
82 174
83 106
84 107
84 185
84 208
84 217
85 113
85 114
85 125
85 138
85 150
86 90
86 102
86 139
86 176
86 179
86 185
87 132
87 169
88 108
88 158
89 95
89 100
90 245
91 107
91 152
92 104
92 115
92 144
92 199
92 225
93 118
93 123
93 141
93 156
94 153
95 194
95 205
96 104
96 111
97 105
97 138
97 233
98 135
98 171
98 215
98 234
98 237
99 109
99 110
99 120
99 163
99 198
99 223
100 107
100 146
101 181
101 190
102 117
102 136
102 149
102 207
102 240
103 216
104 106
104 127
104 141
104 156
104 161
104 199
104 200
105 109
105 126
105 163
105 165
106 117
106 171
107 111
107 124
107 181
108 140
108 157
108 158
108 200
109 137
109 171
110 144
110 204
110 210
111 123
111 230
111 241
112 115
112 147
112 178
112 204
113 183
113 191
113 231
113 241
115 126
115 160
115 186
115 228
115 238
115 249
116 125
116 200
116 227
117 182
117 233
118 132
118 135
118 186
118 209
119 152
119 246
120 152
120 199
120 217
121 148
121 160
121 194
122 140
122 148
122 166
122 190
122 198
122 223
124 144
124 151
124 154
124 199
125 147
125 167
125 204
125 243
126 148
126 170
126 202
127 140
127 157
127 170
127 207
127 224
128 154
128 158
128 169
128 171
128 224
129 155
129 236
130 136
130 179
130 247
133 207
134 242
135 240
136 209
136 234
137 221
138 249
139 206
139 225
139 246
140 158
140 208
141 232
142 202
142 221
143 159
143 229
145 180
145 212
146 151
146 226
147 238
148 242
149 156
149 206
150 172
150 175
151 177
151 186
155 160
155 214
155 236
156 170
156 174
156 180
156 186
156 195
156 223
157 166
158 164
158 184
158 214
158 235
159 200
160 182
160 195
160 245
160 248
161 187
164 226
166 211
166 224
169 203
169 213
173 178
173 218
173 228
173 248
175 240
176 225
176 231
177 232
178 180
179 241
180 212
180 219
181 195
182 202
182 218
183 201
184 195
184 209
184 211
186 201
189 235
191 234
192 229
193 220
194 199
194 247
195 210
195 244
196 211
196 230
197 203
197 205
197 210
197 212
197 215
198 207
199 210
199 216
200 240
201 227
204 225
209 243
217 228
217 233
218 234
222 224
222 248
225 227
226 230
231 240
234 239
240 244
