0 1
0 2
0 3
0 4
0 5
0 6
0 7
0 8
0 9
0 10
0 11
0 12
0 13
0 14
0 15
0 16
0 17
0 18
0 19
0 20
0 21
0 22
0 23
0 24
0 25
0 26
0 27
0 28
0 29
0 30
0 31
0 32
0 33
0 34
0 37
0 38
0 39
0 40
0 41
0 43
0 44
0 50
0 51
0 52
0 53
0 55
0 56
0 62
0 67
0 68
0 69
0 76
0 79
0 81
0 83
0 86
0 91
0 92
0 93
0 96
0 97
0 98
0 101
0 104
0 106
0 108
0 110
0 115
0 122
0 124
0 130
0 133
0 138
0 139
0 145
0 146
0 150
0 153
0 155
0 156
0 160
0 166
0 170
0 172
0 176
0 177
0 183
0 184
0 193
0 194
0 201
0 204
0 206
0 209
0 216
0 220
0 222
0 224
0 230
0 233
0 243
1 19
1 21
1 22
1 23
1 24
1 25
1 26
1 27
1 29
1 30
1 32
1 33
1 34
1 36
1 37
1 38
1 42
1 43
1 45
1 46
1 47
1 51
1 52
1 55
1 59
1 63
1 70
1 71
1 74
1 80
1 91
1 92
1 100
1 103
1 109
1 112
1 122
1 125
1 133
1 135
1 138
1 151
1 156
1 161
1 164
1 172
1 178
1 179
1 180
1 187
1 192
1 198
1 203
1 207
1 215
1 219
2 19
2 20
2 21
2 22
2 23
2 24
2 25
2 27
2 31
2 32
2 35
2 37
2 43
2 48
2 56
2 63
2 75
2 113
2 115
2 123
2 135
2 147
2 166
2 173
2 180
2 182
2 192
2 195
2 196
2 198
2 219
2 221
2 223
2 224
3 20
3 31
3 43
3 50
3 54
3 108
3 150
4 19
4 20
4 23
4 31
4 33
4 35
4 38
4 40
4 41
4 42
4 46
4 49
4 51
4 52
4 54
4 55
4 56
4 59
4 60
4 61
4 63
4 66
4 68
4 70
4 78
4 82
4 94
4 96
4 122
4 133
4 134
4 143
4 148
4 151
4 152
4 160
4 163
4 176
4 227
4 247
5 19
5 20
5 22
5 23
5 26
5 29
5 40
5 41
5 44
5 53
5 63
5 67
5 69
5 81
5 84
5 93
5 100
5 126
5 180
5 186
5 192
5 214
5 218
5 221
5 243
6 19
6 20
6 21
6 22
6 23
6 24
6 25
6 26
6 27
6 28
6 32
6 33
6 36
6 37
6 47
6 50
6 54
6 57
6 64
6 68
6 85
6 90
6 100
6 120
6 131
6 176
6 186
6 188
6 218
6 226
6 230
7 19
7 20
7 21
7 22
7 23
7 24
7 25
7 26
7 27
7 29
7 31
7 36
7 37
7 38
7 42
7 43
7 44
7 45
7 51
7 53
7 60
7 61
7 62
7 65
7 66
7 74
7 77
7 79
7 83
7 84
7 99
7 101
7 104
7 108
7 114
7 116
7 121
7 132
7 137
7 141
7 143
7 145
7 148
7 150
7 153
7 157
7 179
7 187
7 202
7 203
7 207
7 212
7 222
7 224
7 235
7 244
7 247
7 249
8 19
8 20
8 21
8 22
8 23
8 24
8 25
8 27
8 29
8 31
8 34
8 35
8 40
8 41
8 42
8 47
8 49
8 53
8 63
8 64
8 65
8 83
8 85
8 88
8 90
8 101
8 107
8 108
8 111
8 113
8 118
8 121
8 123
8 134
8 135
8 150
8 151
8 156
8 160
8 161
8 189
8 191
8 193
8 199
8 206
8 207
8 210
8 215
8 225
8 227
8 245
9 19
9 21
9 29
9 40
9 44
9 46
9 48
9 53
9 54
9 58
9 66
9 79
9 81
9 83
9 89
9 127
9 136
9 139
9 160
9 166
9 197
9 205
9 217
9 221
9 229
10 19
10 20
10 21
10 22
10 23
10 24
10 25
10 26
10 27
10 30
10 31
10 33
10 35
10 36
10 39
10 40
10 41
10 49
10 59
10 64
10 68
10 69
10 71
10 80
10 81
10 83
10 90
10 91
10 100
10 121
10 129
10 156
10 171
10 173
10 201
10 202
10 204
10 222
10 228
10 235
11 19
11 20
11 21
11 22
11 23
11 24
11 25
11 26
11 27
11 29
11 30
11 31
11 33
11 35
11 36
11 37
11 40
11 41
11 43
11 44
11 50
11 52
11 53
11 54
11 67
11 70
11 72
11 74
11 76
11 84
11 85
11 95
11 96
11 108
11 111
11 118
11 124
11 141
11 143
11 147
11 156
11 170
11 177
11 179
11 181
11 182
11 183
11 187
11 190
11 192
11 197
11 204
11 208
11 212
11 213
11 216
11 238
11 245
11 249
12 19
12 20
12 21
12 22
12 24
12 25
12 26
12 28
12 29
12 30
12 31
12 32
12 37
12 39
12 40
12 42
12 46
12 50
12 52
12 55
12 59
12 64
12 67
12 70
12 71
12 82
12 84
12 89
12 90
12 91
12 93
12 109
12 110
12 117
12 123
12 128
12 136
12 146
12 155
12 170
12 178
12 186
12 187
12 188
12 196
12 212
12 215
12 227
12 230
12 240
12 243
13 19
13 20
13 21
13 22
13 23
13 24
13 25
13 26
13 28
13 30
13 32
13 41
13 43
13 45
13 46
13 47
13 49
13 53
13 61
13 70
13 71
13 75
13 83
13 105
13 115
13 116
13 120
13 129
13 130
13 147
13 155
13 158
13 163
13 164
13 167
13 176
13 180
13 184
13 203
13 221
13 245
14 19
14 20
14 21
14 22
14 23
14 25
14 26
14 28
14 30
14 33
14 35
14 36
14 38
14 39
14 41
14 43
14 46
14 52
14 53
14 60
14 64
14 65
14 67
14 69
14 75
14 76
14 79
14 82
14 84
14 85
14 95
14 102
14 105
14 107
14 110
14 114
14 121
14 132
14 133
14 135
14 136
14 145
14 146
14 160
14 170
14 174
14 179
14 182
14 184
14 199
14 211
14 213
14 216
14 227
14 231
14 235
14 236
14 249
15 19
15 20
15 21
15 24
15 27
15 28
15 30
15 35
15 40
15 41
15 49
15 53
15 70
15 79
15 99
15 112
15 127
15 153
15 156
15 225
16 19
16 20
16 21
16 22
16 26
16 27
16 28
16 30
16 32
16 33
16 34
16 35
16 39
16 43
16 50
16 53
16 62
16 75
16 89
16 95
16 96
16 97
16 99
16 129
16 134
16 139
16 149
16 171
16 172
16 189
16 206
16 222
16 234
16 244
16 248
17 19
17 20
17 21
17 22
17 23
17 24
17 26
17 27
17 28
17 29
17 30
17 31
17 32
17 33
17 34
17 36
17 38
17 40
17 41
17 44
17 45
17 52
17 56
17 57
17 60
17 63
17 67
17 68
17 73
17 80
17 83
17 86
17 87
17 92
17 96
17 97
17 99
17 102
17 109
17 111
17 116
17 119
17 122
17 127
17 128
17 142
17 175
17 179
17 183
17 188
17 191
17 206
17 207
17 211
17 218
17 239
18 19
18 20
18 21
18 22
18 23
18 24
18 25
18 26
18 28
18 34
18 35
18 37
18 44
18 45
18 46
18 49
18 53
18 55
18 56
18 57
18 60
18 61
18 65
18 68
18 78
18 88
18 90
18 92
18 94
18 106
18 113
18 119
18 131
18 137
18 142
18 143
18 149
18 150
18 153
18 158
18 160
18 166
18 167
18 168
18 171
18 179
18 190
18 191
18 192
18 193
18 197
18 201
18 218
18 221
18 225
18 228
18 238
18 240
18 246
19 20
19 21
19 22
19 23
19 24
19 25
19 26
19 27
19 28
19 29
19 30
19 31
19 32
19 33
19 34
19 35
19 36
19 38
19 41
19 42
19 43
19 44
19 45
19 47
19 48
19 49
19 50
19 51
19 52
19 55
19 58
19 60
19 61
19 62
19 68
19 71
19 74
19 77
19 78
19 83
19 84
19 86
19 87
19 88
19 90
19 91
19 93
19 95
19 97
19 99
19 100
19 105
19 107
19 109
19 120
19 127
19 129
19 135
19 140
19 142
19 143
19 144
19 145
19 146
19 147
19 151
19 155
19 158
19 169
19 173
19 178
19 181
19 185
19 189
19 203
19 217
19 232
19 233
19 234
19 235
19 239
19 247
20 21
20 22
20 23
20 24
20 25
20 26
20 27
20 28
20 29
20 30
20 31
20 32
20 33
20 34
20 36
20 37
20 39
20 40
20 41
20 43
20 47
20 48
20 49
20 51
20 52
20 54
20 56
20 57
20 59
20 60
20 62
20 65
20 66
20 67
20 69
20 71
20 72
20 73
20 74
20 75
20 76
20 78
20 79
20 81
20 83
20 84
20 86
20 97
20 99
20 100
20 101
20 102
20 106
20 107
20 109
20 113
20 114
20 117
20 119
20 120
20 121
20 126
20 127
20 128
20 134
20 135
20 136
20 141
20 142
20 151
20 152
20 154
20 161
20 163
20 167
20 168
20 175
20 176
20 179
20 185
20 188
20 194
20 202
20 205
20 210
20 213
20 214
20 215
20 216
20 217
20 221
20 223
20 225
20 233
20 234
20 243
20 244
20 248
21 22
21 23
21 24
21 25
21 27
21 28
21 29
21 30
21 31
21 32
21 34
21 35
21 36
21 37
21 39
21 40
21 42
21 43
21 44
21 47
21 48
21 50
21 51
21 55
21 57
21 58
21 61
21 64
21 67
21 68
21 69
21 72
21 75
21 77
21 79
21 80
21 81
21 84
21 92
21 96
21 105
21 107
21 108
21 117
21 120
21 122
21 124
21 141
21 143
21 152
21 158
21 186
21 196
21 197
21 214
21 216
21 217
21 220
21 221
21 222
21 227
21 228
21 234
21 243
21 245
22 23
22 24
22 25
22 26
22 27
22 28
22 29
22 32
22 34
22 37
22 38
22 39
22 40
22 41
22 42
22 44
22 45
22 46
22 47
22 54
22 56
22 60
22 61
22 66
22 70
22 71
22 73
22 85
22 86
22 91
22 92
22 94
22 99
22 102
22 108
22 114
22 118
22 127
22 130
22 131
22 133
22 136
22 152
22 165
22 175
22 184
22 186
22 193
22 207
22 235
22 238
22 247
23 24
23 25
23 26
23 27
23 28
23 29
23 30
23 33
23 35
23 38
23 39
23 41
23 43
23 47
23 50
23 51
23 55
23 57
23 58
23 59
23 64
23 65
23 67
23 70
23 74
23 76
23 80
23 81
23 82
23 84
23 89
23 91
23 102
23 105
23 106
23 110
23 111
23 112
23 118
23 123
23 124
23 127
23 128
23 134
23 137
23 153
23 154
23 157
23 160
23 161
23 162
23 170
23 175
23 176
23 184
23 187
23 199
23 200
23 205
23 207
23 226
23 229
23 230
23 238
23 240
23 241
23 243
23 246
23 247
24 25
24 28
24 29
24 30
24 33
24 34
24 37
24 43
24 45
24 48
24 50
24 56
24 57
24 60
24 62
24 63
24 64
24 75
24 76
24 78
24 79
24 80
24 86
24 87
24 90
24 93
24 102
24 104
24 105
24 106
24 108
24 109
24 110
24 113
24 114
24 116
24 131
24 133
24 140
24 142
24 143
24 148
24 157
24 158
24 162
24 163
24 164
24 171
24 180
24 184
24 187
24 190
24 198
24 201
24 208
24 212
24 215
24 220
24 228
24 246
24 248
25 26
25 27
25 28
25 29
25 32
25 33
25 34
25 35
25 36
25 37
25 38
25 39
25 42
25 44
25 45
25 46
25 47
25 48
25 49
25 51
25 52
25 54
25 56
25 57
25 60
25 61
25 62
25 66
25 68
25 69
25 72
25 74
25 76
25 77
25 79
25 84
25 87
25 88
25 91
25 94
25 95
25 98
25 99
25 102
25 107
25 114
25 116
25 121
25 125
25 126
25 130
25 131
25 132
25 138
25 154
25 156
25 157
25 158
25 160
25 165
25 168
25 170
25 171
25 176
25 184
25 191
25 206
25 208
25 223
25 225
25 228
25 231
25 234
25 238
25 246
25 249
26 27
26 28
26 29
26 30
26 31
26 32
26 34
26 35
26 36
26 37
26 38
26 39
26 44
26 45
26 48
26 49
26 53
26 54
26 55
26 60
26 63
26 64
26 66
26 68
26 69
26 71
26 74
26 76
26 81
26 82
26 86
26 95
26 96
26 102
26 111
26 112
26 114
26 116
26 117
26 122
26 125
26 135
26 142
26 152
26 154
26 155
26 159
26 160
26 163
26 164
26 191
26 193
26 198
26 200
26 211
26 215
26 220
26 226
26 230
26 235
26 241
26 244
26 246
27 28
27 29
27 31
27 32
27 33
27 34
27 35
27 36
27 37
27 40
27 43
27 46
27 47
27 48
27 49
27 50
27 51
27 53
27 57
27 58
27 59
27 61
27 63
27 67
27 69
27 70
27 72
27 73
27 74
27 75
27 77
27 78
27 80
27 84
27 92
27 94
27 96
27 98
27 102
27 104
27 108
27 112
27 118
27 121
27 123
27 125
27 128
27 130
27 131
27 132
27 137
27 138
27 139
27 140
27 149
27 155
27 158
27 165
27 167
27 170
27 175
27 178
27 182
27 189
27 195
27 197
27 201
27 207
27 208
27 209
27 211
27 212
27 218
27 220
27 226
27 229
27 236
27 243
28 30
28 31
28 32
28 33
28 34
28 35
28 37
28 38
28 42
28 48
28 50
28 55
28 56
28 57
28 58
28 64
28 66
28 71
28 72
28 74
28 80
28 81
28 82
28 83
28 87
28 92
28 102
28 103
28 111
28 116
28 122
28 123
28 129
28 132
28 145
28 147
28 154
28 156
28 160
28 162
28 165
28 173
28 177
28 193
28 195
28 196
28 200
28 204
28 231
28 237
28 241
28 242
28 244
28 246
28 248
29 30
29 31
29 33
29 34
29 35
29 36
29 38
29 39
29 40
29 41
29 43
29 45
29 51
29 52
29 57
29 59
29 61
29 62
29 65
29 72
29 73
29 74
29 77
29 78
29 84
29 94
29 100
29 106
29 110
29 112
29 116
29 121
29 130
29 131
29 133
29 139
29 141
29 143
29 148
29 151
29 159
29 187
29 190
29 217
29 226
29 237
29 239
30 31
30 32
30 36
30 37
30 38
30 39
30 40
30 42
30 44
30 46
30 49
30 50
30 53
30 54
30 55
30 56
30 58
30 60
30 61
30 63
30 65
30 66
30 76
30 85
30 86
30 87
30 90
30 96
30 100
30 102
30 106
30 109
30 120
30 121
30 145
30 152
30 153
30 154
30 166
30 168
30 174
30 184
30 195
30 196
30 197
30 198
30 199
30 202
30 203
30 204
30 208
30 209
30 227
30 231
30 237
30 243
31 32
31 34
31 35
31 36
31 38
31 39
31 42
31 44
31 45
31 46
31 48
31 53
31 54
31 56
31 57
31 58
31 59
31 61
31 62
31 63
31 66
31 69
31 70
31 72
31 73
31 74
31 75
31 76
31 79
31 80
31 81
31 82
31 84
31 85
31 86
31 96
31 100
31 104
31 105
31 110
31 113
31 115
31 117
31 119
31 126
31 145
31 149
31 151
31 154
31 159
31 164
31 166
31 176
31 180
31 181
31 184
31 193
31 194
31 195
31 196
31 202
31 208
31 212
31 216
31 219
31 221
31 222
31 224
31 226
31 233
31 235
31 236
31 240
31 242
31 243
31 245
31 248
32 33
32 34
32 36
32 38
32 45
32 48
32 62
32 65
32 77
32 88
32 94
32 95
32 98
32 101
32 104
32 105
32 107
32 109
32 116
32 119
32 125
32 131
32 132
32 134
32 144
32 148
32 152
32 159
32 174
32 176
32 180
32 183
32 185
32 196
32 236
32 249
33 39
33 42
33 47
33 50
33 54
33 61
33 62
33 73
33 91
33 117
33 119
33 122
33 125
33 127
33 130
33 137
33 144
33 145
33 151
33 152
33 155
33 160
33 162
33 166
33 169
33 192
33 204
33 209
33 215
33 227
33 228
33 229
33 231
33 236
33 238
33 244
34 36
34 40
34 47
34 50
34 54
34 56
34 58
34 59
34 60
34 61
34 63
34 64
34 65
34 75
34 81
34 82
34 83
34 88
34 90
34 91
34 95
34 100
34 103
34 104
34 109
34 110
34 111
34 115
34 124
34 138
34 146
34 149
34 165
34 166
34 169
34 171
34 177
34 203
34 205
34 206
34 209
34 210
34 216
34 217
34 223
34 224
34 230
34 231
34 233
34 236
34 237
34 240
34 244
35 37
35 38
35 39
35 41
35 42
35 47
35 49
35 52
35 55
35 58
35 62
35 64
35 67
35 69
35 78
35 79
35 81
35 90
35 93
35 97
35 105
35 107
35 115
35 116
35 119
35 121
35 127
35 134
35 137
35 138
35 142
35 153
35 155
35 185
35 190
35 194
35 204
35 218
35 219
35 220
35 227
35 232
35 237
35 244
35 246
36 41
36 42
36 45
36 46
36 48
36 52
36 58
36 65
36 69
36 71
36 74
36 81
36 84
36 85
36 87
36 89
36 90
36 92
36 96
36 103
36 110
36 112
36 115
36 125
36 128
36 130
36 136
36 141
36 144
36 146
36 147
36 153
36 157
36 158
36 163
36 173
36 182
36 185
36 211
36 217
36 227
36 231
36 237
36 240
36 241
36 248
37 38
37 39
37 40
37 41
37 42
37 43
37 45
37 46
37 47
37 48
37 51
37 55
37 57
37 61
37 65
37 66
37 67
37 70
37 90
37 94
37 98
37 118
37 119
37 120
37 122
37 123
37 125
37 128
37 140
37 141
37 164
37 174
37 175
37 182
37 187
37 192
37 200
37 201
37 209
37 219
37 232
37 239
37 248
38 39
38 42
38 44
38 45
38 48
38 49
38 52
38 54
38 55
38 56
38 58
38 60
38 63
38 67
38 69
38 70
38 71
38 72
38 74
38 75
38 80
38 83
38 89
38 102
38 108
38 110
38 112
38 115
38 117
38 127
38 128
38 137
38 141
38 144
38 149
38 150
38 151
38 153
38 159
38 179
38 183
38 186
38 205
38 219
38 222
38 229
38 231
38 232
38 241
39 42
39 43
39 44
39 45
39 46
39 47
39 48
39 51
39 54
39 56
39 59
39 61
39 65
39 66
39 70
39 73
39 80
39 82
39 83
39 87
39 105
39 106
39 107
39 111
39 114
39 123
39 131
39 132
39 136
39 138
39 146
39 157
39 168
39 173
39 176
39 186
39 191
39 194
39 202
39 209
39 210
39 216
39 223
39 230
39 239
39 241
40 46
40 47
40 49
40 51
40 54
40 59
40 70
40 73
40 75
40 83
40 98
40 112
40 116
40 118
40 123
40 129
40 130
40 133
40 135
40 141
40 147
40 150
40 151
40 171
40 172
40 184
40 189
40 191
40 192
40 210
40 223
40 231
40 232
40 233
40 236
40 239
41 44
41 47
41 50
41 51
41 55
41 60
41 62
41 63
41 64
41 66
41 72
41 73
41 74
41 76
41 78
41 87
41 88
41 94
41 97
41 101
41 116
41 118
41 131
41 132
41 134
41 136
41 137
41 140
41 145
41 147
41 149
41 150
41 154
41 155
41 161
41 166
41 167
41 185
41 197
41 205
41 217
41 221
41 223
41 229
41 241
42 46
42 55
42 56
42 58
42 62
42 64
42 68
42 69
42 72
42 73
42 78
42 86
42 89
42 91
42 97
42 102
42 105
42 110
42 118
42 125
42 129
42 133
42 146
42 149
42 150
42 153
42 154
42 157
42 158
42 165
42 169
42 171
42 172
42 177
42 179
42 181
42 184
42 188
42 220
42 221
42 226
42 228
42 230
42 247
43 44
43 48
43 49
43 52
43 53
43 57
43 60
43 63
43 75
43 77
43 80
43 85
43 92
43 98
43 101
43 107
43 115
43 117
43 123
43 124
43 125
43 135
43 140
43 145
43 146
43 149
43 150
43 160
43 162
43 165
43 167
43 181
43 190
43 193
43 196
43 208
43 223
43 227
43 232
43 243
43 247
43 249
44 45
44 46
44 77
44 93
44 94
44 99
44 100
44 111
44 129
44 130
44 131
44 133
44 146
44 169
44 172
44 178
44 187
44 189
44 194
44 196
44 201
44 214
44 232
44 244
45 59
45 61
45 65
45 68
45 80
45 88
45 92
45 95
45 97
45 99
45 101
45 105
45 111
45 113
45 123
45 124
45 130
45 145
45 148
45 150
45 153
45 161
45 181
45 199
45 205
45 207
45 219
45 229
45 249
46 48
46 49
46 50
46 51
46 65
46 79
46 109
46 122
46 133
46 148
46 156
46 163
46 170
46 189
46 203
46 219
47 49
47 50
47 54
47 57
47 58
47 59
47 63
47 68
47 71
47 76
47 79
47 86
47 87
47 89
47 91
47 93
47 95
47 96
47 97
47 98
47 106
47 107
47 116
47 125
47 133
47 135
47 138
47 143
47 154
47 168
47 174
47 180
47 183
47 201
47 204
47 211
47 218
47 227
47 240
47 241
47 244
47 245
48 66
48 71
48 73
48 75
48 86
48 95
48 125
48 128
48 132
48 148
48 152
48 165
48 170
48 179
48 184
48 185
48 190
48 195
48 220
48 242
49 51
49 52
49 53
49 64
49 67
49 76
49 86
49 87
49 89
49 94
49 126
49 128
49 154
49 155
49 164
49 188
49 202
49 204
49 217
49 234
50 51
50 52
50 54
50 55
50 57
50 59
50 62
50 65
50 66
50 67
50 68
50 70
50 71
50 72
50 74
50 78
50 79
50 82
50 83
50 89
50 93
50 94
50 102
50 103
50 111
50 118
50 119
50 135
50 137
50 147
50 151
50 166
50 175
50 178
50 182
50 186
50 198
50 199
50 203
50 205
50 211
50 228
50 241
50 244
51 52
51 55
51 59
51 62
51 65
51 70
51 71
51 73
51 91
51 95
51 97
51 108
51 118
51 125
51 130
51 135
51 138
51 140
51 145
51 155
51 159
51 161
51 162
51 164
51 173
51 174
51 182
51 187
51 196
51 200
51 203
51 214
51 217
51 221
51 237
51 241
51 245
52 53
52 56
52 58
52 62
52 64
52 66
52 68
52 71
52 74
52 76
52 77
52 82
52 84
52 87
52 88
52 95
52 99
52 112
52 123
52 128
52 140
52 141
52 149
52 151
52 157
52 159
52 168
52 171
52 174
52 177
52 191
52 192
52 203
52 206
52 217
52 219
52 227
52 232
52 238
52 240
52 245
53 57
53 58
53 69
53 71
53 72
53 73
53 77
53 81
53 85
53 88
53 91
53 94
53 98
53 110
53 112
53 119
53 132
53 136
53 137
53 140
53 142
53 143
53 147
53 149
53 152
53 154
53 156
53 157
53 160
53 167
53 168
53 171
53 172
53 173
53 177
53 240
53 242
54 56
54 58
54 61
54 75
54 86
54 89
54 92
54 98
54 99
54 104
54 109
54 116
54 141
54 142
54 144
54 146
54 147
54 159
54 162
54 171
54 188
54 190
54 191
54 194
54 212
54 228
54 233
54 243
55 57
55 59
55 63
55 66
55 69
55 73
55 80
55 81
55 86
55 88
55 91
55 92
55 97
55 100
55 101
55 107
55 108
55 112
55 121
55 122
55 124
55 126
55 137
55 144
55 149
55 154
55 161
55 162
55 165
55 171
55 173
55 179
55 181
55 187
55 190
55 197
55 201
55 209
55 214
55 224
55 227
55 229
55 240
56 58
56 68
56 71
56 77
56 78
56 79
56 81
56 82
56 96
56 100
56 104
56 110
56 114
56 117
56 122
56 123
56 132
56 134
56 136
56 143
56 147
56 151
56 165
56 195
56 197
56 199
56 200
56 204
56 219
56 223
56 231
56 237
57 59
57 60
57 62
57 63
57 64
57 70
57 72
57 75
57 94
57 103
57 113
57 114
57 119
57 126
57 128
57 148
57 149
57 152
57 158
57 176
57 181
57 182
57 210
57 215
57 220
57 224
57 231
57 237
57 239
57 242
57 244
58 60
58 69
58 94
58 103
58 107
58 129
58 130
58 133
58 141
58 150
58 153
58 164
58 168
58 173
58 189
58 200
58 201
58 202
58 211
58 214
58 222
58 224
58 237
58 245
59 65
59 67
59 72
59 77
59 78
59 85
59 92
59 93
59 98
59 103
59 110
59 125
59 132
59 140
59 151
59 152
59 164
59 167
59 182
59 186
59 192
59 196
59 199
59 201
59 248
60 69
60 76
60 82
60 85
60 89
60 95
60 97
60 99
60 104
60 109
60 120
60 121
60 124
60 131
60 147
60 153
60 168
60 172
60 206
60 226
60 233
60 235
60 249
61 64
61 68
61 80
61 97
61 101
61 113
61 115
61 159
61 173
61 174
61 205
61 210
61 219
61 237
61 245
62 70
62 79
62 83
62 85
62 93
62 98
62 101
62 102
62 114
62 115
62 119
62 120
62 121
62 158
62 173
62 181
62 194
62 202
62 231
62 245
63 67
63 68
63 72
63 78
63 82
63 84
63 104
63 106
63 113
63 129
63 138
63 144
63 153
63 167
63 209
63 214
63 217
63 218
63 223
63 247
64 73
64 80
64 88
64 90
64 91
64 95
64 100
64 105
64 117
64 136
64 142
64 167
64 170
64 182
64 188
64 196
64 199
64 230
64 234
65 66
65 72
65 85
65 88
65 90
65 94
65 104
65 108
65 114
65 126
65 138
65 143
65 145
65 146
65 152
65 173
65 174
65 180
65 182
65 184
65 189
65 208
65 213
65 214
65 217
65 227
65 228
65 235
66 67
66 72
66 76
66 88
66 89
66 92
66 98
66 101
66 103
66 107
66 115
66 123
66 125
66 131
66 134
66 143
66 149
66 154
66 156
66 158
66 163
66 166
66 186
66 207
66 208
66 210
66 212
66 218
66 220
66 222
66 246
67 73
67 77
67 84
67 88
67 96
67 111
67 121
67 139
67 174
67 182
67 183
67 192
67 204
67 207
67 212
67 213
67 218
67 220
67 222
67 226
67 233
67 245
68 73
68 77
68 82
68 96
68 98
68 99
68 101
68 107
68 119
68 120
68 129
68 140
68 144
68 169
68 177
68 189
68 216
68 224
68 232
68 246
69 75
69 76
69 77
69 82
69 86
69 92
69 93
69 94
69 97
69 109
69 112
69 116
69 129
69 146
69 162
69 172
69 173
69 177
69 182
69 189
69 199
69 200
69 202
69 221
69 223
69 225
69 241
69 247
70 74
70 75
70 80
70 85
70 95
70 97
70 110
70 118
70 129
70 163
70 166
70 168
70 187
70 189
70 210
71 78
71 80
71 82
71 89
71 98
71 101
71 111
71 119
71 124
71 139
71 141
71 186
71 197
71 214
71 230
71 242
71 247
72 77
72 78
72 81
72 98
72 102
72 109
72 114
72 159
72 172
72 194
72 230
72 231
72 232
72 248
73 85
73 89
73 91
73 93
73 104
73 119
73 158
73 191
73 203
73 236
73 242
73 244
74 76
74 78
74 79
74 83
74 88
74 89
74 96
74 97
74 99
74 104
74 115
74 136
74 148
74 151
74 154
74 177
74 178
74 179
74 194
74 213
74 222
74 226
74 228
74 236
74 237
74 248
75 81
75 82
75 84
75 85
75 87
75 90
75 94
75 97
75 103
75 106
75 109
75 111
75 113
75 133
75 155
75 164
75 170
75 183
75 185
75 215
75 240
76 77
76 79
76 87
76 93
76 99
76 106
76 117
76 118
76 132
76 141
76 150
76 170
76 183
76 185
76 190
76 213
76 216
76 243
77 78
77 98
77 103
77 105
77 107
77 118
77 119
77 120
77 126
77 127
77 139
77 140
77 167
77 177
77 178
77 191
77 199
77 201
77 211
77 222
77 229
77 233
77 235
77 239
78 87
78 93
78 114
78 118
78 123
78 126
78 144
78 151
78 167
78 169
78 172
78 182
78 188
78 190
78 208
78 215
78 236
79 90
79 111
79 113
79 122
79 125
79 140
79 144
79 148
79 163
79 165
79 185
79 198
79 228
80 86
80 89
80 90
80 92
80 93
80 101
80 103
80 104
80 105
80 108
80 118
80 121
80 126
80 131
80 134
80 136
80 137
80 141
80 147
80 148
80 152
80 160
80 164
80 169
80 174
80 181
80 192
80 202
80 206
80 229
80 234
80 242
81 83
81 88
81 105
81 117
81 133
81 136
81 161
81 173
81 193
81 213
81 223
81 237
81 241
81 242
82 85
82 87
82 90
82 92
82 100
82 103
82 115
82 117
82 124
82 132
82 134
82 139
82 142
82 165
82 174
82 179
82 213
83 86
83 96
83 118
83 122
83 124
83 141
83 155
83 156
83 169
83 174
83 177
83 183
83 184
83 193
83 208
83 212
83 217
83 219
83 220
83 237
83 238
84 87
84 89
84 113
84 114
84 115
84 125
84 130
84 139
84 163
84 166
84 169
84 215
84 222
84 224
84 225
84 226
84 234
84 238
85 106
85 120
85 122
85 124
85 134
85 164
85 182
85 192
85 197
85 203
85 210
85 218
85 222
85 235
85 242
86 87
86 88
86 91
86 101
86 109
86 135
86 138
86 153
86 167
86 171
86 173
86 175
86 178
86 186
86 189
86 194
86 195
86 199
86 213
86 219
86 227
86 239
87 111
87 112
87 116
87 132
87 167
87 170
87 174
87 210
87 246
88 93
88 95
88 98
88 100
88 101
88 104
88 106
88 111
88 112
88 113
88 120
88 124
88 126
88 128
88 134
88 135
88 149
88 150
88 169
88 180
88 196
88 197
88 200
88 228
88 241
88 248
88 249
89 93
89 102
89 109
89 110
89 120
89 166
89 203
89 221
89 226
89 236
89 239
90 96
90 100
90 106
90 110
90 117
90 122
90 124
90 145
90 155
90 167
90 172
90 181
90 191
90 204
90 206
90 218
90 232
90 242
90 243
91 99
91 100
91 108
91 114
91 117
91 122
91 127
91 133
91 154
91 156
91 157
91 213
91 223
91 229
91 243
92 103
92 136
92 153
92 168
92 176
92 195
92 227
92 233
92 248
92 249
93 95
93 103
93 113
93 121
93 128
93 149
93 156
93 191
93 192
93 210
93 238
94 105
94 115
94 138
94 161
94 164
94 171
94 203
94 229
95 114
95 115
95 126
95 127
95 129
95 132
95 135
95 151
95 169
95 180
95 194
96 99
96 102
96 103
96 112
96 120
96 125
96 127
96 138
96 152
96 158
96 164
96 172
96 178
96 179
96 187
96 197
96 206
96 219
96 221
96 245
96 246
96 247
97 108
97 127
97 138
97 178
97 185
97 199
97 215
97 217
97 218
97 233
98 103
98 105
98 111
98 116
98 117
98 119
98 120
98 123
98 124
98 127
98 137
98 145
98 148
98 161
98 165
98 178
98 185
98 199
98 243
99 101
99 113
99 117
99 118
99 128
99 134
99 137
99 139
99 140
99 148
99 162
99 180
99 181
99 190
99 195
99 224
99 225
99 232
100 103
100 104
100 126
100 129
100 131
100 132
100 156
100 168
100 196
100 204
100 207
100 211
100 224
101 104
101 115
101 120
101 129
101 138
101 151
101 187
101 189
101 198
101 203
101 204
101 205
101 238
102 106
102 107
102 142
102 165
102 207
102 208
102 226
103 106
103 108
103 112
103 113
103 128
103 133
103 134
103 140
103 160
103 161
103 162
103 175
103 178
103 204
103 214
103 229
104 106
104 121
104 136
104 140
104 152
104 166
104 170
104 183
104 184
104 189
104 199
104 200
104 205
104 212
104 217
104 225
104 234
104 236
104 249
105 108
105 114
105 126
105 127
105 147
105 150
105 154
105 163
105 165
105 167
105 169
105 175
105 223
105 234
105 240
106 107
106 109
106 110
106 117
106 121
106 129
106 137
106 139
106 143
106 149
106 150
106 157
106 158
106 163
106 174
106 183
106 188
106 199
106 200
106 206
106 207
106 216
106 220
107 112
107 113
107 120
107 139
107 142
107 165
107 198
107 210
107 215
107 223
107 234
107 237
108 161
109 126
109 137
109 143
109 146
109 147
109 152
109 193
109 195
109 211
109 225
109 226
109 233
109 236
109 246
110 116
110 126
110 141
110 165
110 191
110 202
110 207
110 218
110 219
110 220
110 223
110 230
111 124
111 149
111 150
111 159
111 162
111 192
112 130
112 143
112 153
112 170
112 202
112 205
112 210
112 215
113 122
113 127
113 135
113 137
113 144
113 148
113 157
113 158
113 159
113 161
113 169
113 177
113 182
113 183
113 188
113 193
113 194
113 207
113 209
113 215
113 233
114 130
114 139
114 172
114 249
115 134
115 138
115 145
115 146
115 169
115 186
116 119
116 128
116 131
116 144
116 147
116 171
116 176
116 187
116 188
116 197
116 248
117 129
117 139
117 169
117 195
117 211
118 175
118 181
118 191
118 197
118 207
118 220
118 236
118 239
119 124
119 139
119 144
119 145
119 152
119 161
119 184
119 198
119 201
119 204
119 210
119 211
119 225
119 235
119 245
119 247
120 123
120 157
120 168
120 195
120 206
120 207
121 142
121 154
121 186
121 192
121 202
121 217
121 228
121 239
122 123
122 130
122 144
122 145
122 148
122 155
122 159
122 166
122 174
122 177
122 183
122 222
122 239
122 249
123 128
123 136
123 141
123 147
123 158
123 167
123 179
123 192
123 194
123 208
123 213
123 215
124 131
124 132
124 139
124 143
124 189
124 198
124 234
124 246
125 126
125 130
125 156
125 165
125 170
125 176
125 180
125 185
125 186
125 202
125 204
125 205
125 219
125 229
126 142
126 143
126 158
126 161
126 172
126 176
126 193
126 196
126 216
126 228
127 135
127 163
127 172
127 175
127 176
127 185
127 198
127 210
128 131
128 139
128 155
128 156
128 162
128 173
128 200
128 210
128 219
128 236
128 238
129 136
129 163
129 166
129 178
129 185
129 191
129 194
129 238
130 133
130 140
130 218
131 134
131 137
131 155
131 159
131 175
131 201
131 205
131 216
131 219
132 144
132 159
132 183
132 209
132 228
133 195
133 200
133 206
133 208
133 244
133 249
134 135
134 157
134 161
134 180
134 186
134 222
135 138
135 142
135 148
135 150
135 173
135 189
135 191
135 213
136 142
136 144
136 168
136 172
136 188
136 209
136 211
136 232
136 235
136 246
137 142
137 171
137 200
137 212
137 227
137 240
138 140
138 206
138 222
139 146
139 168
139 174
139 190
139 197
139 209
139 234
140 144
140 153
140 157
140 159
140 161
140 162
140 164
140 167
140 169
140 194
140 211
140 222
140 242
140 245
141 146
141 148
141 159
141 163
141 175
141 195
141 212
141 216
141 230
141 245
141 247
141 249
142 157
143 163
143 164
143 171
143 183
143 193
143 196
143 213
143 225
143 244
144 146
144 156
144 170
144 174
144 181
145 172
145 185
145 188
145 192
145 198
145 212
146 159
146 170
146 190
146 200
146 205
146 225
147 177
148 160
148 206
149 160
149 169
149 175
149 178
149 180
149 181
149 184
149 186
149 190
149 202
149 232
149 240
149 242
150 201
151 155
151 181
151 188
152 157
152 177
152 190
152 199
152 214
152 217
152 224
152 240
153 162
153 175
153 187
153 191
153 193
153 226
154 171
154 209
154 225
155 157
155 185
155 215
155 238
155 247
156 168
156 176
156 178
156 205
156 225
156 230
157 162
157 248
158 160
158 163
158 164
158 179
158 188
158 243
158 246
159 162
159 175
159 181
159 193
159 213
159 225
160 168
160 175
160 176
160 177
160 178
160 187
160 200
160 203
160 208
160 212
160 229
160 240
161 162
162 214
162 221
162 227
163 187
163 208
163 218
163 231
163 242
164 180
164 209
164 235
165 166
165 179
165 196
165 206
165 208
165 225
165 229
166 180
166 182
167 179
167 190
168 178
168 188
168 203
168 220
168 239
169 188
169 195
169 234
169 248
170 198
170 207
170 236
170 237
171 181
171 184
171 214
171 229
172 216
172 220
172 231
172 245
173 198
173 203
173 226
173 234
173 235
173 236
173 247
173 248
174 183
174 193
174 195
174 208
174 221
174 245
175 177
175 189
175 190
175 194
176 180
176 226
176 232
177 183
177 185
177 194
177 224
177 241
177 248
177 249
178 186
178 196
178 201
178 209
178 212
178 214
179 198
179 202
179 223
179 232
179 239
180 237
181 195
181 198
182 197
182 205
182 218
183 200
183 210
183 248
184 198
185 199
185 200
185 211
185 233
186 230
187 214
188 193
188 232
188 237
188 239
188 242
189 235
191 209
191 212
191 224
191 233
191 238
192 201
192 202
192 214
193 209
193 221
193 231
193 246
194 216
194 220
194 224
194 232
195 197
195 221
195 224
197 218
198 213
199 204
199 205
199 213
199 229
199 230
199 231
199 241
200 201
200 233
201 212
201 215
202 206
202 225
202 241
203 223
203 236
203 241
204 213
204 216
204 234
205 211
205 226
205 238
205 240
206 233
206 247
207 211
207 224
207 231
209 242
210 214
211 216
214 242
214 247
216 230
216 242
217 239
217 243
218 228
219 246
220 228
221 234
222 238
224 230
224 249
225 235
226 235
226 239
228 243
230 238
231 240
231 241
232 244
233 244
238 247
240 244
241 246
246 249
