0 1
0 2
0 3
0 4
0 5
0 6
0 7
0 8
0 9
0 10
0 11
0 12
0 13
0 14
0 15
0 16
0 17
0 18
0 19
0 20
0 21
0 22
0 23
0 24
0 25
0 26
0 27
0 28
0 29
0 30
0 31
0 32
0 33
0 34
0 35
0 36
0 37
0 38
0 39
0 40
0 41
0 42
0 45
0 46
0 47
0 50
0 51
0 53
0 56
0 57
0 61
0 66
0 67
0 70
0 71
0 74
0 75
0 76
0 77
0 79
0 80
0 81
0 82
0 89
0 90
0 92
0 93
0 97
0 104
0 106
0 109
0 113
0 117
0 128
0 131
0 135
0 141
0 142
0 144
0 150
0 152
0 154
0 159
0 161
0 172
0 173
0 177
0 182
0 193
0 196
0 197
0 199
0 200
0 204
0 211
0 214
0 221
0 227
0 229
0 230
0 235
0 237
0 238
0 242
0 244
0 248
1 19
1 20
1 21
1 22
1 23
1 25
1 27
1 28
1 31
1 34
1 38
1 39
1 40
1 41
1 42
1 43
1 45
1 49
1 50
1 51
1 53
1 59
1 60
1 63
1 67
1 72
1 73
1 82
1 84
1 90
1 91
1 93
1 102
1 108
1 111
1 112
1 114
1 117
1 131
1 145
1 148
1 149
1 153
1 155
1 163
1 174
1 175
1 176
1 183
1 185
1 190
1 194
1 199
1 205
1 216
1 221
1 225
1 229
1 248
1 249
2 19
2 20
2 22
2 23
2 26
2 28
2 29
2 38
2 41
2 51
2 55
2 62
2 66
2 67
2 68
2 73
2 79
2 83
2 88
2 90
2 94
2 113
2 119
2 130
2 131
2 132
2 150
2 151
2 165
2 169
2 170
2 177
2 179
2 182
2 199
2 200
2 213
2 220
2 221
2 223
2 227
2 233
2 235
2 247
2 248
3 19
3 20
3 21
3 22
3 23
3 24
3 27
3 34
3 43
3 52
3 57
3 58
3 65
3 74
3 78
3 94
3 100
3 114
3 130
3 131
3 153
3 157
3 163
3 165
3 192
3 200
4 19
4 20
4 21
4 22
4 24
4 29
4 32
4 36
4 40
4 43
4 44
4 51
4 52
4 55
4 56
4 58
4 62
4 71
4 72
4 77
4 78
4 82
4 94
4 95
4 106
4 107
4 130
4 137
4 154
4 160
4 168
4 179
4 193
4 202
4 218
4 221
4 223
4 232
4 234
4 243
4 246
5 19
5 20
5 21
5 22
5 23
5 24
5 25
5 27
5 29
5 30
5 31
5 32
5 33
5 34
5 36
5 40
5 41
5 42
5 45
5 46
5 47
5 48
5 50
5 52
5 55
5 59
5 63
5 64
5 72
5 75
5 81
5 84
5 87
5 89
5 96
5 99
5 100
5 108
5 117
5 118
5 120
5 122
5 135
5 137
5 143
5 153
5 154
5 163
5 173
5 205
5 209
5 218
5 224
5 225
5 234
5 238
5 244
6 19
6 20
6 21
6 23
6 24
6 25
6 30
6 31
6 33
6 35
6 39
6 56
6 59
6 61
6 63
6 72
6 80
6 89
6 101
6 121
6 122
6 137
6 149
6 156
6 160
6 162
6 166
6 172
6 173
6 181
6 193
6 194
6 202
6 205
6 206
6 214
6 228
6 230
6 237
6 241
6 245
7 19
7 20
7 22
7 23
7 24
7 25
7 26
7 28
7 31
7 32
7 33
7 35
7 36
7 43
7 46
7 48
7 54
7 56
7 60
7 64
7 66
7 71
7 74
7 76
7 83
7 90
7 119
7 124
7 129
7 131
7 141
7 145
7 152
7 155
7 157
7 160
7 170
7 201
7 208
7 209
7 234
8 19
8 20
8 24
8 25
8 29
8 30
8 32
8 52
8 56
8 59
8 69
8 70
8 71
8 73
8 75
8 95
8 98
8 101
8 124
8 127
8 189
8 214
8 229
9 19
9 20
9 21
9 23
9 25
9 28
9 30
9 36
9 37
9 56
9 61
9 67
9 72
9 78
9 81
9 87
9 106
9 113
9 114
9 118
9 123
9 124
9 126
9 132
9 164
9 165
9 181
9 190
9 204
9 224
10 19
10 20
10 21
10 22
10 23
10 24
10 25
10 26
10 27
10 30
10 33
10 43
10 55
10 56
10 57
10 63
10 64
10 72
10 76
10 82
10 105
10 119
10 123
10 124
10 143
10 157
10 200
10 205
10 208
10 219
10 232
11 19
11 20
11 21
11 22
11 23
11 24
11 26
11 27
11 29
11 36
11 43
11 45
11 47
11 49
11 51
11 66
11 83
11 87
11 88
11 95
11 100
11 101
11 115
11 120
11 126
11 136
11 137
11 138
11 146
11 162
11 183
11 204
11 207
11 218
12 19
12 20
12 21
12 24
12 25
12 26
12 28
12 29
12 30
12 33
12 34
12 36
12 37
12 39
12 40
12 42
12 43
12 46
12 55
12 60
12 62
12 66
12 77
12 78
12 96
12 100
12 108
12 123
12 125
12 129
12 135
12 136
12 148
12 149
12 169
12 172
12 190
12 191
12 200
12 205
12 214
13 19
13 21
13 22
13 23
13 24
13 25
13 26
13 27
13 29
13 30
13 31
13 33
13 34
13 35
13 37
13 40
13 41
13 42
13 45
13 46
13 57
13 58
13 61
13 64
13 68
13 69
13 75
13 81
13 82
13 85
13 89
13 92
13 96
13 98
13 99
13 102
13 103
13 107
13 113
13 123
13 126
13 130
13 131
13 132
13 139
13 143
13 149
13 150
13 159
13 172
13 175
13 185
13 186
13 190
13 196
13 198
13 201
13 212
13 216
13 223
13 225
13 226
13 228
13 233
14 19
14 20
14 21
14 22
14 23
14 25
14 26
14 27
14 28
14 29
14 30
14 34
14 35
14 37
14 38
14 41
14 44
14 45
14 46
14 47
14 48
14 50
14 52
14 54
14 55
14 56
14 57
14 58
14 60
14 66
14 67
14 68
14 69
14 75
14 77
14 78
14 84
14 88
14 90
14 92
14 97
14 103
14 106
14 111
14 116
14 117
14 118
14 120
14 125
14 128
14 130
14 132
14 135
14 136
14 149
14 154
14 156
14 161
14 164
14 166
14 173
14 177
14 181
14 184
14 192
14 201
14 203
14 213
14 214
14 215
14 218
14 231
14 238
14 239
14 245
15 19
15 20
15 21
15 22
15 26
15 27
15 28
15 29
15 32
15 34
15 35
15 37
15 39
15 45
15 49
15 50
15 55
15 56
15 57
15 59
15 64
15 70
15 72
15 85
15 89
15 97
15 105
15 109
15 114
15 120
15 121
15 123
15 125
15 128
15 141
15 149
15 154
15 162
15 165
15 173
15 174
15 188
15 198
15 213
15 229
15 233
15 235
15 243
16 21
16 22
16 24
16 25
16 27
16 31
16 35
16 48
16 49
16 70
16 73
16 87
16 91
16 99
16 122
16 129
16 153
16 154
16 184
16 187
16 209
16 242
17 19
17 20
17 21
17 22
17 23
17 26
17 27
17 28
17 30
17 33
17 34
17 36
17 39
17 48
17 50
17 52
17 53
17 65
17 69
17 91
17 103
17 106
17 114
17 120
17 127
17 130
17 137
17 143
17 144
17 148
17 160
17 161
17 162
17 164
17 172
17 214
17 222
17 227
17 236
18 19
18 20
18 21
18 22
18 23
18 24
18 26
18 28
18 30
18 32
18 33
18 35
18 36
18 39
18 44
18 47
18 48
18 49
18 50
18 52
18 54
18 55
18 60
18 61
18 71
18 72
18 79
18 81
18 84
18 87
18 93
18 107
18 109
18 114
18 119
18 132
18 134
18 138
18 139
18 146
18 158
18 159
18 167
18 175
18 180
18 183
18 184
18 189
18 195
18 197
18 204
18 209
18 222
18 227
19 20
19 21
19 22
19 23
19 24
19 25
19 26
19 27
19 28
19 29
19 30
19 31
19 32
19 35
19 36
19 37
19 38
19 39
19 40
19 41
19 42
19 43
19 45
19 46
19 47
19 49
19 51
19 52
19 55
19 60
19 64
19 65
19 69
19 72
19 75
19 81
19 83
19 84
19 89
19 95
19 97
19 103
19 104
19 107
19 108
19 112
19 116
19 117
19 121
19 123
19 126
19 132
19 136
19 138
19 146
19 152
19 160
19 165
19 170
19 171
19 176
19 177
19 183
19 186
19 193
19 195
19 198
19 201
19 207
19 208
19 211
19 216
19 217
19 220
19 221
19 231
20 21
20 22
20 23
20 24
20 25
20 26
20 27
20 28
20 29
20 30
20 31
20 32
20 33
20 37
20 39
20 42
20 43
20 44
20 47
20 49
20 51
20 52
20 53
20 54
20 55
20 58
20 60
20 65
20 66
20 68
20 71
20 73
20 75
20 76
20 77
20 80
20 81
20 83
20 85
20 87
20 93
20 94
20 95
20 96
20 97
20 98
20 100
20 101
20 115
20 117
20 122
20 124
20 125
20 131
20 134
20 137
20 139
20 141
20 144
20 145
20 146
20 155
20 158
20 159
20 160
20 166
20 172
20 174
20 177
20 191
20 193
20 194
20 199
20 202
20 209
20 211
20 215
20 216
20 218
20 224
20 228
20 229
20 230
20 231
20 237
20 241
20 246
20 247
21 22
21 23
21 24
21 25
21 26
21 27
21 28
21 29
21 31
21 32
21 33
21 35
21 36
21 38
21 39
21 40
21 41
21 42
21 43
21 44
21 45
21 46
21 48
21 49
21 52
21 55
21 56
21 57
21 63
21 65
21 67
21 70
21 74
21 78
21 79
21 83
21 85
21 86
21 88
21 89
21 93
21 97
21 101
21 103
21 105
21 112
21 117
21 120
21 126
21 127
21 128
21 129
21 132
21 135
21 136
21 141
21 144
21 145
21 148
21 156
21 162
21 163
21 165
21 166
21 167
21 169
21 171
21 176
21 181
21 186
21 192
21 196
21 199
21 200
21 210
21 214
21 216
21 226
21 230
21 233
22 23
22 24
22 25
22 26
22 27
22 28
22 29
22 30
22 31
22 32
22 33
22 34
22 35
22 36
22 37
22 38
22 39
22 40
22 42
22 45
22 47
22 50
22 53
22 54
22 55
22 56
22 57
22 59
22 63
22 64
22 66
22 69
22 70
22 71
22 73
22 76
22 77
22 79
22 82
22 84
22 95
22 99
22 102
22 103
22 105
22 106
22 109
22 110
22 111
22 123
22 136
22 138
22 141
22 156
22 157
22 158
22 160
22 163
22 168
22 169
22 171
22 179
22 180
22 183
22 184
22 191
22 197
22 199
22 200
22 204
22 211
22 215
22 218
22 220
22 221
22 223
22 234
22 237
22 240
22 241
22 246
23 24
23 25
23 26
23 27
23 30
23 31
23 32
23 34
23 35
23 37
23 38
23 39
23 41
23 44
23 45
23 47
23 51
23 52
23 53
23 55
23 59
23 60
23 61
23 62
23 66
23 68
23 69
23 70
23 81
23 82
23 86
23 89
23 93
23 94
23 102
23 105
23 106
23 109
23 111
23 112
23 117
23 118
23 126
23 128
23 130
23 133
23 135
23 138
23 140
23 142
23 143
23 144
23 148
23 150
23 154
23 163
23 175
23 181
23 184
23 188
23 195
23 196
23 202
23 209
23 213
23 220
23 228
23 239
23 245
23 248
23 249
24 25
24 26
24 28
24 29
24 31
24 32
24 33
24 34
24 35
24 38
24 39
24 40
24 42
24 44
24 45
24 48
24 49
24 53
24 57
24 60
24 62
24 65
24 75
24 76
24 78
24 79
24 84
24 87
24 91
24 93
24 95
24 97
24 99
24 106
24 109
24 116
24 121
24 123
24 137
24 141
24 147
24 152
24 154
24 166
24 171
24 178
24 180
24 182
24 187
24 189
24 196
24 212
24 215
24 222
24 228
24 229
24 231
24 234
24 239
24 240
25 26
25 27
25 28
25 29
25 30
25 31
25 32
25 33
25 35
25 36
25 37
25 38
25 39
25 41
25 45
25 46
25 48
25 50
25 51
25 52
25 53
25 57
25 63
25 65
25 66
25 67
25 69
25 70
25 71
25 73
25 75
25 76
25 80
25 85
25 86
25 88
25 92
25 94
25 97
25 100
25 105
25 107
25 117
25 118
25 121
25 127
25 128
25 132
25 134
25 135
25 137
25 148
25 151
25 157
25 159
25 161
25 167
25 168
25 170
25 173
25 174
25 183
25 184
25 189
25 190
25 191
25 199
25 222
25 223
25 236
25 237
25 244
26 27
26 28
26 29
26 31
26 32
26 33
26 36
26 37
26 38
26 39
26 41
26 42
26 44
26 46
26 48
26 49
26 51
26 53
26 54
26 61
26 62
26 68
26 70
26 71
26 76
26 80
26 81
26 88
26 89
26 90
26 92
26 101
26 104
26 106
26 107
26 113
26 117
26 121
26 123
26 145
26 147
26 155
26 157
26 166
26 167
26 168
26 180
26 182
26 184
26 187
26 196
26 211
26 224
26 225
26 233
26 237
26 238
26 241
26 249
27 28
27 30
27 31
27 32
27 34
27 35
27 37
27 40
27 41
27 43
27 44
27 45
27 46
27 47
27 48
27 49
27 53
27 56
27 57
27 59
27 60
27 61
27 65
27 75
27 76
27 77
27 86
27 88
27 92
27 96
27 102
27 107
27 110
27 111
27 112
27 115
27 116
27 120
27 123
27 128
27 139
27 145
27 153
27 154
27 156
27 160
27 165
27 168
27 173
27 176
27 183
27 187
27 192
27 194
27 196
27 203
27 209
27 213
27 220
27 228
27 233
27 236
27 249
28 29
28 32
28 34
28 36
28 37
28 40
28 41
28 44
28 46
28 47
28 49
28 50
28 51
28 52
28 53
28 54
28 55
28 57
28 58
28 59
28 60
28 63
28 67
28 68
28 71
28 72
28 73
28 76
28 78
28 79
28 81
28 85
28 87
28 88
28 91
28 105
28 109
28 111
28 117
28 122
28 125
28 128
28 129
28 132
28 133
28 134
28 135
28 136
28 146
28 147
28 152
28 153
28 164
28 185
28 186
28 194
28 213
28 218
28 226
28 228
28 240
29 30
29 31
29 33
29 35
29 39
29 40
29 44
29 45
29 47
29 48
29 50
29 51
29 54
29 57
29 58
29 59
29 60
29 62
29 66
29 68
29 69
29 72
29 75
29 79
29 81
29 82
29 83
29 85
29 86
29 93
29 95
29 98
29 99
29 100
29 106
29 109
29 114
29 120
29 121
29 125
29 135
29 138
29 139
29 141
29 145
29 147
29 173
29 179
29 186
29 188
29 195
29 196
29 197
29 205
29 211
29 213
29 219
29 220
29 221
29 231
29 241
29 242
29 243
29 248
30 31
30 33
30 34
30 36
30 37
30 39
30 42
30 43
30 44
30 47
30 48
30 49
30 56
30 61
30 62
30 63
30 68
30 73
30 77
30 80
30 84
30 85
30 92
30 100
30 111
30 112
30 113
30 114
30 121
30 126
30 128
30 142
30 145
30 168
30 190
30 193
30 195
30 198
30 214
30 224
30 235
30 241
30 242
30 246
31 32
31 33
31 34
31 35
31 36
31 37
31 38
31 40
31 41
31 42
31 44
31 46
31 50
31 51
31 53
31 55
31 58
31 59
31 63
31 66
31 70
31 71
31 72
31 73
31 76
31 82
31 83
31 85
31 86
31 87
31 90
31 93
31 96
31 110
31 111
31 114
31 115
31 116
31 117
31 119
31 120
31 123
31 131
31 132
31 137
31 138
31 140
31 141
31 143
31 147
31 152
31 153
31 156
31 165
31 171
31 177
31 180
31 181
31 191
31 208
31 209
31 215
31 218
31 221
31 231
31 235
31 246
31 247
31 248
32 34
32 35
32 38
32 41
32 43
32 44
32 52
32 54
32 61
32 70
32 74
32 75
32 78
32 80
32 81
32 87
32 88
32 100
32 104
32 105
32 108
32 112
32 115
32 122
32 146
32 157
32 161
32 189
32 190
32 194
32 210
32 223
32 238
33 34
33 37
33 38
33 40
33 41
33 45
33 58
33 59
33 60
33 62
33 64
33 73
33 79
33 82
33 89
33 90
33 102
33 110
33 112
33 115
33 116
33 118
33 119
33 120
33 125
33 132
33 133
33 138
33 139
33 140
33 150
33 159
33 168
33 171
33 175
33 182
33 190
33 191
33 198
33 204
33 210
33 229
33 230
33 238
33 241
33 244
34 36
34 38
34 42
34 50
34 60
34 62
34 67
34 69
34 71
34 74
34 79
34 99
34 102
34 106
34 110
34 111
34 113
34 134
34 136
34 139
34 140
34 141
34 142
34 147
34 153
34 154
34 155
34 164
34 170
34 184
34 204
34 207
34 219
34 221
34 236
34 244
35 37
35 38
35 41
35 45
35 49
35 50
35 57
35 58
35 61
35 62
35 64
35 66
35 68
35 72
35 77
35 78
35 80
35 82
35 83
35 85
35 86
35 87
35 97
35 101
35 104
35 107
35 109
35 115
35 120
35 122
35 123
35 125
35 129
35 136
35 144
35 145
35 146
35 149
35 150
35 152
35 163
35 164
35 166
35 167
35 182
35 184
35 190
35 191
35 195
35 197
35 203
35 207
35 209
35 210
35 212
35 215
35 231
35 235
35 236
35 240
35 245
35 246
35 247
36 38
36 40
36 42
36 43
36 46
36 48
36 49
36 58
36 59
36 62
36 64
36 67
36 76
36 77
36 81
36 82
36 85
36 91
36 93
36 94
36 97
36 98
36 99
36 101
36 105
36 108
36 115
36 118
36 126
36 131
36 134
36 135
36 136
36 138
36 143
36 149
36 151
36 159
36 163
36 164
36 169
36 179
36 180
36 182
36 194
36 207
36 210
36 211
36 213
36 218
36 242
36 245
36 248
37 38
37 40
37 43
37 44
37 54
37 62
37 63
37 67
37 74
37 77
37 80
37 86
37 101
37 103
37 110
37 111
37 119
37 123
37 135
37 142
37 146
37 147
37 149
37 159
37 170
37 172
37 178
37 181
37 188
37 200
37 203
37 215
37 228
37 230
37 237
37 240
37 244
37 249
38 39
38 40
38 42
38 44
38 45
38 47
38 48
38 49
38 50
38 51
38 52
38 58
38 59
38 63
38 64
38 65
38 69
38 70
38 74
38 75
38 76
38 82
38 84
38 87
38 91
38 93
38 94
38 95
38 96
38 97
38 98
38 99
38 100
38 101
38 102
38 106
38 107
38 115
38 116
38 117
38 126
38 130
38 131
38 137
38 138
38 140
38 143
38 161
38 165
38 168
38 172
38 177
38 178
38 180
38 186
38 204
38 206
38 217
38 219
38 220
38 223
38 239
38 244
38 247
38 249
39 42
39 48
39 50
39 51
39 53
39 61
39 62
39 64
39 65
39 72
39 73
39 84
39 86
39 89
39 96
39 97
39 105
39 114
39 116
39 125
39 131
39 133
39 134
39 138
39 142
39 147
39 149
39 152
39 157
39 162
39 168
39 169
39 198
39 201
39 205
39 207
39 220
39 224
39 225
39 243
40 41
40 42
40 43
40 49
40 53
40 54
40 63
40 66
40 70
40 72
40 74
40 76
40 79
40 87
40 92
40 100
40 103
40 105
40 111
40 120
40 131
40 133
40 140
40 146
40 147
40 150
40 154
40 170
40 171
40 176
40 181
40 196
40 206
40 216
40 222
40 224
40 239
40 248
41 43
41 50
41 54
41 55
41 57
41 59
41 62
41 63
41 64
41 66
41 68
41 74
41 76
41 80
41 82
41 83
41 84
41 90
41 95
41 96
41 99
41 101
41 104
41 107
41 109
41 110
41 124
41 129
41 130
41 132
41 134
41 141
41 147
41 149
41 166
41 169
41 173
41 182
41 185
41 191
41 199
41 210
41 213
41 214
41 220
41 233
41 236
42 43
42 44
42 46
42 48
42 56
42 61
42 63
42 68
42 70
42 71
42 73
42 74
42 78
42 80
42 84
42 87
42 88
42 90
42 100
42 103
42 104
42 108
42 109
42 110
42 115
42 122
42 126
42 127
42 142
42 159
42 167
42 168
42 174
42 176
42 180
42 184
42 189
42 190
42 192
42 197
42 203
42 210
42 211
42 225
42 228
42 231
42 234
42 235
42 239
42 246
43 44
43 46
43 47
43 51
43 54
43 57
43 67
43 71
43 77
43 78
43 80
43 85
43 88
43 134
43 160
43 161
43 163
43 166
43 175
43 192
43 197
43 200
43 209
43 213
43 214
43 223
43 224
43 249
44 46
44 47
44 51
44 54
44 58
44 61
44 68
44 70
44 71
44 73
44 74
44 85
44 86
44 102
44 118
44 162
44 165
44 166
44 174
44 181
44 190
44 191
44 193
44 197
44 198
44 240
44 245
45 46
45 47
45 53
45 54
45 55
45 60
45 62
45 69
45 72
45 86
45 92
45 93
45 100
45 103
45 108
45 111
45 119
45 142
45 146
45 154
45 177
45 201
45 208
45 213
46 47
46 49
46 50
46 52
46 54
46 62
46 66
46 67
46 69
46 80
46 88
46 93
46 95
46 100
46 110
46 122
46 128
46 137
46 151
46 170
46 176
46 214
46 217
46 238
47 48
47 51
47 54
47 56
47 64
47 65
47 67
47 70
47 77
47 79
47 85
47 86
47 91
47 92
47 95
47 101
47 105
47 106
47 108
47 113
47 121
47 130
47 139
47 142
47 144
47 145
47 147
47 152
47 166
47 178
47 186
47 187
47 216
47 232
47 233
47 239
47 245
47 248
48 52
48 53
48 58
48 59
48 61
48 72
48 74
48 92
48 98
48 110
48 116
48 118
48 125
48 129
48 184
48 185
48 186
48 194
48 236
48 241
48 244
49 55
49 58
49 60
49 65
49 67
49 71
49 73
49 78
49 84
49 97
49 98
49 102
49 114
49 117
49 137
49 140
49 146
49 151
49 159
49 180
49 186
49 211
49 212
49 232
49 247
50 52
50 57
50 58
50 59
50 66
50 82
50 83
50 88
50 110
50 111
50 118
50 159
50 162
50 174
50 192
50 206
50 208
50 210
50 211
50 216
50 222
50 231
50 236
50 242
51 53
51 58
51 61
51 63
51 64
51 65
51 69
51 72
51 74
51 85
51 90
51 91
51 92
51 94
51 104
51 118
51 133
51 134
51 143
51 152
51 153
51 158
51 168
51 169
51 173
51 184
51 202
51 206
51 218
51 219
51 228
52 53
52 56
52 57
52 60
52 61
52 78
52 81
52 83
52 88
52 90
52 94
52 96
52 99
52 106
52 120
52 121
52 124
52 127
52 147
52 155
52 161
52 162
52 178
52 182
52 188
52 192
52 193
52 201
52 203
52 214
52 217
52 221
52 230
52 238
52 247
52 249
53 54
53 56
53 58
53 65
53 66
53 67
53 73
53 76
53 78
53 81
53 108
53 110
53 112
53 113
53 119
53 126
53 133
53 147
53 153
53 156
53 157
53 158
53 163
53 168
53 175
53 214
53 219
53 222
53 230
53 241
53 243
54 56
54 67
54 75
54 76
54 79
54 80
54 83
54 84
54 86
54 88
54 92
54 96
54 98
54 108
54 112
54 128
54 129
54 133
54 139
54 140
54 148
54 150
54 157
54 166
54 171
54 189
54 192
54 208
54 227
54 233
55 67
55 68
55 75
55 80
55 90
55 93
55 94
55 104
55 111
55 112
55 114
55 116
55 118
55 128
55 130
55 136
55 141
55 143
55 148
55 155
55 165
55 177
55 192
55 194
55 201
55 203
55 207
55 209
55 232
55 233
55 235
55 243
55 245
56 77
56 89
56 91
56 97
56 98
56 112
56 118
56 124
56 127
56 132
56 142
56 163
56 164
56 165
56 169
56 170
56 178
56 205
56 217
56 222
56 232
56 241
56 243
57 59
57 63
57 64
57 65
57 68
57 69
57 71
57 75
57 79
57 83
57 91
57 94
57 103
57 112
57 113
57 114
57 119
57 122
57 125
57 128
57 131
57 134
57 142
57 148
57 151
57 159
57 161
57 181
57 193
57 197
57 198
57 203
57 210
57 241
57 249
58 62
58 65
58 69
58 73
58 82
58 85
58 86
58 91
58 94
58 100
58 106
58 107
58 109
58 112
58 124
58 127
58 134
58 136
58 138
58 144
58 151
58 153
58 171
58 176
58 178
58 185
58 189
58 196
58 198
58 199
58 200
58 208
58 209
58 212
58 225
58 238
58 242
58 246
59 60
59 65
59 68
59 71
59 77
59 88
59 91
59 102
59 104
59 120
59 121
59 124
59 129
59 142
59 171
59 174
59 177
59 192
59 230
60 61
60 64
60 75
60 80
60 88
60 89
60 91
60 95
60 96
60 107
60 110
60 119
60 129
60 156
60 164
60 170
60 178
60 180
60 181
60 193
60 225
60 235
60 236
61 63
61 64
61 74
61 77
61 89
61 94
61 104
61 108
61 111
61 119
61 126
61 127
61 129
61 133
61 155
61 158
61 169
61 170
61 178
61 180
61 188
61 191
61 199
61 202
61 203
61 205
61 212
61 243
62 65
62 84
62 98
62 103
62 146
62 155
62 157
62 169
62 173
62 186
62 187
62 188
62 190
62 210
62 223
62 232
62 245
63 68
63 69
63 80
63 82
63 92
63 109
63 112
63 113
63 114
63 116
63 124
63 128
63 145
63 170
63 181
63 185
63 194
63 195
63 201
63 212
63 217
63 219
63 224
63 227
63 243
63 247
64 68
64 70
64 73
64 76
64 86
64 87
64 95
64 112
64 129
64 134
64 135
64 150
64 151
64 155
64 160
64 171
64 175
64 176
64 182
64 193
64 201
64 207
64 213
64 229
64 234
65 70
65 81
65 84
65 90
65 95
65 102
65 104
65 106
65 107
65 110
65 123
65 134
65 135
65 137
65 140
65 141
65 149
65 158
65 175
65 189
65 192
65 202
65 212
65 216
66 78
66 80
66 91
66 92
66 101
66 104
66 133
66 144
66 152
66 188
66 220
66 232
66 245
67 69
67 79
67 81
67 92
67 93
67 99
67 101
67 110
67 115
67 116
67 123
67 125
67 129
67 132
67 133
67 139
67 160
67 168
67 175
67 176
67 195
67 204
67 206
67 224
67 229
68 77
68 79
68 86
68 89
68 102
68 106
68 108
68 118
68 133
68 149
68 150
68 153
68 154
68 156
68 159
68 186
68 219
68 224
68 226
68 231
68 232
68 233
69 82
69 89
69 102
69 103
69 105
69 108
69 130
69 137
69 143
69 145
69 151
69 154
69 157
69 158
69 175
69 178
69 201
69 205
69 210
69 213
69 220
69 226
69 240
69 241
70 74
70 75
70 79
70 83
70 88
70 99
70 101
70 104
70 120
70 123
70 131
70 144
70 153
70 155
70 157
70 161
70 167
70 169
70 182
70 196
70 199
70 206
70 221
70 229
70 245
70 246
71 74
71 79
71 83
71 84
71 93
71 94
71 96
71 98
71 99
71 126
71 128
71 129
71 130
71 150
71 165
71 170
71 178
71 179
71 184
71 188
71 190
71 196
71 198
71 216
71 217
71 218
71 222
71 236
71 237
71 243
72 85
72 90
72 94
72 98
72 105
72 132
72 152
72 154
72 155
72 179
72 181
72 182
72 188
72 206
72 209
72 218
72 222
72 249
73 74
73 90
73 94
73 130
73 140
73 142
73 144
73 176
73 238
74 77
74 78
74 81
74 98
74 112
74 119
74 127
74 133
74 135
74 177
74 187
74 198
74 208
74 212
74 215
74 235
74 247
75 97
75 124
75 141
75 165
75 183
75 215
75 231
76 87
76 95
76 111
76 115
76 122
76 150
76 152
76 164
76 174
76 179
76 181
76 190
76 194
76 195
76 196
76 202
77 78
77 87
77 92
77 103
77 107
77 116
77 127
77 130
77 131
77 149
77 151
77 163
77 171
77 198
77 242
78 83
78 87
78 89
78 99
78 103
78 143
78 144
78 149
78 150
78 168
78 183
78 192
78 196
78 208
78 224
78 234
79 86
79 93
79 108
79 114
79 118
79 142
79 144
79 145
79 156
79 158
79 171
79 205
79 219
79 223
79 225
79 227
79 230
79 232
79 242
79 243
79 246
80 83
80 84
80 89
80 96
80 97
80 102
80 116
80 117
80 121
80 127
80 152
80 158
80 172
80 177
80 192
80 194
80 206
80 219
80 225
81 85
81 109
81 113
81 116
81 119
81 122
81 124
81 131
81 134
81 135
81 139
81 146
81 156
81 169
81 171
81 172
81 190
81 203
81 221
82 90
82 93
82 95
82 97
82 103
82 109
82 122
82 134
82 135
82 141
82 156
82 164
82 165
82 179
82 180
82 188
82 197
82 202
82 207
82 210
82 234
83 86
83 96
83 98
83 101
83 113
83 137
83 139
83 140
83 142
83 175
83 187
83 243
84 90
84 97
84 98
84 104
84 107
84 110
84 130
84 131
84 137
84 139
84 145
84 151
84 172
84 175
84 181
84 185
84 205
84 215
84 216
84 220
84 229
84 249
85 92
85 94
85 96
85 99
85 103
85 113
85 114
85 125
85 140
85 151
85 172
85 173
85 195
85 208
85 245
86 91
86 96
86 101
86 131
86 150
86 188
86 189
86 192
86 244
87 109
87 120
87 121
87 138
87 140
87 142
87 144
87 151
87 187
87 200
87 202
87 203
87 221
87 248
88 91
88 96
88 122
88 138
88 143
88 166
88 171
88 174
88 187
88 188
88 191
88 201
88 205
88 211
88 217
88 224
89 99
89 100
89 101
89 115
89 132
89 134
89 147
89 158
89 163
89 167
89 171
89 178
89 197
89 199
89 219
90 91
90 102
90 123
90 142
90 146
90 159
90 161
90 236
91 100
91 102
91 104
91 107
91 117
91 136
91 164
91 171
91 178
91 179
91 186
91 189
91 203
91 212
91 217
91 220
91 240
92 95
92 100
92 105
92 109
92 127
92 132
92 147
92 148
92 149
92 152
92 161
92 163
92 167
92 169
92 188
92 216
92 218
92 228
93 98
93 102
93 111
93 121
93 126
93 138
93 139
93 144
93 147
93 158
93 165
93 180
93 185
93 204
93 206
93 216
93 220
93 231
93 239
94 108
94 113
94 146
94 148
94 153
94 170
94 181
94 192
94 198
94 202
94 214
94 223
94 225
94 231
94 240
95 98
95 104
95 106
95 107
95 124
95 134
95 139
95 141
95 145
95 158
95 166
95 177
95 191
95 226
96 109
96 112
96 115
96 119
96 155
96 156
96 163
96 178
96 189
96 193
96 200
96 206
96 207
96 234
96 242
97 107
97 114
97 119
97 121
97 138
97 166
97 168
97 184
97 185
97 213
97 217
97 227
97 230
97 245
98 99
98 105
98 141
98 158
98 202
98 208
98 228
98 241
99 105
99 127
99 137
99 145
99 164
99 178
99 199
99 200
99 203
99 212
99 217
99 227
100 110
100 115
100 133
100 135
100 136
100 148
100 158
100 167
100 174
100 175
100 205
100 215
100 223
100 227
100 230
100 232
100 236
101 103
101 105
101 108
101 111
101 122
101 124
101 138
101 143
101 189
101 225
101 240
102 115
102 116
102 160
102 198
102 201
102 209
102 226
102 234
103 104
103 108
103 116
103 120
103 128
103 146
103 149
103 161
103 162
103 167
103 174
103 178
103 182
103 183
103 199
103 202
103 209
103 239
104 121
104 125
104 127
104 133
104 164
104 183
104 188
104 191
104 202
105 116
105 125
105 126
105 127
105 148
105 155
105 172
105 176
105 180
105 187
105 188
105 190
105 211
105 219
105 226
105 230
105 240
106 122
106 126
106 183
106 206
106 222
106 225
106 228
106 247
106 248
107 110
107 118
107 126
107 135
107 146
107 153
107 175
107 176
107 195
107 198
107 206
107 208
107 212
107 236
107 245
108 115
108 118
108 124
108 125
108 167
108 169
108 185
108 200
108 208
108 229
109 113
109 119
109 124
109 195
109 210
110 113
110 148
110 181
110 195
110 196
110 209
110 214
111 133
111 136
111 151
111 152
111 165
111 174
111 183
111 187
111 204
111 225
111 231
111 233
111 234
111 239
112 113
112 117
112 118
112 121
112 122
112 128
112 153
112 164
112 174
112 186
112 219
112 221
113 114
113 115
113 136
113 162
113 179
113 182
113 203
113 207
113 215
113 234
113 242
113 248
114 125
114 127
114 136
114 158
114 171
114 172
114 177
114 201
114 226
114 229
115 117
115 120
115 138
115 143
115 153
115 189
115 226
116 122
116 146
116 156
116 182
116 184
116 189
116 207
116 217
116 231
117 119
117 121
117 125
117 126
117 129
117 130
117 133
117 147
117 155
117 156
117 162
117 173
117 179
117 183
117 189
117 190
117 192
117 208
117 211
117 212
117 215
117 219
117 221
117 223
117 235
117 244
118 123
118 143
118 154
118 184
118 185
118 195
118 201
118 215
118 217
118 225
119 128
119 139
119 140
119 156
119 167
119 235
119 241
119 242
120 129
120 160
120 162
120 246
121 127
121 142
121 145
121 155
121 162
121 224
121 226
121 229
121 230
121 244
121 245
122 124
122 129
122 156
122 178
122 187
122 196
122 210
122 222
122 242
123 133
123 151
123 162
123 167
123 194
123 203
123 220
123 243
124 132
124 137
124 140
124 148
124 149
124 150
124 152
124 155
124 193
124 208
125 139
125 193
125 197
125 198
125 211
125 217
125 230
125 240
125 242
126 155
126 156
126 162
126 177
126 184
126 202
126 204
126 220
126 239
126 248
127 143
127 174
127 185
127 239
127 241
127 244
128 130
128 136
128 140
128 144
128 165
128 170
128 173
128 191
128 193
128 196
128 197
128 206
129 164
129 167
129 186
129 198
129 213
129 223
129 228
130 148
130 205
130 229
131 141
131 144
131 150
131 159
131 191
132 140
132 157
132 159
132 161
132 174
132 184
132 243
133 139
133 150
133 157
133 163
133 176
133 182
133 230
133 239
133 246
134 153
134 166
134 169
134 172
134 187
134 189
134 194
134 195
134 203
134 215
134 248
135 150
135 159
135 170
135 173
135 208
135 210
135 225
135 247
136 140
136 168
136 217
136 232
137 143
137 148
137 174
137 177
137 187
137 241
137 242
138 199
138 238
138 248
139 151
139 159
139 177
139 187
139 202
139 210
139 212
140 144
140 158
140 172
140 173
140 175
140 191
140 196
140 197
140 202
140 219
140 222
140 229
140 240
140 243
141 145
141 147
141 151
141 154
141 160
141 179
141 180
141 182
141 233
142 148
143 157
143 161
143 169
143 237
143 238
144 176
144 186
144 199
144 213
145 151
145 157
145 158
145 160
145 172
145 199
146 157
146 167
147 185
147 194
148 161
148 166
148 168
148 175
148 179
148 206
148 211
148 231
148 232
148 240
148 246
149 152
149 154
149 180
149 182
149 228
149 236
149 238
150 161
150 195
150 226
150 232
150 233
150 237
151 188
152 160
152 163
152 235
152 237
152 246
153 164
153 166
153 180
153 227
154 226
155 224
155 242
156 160
156 178
156 241
157 185
157 191
157 232
157 247
158 161
158 162
158 164
158 179
158 193
158 194
158 200
158 216
158 228
158 230
158 238
159 160
159 167
159 179
159 185
159 201
159 204
159 216
159 223
159 226
159 245
160 162
160 167
160 172
160 179
160 194
160 207
160 222
160 235
161 173
161 176
161 188
162 163
162 173
162 218
162 234
162 237
162 249
163 170
163 204
163 209
163 211
163 236
163 239
164 168
164 190
164 205
164 218
164 219
164 233
165 169
165 170
165 181
165 185
165 230
166 174
166 176
166 192
166 199
166 223
166 246
167 204
167 223
168 175
168 210
168 216
168 236
168 244
168 249
169 186
169 198
169 227
170 197
170 227
171 179
171 183
171 186
171 191
171 195
171 212
171 235
171 240
172 205
172 212
172 221
172 226
173 203
173 220
173 228
174 176
174 203
174 207
174 224
176 177
176 180
176 183
176 187
176 197
176 201
176 247
177 194
177 197
177 200
178 183
178 218
178 238
179 186
179 208
179 213
179 216
179 222
179 243
180 193
180 206
180 237
180 244
181 183
181 187
182 214
182 231
182 233
182 244
183 185
183 222
183 234
183 239
184 229
185 212
185 235
186 189
186 218
186 236
187 195
187 239
188 246
189 193
189 220
190 202
190 204
191 200
191 201
191 217
191 237
191 244
192 211
192 222
192 226
193 214
193 215
193 219
194 240
196 197
196 206
196 238
196 249
197 206
197 209
197 239
197 243
198 205
198 215
198 234
198 238
199 200
199 240
200 207
200 229
201 207
201 217
201 219
201 222
201 246
202 204
202 225
203 204
203 217
203 224
203 236
203 237
204 221
205 207
205 210
205 212
206 207
206 211
206 213
206 216
206 237
207 227
208 214
208 237
209 227
209 246
210 221
210 227
210 232
210 244
211 233
212 235
213 215
213 223
213 234
213 240
214 218
214 228
214 231
214 232
215 225
215 226
216 232
216 248
218 234
218 245
218 248
219 227
219 237
220 235
221 227
222 224
222 226
222 233
223 242
225 238
225 247
226 247
227 249
230 244
230 249
231 239
234 247
234 248
235 242
235 245
237 243
237 249
238 241
242 249
243 247
246 247
