0 1
0 2
0 3
0 4
0 5
0 6
0 7
0 8
0 9
0 10
0 11
0 12
0 13
0 14
0 15
0 16
0 17
0 18
0 19
0 20
0 21
0 22
0 23
0 24
0 25
0 26
0 27
0 28
0 30
0 31
0 33
0 34
0 35
0 36
0 37
0 38
0 40
0 42
0 43
0 44
0 45
0 48
0 49
0 50
0 52
0 55
0 56
0 59
0 63
0 69
0 70
0 72
0 74
0 76
0 79
0 80
0 82
0 85
0 87
0 90
0 93
0 96
0 97
0 98
0 99
0 105
0 106
0 109
0 113
0 114
0 116
0 120
0 121
0 122
0 124
0 125
0 130
0 131
0 135
0 140
0 143
0 144
0 146
0 147
0 153
0 154
0 158
0 160
0 169
0 174
0 177
0 182
0 187
0 189
0 190
0 196
0 199
0 204
0 205
0 211
0 212
0 214
0 217
0 220
0 221
0 222
0 227
0 236
0 239
0 245
0 249
1 19
1 20
1 21
1 22
1 23
1 24
1 25
1 27
1 28
1 29
1 31
1 32
1 33
1 35
1 39
1 42
1 50
1 55
1 56
1 70
1 71
1 76
1 85
1 104
1 113
1 116
1 117
1 120
1 124
1 133
1 150
1 152
1 156
1 157
1 159
1 162
1 195
1 201
1 203
1 206
1 209
1 214
1 216
1 219
1 229
1 240
2 19
2 21
2 32
2 35
2 42
2 43
2 49
2 53
2 55
2 59
2 71
2 83
2 88
2 89
2 97
2 99
2 107
2 116
2 117
2 121
2 128
2 132
2 140
2 152
2 153
2 157
2 163
2 169
2 181
2 184
2 189
2 192
2 206
2 221
2 227
2 245
3 19
3 20
3 21
3 22
3 23
3 24
3 25
3 26
3 27
3 28
3 29
3 30
3 33
3 35
3 42
3 43
3 46
3 47
3 50
3 53
3 57
3 60
3 61
3 62
3 63
3 76
3 87
3 93
3 104
3 115
3 118
3 122
3 123
3 127
3 131
3 134
3 155
3 158
3 174
3 176
3 207
3 208
3 209
3 213
3 216
3 217
3 242
3 246
3 249
4 20
4 21
4 22
4 23
4 24
4 25
4 28
4 29
4 30
4 31
4 32
4 33
4 36
4 40
4 42
4 45
4 47
4 57
4 61
4 62
4 79
4 90
4 99
4 103
4 108
4 115
4 125
4 142
4 143
4 147
4 151
4 153
4 175
4 188
4 200
4 205
4 215
4 216
4 232
5 19
5 20
5 21
5 22
5 23
5 24
5 27
5 28
5 30
5 31
5 32
5 35
5 40
5 41
5 42
5 45
5 60
5 73
5 86
5 88
5 89
5 94
5 97
5 103
5 116
5 120
5 122
5 124
5 136
5 144
5 148
5 157
5 165
5 172
5 187
5 228
5 230
5 238
6 19
6 20
6 21
6 22
6 23
6 24
6 25
6 26
6 27
6 28
6 29
6 32
6 35
6 36
6 38
6 39
6 43
6 46
6 47
6 51
6 52
6 53
6 57
6 64
6 65
6 66
6 77
6 78
6 80
6 85
6 103
6 113
6 115
6 119
6 149
6 157
6 165
6 170
6 173
6 189
6 202
6 212
6 215
6 216
6 227
6 235
6 240
6 243
6 248
7 19
7 21
7 23
7 25
7 26
7 29
7 35
7 37
7 39
7 40
7 44
7 46
7 47
7 50
7 51
7 54
7 55
7 59
7 68
7 70
7 71
7 72
7 83
7 84
7 86
7 96
7 97
7 106
7 108
7 114
7 117
7 119
7 123
7 129
7 131
7 136
7 139
7 146
7 152
7 153
7 155
7 156
7 157
7 168
7 188
7 189
7 196
7 197
7 199
7 203
7 212
7 214
7 221
7 226
7 240
7 245
8 19
8 20
8 21
8 22
8 23
8 24
8 25
8 26
8 27
8 29
8 30
8 31
8 34
8 35
8 44
8 45
8 53
8 54
8 56
8 62
8 68
8 71
8 81
8 85
8 100
8 114
8 120
8 124
8 126
8 129
8 131
8 166
8 170
8 179
8 190
8 191
8 198
8 210
8 214
9 19
9 20
9 21
9 24
9 26
9 27
9 35
9 43
9 45
9 56
9 66
9 71
9 81
9 83
9 93
9 111
9 143
9 154
9 163
9 203
9 204
9 226
9 242
9 245
9 249
10 19
10 20
10 23
10 112
10 139
10 156
10 229
11 19
11 20
11 21
11 22
11 25
11 27
11 28
11 32
11 34
11 37
11 43
11 45
11 65
11 80
11 83
11 85
11 94
11 99
11 102
11 116
11 121
11 124
11 125
11 132
11 136
11 139
11 149
11 159
11 164
11 172
11 173
11 174
11 177
11 185
11 208
11 210
11 211
11 213
11 223
11 225
11 229
11 243
11 245
11 248
12 19
12 20
12 21
12 22
12 23
12 24
12 25
12 26
12 27
12 28
12 29
12 30
12 32
12 33
12 34
12 36
12 37
12 38
12 39
12 40
12 44
12 46
12 48
12 49
12 50
12 52
12 58
12 63
12 65
12 66
12 67
12 71
12 80
12 81
12 88
12 91
12 97
12 98
12 107
12 108
12 111
12 114
12 119
12 122
12 134
12 136
12 143
12 148
12 156
12 167
12 176
12 177
12 186
12 202
12 204
12 207
12 218
12 221
12 226
12 227
12 234
12 240
13 19
13 20
13 21
13 22
13 23
13 24
13 25
13 26
13 27
13 28
13 30
13 31
13 32
13 33
13 35
13 36
13 39
13 40
13 42
13 44
13 49
13 51
13 52
13 60
13 63
13 64
13 76
13 81
13 84
13 87
13 91
13 94
13 137
13 159
13 160
13 161
13 162
13 168
13 178
13 185
13 199
13 215
14 19
14 20
14 21
14 22
14 23
14 24
14 25
14 26
14 30
14 31
14 32
14 34
14 36
14 38
14 42
14 43
14 51
14 53
14 54
14 60
14 77
14 90
14 110
14 113
14 124
14 135
14 138
14 148
14 149
14 178
14 181
14 186
14 198
14 210
14 230
14 233
15 19
15 20
15 22
15 33
15 34
15 37
15 38
15 40
15 41
15 49
15 60
15 61
15 80
15 90
15 91
15 95
15 102
15 109
15 112
15 143
15 151
15 191
15 194
15 215
15 217
15 223
15 232
16 19
16 20
16 21
16 22
16 24
16 27
16 28
16 29
16 31
16 34
16 35
16 37
16 41
16 42
16 46
16 49
16 56
16 58
16 60
16 65
16 66
16 71
16 75
16 77
16 83
16 90
16 92
16 114
16 121
16 128
16 138
16 144
16 156
16 164
16 171
16 222
16 236
16 243
16 244
17 19
17 20
17 21
17 22
17 23
17 25
17 26
17 32
17 33
17 34
17 37
17 42
17 44
17 47
17 54
17 57
17 58
17 59
17 60
17 62
17 66
17 70
17 72
17 92
17 100
17 110
17 123
17 139
17 175
17 184
17 197
17 207
17 210
17 212
17 225
17 241
17 244
18 19
18 20
18 22
18 23
18 24
18 26
18 27
18 29
18 30
18 33
18 34
18 38
18 41
18 43
18 53
18 58
18 64
18 66
18 67
18 73
18 74
18 97
18 107
18 115
18 122
18 123
18 128
18 133
18 152
18 153
18 157
18 163
18 170
18 176
18 178
18 184
18 191
18 211
18 235
18 242
19 20
19 21
19 22
19 23
19 24
19 25
19 26
19 27
19 28
19 29
19 30
19 31
19 32
19 37
19 38
19 39
19 40
19 41
19 42
19 44
19 45
19 46
19 47
19 49
19 50
19 53
19 56
19 58
19 59
19 61
19 62
19 63
19 64
19 66
19 70
19 72
19 73
19 74
19 75
19 77
19 84
19 85
19 89
19 95
19 96
19 100
19 101
19 104
19 107
19 109
19 110
19 115
19 118
19 119
19 122
19 128
19 130
19 134
19 139
19 142
19 147
19 149
19 151
19 152
19 153
19 160
19 163
19 166
19 173
19 176
19 177
19 182
19 183
19 190
19 192
19 193
19 194
19 197
19 198
19 199
19 204
19 206
19 210
19 212
19 216
19 227
19 228
19 239
19 243
19 249
20 21
20 22
20 23
20 24
20 25
20 26
20 27
20 28
20 29
20 30
20 31
20 32
20 33
20 34
20 36
20 37
20 38
20 39
20 41
20 43
20 44
20 45
20 48
20 49
20 50
20 53
20 54
20 55
20 58
20 59
20 61
20 62
20 65
20 66
20 69
20 73
20 75
20 79
20 81
20 82
20 84
20 85
20 86
20 88
20 90
20 93
20 95
20 97
20 99
20 101
20 103
20 107
20 109
20 110
20 112
20 113
20 116
20 117
20 118
20 126
20 131
20 135
20 137
20 140
20 148
20 150
20 153
20 165
20 166
20 167
20 171
20 173
20 175
20 176
20 178
20 184
20 194
20 199
20 200
20 211
20 217
20 218
20 219
20 221
20 224
20 226
20 227
20 231
20 232
20 235
20 237
20 244
20 248
21 22
21 23
21 24
21 25
21 26
21 27
21 28
21 29
21 30
21 33
21 34
21 35
21 37
21 39
21 40
21 41
21 43
21 44
21 45
21 46
21 49
21 52
21 54
21 55
21 59
21 63
21 67
21 70
21 73
21 75
21 77
21 79
21 84
21 85
21 86
21 93
21 95
21 96
21 98
21 101
21 106
21 110
21 116
21 124
21 126
21 129
21 134
21 137
21 141
21 143
21 147
21 150
21 152
21 153
21 159
21 161
21 162
21 164
21 171
21 172
21 177
21 181
21 183
21 186
21 187
21 202
21 205
21 206
21 210
21 217
21 220
21 222
21 224
21 238
21 247
21 248
22 23
22 24
22 25
22 26
22 27
22 28
22 29
22 30
22 31
22 33
22 34
22 35
22 36
22 38
22 41
22 42
22 44
22 46
22 47
22 48
22 52
22 53
22 54
22 55
22 56
22 60
22 62
22 68
22 69
22 71
22 72
22 74
22 79
22 80
22 81
22 82
22 83
22 84
22 85
22 87
22 91
22 93
22 94
22 95
22 97
22 99
22 100
22 103
22 114
22 119
22 122
22 128
22 134
22 135
22 136
22 149
22 153
22 157
22 158
22 162
22 163
22 167
22 171
22 173
22 178
22 181
22 187
22 189
22 191
22 198
22 200
22 203
22 217
22 225
22 233
22 237
22 247
23 24
23 25
23 26
23 28
23 29
23 30
23 31
23 32
23 33
23 36
23 39
23 40
23 41
23 42
23 43
23 44
23 45
23 47
23 54
23 56
23 57
23 58
23 59
23 63
23 65
23 70
23 75
23 76
23 77
23 78
23 79
23 83
23 84
23 86
23 87
23 89
23 91
23 96
23 97
23 111
23 112
23 114
23 118
23 119
23 121
23 122
23 125
23 127
23 128
23 131
23 135
23 139
23 147
23 148
23 149
23 150
23 151
23 153
23 154
23 160
23 169
23 170
23 174
23 175
23 181
23 185
23 189
23 191
23 193
23 202
23 208
23 209
23 210
23 211
23 213
23 214
23 216
23 219
23 222
23 229
23 231
23 238
23 240
23 243
24 25
24 26
24 27
24 28
24 29
24 30
24 31
24 32
24 33
24 34
24 36
24 37
24 38
24 39
24 41
24 43
24 44
24 45
24 48
24 50
24 51
24 52
24 53
24 57
24 58
24 59
24 60
24 61
24 63
24 64
24 67
24 68
24 69
24 71
24 75
24 76
24 77
24 80
24 81
24 87
24 100
24 102
24 104
24 106
24 108
24 112
24 117
24 121
24 125
24 127
24 130
24 141
24 145
24 152
24 154
24 157
24 159
24 160
24 168
24 176
24 179
24 180
24 182
24 183
24 186
24 193
24 219
24 222
24 224
24 227
24 229
25 26
25 28
25 29
25 32
25 34
25 35
25 36
25 37
25 40
25 41
25 42
25 47
25 48
25 51
25 52
25 57
25 58
25 59
25 60
25 61
25 64
25 67
25 72
25 75
25 76
25 77
25 81
25 84
25 86
25 87
25 89
25 92
25 93
25 95
25 102
25 111
25 115
25 116
25 133
25 144
25 153
25 154
25 155
25 162
25 167
25 169
25 177
25 182
25 185
25 190
25 193
25 196
25 202
25 208
25 211
25 214
25 218
25 221
25 228
25 230
25 233
25 234
25 235
25 236
25 239
25 243
26 27
26 29
26 30
26 31
26 33
26 35
26 40
26 46
26 48
26 51
26 55
26 58
26 62
26 65
26 74
26 78
26 83
26 84
26 85
26 96
26 110
26 111
26 112
26 113
26 114
26 116
26 117
26 123
26 128
26 135
26 137
26 140
26 144
26 145
26 150
26 160
26 165
26 170
26 172
26 173
26 182
26 183
26 187
26 197
26 221
26 222
26 224
26 226
26 232
26 240
27 28
27 31
27 35
27 36
27 37
27 39
27 41
27 42
27 43
27 46
27 48
27 49
27 50
27 52
27 58
27 59
27 61
27 62
27 63
27 64
27 66
27 71
27 73
27 78
27 88
27 91
27 95
27 97
27 98
27 99
27 100
27 109
27 111
27 112
27 120
27 125
27 126
27 132
27 142
27 144
27 148
27 151
27 154
27 159
27 163
27 165
27 171
27 180
27 182
27 185
27 189
27 192
27 200
27 206
27 214
27 217
27 232
27 240
28 29
28 30
28 31
28 32
28 33
28 34
28 38
28 42
28 43
28 45
28 47
28 48
28 50
28 54
28 55
28 57
28 58
28 61
28 65
28 72
28 73
28 74
28 76
28 78
28 79
28 82
28 83
28 87
28 90
28 91
28 93
28 101
28 103
28 104
28 109
28 125
28 131
28 146
28 153
28 154
28 163
28 168
28 170
28 184
28 185
28 200
28 207
28 211
28 220
28 241
28 248
29 30
29 31
29 34
29 35
29 36
29 37
29 38
29 39
29 46
29 47
29 48
29 50
29 51
29 52
29 54
29 57
29 59
29 61
29 65
29 68
29 69
29 75
29 78
29 81
29 86
29 91
29 92
29 95
29 101
29 106
29 107
29 111
29 117
29 121
29 123
29 127
29 130
29 133
29 136
29 138
29 141
29 142
29 150
29 151
29 155
29 162
29 167
29 169
29 173
29 180
29 188
29 194
29 196
29 199
29 201
29 202
29 203
29 213
29 217
29 221
29 228
29 230
29 231
29 246
29 249
30 31
30 32
30 33
30 34
30 36
30 38
30 39
30 43
30 45
30 47
30 53
30 55
30 59
30 61
30 63
30 67
30 68
30 70
30 72
30 78
30 81
30 85
30 86
30 87
30 88
30 93
30 96
30 98
30 105
30 106
30 110
30 111
30 115
30 116
30 117
30 120
30 121
30 125
30 133
30 135
30 138
30 143
30 145
30 147
30 149
30 154
30 156
30 157
30 159
30 160
30 161
30 164
30 165
30 173
30 176
30 179
30 185
30 198
30 202
30 203
30 217
30 219
30 239
30 246
30 247
31 32
31 33
31 36
31 38
31 39
31 40
31 41
31 46
31 47
31 48
31 49
31 53
31 54
31 56
31 60
31 62
31 66
31 68
31 69
31 70
31 71
31 72
31 75
31 76
31 79
31 80
31 83
31 84
31 85
31 86
31 91
31 93
31 104
31 107
31 108
31 109
31 112
31 116
31 118
31 127
31 136
31 137
31 142
31 143
31 145
31 150
31 153
31 157
31 162
31 163
31 168
31 170
31 179
31 190
31 192
31 201
31 212
31 213
31 214
31 216
31 222
31 225
31 234
31 235
32 34
32 36
32 37
32 38
32 41
32 44
32 51
32 56
32 70
32 74
32 80
32 82
32 90
32 98
32 103
32 104
32 116
32 117
32 121
32 124
32 132
32 143
32 156
32 168
32 171
32 173
32 183
32 186
32 191
32 194
32 198
32 220
32 240
32 247
32 248
33 36
33 37
33 38
33 39
33 40
33 41
33 42
33 44
33 45
33 46
33 48
33 49
33 51
33 52
33 54
33 58
33 59
33 63
33 66
33 70
33 72
33 73
33 75
33 77
33 82
33 86
33 91
33 96
33 97
33 99
33 100
33 105
33 106
33 108
33 111
33 112
33 115
33 129
33 131
33 134
33 135
33 142
33 143
33 144
33 152
33 164
33 169
33 179
33 180
33 197
33 206
33 208
33 211
33 215
33 221
33 226
33 239
33 240
33 248
34 35
34 37
34 40
34 43
34 44
34 46
34 48
34 49
34 50
34 52
34 54
34 57
34 59
34 63
34 64
34 66
34 68
34 69
34 72
34 73
34 87
34 95
34 102
34 104
34 105
34 108
34 112
34 122
34 133
34 134
34 136
34 140
34 155
34 156
34 158
34 161
34 164
34 187
34 189
34 192
34 195
34 197
34 205
34 206
34 220
34 231
34 236
35 36
35 38
35 40
35 41
35 45
35 48
35 49
35 50
35 51
35 52
35 53
35 56
35 59
35 60
35 69
35 72
35 80
35 87
35 89
35 102
35 107
35 108
35 109
35 116
35 126
35 130
35 135
35 137
35 147
35 164
35 177
35 183
35 185
35 187
35 190
35 193
35 203
35 228
35 232
35 236
35 243
35 244
36 37
36 38
36 39
36 47
36 51
36 53
36 55
36 56
36 57
36 59
36 60
36 61
36 62
36 71
36 73
36 79
36 81
36 83
36 87
36 91
36 96
36 101
36 103
36 105
36 108
36 109
36 113
36 117
36 127
36 129
36 135
36 148
36 150
36 152
36 157
36 163
36 167
36 169
36 174
36 176
36 184
36 190
36 195
36 202
36 211
36 224
36 233
36 234
36 235
36 237
36 239
36 242
37 39
37 40
37 41
37 45
37 46
37 51
37 54
37 61
37 63
37 67
37 73
37 74
37 77
37 82
37 92
37 93
37 94
37 97
37 99
37 100
37 111
37 113
37 114
37 117
37 121
37 135
37 136
37 142
37 145
37 151
37 165
37 168
37 171
37 177
37 194
37 198
37 200
37 216
37 223
37 224
37 228
37 232
37 237
37 239
37 249
38 39
38 40
38 43
38 44
38 45
38 47
38 49
38 50
38 53
38 55
38 56
38 60
38 64
38 65
38 73
38 74
38 77
38 79
38 80
38 82
38 83
38 85
38 87
38 94
38 95
38 96
38 103
38 105
38 106
38 110
38 111
38 119
38 121
38 128
38 132
38 135
38 143
38 148
38 151
38 181
38 182
38 184
38 194
38 201
38 212
38 213
38 217
38 219
38 224
38 225
38 227
38 228
38 235
38 238
38 246
38 247
39 41
39 43
39 44
39 46
39 49
39 51
39 52
39 54
39 58
39 61
39 67
39 68
39 70
39 71
39 81
39 92
39 100
39 102
39 107
39 108
39 110
39 112
39 113
39 118
39 120
39 121
39 125
39 128
39 131
39 149
39 156
39 158
39 166
39 170
39 187
39 192
39 200
39 203
39 215
39 218
39 219
39 223
39 241
39 242
40 42
40 50
40 56
40 60
40 64
40 68
40 89
40 92
40 94
40 98
40 101
40 104
40 107
40 110
40 111
40 113
40 139
40 144
40 149
40 154
40 158
40 161
40 162
40 169
40 172
40 178
40 196
40 205
40 206
40 215
40 219
40 220
40 225
40 233
40 235
40 239
40 240
41 46
41 52
41 61
41 63
41 69
41 71
41 74
41 75
41 78
41 80
41 91
41 98
41 106
41 130
41 133
41 141
41 145
41 156
41 172
41 181
41 182
41 186
41 189
41 202
41 209
41 211
41 212
41 213
41 219
41 227
41 234
42 56
42 61
42 62
42 71
42 76
42 79
42 92
42 94
42 111
42 131
42 133
42 145
42 149
42 184
42 188
42 195
42 229
42 236
42 248
43 44
43 46
43 47
43 48
43 50
43 52
43 53
43 56
43 65
43 66
43 68
43 76
43 77
43 78
43 79
43 80
43 81
43 93
43 94
43 100
43 102
43 105
43 123
43 136
43 139
43 141
43 145
43 148
43 157
43 174
43 202
43 205
43 209
43 220
43 226
43 238
43 242
44 45
44 47
44 48
44 50
44 51
44 56
44 58
44 64
44 69
44 71
44 72
44 88
44 89
44 95
44 98
44 109
44 110
44 130
44 134
44 166
44 167
44 171
44 190
44 194
44 195
44 202
44 204
44 210
44 211
44 220
44 229
44 245
45 49
45 50
45 55
45 57
45 58
45 59
45 64
45 67
45 71
45 73
45 75
45 76
45 90
45 94
45 114
45 124
45 158
45 165
45 167
45 174
45 175
45 176
45 180
45 182
45 195
45 196
45 198
45 200
45 202
45 232
45 237
45 248
46 47
46 48
46 51
46 54
46 55
46 57
46 60
46 61
46 62
46 67
46 68
46 70
46 78
46 82
46 83
46 92
46 94
46 99
46 103
46 104
46 118
46 120
46 121
46 129
46 132
46 134
46 136
46 137
46 141
46 148
46 155
46 156
46 165
46 171
46 180
46 189
46 195
46 197
46 205
46 211
46 214
46 220
46 235
46 238
46 240
46 246
46 249
47 48
47 51
47 52
47 55
47 57
47 64
47 65
47 66
47 69
47 70
47 72
47 77
47 78
47 80
47 82
47 85
47 86
47 89
47 91
47 94
47 97
47 109
47 114
47 126
47 129
47 130
47 132
47 139
47 140
47 141
47 155
47 156
47 157
47 161
47 165
47 166
47 174
47 185
47 198
47 205
47 213
47 236
47 239
47 241
48 49
48 54
48 64
48 65
48 78
48 82
48 88
48 89
48 90
48 92
48 99
48 103
48 105
48 112
48 120
48 123
48 127
48 131
48 132
48 138
48 144
48 149
48 154
48 163
48 176
48 182
48 185
48 201
48 203
48 212
48 224
48 244
49 52
49 53
49 54
49 55
49 58
49 64
49 65
49 70
49 74
49 77
49 83
49 84
49 88
49 89
49 90
49 92
49 97
49 103
49 123
49 126
49 133
49 136
49 137
49 140
49 141
49 149
49 152
49 159
49 165
49 166
49 173
49 179
49 201
49 214
49 219
49 222
49 225
49 229
49 241
49 249
50 51
50 65
50 66
50 67
50 72
50 77
50 81
50 82
50 84
50 92
50 95
50 104
50 134
50 138
50 142
50 147
50 156
50 163
50 167
50 171
50 175
50 186
50 209
50 217
50 219
50 221
50 228
50 238
51 53
51 55
51 56
51 57
51 60
51 63
51 65
51 67
51 69
51 74
51 76
51 78
51 81
51 82
51 84
51 99
51 105
51 107
51 110
51 113
51 115
51 116
51 118
51 119
51 122
51 123
51 126
51 127
51 128
51 129
51 137
51 142
51 152
51 158
51 159
51 161
51 163
51 178
51 185
51 191
51 195
51 197
51 208
51 214
51 217
51 221
51 226
51 229
51 234
51 238
51 241
51 243
51 248
52 65
52 66
52 69
52 74
52 83
52 89
52 99
52 101
52 105
52 107
52 110
52 113
52 115
52 121
52 123
52 126
52 128
52 129
52 130
52 137
52 149
52 155
52 164
52 179
52 180
52 181
52 194
52 209
52 217
52 235
52 249
53 55
53 57
53 60
53 66
53 69
53 78
53 79
53 80
53 108
53 110
53 115
53 127
53 130
53 144
53 147
53 152
53 154
53 166
53 183
53 215
53 244
54 57
54 62
54 72
54 78
54 90
54 93
54 98
54 119
54 127
54 128
54 129
54 132
54 138
54 139
54 154
54 158
54 161
54 169
54 184
54 191
54 196
54 236
55 57
55 58
55 61
55 62
55 64
55 65
55 67
55 68
55 75
55 79
55 81
55 82
55 84
55 88
55 90
55 91
55 95
55 96
55 98
55 103
55 111
55 128
55 140
55 143
55 144
55 158
55 164
55 169
55 170
55 174
55 178
55 182
55 201
55 207
55 210
55 214
55 240
56 66
56 70
56 105
56 106
56 130
56 132
56 150
56 151
56 194
56 195
56 201
56 230
56 242
57 70
57 74
57 79
57 85
57 87
57 92
57 95
57 98
57 104
57 116
57 119
57 124
57 126
57 137
57 148
57 149
57 158
57 160
57 161
57 164
57 168
57 172
57 173
57 175
57 179
57 194
57 195
57 199
57 200
57 235
57 237
57 249
58 62
58 63
58 64
58 68
58 69
58 73
58 80
58 85
58 86
58 90
58 93
58 102
58 112
58 135
58 137
58 141
58 143
58 146
58 153
58 157
58 159
58 174
58 193
58 207
58 216
58 222
58 223
58 227
58 231
58 234
58 239
58 247
59 62
59 67
59 69
59 74
59 76
59 92
59 99
59 100
59 111
59 113
59 127
59 138
59 142
59 148
59 150
59 158
59 167
59 174
59 184
59 193
59 195
59 208
59 214
59 218
60 62
60 67
60 68
60 75
60 79
60 100
60 106
60 131
60 143
60 149
60 164
60 169
60 170
60 178
60 201
60 206
60 225
60 228
61 63
61 67
61 68
61 71
61 73
61 76
61 86
61 95
61 102
61 105
61 113
61 115
61 123
61 124
61 125
61 130
61 134
61 136
61 139
61 140
61 145
61 146
61 147
61 153
61 157
61 160
61 173
61 176
61 188
61 192
61 202
61 204
61 209
61 213
61 218
61 224
61 233
62 63
62 64
62 69
62 73
62 82
62 86
62 89
62 92
62 96
62 98
62 117
62 118
62 137
62 146
62 157
62 159
62 169
62 192
62 231
62 234
62 240
63 74
63 75
63 80
63 83
63 93
63 94
63 98
63 101
63 103
63 107
63 113
63 125
63 133
63 135
63 137
63 139
63 149
63 168
63 174
63 175
63 180
63 183
63 190
63 198
63 218
63 231
63 235
63 238
64 67
64 68
64 69
64 74
64 76
64 84
64 88
64 89
64 91
64 102
64 110
64 112
64 120
64 125
64 132
64 142
64 146
64 151
64 152
64 159
64 160
64 161
64 165
64 167
64 174
64 184
64 186
64 195
64 197
64 200
64 202
64 216
64 220
65 68
65 72
65 73
65 93
65 94
65 96
65 97
65 104
65 108
65 114
65 122
65 128
65 132
65 139
65 152
65 164
65 168
65 179
65 183
65 188
65 191
65 194
65 200
65 208
65 244
66 67
66 73
66 79
66 87
66 93
66 102
66 111
66 113
66 125
66 134
66 144
66 175
66 181
66 182
66 186
66 195
66 208
66 216
66 231
66 241
66 247
67 70
67 72
67 78
67 81
67 84
67 92
67 106
67 112
67 126
67 140
67 146
67 151
67 155
67 161
67 175
67 177
67 186
67 187
67 199
67 237
68 77
68 80
68 107
68 109
68 110
68 124
68 126
68 146
68 151
68 155
68 156
68 162
68 167
68 203
68 230
68 231
68 247
69 76
69 89
69 99
69 108
69 140
69 141
69 155
69 158
69 160
69 164
69 172
69 175
69 178
69 179
69 247
70 74
70 78
70 81
70 94
70 171
70 172
70 174
70 180
70 193
70 204
70 209
70 231
70 234
71 75
71 85
71 96
71 98
71 100
71 103
71 112
71 114
71 118
71 122
71 126
71 137
71 146
71 158
71 168
71 169
71 172
71 180
71 185
71 204
71 209
71 217
71 226
71 228
71 244
72 76
72 78
72 82
72 88
72 95
72 97
72 107
72 121
72 131
72 134
72 141
72 147
72 151
72 175
72 182
72 191
72 216
72 223
72 249
73 75
73 82
73 84
73 92
73 102
73 106
73 129
73 133
73 141
73 146
73 148
73 150
73 162
73 180
73 181
73 184
73 187
73 188
73 207
73 218
73 225
73 245
74 75
74 77
74 83
74 88
74 90
74 92
74 99
74 107
74 113
74 118
74 120
74 131
74 133
74 144
74 161
74 179
75 77
75 85
75 87
75 91
75 95
75 102
75 110
75 115
75 116
75 117
75 118
75 125
75 150
75 172
75 179
75 181
75 184
75 188
75 198
75 202
75 218
75 249
76 79
76 86
76 87
76 96
76 100
76 101
76 114
76 117
76 119
76 124
76 132
76 136
76 147
76 148
76 150
76 161
76 165
76 183
76 193
76 201
76 203
76 209
76 212
76 221
76 237
76 242
77 89
77 99
77 101
77 117
77 133
77 136
77 142
77 156
77 167
77 168
77 208
77 221
77 225
77 230
77 242
78 94
78 100
78 102
78 122
78 126
78 129
78 140
78 143
78 155
78 175
78 188
78 196
78 201
78 205
78 231
78 233
78 243
78 245
79 82
79 86
79 91
79 96
79 104
79 109
79 124
79 136
79 159
79 183
79 190
79 206
79 219
79 223
80 83
80 88
80 93
80 101
80 105
80 106
80 108
80 114
80 134
80 144
80 150
80 172
80 175
80 181
80 191
80 193
80 198
80 203
80 209
80 229
80 232
80 234
81 88
81 96
81 101
81 102
81 104
81 111
81 119
81 122
81 123
81 127
81 149
81 150
81 151
81 154
81 180
81 196
81 197
81 200
81 224
82 84
82 88
82 91
82 96
82 100
82 103
82 104
82 109
82 114
82 116
82 119
82 120
82 133
82 137
82 143
82 145
82 146
82 156
82 158
82 177
82 188
82 191
82 203
82 207
82 211
82 215
82 225
82 235
82 242
83 86
83 87
83 90
83 95
83 106
83 108
83 112
83 128
83 138
83 143
83 160
83 166
83 175
83 189
83 192
83 238
84 88
84 98
84 101
84 102
84 115
84 117
84 127
84 132
84 153
84 164
84 167
84 168
84 175
84 177
84 194
84 207
84 225
85 86
85 89
85 90
85 103
85 109
85 120
85 125
85 136
85 170
85 218
85 220
85 233
85 239
86 98
86 102
86 103
86 114
86 117
86 119
86 122
86 126
86 128
86 131
86 171
86 178
86 179
86 183
86 196
86 210
86 212
86 228
86 236
86 238
86 246
87 88
87 89
87 100
87 105
87 106
87 112
87 116
87 119
87 138
87 140
87 146
87 152
87 171
87 179
87 181
87 182
87 185
87 206
87 230
87 232
87 240
87 246
87 247
88 106
88 108
88 115
88 142
88 151
88 172
88 189
89 90
89 94
89 97
89 101
89 109
89 115
89 121
89 122
89 128
89 131
89 133
89 135
89 147
89 149
89 159
89 161
89 163
89 170
89 181
89 206
89 207
89 208
89 215
89 216
89 229
89 247
90 99
90 101
90 105
90 115
90 118
90 132
90 162
90 165
90 168
90 179
90 199
90 203
90 215
90 221
90 223
90 232
90 242
91 106
91 124
91 125
91 129
91 144
91 147
91 148
91 181
91 218
91 224
91 239
91 241
92 109
92 120
92 127
92 131
92 146
92 191
92 193
92 201
92 206
92 207
92 223
93 94
93 97
93 104
93 105
93 130
93 134
93 139
93 140
93 145
93 152
93 153
93 157
93 160
93 166
93 172
93 173
93 180
93 187
93 192
93 196
93 226
93 228
93 242
94 135
94 146
94 162
94 168
94 179
94 182
94 183
94 226
94 241
95 101
95 107
95 118
95 119
95 130
95 134
95 141
95 166
95 184
95 203
95 214
95 228
95 244
96 105
96 117
96 123
96 129
96 138
96 139
96 141
96 180
96 182
96 188
96 189
96 194
96 222
97 98
97 105
97 126
97 128
97 142
97 151
97 159
97 165
97 178
97 184
97 186
97 222
97 234
97 236
97 243
97 249
98 100
98 104
98 120
98 125
98 145
98 171
98 186
98 188
98 193
98 194
98 214
98 216
98 224
98 227
98 228
98 234
99 122
99 124
99 140
99 160
99 216
99 242
99 247
100 101
100 118
100 124
100 161
100 171
100 174
100 176
100 181
100 183
100 204
100 222
101 127
101 129
101 141
101 155
101 158
101 168
101 200
101 236
101 237
101 239
101 245
102 108
102 110
102 132
102 141
102 148
102 163
102 165
102 169
102 170
102 176
102 188
102 192
102 205
102 211
102 213
102 216
102 224
102 233
102 238
103 107
103 123
103 133
103 146
103 154
103 163
103 208
103 220
103 228
103 230
103 232
103 242
104 138
104 155
104 173
104 202
104 220
104 227
104 236
104 244
105 129
105 146
105 156
105 160
105 173
105 208
106 108
106 109
106 111
106 118
106 120
106 124
106 127
106 137
106 138
106 141
106 174
106 178
106 192
106 207
106 235
106 236
107 122
107 123
107 138
107 140
107 162
107 198
108 130
108 135
108 142
108 150
108 151
108 160
108 164
108 187
108 210
108 247
109 118
109 132
109 145
109 159
109 163
109 172
109 173
109 185
109 201
109 206
109 230
109 238
109 243
110 113
110 115
110 123
110 126
110 136
110 144
110 147
110 182
110 184
110 187
110 222
110 233
110 236
111 125
111 140
111 142
111 143
111 168
111 189
111 219
112 118
112 119
112 139
112 142
112 153
112 154
112 168
112 183
112 187
112 188
112 195
112 217
112 232
112 246
113 114
113 120
113 127
113 145
113 176
113 179
113 180
113 183
113 196
113 213
113 233
113 249
114 130
114 163
114 176
114 177
114 243
115 121
115 126
115 138
115 142
115 145
115 196
115 213
115 223
115 225
115 238
116 129
116 130
116 134
116 139
116 140
116 145
116 146
116 148
116 170
116 176
116 196
116 201
116 212
116 233
116 246
117 119
117 120
117 121
117 137
117 138
117 151
117 156
117 159
117 161
117 165
117 170
117 191
117 197
117 202
117 205
117 219
117 241
118 188
118 207
118 215
118 245
119 127
119 138
119 148
119 150
119 162
119 167
119 185
119 193
119 195
119 197
119 204
119 207
119 215
119 218
120 123
120 130
120 147
120 183
120 193
120 197
120 199
120 207
120 225
120 238
121 131
121 154
121 167
121 177
121 178
121 220
121 230
122 129
122 135
122 154
122 155
122 171
122 174
122 176
122 196
122 213
122 244
123 161
123 162
123 178
123 184
123 204
123 218
123 220
123 238
123 244
124 133
124 134
124 209
124 227
124 235
125 154
125 210
125 212
125 224
125 230
125 237
125 244
125 245
125 247
126 190
126 218
127 139
127 188
127 203
127 204
127 209
127 227
128 155
128 173
128 190
128 211
128 218
128 245
129 132
129 163
129 171
129 181
129 226
130 152
130 166
130 192
130 198
130 246
131 133
131 138
131 152
131 189
131 199
131 210
131 215
131 230
132 155
132 166
132 172
132 191
132 197
132 221
132 222
132 228
132 243
132 244
133 164
133 192
133 194
133 199
133 205
133 215
133 235
134 141
134 144
134 145
134 159
134 166
134 195
135 177
135 178
135 212
135 230
136 145
136 162
136 174
136 196
136 200
136 211
136 246
137 158
137 170
137 178
137 204
137 227
137 230
137 233
138 147
138 157
138 183
138 199
138 208
138 212
138 224
138 229
138 237
138 238
138 241
139 166
139 186
139 187
139 218
139 221
139 246
140 181
140 198
140 240
141 144
141 167
141 177
141 193
141 220
141 237
141 244
141 249
142 166
142 176
142 177
142 186
142 188
142 198
142 202
142 225
142 229
143 170
143 171
143 226
144 162
144 164
144 178
144 180
144 209
144 224
145 147
145 201
145 246
146 150
146 180
146 212
146 223
146 229
146 243
146 244
147 162
147 166
147 196
147 203
147 240
147 241
148 184
148 198
148 201
148 206
148 214
148 223
148 230
149 180
149 186
149 217
149 225
150 160
150 231
150 244
151 200
151 231
151 236
152 160
152 186
152 205
152 237
152 245
152 247
153 158
153 173
153 205
153 207
153 215
153 222
153 243
153 244
154 155
154 164
154 185
154 200
154 229
155 167
155 185
155 187
155 207
155 218
155 249
156 190
156 197
156 224
157 161
157 172
157 186
157 190
157 191
157 210
157 219
157 236
157 247
158 169
158 189
158 190
158 209
158 210
158 233
158 239
158 241
158 245
158 248
159 175
159 226
160 175
160 206
160 219
160 227
160 235
161 170
161 177
161 197
161 225
161 226
161 228
161 246
161 249
162 165
162 169
162 177
162 194
162 195
162 198
162 211
163 185
163 187
163 192
163 196
163 204
163 205
163 240
164 197
164 241
165 166
165 169
165 192
165 205
165 236
166 169
166 223
167 172
167 206
168 182
168 186
169 179
169 191
169 199
169 200
169 204
169 206
169 212
169 243
170 188
170 192
170 213
170 229
172 226
172 234
173 201
174 204
174 231
174 245
175 201
175 208
175 219
175 227
175 242
176 191
176 193
176 199
176 233
176 237
176 239
176 248
177 195
177 237
178 199
179 187
179 190
179 192
179 205
179 220
179 223
179 232
179 234
180 189
180 217
181 194
181 241
181 248
182 190
182 208
182 209
182 249
183 223
183 247
184 189
184 210
184 234
185 224
185 237
186 208
186 239
187 204
187 214
187 232
188 199
189 190
189 193
189 204
189 220
189 231
189 232
189 240
189 245
190 193
190 222
190 231
191 203
191 209
191 219
191 228
191 239
191 246
192 227
192 230
192 246
193 213
193 223
193 242
195 197
195 215
196 205
196 210
196 211
196 213
197 199
197 200
197 207
197 213
198 226
198 233
199 216
199 229
199 241
199 246
200 210
200 248
203 212
205 225
205 231
205 245
206 214
207 208
207 217
207 218
207 221
207 223
207 230
207 233
207 234
208 235
209 216
210 236
211 233
212 213
212 215
212 229
212 237
215 221
217 222
217 223
217 247
217 248
218 222
220 226
221 231
221 232
221 243
222 241
224 242
226 243
227 234
227 246
227 248
228 232
229 242
229 245
230 234
230 238
230 248
232 241
233 239
233 248
234 237
