0 1
0 2
0 3
0 4
0 5
0 6
0 7
0 8
0 9
0 10
0 11
0 12
0 13
0 14
0 15
0 16
0 18
0 20
0 21
0 22
0 23
0 24
0 31
0 33
0 34
0 39
0 41
0 48
0 50
0 56
0 58
0 61
0 62
0 72
0 78
0 80
0 88
0 94
0 100
0 104
0 112
0 114
0 116
0 120
0 121
0 123
0 127
0 128
0 141
0 143
0 149
0 169
0 181
0 188
0 194
0 207
0 216
0 222
0 234
0 245
1 9
1 10
1 11
1 12
1 16
1 18
1 22
1 27
1 30
1 31
1 32
1 33
1 36
1 37
1 42
1 45
1 47
1 50
1 54
1 56
1 61
1 65
1 76
1 82
1 99
1 131
1 132
1 133
1 135
1 138
1 143
1 145
1 157
1 171
1 176
1 178
1 182
1 185
1 193
1 201
1 206
1 207
1 215
1 216
1 244
2 9
2 13
2 15
2 16
2 25
2 31
2 36
2 37
2 59
2 79
2 82
2 87
2 101
2 110
2 130
2 131
2 137
2 153
2 163
2 173
2 203
2 247
3 9
3 10
3 11
3 12
3 13
3 14
3 16
3 23
3 24
3 25
3 26
3 29
3 43
3 53
3 54
3 59
3 63
3 67
3 72
3 84
3 86
3 87
3 91
3 93
3 97
3 99
3 101
3 104
3 105
3 108
3 109
3 118
3 126
3 131
3 133
3 135
3 142
3 144
3 147
3 150
3 164
3 186
3 191
3 197
3 199
3 212
3 213
3 222
4 9
4 10
4 11
4 13
4 15
4 20
4 24
4 25
4 29
4 31
4 33
4 40
4 49
4 78
4 89
4 94
4 96
4 99
4 113
4 124
4 133
4 152
4 157
4 172
4 180
4 181
4 185
4 194
4 230
4 232
4 233
5 9
5 14
5 17
5 20
5 45
5 49
5 65
5 75
5 191
5 216
6 10
6 13
6 18
6 26
6 34
6 40
6 44
6 55
6 60
6 61
6 63
6 64
6 69
6 83
6 86
6 93
6 124
6 134
6 139
6 141
6 162
6 164
6 170
6 172
6 176
6 178
6 193
6 219
6 225
6 232
7 9
7 10
7 11
7 12
7 15
7 17
7 21
7 25
7 40
7 43
7 44
7 50
7 59
7 67
7 77
7 78
7 92
7 98
7 100
7 101
7 102
7 105
7 112
7 115
7 129
7 136
7 138
7 141
7 149
7 173
7 177
7 180
7 182
7 184
7 191
7 193
7 204
7 235
7 239
7 240
7 242
8 9
8 10
8 11
8 12
8 13
8 14
8 15
8 19
8 20
8 22
8 24
8 26
8 33
8 35
8 42
8 47
8 48
8 49
8 52
8 53
8 55
8 61
8 65
8 77
8 81
8 107
8 109
8 115
8 117
8 121
8 123
8 128
8 129
8 132
8 137
8 140
8 152
8 169
8 172
8 174
8 177
8 179
8 205
8 210
8 235
8 244
8 245
8 249
9 10
9 11
9 12
9 13
9 14
9 15
9 16
9 17
9 19
9 20
9 21
9 23
9 25
9 27
9 28
9 29
9 30
9 31
9 32
9 35
9 36
9 37
9 38
9 39
9 40
9 41
9 42
9 43
9 45
9 46
9 47
9 48
9 50
9 52
9 55
9 63
9 66
9 69
9 73
9 83
9 89
9 90
9 92
9 95
9 96
9 97
9 98
9 105
9 111
9 112
9 116
9 128
9 131
9 132
9 136
9 139
9 143
9 145
9 153
9 160
9 161
9 162
9 165
9 168
9 171
9 183
9 188
9 189
9 192
9 199
9 200
9 206
9 208
9 213
9 219
9 241
9 242
10 11
10 12
10 14
10 16
10 17
10 18
10 19
10 21
10 23
10 25
10 26
10 27
10 29
10 31
10 34
10 35
10 36
10 37
10 45
10 52
10 53
10 58
10 59
10 61
10 62
10 63
10 64
10 66
10 67
10 70
10 73
10 78
10 82
10 84
10 85
10 88
10 94
10 95
10 100
10 105
10 112
10 123
10 128
10 130
10 131
10 132
10 135
10 137
10 145
10 149
10 151
10 155
10 156
10 159
10 164
10 186
10 201
10 204
10 205
10 216
10 226
10 227
10 238
11 12
11 19
11 20
11 21
11 22
11 24
11 26
11 27
11 38
11 40
11 41
11 43
11 44
11 50
11 52
11 66
11 67
11 78
11 86
11 87
11 93
11 128
11 129
11 132
11 143
11 147
11 153
11 161
11 169
11 180
11 194
11 195
11 202
11 218
11 220
11 246
12 13
12 14
12 17
12 18
12 19
12 20
12 21
12 23
12 24
12 29
12 30
12 31
12 41
12 43
12 44
12 48
12 49
12 56
12 57
12 64
12 67
12 71
12 76
12 77
12 78
12 80
12 82
12 95
12 105
12 117
12 122
12 126
12 127
12 130
12 140
12 143
12 154
12 162
12 164
12 167
12 169
12 196
12 197
12 209
12 228
12 240
12 241
12 244
13 14
13 15
13 16
13 17
13 18
13 19
13 22
13 26
13 27
13 28
13 29
13 30
13 32
13 34
13 43
13 50
13 51
13 52
13 58
13 62
13 66
13 69
13 77
13 80
13 81
13 87
13 98
13 103
13 120
13 124
13 136
13 142
13 144
13 147
13 154
13 157
13 159
13 163
13 166
13 171
13 185
13 187
13 215
13 223
13 228
13 229
13 246
14 15
14 17
14 18
14 25
14 27
14 28
14 30
14 34
14 68
14 92
14 105
14 111
14 112
14 137
14 146
14 175
14 192
14 205
15 16
15 17
15 19
15 23
15 28
15 38
15 39
15 42
15 48
15 55
15 57
15 75
15 82
15 84
15 96
15 107
15 118
15 126
15 165
15 169
15 173
15 186
15 212
15 213
15 214
15 220
15 225
15 239
16 18
16 21
16 22
16 26
16 27
16 28
16 29
16 42
16 51
16 52
16 53
16 54
16 59
16 60
16 64
16 69
16 75
16 76
16 82
16 84
16 85
16 90
16 91
16 130
16 145
16 148
16 165
16 190
16 198
16 205
16 217
16 226
16 232
17 21
17 22
17 24
17 28
17 30
17 34
17 38
17 41
17 46
17 51
17 56
17 66
17 67
17 76
17 81
17 83
17 93
17 103
17 104
17 105
17 106
17 110
17 124
17 133
17 138
17 139
17 158
17 169
17 180
17 187
17 190
17 200
17 212
17 224
17 225
17 226
18 19
18 20
18 22
18 23
18 25
18 30
18 37
18 38
18 39
18 47
18 55
18 61
18 65
18 70
18 71
18 74
18 85
18 87
18 89
18 98
18 103
18 104
18 110
18 115
18 136
18 153
18 156
18 159
18 168
18 175
18 179
18 188
18 194
18 204
18 208
18 235
18 243
18 247
19 29
19 32
19 33
19 37
19 42
19 50
19 51
19 53
19 56
19 59
19 70
19 87
19 102
19 109
19 111
19 148
19 150
19 151
19 179
19 189
19 192
19 209
19 211
19 212
19 230
19 245
20 35
20 69
20 78
20 79
20 81
20 130
20 164
20 191
20 208
21 23
21 39
21 43
21 47
21 58
21 62
21 77
21 79
21 96
21 102
21 122
21 123
21 136
21 144
21 152
21 168
21 202
21 229
22 24
22 38
22 54
22 80
22 88
22 113
22 122
22 129
22 144
22 149
22 162
22 184
22 187
22 196
22 197
22 220
22 237
22 240
22 248
23 26
23 27
23 28
23 32
23 33
23 39
23 49
23 56
23 64
23 71
23 76
23 77
23 96
23 102
23 106
23 108
23 113
23 138
23 145
23 148
23 149
23 153
23 158
23 166
23 172
23 177
23 182
23 185
23 198
23 222
23 223
24 28
24 38
24 41
24 49
24 57
24 60
24 63
24 84
24 88
24 95
24 97
24 135
24 140
24 143
24 165
24 168
24 173
24 180
24 214
24 228
24 246
25 32
25 47
25 51
25 55
25 74
25 75
25 80
25 83
25 88
25 90
25 92
25 110
25 111
25 117
25 121
25 130
25 131
25 145
25 178
25 204
25 221
26 32
26 36
26 40
26 106
26 114
26 143
26 152
26 161
26 163
26 194
26 234
26 238
27 35
27 42
27 48
27 54
27 60
27 61
27 71
27 75
27 90
27 106
27 107
27 118
27 125
27 150
27 151
27 162
27 180
27 195
27 199
27 207
27 235
27 237
28 34
28 36
28 38
28 42
28 60
28 76
28 78
28 81
28 85
28 94
28 109
28 219
28 231
28 240
29 30
29 33
29 36
29 45
29 49
29 59
29 63
29 65
29 66
29 71
29 89
29 91
29 95
29 106
29 126
29 148
29 155
29 187
29 198
29 199
29 204
29 209
29 222
29 229
29 231
29 236
29 240
29 242
30 31
30 35
30 44
30 51
30 68
30 109
30 132
30 159
30 171
30 181
30 206
30 209
30 212
30 219
30 241
31 32
31 33
31 39
31 44
31 46
31 47
31 51
31 83
31 89
31 93
31 99
31 120
31 124
31 130
31 160
31 177
31 192
31 234
31 244
32 36
32 41
32 46
32 50
32 51
32 55
32 64
32 68
32 83
32 85
32 93
32 99
32 114
32 118
32 132
32 140
32 152
32 166
32 206
32 207
32 213
33 34
33 35
33 41
33 44
33 45
33 46
33 60
33 61
33 71
33 72
33 74
33 79
33 83
33 100
33 108
33 141
33 177
33 196
33 199
33 231
34 35
34 37
34 44
34 54
34 57
34 58
34 60
34 65
34 69
34 70
34 74
34 90
34 119
34 127
34 131
34 134
34 139
34 158
34 184
34 189
34 190
34 196
34 218
34 235
35 40
35 46
35 48
35 57
35 58
35 66
35 68
35 73
35 79
35 80
35 84
35 91
35 94
35 135
35 136
35 150
35 160
35 166
35 192
35 208
35 230
35 243
35 247
35 249
36 37
36 46
36 49
36 54
36 56
36 79
36 91
36 100
36 103
36 107
36 114
36 127
36 134
36 157
36 172
36 199
36 233
37 69
37 70
37 75
37 77
37 125
37 127
37 139
37 142
37 175
37 231
37 243
38 39
38 63
38 73
38 107
38 116
38 119
38 166
38 174
38 232
38 237
39 40
39 43
39 45
39 53
39 86
39 101
39 102
39 110
39 128
39 142
39 172
39 243
40 45
40 55
40 89
40 91
40 98
40 111
40 115
40 121
40 170
40 188
40 190
40 201
41 47
41 57
41 62
41 72
41 75
41 123
41 158
41 182
41 193
41 198
41 225
41 245
42 48
42 68
42 73
42 108
42 112
42 127
42 136
42 149
42 150
42 207
42 242
43 46
43 52
43 53
43 70
43 118
43 140
43 162
43 167
43 197
43 198
43 200
43 238
44 58
44 59
44 63
44 86
44 90
44 93
44 124
44 125
44 144
44 155
44 157
44 174
44 176
44 195
44 202
45 58
45 79
45 88
45 119
45 135
45 140
45 157
45 159
45 165
45 191
45 211
45 226
45 230
45 245
46 64
46 65
46 113
46 120
46 157
46 242
46 244
47 57
47 68
47 73
47 100
47 150
47 156
47 184
47 209
47 216
48 54
48 86
48 87
48 91
48 101
48 138
48 160
48 163
48 167
48 182
48 241
48 249
49 72
49 81
49 83
49 101
49 104
49 125
49 138
49 150
49 166
49 175
49 245
50 62
50 74
50 85
50 89
50 109
50 147
50 156
50 160
50 170
50 174
50 182
50 189
50 208
50 229
50 248
51 52
51 53
51 60
51 88
51 117
51 119
51 126
51 133
51 134
51 183
51 213
51 221
51 222
51 231
51 246
52 72
52 76
52 123
52 127
52 135
52 238
53 56
53 65
53 74
53 97
53 180
53 203
54 62
54 98
54 116
54 118
54 134
54 138
54 152
54 170
54 194
54 211
54 230
54 240
54 249
55 57
55 106
55 117
55 176
55 178
55 201
55 202
56 62
56 80
56 86
56 107
56 146
56 176
56 226
56 240
57 64
57 79
57 161
57 214
58 75
58 148
59 91
59 97
59 126
59 127
59 134
59 241
60 67
60 70
60 74
60 102
60 104
60 115
60 122
60 149
60 201
60 208
60 227
61 72
61 73
61 77
61 81
61 86
61 88
61 122
61 151
61 171
61 206
61 229
62 70
62 100
62 108
62 129
62 133
62 167
62 172
62 185
62 190
62 196
62 212
63 67
63 68
63 103
63 154
63 192
64 66
64 72
64 95
64 97
64 102
64 111
64 196
64 202
65 69
65 85
65 100
65 115
65 136
65 141
65 175
65 184
65 186
65 187
65 191
66 68
66 71
66 76
66 109
66 111
66 116
66 120
66 134
66 151
66 152
66 170
66 182
66 198
66 205
66 206
67 101
67 163
67 193
67 218
67 238
68 113
68 114
68 149
68 211
68 235
69 71
69 94
69 151
69 201
69 206
69 210
69 213
70 73
70 97
70 165
70 214
70 238
70 241
71 74
71 105
71 110
71 123
71 135
71 175
71 193
71 223
71 232
72 80
72 81
72 87
72 107
72 122
72 137
72 158
72 165
72 181
72 183
72 187
73 95
73 99
73 114
73 154
73 165
73 183
73 184
73 209
73 217
73 236
74 93
74 96
74 98
74 103
74 106
74 116
74 156
74 174
74 185
74 197
74 199
75 84
75 90
75 92
75 125
75 140
75 154
75 232
75 242
76 90
76 97
76 117
76 141
76 158
76 163
76 195
76 203
76 217
76 230
77 94
77 103
77 153
77 175
77 179
77 184
77 188
77 211
77 227
78 82
78 84
78 96
78 120
78 126
78 144
78 155
78 179
78 186
78 193
78 216
78 225
79 142
79 151
79 185
80 104
80 224
81 82
81 89
81 102
81 107
81 128
82 85
82 92
82 96
82 181
82 190
83 99
83 101
83 108
83 167
83 211
84 155
84 200
85 98
85 99
85 103
85 106
85 112
85 113
85 147
85 158
85 162
85 167
85 174
85 195
85 208
85 214
85 219
85 224
86 129
86 154
86 160
86 163
87 171
87 181
87 220
88 92
88 94
88 168
89 92
89 117
89 120
89 125
89 153
89 161
89 201
89 202
89 205
89 215
90 110
90 119
90 148
90 155
90 228
91 113
91 116
91 117
91 119
91 167
91 173
91 193
91 239
91 240
92 95
92 188
92 219
93 108
93 128
93 134
93 141
93 144
93 146
93 176
93 207
93 212
93 236
94 109
94 210
94 216
95 121
95 142
95 186
96 132
96 133
96 142
96 144
96 221
97 113
98 248
99 123
99 146
99 156
99 159
99 168
99 220
99 237
99 246
100 111
100 115
100 122
100 213
100 225
100 239
101 104
101 118
101 120
101 125
101 152
101 168
101 187
101 236
101 241
101 247
102 108
102 110
102 121
102 169
102 228
103 164
103 183
104 112
104 129
104 178
104 195
104 205
105 118
105 146
105 156
105 214
106 116
106 124
106 137
106 170
106 173
107 159
107 203
107 212
107 247
108 114
108 119
108 121
108 124
108 140
108 188
108 224
109 114
109 115
109 122
109 126
109 133
109 139
110 125
110 196
110 243
112 172
112 189
113 121
113 146
113 151
113 154
113 200
114 119
114 187
114 203
114 215
114 222
114 244
115 146
115 147
115 160
115 228
116 223
116 248
117 160
117 177
117 230
118 141
118 146
118 164
118 178
118 229
119 129
120 131
120 167
120 179
120 207
120 221
120 228
120 233
120 237
120 243
121 148
121 178
122 229
123 153
123 154
124 138
124 223
124 233
124 248
125 130
125 148
125 168
125 195
126 176
126 179
126 211
126 215
126 224
127 137
127 142
127 145
127 185
127 217
128 145
129 155
129 169
129 174
129 215
130 139
130 189
130 205
130 210
131 158
132 147
132 183
132 210
133 175
133 179
134 137
134 155
134 159
134 166
134 170
134 177
134 183
134 186
134 217
134 219
134 234
134 243
135 162
135 204
135 242
136 139
136 192
136 195
136 245
137 161
137 164
137 174
137 229
137 234
138 150
138 173
138 207
138 210
138 227
139 143
139 184
139 218
139 230
140 161
140 215
140 234
140 238
141 186
141 241
142 157
142 171
142 177
142 214
143 192
143 196
143 221
143 231
143 249
145 147
145 170
145 197
145 209
145 217
146 156
147 198
147 210
147 214
147 220
148 203
148 232
148 242
149 171
149 209
149 231
151 181
151 204
151 208
151 225
151 233
151 236
152 176
152 181
153 166
153 243
154 201
154 218
154 233
154 237
155 190
155 204
155 238
157 221
158 178
158 191
158 246
158 248
159 203
160 161
160 163
160 236
160 248
161 217
161 218
161 248
165 189
165 194
166 191
168 218
168 220
168 221
168 245
170 227
170 239
171 173
171 183
171 190
171 197
171 226
171 234
173 180
173 231
174 239
175 189
175 228
176 246
177 215
178 182
178 249
179 198
179 223
181 188
181 210
181 234
181 235
182 213
183 224
184 202
187 211
188 222
189 200
189 220
189 224
189 226
190 200
191 194
191 200
191 206
192 197
193 199
194 239
195 236
196 203
198 202
201 223
203 219
205 216
205 227
206 217
207 249
210 218
210 237
211 246
212 227
213 223
213 225
213 233
213 249
214 222
214 232
215 221
217 227
218 247
220 224
220 226
220 233
220 244
220 247
221 236
223 235
223 244
224 239
226 237
230 247
