0 1
0 2
0 3
0 4
0 5
0 6
0 7
0 8
0 9
0 10
0 11
0 12
0 13
0 14
0 15
0 16
0 17
0 18
0 19
0 20
0 21
0 22
0 23
0 24
0 25
0 26
0 27
0 28
0 29
0 30
0 31
0 32
0 33
0 34
0 35
0 36
0 37
0 38
0 39
0 40
0 41
0 43
0 45
0 50
0 51
0 52
0 53
0 54
0 56
0 59
0 61
0 64
0 67
0 69
0 70
0 74
0 75
0 77
0 81
0 83
0 84
0 85
0 87
0 88
0 94
0 96
0 97
0 98
0 99
0 101
0 102
0 105
0 108
0 110
0 112
0 116
0 117
0 118
0 121
0 125
0 126
0 131
0 135
0 136
0 137
0 139
0 140
0 146
0 149
0 153
0 154
0 155
0 168
0 175
0 186
0 193
0 194
0 201
0 208
0 210
0 213
0 220
0 221
0 223
0 224
0 225
0 226
0 229
0 231
0 235
0 240
0 249
1 21
1 22
1 23
1 24
1 25
1 27
1 28
1 29
1 30
1 31
1 34
1 35
1 38
1 39
1 42
1 46
1 63
1 72
1 76
1 84
1 87
1 91
1 123
1 130
1 131
1 138
1 141
1 144
1 148
1 149
1 157
1 160
1 165
1 176
1 182
1 194
1 197
1 209
1 211
1 213
1 214
1 224
2 21
2 22
2 23
2 24
2 25
2 26
2 29
2 31
2 39
2 43
2 44
2 51
2 67
2 68
2 71
2 73
2 87
2 91
2 93
2 102
2 105
2 112
2 119
2 120
2 154
2 159
2 162
2 191
2 198
2 230
3 21
3 22
3 24
3 26
3 32
3 37
3 39
3 40
3 42
3 45
3 50
3 53
3 62
3 71
3 86
3 100
3 101
3 112
3 121
3 122
3 127
3 140
3 144
3 149
3 153
3 160
3 171
3 172
3 184
3 189
3 220
4 21
4 22
4 23
4 25
4 26
4 27
4 28
4 29
4 30
4 31
4 34
4 35
4 36
4 37
4 41
4 44
4 49
4 53
4 58
4 60
4 61
4 62
4 67
4 73
4 79
4 81
4 85
4 90
4 99
4 101
4 105
4 106
4 107
4 110
4 115
4 118
4 126
4 129
4 133
4 135
4 137
4 157
4 165
4 167
4 168
4 170
4 178
4 181
4 192
4 193
4 195
4 212
4 217
4 234
5 21
5 22
5 23
5 24
5 26
5 29
5 30
5 32
5 33
5 34
5 39
5 43
5 46
5 50
5 52
5 57
5 75
5 84
5 89
5 90
5 92
5 96
5 100
5 107
5 110
5 123
5 127
5 134
5 140
5 146
5 147
5 150
5 177
5 196
5 229
6 21
6 22
6 23
6 27
6 31
6 32
6 36
6 41
6 62
6 74
6 84
6 93
6 100
6 108
6 112
6 120
6 141
6 156
6 226
6 238
7 21
7 22
7 24
7 25
7 36
7 40
7 43
7 51
7 52
7 55
7 58
7 59
7 66
7 76
7 77
7 90
7 97
7 98
7 111
7 131
7 135
7 143
7 157
7 160
7 173
7 174
7 180
7 181
7 183
7 184
7 186
7 187
7 206
7 210
7 225
7 242
8 22
8 27
8 35
8 43
8 44
8 46
8 59
8 61
8 66
8 73
8 76
8 86
8 92
8 118
8 140
8 146
8 161
8 184
8 185
8 191
8 194
8 204
8 207
8 240
9 21
9 22
9 23
9 24
9 25
9 26
9 35
9 38
9 40
9 41
9 43
9 46
9 48
9 51
9 62
9 64
9 65
9 67
9 68
9 69
9 73
9 74
9 75
9 84
9 85
9 87
9 89
9 94
9 95
9 96
9 101
9 103
9 114
9 117
9 133
9 148
9 149
9 158
9 162
9 164
9 173
9 181
9 194
9 201
9 204
9 208
9 210
9 219
9 223
9 224
9 238
9 239
9 241
9 248
10 21
10 22
10 23
10 24
10 25
10 26
10 27
10 28
10 29
10 30
10 31
10 32
10 34
10 35
10 36
10 37
10 38
10 39
10 40
10 43
10 45
10 47
10 48
10 49
10 52
10 53
10 55
10 63
10 64
10 67
10 68
10 77
10 78
10 79
10 80
10 81
10 82
10 84
10 91
10 97
10 101
10 102
10 107
10 108
10 115
10 116
10 119
10 122
10 123
10 124
10 126
10 135
10 141
10 145
10 146
10 147
10 150
10 152
10 161
10 168
10 172
10 175
10 184
10 186
10 197
10 203
10 205
10 210
10 216
10 218
10 221
10 226
10 230
10 234
10 237
10 239
10 242
11 21
11 22
11 23
11 24
11 25
11 26
11 28
11 29
11 30
11 33
11 35
11 38
11 40
11 41
11 48
11 57
11 61
11 62
11 63
11 64
11 66
11 68
11 70
11 83
11 86
11 91
11 92
11 101
11 103
11 107
11 111
11 128
11 136
11 144
11 146
11 151
11 157
11 158
11 159
11 168
11 169
11 170
11 178
11 179
11 181
11 191
11 195
11 200
11 205
11 208
11 222
11 228
11 230
11 240
11 247
12 21
12 22
12 23
12 25
12 26
12 28
12 29
12 33
12 34
12 40
12 42
12 46
12 49
12 59
12 66
12 69
12 71
12 73
12 76
12 81
12 101
12 107
12 109
12 121
12 124
12 127
12 142
12 145
12 151
12 161
12 162
12 168
12 179
12 194
12 209
12 211
12 222
12 234
12 247
13 21
13 22
13 23
13 24
13 25
13 26
13 27
13 28
13 30
13 32
13 33
13 38
13 40
13 42
13 45
13 53
13 54
13 60
13 63
13 68
13 70
13 74
13 75
13 80
13 85
13 89
13 100
13 102
13 108
13 109
13 110
13 113
13 119
13 120
13 126
13 144
13 152
13 153
13 167
13 169
13 207
13 221
13 222
14 21
14 23
14 24
14 25
14 27
14 28
14 29
14 30
14 31
14 32
14 34
14 36
14 38
14 42
14 44
14 49
14 52
14 53
14 57
14 62
14 63
14 64
14 66
14 68
14 75
14 86
14 87
14 92
14 96
14 104
14 108
14 115
14 134
14 161
14 165
14 170
14 172
14 179
14 181
14 228
14 235
14 243
15 21
15 22
15 23
15 24
15 25
15 26
15 27
15 28
15 30
15 34
15 37
15 42
15 44
15 47
15 49
15 50
15 56
15 57
15 58
15 59
15 68
15 74
15 80
15 86
15 93
15 96
15 97
15 116
15 124
15 125
15 126
15 137
15 142
15 147
15 148
15 153
15 158
15 159
15 167
15 170
15 171
15 202
15 206
15 225
15 229
15 231
15 234
15 248
15 249
16 21
16 22
16 23
16 24
16 25
16 27
16 28
16 29
16 31
16 33
16 34
16 37
16 39
16 41
16 42
16 43
16 45
16 47
16 51
16 52
16 53
16 55
16 56
16 59
16 62
16 63
16 65
16 66
16 69
16 72
16 77
16 81
16 83
16 84
16 93
16 98
16 104
16 115
16 127
16 129
16 132
16 135
16 141
16 146
16 147
16 150
16 152
16 154
16 187
16 227
16 229
16 232
16 237
17 21
17 22
17 23
17 24
17 25
17 26
17 27
17 28
17 29
17 33
17 50
17 58
17 62
17 64
17 74
17 78
17 85
17 88
17 89
17 96
17 108
17 114
17 130
17 135
17 145
17 146
17 152
17 155
17 158
17 175
17 191
17 242
17 246
18 21
18 22
18 23
18 24
18 25
18 26
18 27
18 28
18 29
18 30
18 31
18 32
18 33
18 34
18 35
18 36
18 37
18 38
18 39
18 40
18 41
18 43
18 45
18 47
18 48
18 50
18 54
18 56
18 58
18 60
18 70
18 72
18 75
18 83
18 85
18 86
18 95
18 100
18 101
18 103
18 104
18 105
18 112
18 114
18 116
18 118
18 122
18 132
18 134
18 137
18 145
18 155
18 167
18 170
18 176
18 181
18 190
18 198
18 200
18 201
18 218
18 226
18 229
18 232
18 235
18 242
18 247
19 21
19 22
19 23
19 24
19 25
19 26
19 27
19 28
19 29
19 30
19 31
19 32
19 33
19 35
19 36
19 37
19 38
19 39
19 44
19 47
19 49
19 50
19 51
19 54
19 57
19 58
19 59
19 61
19 62
19 86
19 102
19 114
19 119
19 135
19 142
19 157
19 163
19 171
19 181
19 186
19 188
19 195
19 204
19 220
19 221
19 224
19 239
20 21
20 23
20 24
20 26
20 27
20 30
20 31
20 32
20 33
20 38
20 40
20 46
20 51
20 54
20 59
20 67
20 70
20 72
20 79
20 80
20 88
20 91
20 98
20 104
20 105
20 112
20 117
20 125
20 127
20 129
20 134
20 137
20 139
20 140
20 142
20 147
20 156
20 163
20 165
20 171
20 182
20 184
20 199
20 228
20 249
21 22
21 23
21 24
21 25
21 26
21 27
21 28
21 29
21 30
21 31
21 32
21 34
21 35
21 36
21 37
21 38
21 39
21 40
21 41
21 42
21 43
21 46
21 47
21 48
21 49
21 50
21 51
21 52
21 53
21 54
21 55
21 58
21 60
21 62
21 64
21 65
21 67
21 70
21 74
21 76
21 78
21 79
21 82
21 83
21 84
21 86
21 88
21 94
21 96
21 97
21 98
21 99
21 102
21 103
21 105
21 107
21 108
21 111
21 112
21 116
21 118
21 124
21 137
21 140
21 141
21 142
21 144
21 145
21 148
21 149
21 152
21 157
21 161
21 162
21 169
21 179
21 183
21 186
21 188
21 200
21 201
21 206
21 226
21 249
22 23
22 24
22 25
22 26
22 27
22 28
22 29
22 30
22 31
22 32
22 33
22 34
22 35
22 36
22 37
22 39
22 40
22 41
22 42
22 45
22 46
22 47
22 48
22 49
22 50
22 52
22 55
22 56
22 58
22 60
22 62
22 66
22 69
22 70
22 71
22 72
22 73
22 75
22 76
22 78
22 80
22 81
22 86
22 87
22 90
22 94
22 95
22 96
22 103
22 104
22 110
22 117
22 122
22 124
22 127
22 128
22 131
22 137
22 139
22 143
22 146
22 148
22 149
22 151
22 152
22 153
22 154
22 156
22 157
22 160
22 164
22 169
22 173
22 174
22 175
22 180
22 181
22 185
22 189
22 190
22 197
22 201
22 202
22 204
22 206
22 208
22 220
22 222
22 223
22 227
22 231
22 233
22 241
22 246
22 247
23 24
23 25
23 26
23 27
23 28
23 29
23 30
23 31
23 33
23 34
23 35
23 37
23 38
23 39
23 40
23 41
23 43
23 46
23 48
23 49
23 52
23 53
23 56
23 57
23 59
23 64
23 68
23 71
23 79
23 80
23 81
23 84
23 85
23 86
23 88
23 90
23 93
23 94
23 97
23 98
23 100
23 102
23 109
23 112
23 117
23 128
23 129
23 131
23 135
23 138
23 143
23 144
23 149
23 157
23 159
23 163
23 165
23 166
23 168
23 177
23 186
23 195
23 196
23 212
23 216
23 222
23 226
23 231
23 234
23 246
23 249
24 25
24 26
24 27
24 28
24 29
24 30
24 31
24 32
24 33
24 34
24 35
24 36
24 37
24 38
24 40
24 41
24 42
24 43
24 44
24 45
24 48
24 49
24 50
24 51
24 52
24 53
24 54
24 56
24 58
24 59
24 61
24 65
24 66
24 68
24 69
24 71
24 72
24 73
24 74
24 75
24 77
24 78
24 80
24 81
24 82
24 85
24 87
24 89
24 91
24 93
24 95
24 98
24 100
24 101
24 102
24 103
24 109
24 117
24 118
24 120
24 123
24 125
24 128
24 131
24 133
24 140
24 143
24 144
24 146
24 151
24 152
24 157
24 160
24 169
24 181
24 183
24 187
24 188
24 193
24 195
24 196
24 197
24 200
24 201
24 207
24 208
24 223
24 229
24 232
24 234
24 238
24 239
25 26
25 27
25 28
25 29
25 30
25 31
25 32
25 35
25 36
25 39
25 40
25 41
25 44
25 47
25 48
25 50
25 51
25 54
25 55
25 56
25 57
25 60
25 64
25 65
25 66
25 72
25 74
25 75
25 76
25 77
25 78
25 79
25 81
25 83
25 87
25 88
25 89
25 93
25 101
25 110
25 113
25 114
25 129
25 133
25 136
25 143
25 152
25 153
25 154
25 163
25 164
25 178
25 180
25 188
25 189
25 192
25 193
25 197
25 198
25 202
25 204
25 206
25 209
25 213
25 224
25 225
25 235
25 246
25 248
26 27
26 28
26 29
26 31
26 32
26 33
26 37
26 39
26 41
26 42
26 43
26 44
26 45
26 46
26 54
26 55
26 56
26 58
26 62
26 64
26 65
26 67
26 68
26 70
26 71
26 76
26 77
26 83
26 87
26 89
26 93
26 96
26 98
26 116
26 118
26 122
26 124
26 128
26 130
26 131
26 132
26 136
26 138
26 139
26 154
26 155
26 156
26 170
26 183
26 184
26 185
26 186
26 190
26 194
26 197
26 204
26 207
26 208
26 211
26 215
26 218
26 229
26 241
26 244
26 247
27 28
27 29
27 30
27 31
27 32
27 33
27 34
27 35
27 37
27 38
27 41
27 42
27 44
27 45
27 46
27 49
27 50
27 51
27 52
27 53
27 55
27 60
27 61
27 65
27 66
27 72
27 73
27 75
27 76
27 82
27 83
27 85
27 89
27 94
27 95
27 99
27 101
27 102
27 104
27 106
27 109
27 110
27 113
27 124
27 125
27 130
27 133
27 134
27 136
27 137
27 141
27 143
27 147
27 158
27 169
27 171
27 173
27 194
27 196
27 199
27 211
27 219
27 220
27 233
27 237
27 240
27 241
27 244
27 246
27 249
28 30
28 32
28 33
28 34
28 35
28 36
28 37
28 39
28 40
28 41
28 43
28 44
28 45
28 46
28 48
28 49
28 52
28 53
28 54
28 56
28 57
28 58
28 60
28 61
28 63
28 64
28 65
28 67
28 68
28 69
28 71
28 73
28 76
28 78
28 84
28 88
28 90
28 92
28 102
28 106
28 110
28 114
28 116
28 117
28 118
28 128
28 130
28 131
28 134
28 140
28 142
28 143
28 145
28 146
28 155
28 156
28 161
28 167
28 174
28 176
28 181
28 183
28 186
28 188
28 189
28 193
28 194
28 203
28 205
28 206
28 210
28 215
28 219
28 220
28 225
28 228
28 236
28 238
28 239
28 241
28 245
28 248
29 30
29 31
29 32
29 33
29 34
29 35
29 36
29 37
29 38
29 40
29 41
29 44
29 45
29 47
29 48
29 49
29 50
29 51
29 53
29 54
29 55
29 57
29 59
29 62
29 63
29 64
29 65
29 66
29 68
29 70
29 73
29 74
29 75
29 79
29 80
29 87
29 94
29 99
29 103
29 105
29 107
29 108
29 109
29 119
29 120
29 121
29 130
29 133
29 134
29 135
29 138
29 140
29 141
29 152
29 156
29 157
29 164
29 165
29 167
29 172
29 175
29 181
29 182
29 184
29 185
29 190
29 191
29 192
29 197
29 201
29 205
29 207
29 216
29 217
29 245
30 31
30 32
30 33
30 35
30 36
30 37
30 38
30 39
30 42
30 50
30 57
30 58
30 60
30 61
30 62
30 64
30 65
30 67
30 72
30 75
30 76
30 77
30 81
30 82
30 83
30 85
30 86
30 91
30 92
30 95
30 96
30 98
30 100
30 107
30 111
30 114
30 116
30 117
30 122
30 124
30 127
30 133
30 138
30 152
30 155
30 159
30 173
30 176
30 178
30 184
30 188
30 190
30 192
30 194
30 203
30 218
30 229
30 238
30 239
30 243
31 32
31 33
31 34
31 36
31 37
31 38
31 44
31 52
31 55
31 56
31 57
31 58
31 61
31 63
31 69
31 73
31 82
31 85
31 86
31 87
31 88
31 89
31 99
31 101
31 103
31 105
31 106
31 107
31 111
31 112
31 114
31 115
31 116
31 118
31 120
31 122
31 126
31 132
31 135
31 138
31 139
31 166
31 173
31 181
31 182
31 186
31 197
31 199
31 203
31 207
31 210
31 215
31 218
31 222
31 227
31 241
32 33
32 34
32 35
32 36
32 37
32 39
32 42
32 44
32 45
32 46
32 47
32 53
32 60
32 62
32 63
32 64
32 65
32 67
32 69
32 72
32 77
32 79
32 81
32 83
32 86
32 90
32 92
32 93
32 94
32 99
32 100
32 101
32 104
32 105
32 107
32 108
32 112
32 113
32 116
32 117
32 120
32 128
32 131
32 134
32 138
32 149
32 153
32 162
32 165
32 166
32 180
32 183
32 185
32 187
32 190
32 198
32 201
32 202
32 219
32 221
32 232
32 233
32 236
32 238
32 247
32 248
33 34
33 35
33 36
33 37
33 39
33 41
33 42
33 43
33 44
33 45
33 46
33 47
33 48
33 49
33 50
33 51
33 52
33 54
33 58
33 59
33 60
33 61
33 63
33 70
33 72
33 74
33 75
33 77
33 79
33 81
33 82
33 90
33 91
33 94
33 95
33 98
33 99
33 102
33 106
33 108
33 109
33 110
33 111
33 117
33 119
33 121
33 124
33 134
33 136
33 139
33 145
33 147
33 151
33 154
33 156
33 157
33 159
33 166
33 168
33 173
33 182
33 183
33 188
33 190
33 197
33 198
33 199
33 202
33 203
33 206
33 209
33 212
33 213
33 215
33 217
33 222
33 231
33 234
33 235
33 238
34 36
34 38
34 39
34 40
34 41
34 43
34 44
34 45
34 47
34 50
34 51
34 52
34 54
34 55
34 58
34 59
34 61
34 62
34 63
34 65
34 67
34 68
34 73
34 75
34 77
34 80
34 81
34 82
34 84
34 85
34 86
34 91
34 95
34 107
34 108
34 112
34 113
34 115
34 116
34 119
34 125
34 127
34 130
34 131
34 134
34 139
34 142
34 144
34 147
34 156
34 163
34 168
34 170
34 172
34 174
34 180
34 187
34 192
34 195
34 198
34 199
34 204
34 209
34 225
34 241
34 242
35 36
35 38
35 42
35 48
35 53
35 54
35 56
35 66
35 77
35 78
35 83
35 85
35 92
35 94
35 101
35 107
35 108
35 110
35 111
35 115
35 118
35 124
35 125
35 126
35 129
35 130
35 143
35 148
35 151
35 155
35 162
35 163
35 168
35 172
35 179
35 195
35 202
35 216
35 217
35 238
35 240
35 243
35 244
36 40
36 41
36 42
36 43
36 44
36 45
36 47
36 48
36 52
36 55
36 57
36 58
36 60
36 66
36 70
36 71
36 78
36 81
36 83
36 84
36 87
36 91
36 92
36 93
36 98
36 102
36 104
36 106
36 113
36 114
36 115
36 119
36 121
36 125
36 128
36 129
36 132
36 139
36 145
36 151
36 155
36 163
36 164
36 167
36 171
36 177
36 179
36 181
36 185
36 188
36 194
36 205
36 208
36 219
36 223
36 232
36 237
36 239
36 240
36 242
36 244
36 245
36 246
37 38
37 43
37 44
37 45
37 46
37 47
37 48
37 49
37 50
37 53
37 54
37 55
37 56
37 57
37 65
37 69
37 70
37 71
37 79
37 88
37 89
37 91
37 95
37 103
37 104
37 111
37 118
37 121
37 127
37 149
37 153
37 163
37 165
37 180
37 185
37 191
37 197
37 199
37 214
37 221
37 227
37 243
38 39
38 41
38 43
38 45
38 46
38 51
38 55
38 60
38 61
38 63
38 83
38 94
38 98
38 101
38 105
38 109
38 133
38 144
38 156
38 170
38 174
38 202
38 204
38 208
38 214
38 243
39 40
39 42
39 43
39 44
39 45
39 46
39 47
39 48
39 51
39 53
39 56
39 57
39 59
39 61
39 64
39 65
39 68
39 69
39 73
39 74
39 75
39 76
39 82
39 83
39 90
39 91
39 92
39 93
39 98
39 100
39 102
39 106
39 118
39 121
39 123
39 124
39 138
39 139
39 150
39 154
39 155
39 162
39 163
39 168
39 174
39 179
39 187
39 191
39 194
39 195
39 204
39 205
39 206
39 210
39 215
39 217
39 230
39 234
39 236
39 239
40 42
40 44
40 46
40 48
40 49
40 51
40 55
40 57
40 59
40 61
40 66
40 67
40 70
40 71
40 72
40 73
40 79
40 80
40 81
40 82
40 87
40 89
40 93
40 95
40 105
40 111
40 114
40 125
40 131
40 132
40 133
40 134
40 135
40 138
40 144
40 145
40 146
40 151
40 153
40 162
40 172
40 176
40 178
40 193
40 198
40 202
40 203
40 205
40 212
40 220
40 224
40 225
40 245
40 248
41 42
41 46
41 47
41 49
41 52
41 56
41 59
41 61
41 69
41 71
41 78
41 80
41 88
41 89
41 100
41 103
41 106
41 124
41 128
41 131
41 136
41 141
41 150
41 151
41 155
41 165
41 169
41 172
41 173
41 180
41 189
41 201
41 226
41 235
41 236
41 242
42 47
42 48
42 59
42 72
42 73
42 78
42 79
42 92
42 102
42 104
42 109
42 117
42 127
42 141
42 145
42 154
42 161
42 170
42 178
42 189
42 208
42 232
42 234
42 235
42 243
43 45
43 46
43 47
43 48
43 51
43 53
43 56
43 57
43 60
43 74
43 79
43 86
43 87
43 92
43 93
43 94
43 95
43 114
43 121
43 122
43 123
43 129
43 131
43 134
43 141
43 144
43 159
43 163
43 176
43 184
43 188
43 190
43 192
43 200
43 209
43 217
43 219
43 231
43 247
44 47
44 49
44 50
44 56
44 58
44 59
44 63
44 66
44 71
44 72
44 76
44 77
44 88
44 92
44 93
44 103
44 111
44 114
44 121
44 123
44 138
44 150
44 153
44 156
44 159
44 161
44 169
44 172
44 177
44 189
44 200
44 206
44 208
44 216
44 221
44 222
44 225
44 228
44 240
44 246
45 49
45 50
45 52
45 53
45 54
45 55
45 57
45 59
45 60
45 61
45 63
45 68
45 69
45 70
45 71
45 75
45 76
45 77
45 78
45 88
45 91
45 94
45 95
45 96
45 97
45 98
45 99
45 100
45 106
45 113
45 117
45 119
45 121
45 122
45 123
45 126
45 130
45 132
45 141
45 142
45 146
45 147
45 155
45 156
45 160
45 169
45 171
45 191
45 205
45 216
45 218
45 223
45 224
45 226
45 229
45 230
45 233
45 238
45 242
45 247
46 47
46 49
46 54
46 55
46 58
46 60
46 61
46 64
46 65
46 67
46 71
46 72
46 80
46 81
46 82
46 84
46 95
46 96
46 99
46 105
46 109
46 112
46 121
46 132
46 133
46 139
46 140
46 148
46 160
46 162
46 165
46 184
46 195
46 196
46 206
46 220
46 226
46 231
46 238
46 247
47 48
47 50
47 52
47 55
47 61
47 62
47 68
47 73
47 74
47 75
47 76
47 78
47 80
47 83
47 86
47 88
47 94
47 98
47 100
47 106
47 113
47 118
47 119
47 127
47 128
47 132
47 133
47 143
47 155
47 156
47 157
47 158
47 159
47 168
47 177
47 179
47 182
47 187
47 194
47 196
47 200
47 202
47 205
47 212
47 224
47 225
47 228
47 239
47 240
47 241
47 244
48 54
48 55
48 58
48 66
48 68
48 69
48 70
48 71
48 72
48 73
48 76
48 80
48 82
48 85
48 87
48 100
48 101
48 107
48 110
48 126
48 143
48 151
48 152
48 154
48 177
48 202
48 207
48 213
48 220
48 231
48 238
48 249
49 51
49 54
49 57
49 66
49 68
49 70
49 72
49 73
49 77
49 79
49 82
49 89
49 92
49 96
49 97
49 103
49 106
49 126
49 131
49 157
49 158
49 162
49 165
49 166
49 169
49 177
49 178
49 184
49 192
49 198
49 201
49 204
49 214
49 218
49 225
49 242
50 51
50 52
50 53
50 57
50 62
50 64
50 66
50 74
50 75
50 79
50 80
50 86
50 91
50 95
50 96
50 103
50 105
50 107
50 110
50 111
50 112
50 113
50 116
50 119
50 123
50 128
50 129
50 148
50 150
50 151
50 152
50 169
50 173
50 175
50 176
50 183
50 186
50 189
50 201
50 208
50 211
50 216
50 217
50 220
50 233
50 241
50 243
50 245
50 248
51 55
51 56
51 58
51 60
51 65
51 67
51 69
51 89
51 90
51 99
51 102
51 104
51 106
51 113
51 115
51 118
51 123
51 124
51 127
51 128
51 137
51 148
51 151
51 158
51 160
51 162
51 164
51 171
51 172
51 175
51 184
51 197
51 219
51 224
51 226
51 247
52 56
52 60
52 63
52 65
52 67
52 70
52 72
52 82
52 83
52 86
52 89
52 94
52 97
52 104
52 106
52 107
52 113
52 123
52 130
52 132
52 136
52 140
52 142
52 145
52 162
52 164
52 165
52 169
52 179
52 180
52 182
52 189
52 195
52 212
52 215
52 224
52 226
52 227
52 233
52 241
52 244
52 247
53 54
53 65
53 67
53 71
53 74
53 77
53 78
53 85
53 90
53 92
53 97
53 105
53 112
53 118
53 121
53 126
53 128
53 129
53 130
53 131
53 140
53 146
53 148
53 150
53 152
53 153
53 156
53 158
53 163
53 167
53 173
53 185
53 187
53 188
53 211
53 214
53 234
53 238
53 246
54 57
54 59
54 72
54 76
54 79
54 85
54 87
54 88
54 90
54 92
54 97
54 103
54 114
54 116
54 119
54 124
54 128
54 129
54 147
54 152
54 161
54 163
54 187
54 190
54 212
54 215
54 231
54 245
55 56
55 67
55 69
55 71
55 76
55 80
55 86
55 94
55 98
55 110
55 111
55 112
55 114
55 115
55 116
55 125
55 134
55 135
55 147
55 149
55 160
55 163
55 166
55 179
55 181
55 183
55 204
55 206
55 208
55 210
55 217
55 228
55 241
55 242
56 90
56 92
56 95
56 109
56 110
56 135
56 138
56 141
56 145
56 162
56 172
56 191
56 194
56 206
56 210
56 227
56 235
57 63
57 64
57 68
57 70
57 79
57 80
57 81
57 90
57 96
57 99
57 100
57 101
57 103
57 125
57 126
57 131
57 132
57 133
57 153
57 165
57 169
57 175
57 193
57 200
57 203
57 210
57 213
57 232
57 233
58 60
58 62
58 69
58 79
58 84
58 87
58 105
58 114
58 117
58 124
58 132
58 138
58 145
58 158
58 160
58 164
58 167
58 169
58 172
58 177
58 179
58 199
58 200
58 213
58 220
58 231
58 234
58 240
58 246
59 60
59 62
59 63
59 65
59 71
59 72
59 73
59 77
59 83
59 85
59 87
59 90
59 100
59 108
59 114
59 129
59 134
59 139
59 142
59 166
59 170
59 176
59 177
59 182
59 187
59 189
59 196
59 206
59 220
59 223
59 236
59 242
59 248
60 61
60 69
60 71
60 74
60 76
60 78
60 79
60 82
60 90
60 94
60 95
60 98
60 99
60 126
60 128
60 133
60 139
60 144
60 153
60 175
60 183
60 189
60 202
60 204
60 213
60 220
60 221
60 239
60 240
60 249
61 63
61 66
61 67
61 68
61 69
61 70
61 74
61 78
61 81
61 83
61 84
61 90
61 91
61 108
61 111
61 119
61 122
61 129
61 133
61 136
61 141
61 145
61 148
61 176
61 180
61 182
61 223
61 232
62 63
62 64
62 65
62 85
62 87
62 88
62 90
62 93
62 95
62 99
62 104
62 120
62 121
62 123
62 133
62 143
62 146
62 148
62 152
62 159
62 170
62 178
62 181
62 203
62 224
62 237
62 245
62 249
63 64
63 75
63 100
63 104
63 105
63 112
63 121
63 122
63 130
63 139
63 144
63 153
63 154
63 157
63 160
63 161
63 174
63 185
63 186
63 196
63 209
63 215
63 237
63 248
64 67
64 74
64 121
64 137
64 156
64 159
64 176
64 179
64 180
64 196
64 213
65 66
65 78
65 82
65 84
65 85
65 88
65 92
65 97
65 105
65 109
65 115
65 121
65 122
65 126
65 127
65 132
65 143
65 147
65 149
65 158
65 167
65 170
65 183
65 185
65 192
65 199
65 202
65 215
65 235
66 69
66 75
66 80
66 81
66 121
66 136
66 138
66 142
66 176
66 178
66 199
66 205
66 208
66 219
66 222
66 228
66 230
67 74
67 77
67 79
67 83
67 89
67 91
67 99
67 103
67 104
67 111
67 117
67 119
67 132
67 136
67 137
67 139
67 149
67 150
67 152
67 158
67 160
67 164
67 171
67 174
67 182
67 183
67 186
67 194
67 200
67 208
67 211
67 221
67 231
67 236
67 243
67 245
68 70
68 78
68 101
68 112
68 134
68 144
68 148
68 172
68 175
68 180
68 207
68 211
68 226
68 230
68 234
68 237
68 240
68 248
69 82
69 91
69 96
69 99
69 111
69 117
69 129
69 132
69 149
69 151
69 152
69 168
69 170
69 179
69 190
69 198
69 203
69 207
69 233
69 247
70 73
70 81
70 86
70 88
70 93
70 96
70 97
70 110
70 113
70 115
70 118
70 121
70 127
70 137
70 140
70 150
70 166
70 178
70 179
70 181
70 183
70 193
70 196
70 197
70 205
70 206
70 212
70 245
71 78
71 80
71 83
71 88
71 91
71 103
71 108
71 111
71 116
71 117
71 120
71 126
71 127
71 136
71 137
71 138
71 144
71 149
71 155
71 163
71 164
71 184
71 199
71 214
72 84
72 99
72 100
72 103
72 104
72 122
72 125
72 128
72 159
72 161
72 168
72 179
72 182
72 186
72 191
72 206
72 216
72 220
72 221
72 228
72 237
72 238
73 92
73 103
73 104
73 134
73 139
73 140
73 148
73 165
73 167
73 198
73 201
73 204
73 208
73 219
74 76
74 77
74 84
74 92
74 98
74 100
74 106
74 109
74 113
74 116
74 129
74 130
74 143
74 164
74 180
74 185
74 202
74 208
74 213
74 217
74 221
75 77
75 78
75 82
75 88
75 90
75 93
75 96
75 108
75 112
75 113
75 121
75 141
75 143
75 150
75 154
75 159
75 167
75 213
75 214
75 215
75 219
75 236
76 80
76 93
76 95
76 97
76 110
76 113
76 118
76 120
76 137
76 140
76 151
76 156
76 171
76 172
76 176
76 184
76 195
76 202
76 243
76 247
77 84
77 89
77 97
77 106
77 135
77 142
77 148
77 149
77 177
77 184
77 205
77 209
77 211
77 214
77 230
78 82
78 113
78 155
78 165
78 171
78 216
78 217
78 220
78 248
79 87
79 90
79 95
79 99
79 109
79 110
79 113
79 119
79 120
79 122
79 125
79 134
79 146
79 148
79 149
79 150
79 161
79 164
79 168
79 173
79 174
79 187
79 188
79 191
79 196
79 210
79 213
79 214
79 217
79 222
79 227
79 232
79 234
79 237
79 240
79 248
80 84
80 85
80 89
80 91
80 93
80 110
80 115
80 128
80 129
80 132
80 133
80 140
80 146
80 148
80 165
80 173
80 178
80 182
80 191
80 193
80 199
80 218
80 236
80 240
80 247
81 82
81 89
81 94
81 97
81 104
81 105
81 106
81 113
81 114
81 120
81 122
81 125
81 129
81 136
81 151
81 157
81 184
81 188
81 209
81 214
81 226
81 239
82 91
82 107
82 112
82 114
82 117
82 118
82 123
82 125
82 146
82 174
82 185
82 199
82 203
82 212
83 88
83 89
83 94
83 96
83 97
83 111
83 143
83 210
83 228
83 229
84 96
84 102
84 105
84 116
84 117
84 120
84 123
84 126
84 139
84 149
84 153
84 158
84 161
84 162
84 170
84 186
84 193
84 199
84 212
84 217
84 227
84 238
85 93
85 97
85 99
85 102
85 124
85 132
85 134
85 158
85 179
85 180
85 190
85 191
85 192
85 197
85 203
85 207
85 223
86 105
86 113
86 114
86 115
86 118
86 119
86 154
86 156
86 160
86 164
86 167
86 195
86 208
86 216
86 232
87 95
87 97
87 102
87 107
87 116
87 122
87 123
87 147
87 155
87 166
87 182
87 190
87 193
87 207
87 210
87 221
87 229
87 231
88 98
88 111
88 122
88 131
88 147
88 153
88 162
88 172
88 195
88 198
88 202
88 205
88 214
88 215
88 220
88 226
88 243
89 98
89 109
89 115
89 124
89 127
89 136
89 186
89 207
90 94
90 101
90 115
90 124
90 126
90 130
90 141
90 152
90 158
90 174
90 185
90 186
90 207
90 212
91 104
91 115
91 131
91 166
91 170
91 174
91 193
91 198
91 205
91 206
91 214
91 225
91 240
92 104
92 110
92 120
92 125
92 127
92 130
92 141
92 144
92 159
92 164
92 178
92 180
92 199
92 201
92 203
92 218
93 100
93 108
93 125
93 132
93 141
93 167
93 175
93 182
93 239
93 241
94 107
94 116
94 120
94 125
94 126
94 133
94 136
94 139
94 142
94 143
94 150
94 155
94 158
94 159
94 175
94 195
94 205
94 210
94 211
94 212
94 219
94 228
94 233
94 236
94 242
94 243
94 245
95 97
95 106
95 157
95 176
95 195
95 214
95 215
95 243
95 249
96 103
96 106
96 107
96 123
96 133
96 155
96 166
96 169
96 175
96 183
96 192
96 205
96 219
96 231
96 237
97 101
97 102
97 127
97 136
97 137
97 139
97 164
97 187
97 212
98 99
98 102
98 106
98 108
98 123
98 135
98 137
98 169
98 177
98 200
98 207
98 218
98 224
98 237
99 109
99 113
99 116
99 127
99 132
99 141
99 142
99 157
99 160
99 163
99 167
99 172
99 174
99 177
99 178
99 192
99 194
99 213
99 214
99 216
99 228
99 239
99 244
100 108
100 109
100 119
100 120
100 143
100 146
100 149
100 159
100 192
100 196
100 207
100 209
100 214
100 221
100 223
100 235
101 109
101 110
101 130
101 132
101 145
101 180
101 185
101 198
101 203
101 232
102 107
102 112
102 115
102 120
102 126
102 135
102 150
102 168
102 176
102 178
102 180
102 221
102 235
102 237
102 246
103 106
103 108
103 109
103 122
103 130
103 135
103 138
103 140
103 156
103 157
103 173
103 188
103 211
103 216
103 228
103 239
103 242
103 245
103 246
103 247
104 115
104 117
104 123
104 124
104 133
104 167
104 170
104 171
104 190
104 200
104 201
104 214
104 233
104 238
104 249
105 111
105 125
105 136
105 157
105 162
105 164
105 171
105 200
105 205
105 209
105 234
106 122
106 131
106 135
106 136
106 139
106 143
106 144
106 147
106 166
106 201
106 218
106 221
106 236
107 137
107 178
107 187
107 190
107 193
107 211
107 219
107 225
107 240
107 245
108 109
108 111
108 117
108 120
108 136
108 138
108 148
108 154
108 158
108 171
108 176
108 181
108 183
108 220
108 237
109 118
109 120
109 129
109 130
109 137
109 139
109 161
109 176
109 191
109 192
109 201
109 206
109 232
109 242
110 145
110 166
110 182
110 189
110 196
110 223
111 114
111 135
111 140
111 145
111 148
111 150
111 161
111 166
111 167
111 227
111 233
111 244
112 119
112 120
112 143
112 154
112 164
112 166
112 176
112 189
112 196
112 210
112 222
112 229
113 115
113 119
113 124
113 142
113 145
113 155
113 163
113 168
113 195
113 204
113 207
113 209
113 215
113 222
113 233
113 236
114 123
114 129
114 143
114 151
114 165
114 175
114 177
114 178
114 191
115 127
115 147
115 202
115 212
115 213
115 215
115 232
115 233
115 236
115 242
115 245
116 130
116 142
116 146
116 150
116 153
116 161
116 173
116 188
116 203
116 207
116 209
116 211
116 215
116 223
117 119
117 128
117 133
117 151
117 152
117 155
117 160
117 170
117 171
117 175
117 186
117 190
117 214
117 216
117 222
117 239
117 246
118 138
118 151
118 159
118 163
118 174
118 178
118 192
118 193
118 199
118 220
118 222
118 233
119 123
119 125
119 128
119 130
119 142
119 145
119 148
119 153
119 166
119 172
119 203
119 213
119 242
119 243
119 248
120 142
120 150
120 185
120 195
120 202
120 225
120 229
120 242
121 122
121 134
121 138
121 147
121 174
121 177
121 189
121 193
121 235
122 134
122 140
122 141
122 158
122 169
122 178
122 187
122 198
122 203
122 210
123 159
123 170
123 173
123 218
123 232
123 244
124 137
124 171
124 182
124 187
124 199
124 210
124 223
124 232
124 235
124 240
125 126
125 129
125 163
125 173
125 179
125 221
125 228
125 240
126 128
126 142
126 177
126 189
126 209
126 214
126 217
126 222
126 249
127 131
127 140
127 144
127 154
127 160
127 161
127 162
127 180
127 181
127 183
127 209
127 218
127 219
127 221
128 163
128 165
128 168
128 171
128 190
128 207
128 211
128 220
128 249
129 150
129 175
129 177
129 247
130 160
130 172
130 174
130 197
130 215
131 137
131 138
131 154
131 159
131 180
131 189
131 191
131 233
131 238
131 246
132 138
132 151
132 156
133 135
133 136
133 167
133 175
133 177
133 181
133 201
133 230
133 231
133 232
133 246
134 141
134 144
134 145
134 152
134 153
134 212
134 225
135 142
135 159
135 166
135 168
135 175
135 186
135 204
135 209
135 218
135 222
135 224
135 228
135 229
135 233
135 237
135 244
136 147
136 161
136 162
136 196
136 198
136 221
136 222
136 227
136 231
136 233
136 241
137 149
137 158
137 166
137 184
137 196
137 211
137 228
137 249
138 175
138 187
138 193
138 229
138 237
139 144
139 149
139 154
139 156
139 166
139 167
139 179
139 185
139 188
139 189
139 202
139 205
140 147
140 169
140 177
140 200
140 204
140 206
140 212
140 216
140 217
141 150
141 160
141 163
141 170
141 194
142 157
142 185
142 192
142 200
143 147
143 154
143 156
143 160
143 162
143 180
143 191
143 193
143 198
143 199
143 211
143 224
143 226
143 231
143 232
143 247
144 154
144 171
144 172
144 174
144 192
145 146
145 150
145 164
145 171
145 187
145 189
145 216
145 225
145 243
146 197
147 168
147 186
147 188
147 191
147 213
147 245
148 151
148 161
148 168
148 175
148 176
148 178
148 196
148 198
148 203
148 230
149 194
149 196
149 227
149 235
149 247
149 249
150 155
150 178
150 190
150 192
150 202
150 239
150 245
151 183
151 184
151 187
151 197
151 229
152 153
152 181
152 192
152 200
152 204
152 235
152 243
153 158
153 161
153 196
153 208
153 225
153 246
153 248
154 160
154 165
154 167
154 182
154 184
154 187
154 189
154 203
154 204
154 217
154 225
154 228
154 237
155 172
155 190
155 195
155 198
155 228
155 233
155 248
156 173
156 176
156 179
156 193
156 200
156 209
156 216
156 219
156 239
157 164
157 165
157 169
157 204
157 211
157 227
158 162
158 173
158 177
158 182
158 190
158 203
158 218
158 223
158 228
158 230
158 232
158 236
158 241
158 246
159 212
160 249
161 182
161 188
161 219
161 227
161 239
161 244
162 164
162 169
162 177
162 179
162 185
162 194
162 211
162 214
162 235
163 174
163 184
163 187
163 235
164 166
164 190
164 195
164 205
164 229
164 243
164 246
165 193
165 217
165 236
165 244
166 171
166 174
166 182
166 215
166 218
166 219
166 230
167 170
167 207
167 213
167 222
167 225
167 229
167 230
168 174
169 173
169 176
169 192
169 199
169 209
169 223
170 183
170 224
171 232
172 173
172 217
172 223
172 234
172 240
172 241
173 194
173 218
173 228
174 180
174 191
174 202
174 211
174 216
174 221
174 240
174 243
175 186
175 188
175 193
175 238
176 185
176 227
177 197
177 215
178 185
178 191
178 208
178 224
178 249
179 200
179 201
179 204
180 183
180 192
180 195
180 197
180 198
180 207
180 213
180 227
180 230
180 236
181 234
182 183
182 189
182 209
182 230
183 200
183 212
183 213
183 216
183 223
183 237
183 246
184 188
184 218
184 231
185 229
185 234
186 199
186 243
186 245
187 188
187 222
187 223
188 194
188 197
188 199
188 210
188 218
188 247
190 219
190 233
191 200
191 205
191 219
191 249
192 196
192 212
192 225
192 231
192 237
192 238
193 216
194 198
194 208
194 217
194 237
194 244
194 246
195 197
195 201
195 215
195 217
195 239
195 241
196 211
198 210
198 226
199 235
200 201
200 203
200 226
200 227
200 230
200 238
200 240
200 242
201 223
201 239
202 226
202 227
202 244
203 209
203 216
203 244
203 245
204 206
204 230
204 233
204 236
205 206
205 224
206 218
206 246
206 249
207 210
207 227
208 212
208 215
208 226
208 229
208 241
208 245
209 244
210 213
210 217
210 220
210 230
211 234
212 214
212 222
212 237
212 241
212 242
213 223
213 234
213 241
214 219
214 224
214 235
215 221
215 226
215 244
216 230
217 231
217 247
218 224
218 236
219 236
220 245
221 225
221 227
222 235
223 224
223 227
223 241
224 230
224 236
226 231
227 244
228 242
228 248
230 232
231 234
231 238
232 243
232 244
233 236
233 245
236 243
238 248
239 248
240 249
241 248
243 244
246 248
