0 1
0 2
0 3
0 4
0 5
0 6
0 7
0 8
0 9
0 10
0 11
0 12
0 13
0 14
0 15
0 16
0 17
0 18
0 19
0 20
0 21
0 22
0 25
0 26
0 27
0 28
0 30
0 32
0 33
0 35
0 38
0 40
0 41
0 46
0 47
0 51
0 54
0 55
0 57
0 58
0 59
0 62
0 63
0 66
0 68
0 69
0 77
0 82
0 86
0 88
0 89
0 92
0 94
0 96
0 99
0 104
0 106
0 110
0 112
0 114
0 116
0 117
0 120
0 130
0 134
0 150
0 154
0 165
0 166
0 181
0 188
0 195
0 196
0 202
0 205
0 206
0 208
0 210
0 219
0 220
0 228
0 230
0 235
0 236
0 244
0 245
0 247
1 13
1 14
1 18
1 20
1 21
1 23
1 24
1 25
1 26
1 31
1 35
1 39
1 41
1 43
1 54
1 56
1 57
1 58
1 62
1 66
1 68
1 70
1 79
1 87
1 88
1 95
1 99
1 116
1 123
1 125
1 128
1 131
1 138
1 139
1 140
1 143
1 151
1 159
1 164
1 169
1 189
1 192
1 204
1 217
1 218
1 223
1 232
1 243
2 13
2 14
2 15
2 16
2 17
2 23
2 45
2 51
2 61
2 67
2 80
2 81
2 82
2 105
2 111
2 128
2 146
2 168
2 173
2 222
3 13
3 14
3 15
3 17
3 18
3 20
3 21
3 23
3 25
3 26
3 28
3 30
3 31
3 32
3 34
3 37
3 49
3 50
3 55
3 56
3 57
3 61
3 78
3 82
3 83
3 91
3 102
3 114
3 115
3 118
3 124
3 126
3 127
3 135
3 140
3 152
3 162
3 172
3 173
3 182
3 219
3 244
4 13
4 14
4 15
4 16
4 18
4 19
4 21
4 23
4 25
4 27
4 28
4 30
4 33
4 35
4 36
4 37
4 38
4 42
4 50
4 55
4 66
4 67
4 70
4 79
4 83
4 86
4 88
4 93
4 98
4 101
4 105
4 109
4 118
4 120
4 122
4 124
4 137
4 145
4 146
4 150
4 153
4 154
4 159
4 161
4 162
4 168
4 169
4 173
4 175
4 179
4 187
4 194
4 197
4 204
4 215
4 240
5 13
5 15
5 16
5 17
5 21
5 24
5 27
5 33
5 34
5 39
5 40
5 44
5 45
5 47
5 50
5 59
5 67
5 76
5 84
5 86
5 90
5 97
5 105
5 107
5 117
5 121
5 133
5 145
5 151
5 155
5 170
5 178
5 205
5 237
6 13
6 14
6 15
6 16
6 17
6 18
6 21
6 31
6 35
6 48
6 52
6 55
6 72
6 78
6 90
6 95
6 99
6 105
6 112
6 113
6 121
6 154
6 194
6 199
7 13
7 14
7 15
7 16
7 17
7 18
7 19
7 21
7 29
7 30
7 31
7 34
7 36
7 37
7 39
7 42
7 47
7 53
7 54
7 67
7 68
7 74
7 81
7 104
7 106
7 111
7 120
7 145
7 151
7 158
7 181
7 183
7 194
7 201
7 209
7 240
8 13
8 14
8 15
8 17
8 19
8 20
8 21
8 22
8 23
8 26
8 27
8 29
8 32
8 33
8 36
8 43
8 44
8 45
8 46
8 49
8 55
8 69
8 71
8 74
8 86
8 87
8 104
8 113
8 123
8 130
8 139
8 148
8 151
8 152
8 160
8 164
8 169
8 175
8 195
8 203
8 205
8 214
8 218
8 224
9 13
9 14
9 15
9 17
9 19
9 20
9 21
9 29
9 37
9 41
9 67
9 90
9 95
9 103
9 127
9 135
9 153
9 167
9 187
9 191
9 222
10 13
10 14
10 15
10 16
10 19
10 22
10 25
10 31
10 32
10 34
10 37
10 49
10 50
10 56
10 65
10 73
10 76
10 101
10 107
10 138
10 193
10 218
10 238
11 13
11 14
11 16
11 20
11 22
11 23
11 24
11 28
11 29
11 38
11 39
11 40
11 45
11 49
11 59
11 69
11 72
11 74
11 75
11 84
11 95
11 102
11 114
11 118
11 120
11 125
11 126
11 127
11 128
11 142
11 152
11 155
11 167
11 170
11 174
11 184
11 196
11 206
11 213
11 215
11 229
11 235
12 16
12 18
12 20
12 21
12 22
12 24
12 29
12 31
12 33
12 38
12 39
12 41
12 45
12 47
12 54
12 73
12 74
12 77
12 84
12 85
12 107
12 111
12 177
12 185
12 193
12 218
13 14
13 15
13 16
13 17
13 18
13 19
13 20
13 21
13 22
13 24
13 26
13 27
13 28
13 29
13 30
13 31
13 32
13 34
13 35
13 37
13 38
13 39
13 40
13 41
13 44
13 45
13 46
13 50
13 51
13 52
13 56
13 58
13 60
13 63
13 68
13 70
13 72
13 75
13 76
13 78
13 79
13 80
13 82
13 84
13 85
13 95
13 97
13 100
13 103
13 104
13 105
13 106
13 109
13 112
13 114
13 117
13 118
13 119
13 120
13 122
13 125
13 131
13 134
13 137
13 140
13 141
13 149
13 154
13 161
13 162
13 164
13 166
13 167
13 172
13 179
13 180
13 184
13 185
13 187
13 190
13 195
13 196
13 199
13 201
13 202
13 207
13 210
13 214
13 231
13 232
13 235
13 237
13 238
14 15
14 16
14 17
14 18
14 19
14 20
14 22
14 24
14 25
14 26
14 27
14 29
14 31
14 33
14 34
14 38
14 39
14 40
14 41
14 42
14 45
14 48
14 54
14 56
14 58
14 59
14 61
14 64
14 65
14 66
14 69
14 73
14 74
14 75
14 79
14 80
14 86
14 87
14 91
14 97
14 113
14 128
14 138
14 152
14 155
14 157
14 158
14 164
14 165
14 176
14 183
14 205
14 208
14 209
14 211
14 212
14 216
14 229
14 234
14 245
14 249
15 16
15 17
15 18
15 19
15 22
15 23
15 24
15 25
15 26
15 30
15 33
15 35
15 36
15 43
15 45
15 49
15 50
15 53
15 55
15 56
15 60
15 62
15 63
15 66
15 73
15 76
15 86
15 89
15 97
15 101
15 102
15 105
15 108
15 111
15 118
15 124
15 129
15 132
15 138
15 144
15 147
15 149
15 152
15 153
15 156
15 158
15 160
15 161
15 165
15 167
15 174
15 177
15 178
15 180
15 186
15 195
15 200
15 203
15 206
15 210
15 212
15 222
15 226
15 236
15 245
15 246
16 17
16 18
16 19
16 20
16 21
16 24
16 25
16 28
16 29
16 32
16 36
16 45
16 48
16 52
16 67
16 70
16 71
16 76
16 77
16 78
16 80
16 85
16 87
16 91
16 93
16 98
16 106
16 115
16 122
16 132
16 135
16 152
16 153
16 154
16 158
16 165
16 173
16 179
16 181
16 198
16 203
16 208
16 210
16 221
16 222
16 223
16 240
17 18
17 19
17 20
17 22
17 23
17 24
17 27
17 28
17 30
17 32
17 35
17 36
17 38
17 39
17 42
17 44
17 45
17 46
17 49
17 50
17 51
17 54
17 56
17 57
17 68
17 75
17 76
17 85
17 92
17 96
17 100
17 113
17 121
17 124
17 128
17 133
17 156
17 157
17 159
17 170
17 189
17 209
17 210
17 213
17 219
17 222
17 226
17 244
17 249
18 19
18 22
18 23
18 24
18 25
18 26
18 30
18 33
18 37
18 44
18 48
18 51
18 60
18 64
18 65
18 67
18 69
18 78
18 87
18 89
18 100
18 101
18 104
18 106
18 113
18 118
18 119
18 127
18 132
18 133
18 147
18 154
18 167
18 168
18 173
18 196
18 209
18 217
18 226
18 230
18 241
18 247
19 20
19 23
19 25
19 26
19 29
19 32
19 34
19 36
19 42
19 43
19 44
19 46
19 51
19 52
19 53
19 54
19 57
19 64
19 72
19 73
19 75
19 76
19 81
19 83
19 86
19 91
19 92
19 93
19 95
19 100
19 104
19 107
19 112
19 131
19 133
19 139
19 146
19 157
19 158
19 160
19 163
19 168
19 176
19 178
19 179
19 192
19 198
19 211
19 218
19 220
19 223
19 224
19 232
19 233
19 236
19 238
19 247
20 22
20 23
20 24
20 26
20 27
20 28
20 30
20 31
20 34
20 36
20 38
20 40
20 44
20 46
20 48
20 49
20 61
20 66
20 67
20 81
20 83
20 88
20 91
20 92
20 94
20 95
20 101
20 106
20 116
20 121
20 124
20 143
20 147
20 157
20 158
20 163
20 164
20 168
20 176
20 178
20 186
20 195
20 207
20 208
20 211
20 216
20 222
20 223
20 228
20 233
20 235
20 240
20 241
20 242
21 22
21 25
21 27
21 28
21 34
21 36
21 38
21 44
21 47
21 49
21 51
21 58
21 64
21 65
21 70
21 77
21 83
21 90
21 96
21 100
21 101
21 103
21 131
21 155
21 160
21 163
21 190
21 217
21 221
21 225
21 226
21 231
21 240
21 242
21 247
22 23
22 24
22 25
22 26
22 28
22 29
22 31
22 32
22 35
22 42
22 46
22 50
22 51
22 53
22 55
22 58
22 62
22 63
22 67
22 73
22 79
22 84
22 90
22 95
22 98
22 112
22 122
22 123
22 136
22 142
22 145
22 152
22 156
22 157
22 160
22 164
22 172
22 173
22 174
22 178
22 179
22 183
22 184
22 192
22 193
22 196
22 199
22 212
22 224
22 229
22 237
22 242
23 26
23 27
23 28
23 34
23 37
23 50
23 54
23 62
23 65
23 77
23 79
23 94
23 100
23 102
23 104
23 110
23 120
23 125
23 142
23 171
23 179
23 223
23 230
24 27
24 28
24 32
24 33
24 36
24 38
24 41
24 42
24 43
24 47
24 61
24 63
24 81
24 89
24 94
24 100
24 105
24 107
24 110
24 115
24 136
24 140
24 157
24 166
24 169
24 180
24 181
24 185
24 194
24 195
24 201
24 211
24 213
24 218
24 229
24 231
24 233
24 239
25 38
25 40
25 41
25 42
25 44
25 51
25 53
25 59
25 60
25 68
25 78
25 83
25 89
25 102
25 104
25 108
25 111
25 151
25 163
25 164
25 176
25 182
25 185
25 218
25 224
25 236
25 240
26 27
26 29
26 30
26 33
26 35
26 37
26 39
26 40
26 43
26 49
26 51
26 52
26 56
26 60
26 63
26 65
26 66
26 68
26 69
26 71
26 72
26 73
26 80
26 81
26 87
26 96
26 105
26 109
26 119
26 126
26 132
26 137
26 141
26 148
26 162
26 165
26 172
26 178
26 185
26 187
26 189
26 198
26 199
26 210
26 212
26 213
26 214
26 237
26 242
27 29
27 30
27 32
27 38
27 45
27 50
27 53
27 54
27 59
27 60
27 61
27 66
27 68
27 69
27 83
27 88
27 92
27 94
27 107
27 112
27 113
27 118
27 124
27 139
27 142
27 145
27 149
27 153
27 154
27 159
27 161
27 170
27 174
27 188
27 195
27 197
27 201
27 206
27 223
27 227
27 231
27 233
27 243
27 248
28 32
28 35
28 37
28 42
28 59
28 64
28 67
28 75
28 82
28 85
28 89
28 90
28 97
28 100
28 102
28 114
28 129
28 148
28 152
28 161
28 167
28 169
28 171
28 177
28 178
28 192
28 209
28 214
28 219
28 238
28 248
29 30
29 31
29 34
29 41
29 42
29 43
29 46
29 48
29 58
29 64
29 66
29 76
29 82
29 106
29 110
29 119
29 121
29 122
29 125
29 126
29 131
29 140
29 160
29 162
29 179
29 180
29 187
29 189
29 198
29 200
29 208
29 218
29 224
29 234
30 31
30 33
30 40
30 43
30 46
30 48
30 59
30 60
30 69
30 70
30 71
30 74
30 93
30 101
30 102
30 109
30 123
30 124
30 126
30 130
30 144
30 150
30 157
30 161
30 162
30 171
30 179
30 180
30 183
30 188
30 215
30 218
30 244
30 245
31 33
31 41
31 44
31 48
31 51
31 67
31 70
31 75
31 79
31 81
31 82
31 85
31 90
31 93
31 96
31 97
31 98
31 102
31 120
31 130
31 136
31 138
31 143
31 146
31 150
31 160
31 174
31 180
31 187
31 188
31 191
31 198
31 205
31 208
31 216
31 242
31 243
31 244
32 35
32 37
32 39
32 40
32 43
32 47
32 50
32 52
32 62
32 65
32 67
32 77
32 81
32 82
32 85
32 86
32 87
32 91
32 94
32 97
32 99
32 109
32 112
32 114
32 118
32 133
32 136
32 160
32 164
32 167
32 179
32 183
32 192
32 199
32 203
32 221
32 222
32 229
32 234
32 236
32 238
32 249
33 34
33 35
33 36
33 39
33 42
33 43
33 47
33 49
33 52
33 58
33 63
33 64
33 69
33 79
33 96
33 98
33 103
33 119
33 122
33 133
33 136
33 155
33 167
33 189
33 190
34 37
34 39
34 65
34 86
34 87
34 89
34 117
34 119
34 156
34 228
34 238
35 36
35 46
35 52
35 53
35 59
35 65
35 78
35 80
35 81
35 83
35 95
35 101
35 110
35 116
35 126
35 142
35 146
35 147
35 159
35 165
35 171
35 174
35 217
35 239
36 41
36 55
36 64
36 71
36 94
36 96
36 101
36 104
36 109
36 111
36 117
36 136
36 151
36 182
36 193
36 203
36 216
36 239
36 243
37 40
37 41
37 44
37 57
37 62
37 68
37 70
37 72
37 78
37 80
37 86
37 96
37 108
37 124
37 133
37 134
37 140
37 141
37 145
37 149
37 153
37 154
37 159
37 166
37 170
37 173
37 193
37 196
37 200
37 208
37 215
37 222
37 234
37 238
37 245
38 40
38 43
38 49
38 51
38 52
38 53
38 54
38 64
38 71
38 73
38 76
38 80
38 95
38 98
38 104
38 108
38 116
38 117
38 118
38 129
38 135
38 136
38 147
38 148
38 183
38 184
38 187
38 188
38 200
38 213
38 220
38 232
38 239
39 45
39 47
39 55
39 56
39 83
39 106
39 144
39 147
39 149
39 155
39 166
39 172
39 174
39 191
39 204
39 206
39 211
39 221
39 226
39 231
40 42
40 44
40 53
40 55
40 56
40 75
40 93
40 100
40 105
40 122
40 128
40 140
40 141
40 155
40 159
40 171
40 180
40 193
40 214
40 219
40 224
40 248
41 43
41 47
41 53
41 57
41 61
41 63
41 64
41 65
41 66
41 68
41 70
41 72
41 78
41 80
41 85
41 90
41 94
41 96
41 97
41 105
41 106
41 107
41 108
41 122
41 124
41 127
41 131
41 132
41 140
41 146
41 149
41 151
41 153
41 158
41 159
41 162
41 166
41 167
41 169
41 171
41 196
41 215
41 228
41 242
41 245
41 247
42 49
42 57
42 73
42 81
42 84
42 87
42 96
42 110
42 113
42 115
42 126
42 130
42 131
42 132
42 157
42 165
42 172
42 185
42 200
42 220
43 46
43 47
43 48
43 52
43 59
43 61
43 62
43 63
43 64
43 66
43 79
43 90
43 95
43 97
43 98
43 102
43 104
43 107
43 110
43 126
43 134
43 136
43 148
43 152
43 154
43 156
43 161
43 162
43 173
43 174
43 201
43 203
43 207
43 225
43 234
43 242
44 46
44 50
44 52
44 62
44 63
44 71
44 92
44 101
44 103
44 111
44 117
44 128
44 129
44 136
44 142
44 147
44 155
44 165
44 176
44 177
44 181
44 198
44 204
44 226
44 234
44 238
44 240
45 48
45 60
45 61
45 62
45 65
45 70
45 74
45 84
45 144
45 145
45 176
45 181
45 244
45 247
46 47
46 48
46 54
46 56
46 62
46 72
46 74
46 76
46 84
46 121
46 127
46 129
46 132
46 141
46 145
46 166
46 167
46 174
46 175
46 183
46 197
46 216
46 231
46 232
46 240
46 246
46 248
47 48
47 52
47 53
47 57
47 59
47 74
47 75
47 82
47 108
47 112
47 137
47 143
47 181
47 197
47 213
47 227
47 232
48 55
48 58
48 71
48 74
48 76
48 77
48 91
48 113
48 164
48 165
48 178
49 55
49 61
49 72
49 77
49 89
49 102
49 125
49 127
49 130
49 134
49 139
49 144
49 180
49 202
49 225
50 57
50 65
50 73
50 76
50 90
50 93
50 104
50 106
50 114
50 116
50 182
50 186
50 198
50 231
50 235
50 248
51 53
51 60
51 62
51 68
51 85
51 87
51 91
51 125
51 151
51 176
52 54
52 56
52 57
52 60
52 74
52 77
52 85
52 91
52 105
52 107
52 117
52 125
52 131
52 166
52 174
52 191
52 201
52 206
52 213
52 216
52 222
52 229
53 58
53 59
53 61
53 82
53 83
53 85
53 88
53 121
53 123
53 130
53 144
53 154
53 156
53 163
53 184
53 186
53 196
53 205
53 208
53 227
54 57
54 60
54 74
54 75
54 99
54 106
54 110
54 132
54 180
54 182
54 232
54 235
54 238
55 58
55 70
55 166
55 173
55 194
55 227
55 239
56 60
56 61
56 63
56 68
56 71
56 80
56 109
56 113
56 157
56 158
56 160
56 166
56 187
56 225
56 236
57 58
57 63
57 72
57 75
57 85
57 89
57 91
57 93
57 94
57 102
57 103
57 133
57 140
57 143
57 150
57 185
57 201
57 202
57 204
57 205
57 220
57 225
57 244
57 247
58 64
58 99
58 127
58 138
58 159
58 164
58 185
58 209
58 219
59 69
59 84
59 92
59 93
59 107
59 110
59 117
59 119
59 125
59 136
59 154
59 188
59 200
59 205
59 221
59 230
59 235
59 244
60 69
60 77
60 91
60 95
60 118
60 129
60 131
60 132
60 138
60 148
60 171
60 179
60 184
60 194
60 195
60 196
60 202
60 204
60 205
60 207
60 239
61 69
61 71
61 92
61 103
61 108
61 116
61 123
61 131
61 135
61 192
61 217
61 237
62 78
62 79
62 103
62 113
62 137
62 143
62 149
62 156
62 158
62 180
62 182
62 191
62 198
62 208
62 211
62 223
62 237
63 72
63 84
63 86
63 96
63 97
63 98
63 124
63 137
63 142
63 149
63 154
63 156
63 175
63 181
63 247
64 66
64 70
64 77
64 78
64 79
64 83
64 84
64 98
64 111
64 118
64 120
64 144
64 209
64 214
64 220
64 223
64 241
65 93
65 99
65 102
65 105
65 145
65 163
65 203
65 212
65 244
65 247
66 71
66 73
66 75
66 77
66 81
66 110
66 129
66 135
66 147
66 151
66 162
66 174
66 175
66 182
66 185
66 218
66 224
66 228
67 73
67 80
67 82
67 88
67 90
67 101
67 134
67 144
67 161
67 180
67 206
67 207
67 210
67 211
67 212
67 219
68 71
68 72
68 78
68 94
68 97
68 108
68 110
68 111
68 117
68 122
68 123
68 127
68 132
68 137
68 177
68 197
68 241
69 88
69 89
69 120
69 135
69 139
69 146
69 147
69 155
69 159
69 189
69 195
69 198
69 214
70 88
70 91
70 97
70 109
70 137
70 142
70 199
70 208
70 209
71 79
71 90
71 93
71 106
71 130
71 158
71 159
71 168
71 184
71 190
71 199
71 236
71 240
72 98
72 109
72 112
72 120
72 130
72 148
72 150
72 163
72 165
72 168
72 175
72 182
72 210
72 215
73 115
73 116
73 121
73 138
73 230
73 239
74 81
74 87
74 89
74 115
74 150
74 159
74 183
74 197
74 200
74 239
74 248
75 99
75 103
75 128
75 135
75 139
75 148
75 176
75 191
75 202
75 204
75 227
75 249
76 86
76 92
76 107
76 113
76 117
76 118
76 121
76 123
76 133
76 138
76 169
76 173
76 185
76 187
76 197
76 241
76 244
77 80
77 82
77 87
77 114
77 129
77 136
77 148
77 161
77 184
77 193
77 220
77 239
78 93
78 112
78 116
78 128
78 132
78 141
78 143
78 170
78 203
78 249
79 83
79 88
79 99
79 129
79 134
79 139
79 153
79 218
79 236
80 92
80 94
80 112
80 137
80 166
80 190
80 207
81 103
81 108
81 109
81 121
81 124
81 141
81 200
81 207
81 240
82 84
82 88
82 99
82 119
82 125
82 130
82 133
82 156
82 161
82 175
82 188
82 221
82 225
83 92
83 111
83 121
83 172
83 211
83 221
84 121
84 127
84 134
84 191
84 193
85 88
85 89
85 178
85 217
85 241
86 98
86 126
86 128
86 134
86 142
86 150
86 157
86 168
86 169
86 170
86 172
86 183
86 192
86 201
86 223
86 245
87 122
87 135
87 140
87 170
87 243
88 101
88 122
88 126
88 177
88 189
88 193
88 208
88 212
88 217
89 122
89 147
89 160
89 162
89 177
89 184
90 92
90 94
90 96
90 98
90 115
90 119
90 134
90 143
90 148
90 172
90 188
90 194
90 201
90 212
90 225
91 100
91 114
91 127
91 128
91 135
91 155
91 172
91 189
91 193
91 202
91 210
91 217
92 99
92 163
92 166
92 168
92 213
93 103
93 108
93 115
93 116
93 138
93 163
93 164
93 177
93 191
93 204
93 206
93 207
93 213
94 109
94 113
94 124
94 125
94 131
94 145
94 170
94 186
94 199
94 200
94 246
95 112
95 130
95 140
95 146
95 151
95 163
95 171
95 173
95 189
95 198
95 242
96 99
96 100
96 107
96 108
96 123
96 125
96 141
97 100
97 114
97 115
97 120
97 148
97 156
97 164
97 193
97 213
97 214
98 109
98 138
98 150
98 152
98 157
98 177
98 187
98 228
99 114
99 115
99 134
99 139
99 143
99 145
99 152
99 198
99 203
99 206
99 212
99 214
99 224
99 231
100 103
100 117
100 133
100 142
100 144
100 176
100 184
100 188
100 190
100 207
100 211
100 225
100 238
100 245
101 139
101 161
101 172
101 214
101 227
102 108
102 129
102 139
102 142
102 144
102 153
102 155
102 242
102 243
103 228
103 240
103 246
104 120
104 126
104 132
104 153
104 160
104 168
104 190
104 198
104 223
104 233
105 116
105 175
105 227
106 110
106 119
106 137
106 141
107 114
107 123
107 153
107 200
107 219
107 246
108 111
108 115
108 129
108 141
108 157
108 192
108 193
108 199
108 235
109 111
109 137
109 169
109 232
109 246
110 181
110 246
110 249
111 146
111 149
111 150
111 156
111 211
112 115
112 119
112 130
112 167
112 169
112 181
112 186
112 190
112 206
112 209
112 220
112 229
112 245
113 150
113 168
113 189
113 190
113 248
114 119
114 127
114 128
114 136
114 138
114 186
114 207
114 215
115 116
115 123
115 234
115 235
116 146
116 149
116 177
116 209
116 225
116 230
116 242
116 246
117 123
117 147
117 149
117 175
117 204
118 133
118 139
118 146
118 148
118 184
118 187
118 211
118 217
118 228
118 235
119 144
119 150
120 185
120 222
121 147
121 197
122 129
122 141
122 190
122 217
122 235
122 245
123 126
123 141
123 203
124 135
124 149
124 175
124 181
124 220
125 131
125 143
125 146
125 151
125 152
125 156
125 226
125 229
126 135
126 177
126 191
126 204
126 216
126 241
127 155
127 225
128 151
128 202
128 209
128 236
128 249
129 160
129 174
129 179
129 180
129 203
130 176
131 134
131 153
131 170
131 209
131 215
132 140
132 172
132 178
132 202
133 192
133 211
134 171
134 192
135 142
135 143
135 205
135 227
135 245
135 246
136 137
136 165
136 189
136 245
136 248
136 249
137 158
137 226
137 230
138 171
138 177
138 186
138 195
138 216
138 234
139 161
139 183
139 186
139 188
139 194
139 215
139 216
139 233
139 238
140 158
140 176
140 244
141 162
141 196
141 227
141 232
142 143
142 145
142 239
143 144
143 171
143 183
143 190
143 194
143 197
143 231
143 234
144 178
145 169
145 170
145 190
145 228
145 234
145 239
146 171
146 175
146 199
146 223
146 230
147 181
149 230
150 163
150 167
150 188
150 189
150 192
150 201
150 210
150 227
151 182
151 196
152 182
152 186
152 194
152 197
152 207
152 212
152 219
152 234
153 226
154 191
155 162
155 163
155 186
156 168
156 175
156 176
156 191
156 219
157 169
157 202
157 222
158 182
158 197
158 242
159 192
159 199
159 221
159 223
159 246
160 165
160 187
160 195
160 206
160 227
160 249
161 201
161 204
161 212
161 220
161 247
162 184
163 183
165 205
165 221
165 235
165 239
165 243
166 179
166 186
166 230
166 231
166 236
166 244
167 173
167 195
167 213
167 222
168 182
168 233
169 170
169 191
169 212
171 200
172 248
173 178
173 217
173 221
173 243
173 248
174 201
174 206
174 240
175 237
175 241
177 185
177 205
177 219
178 210
178 221
179 194
180 238
181 247
182 188
182 200
182 219
183 208
183 243
184 232
185 210
185 236
185 243
186 220
187 202
187 207
187 228
189 196
189 204
189 229
190 194
190 197
190 202
190 226
190 232
191 229
191 237
193 229
193 230
193 231
193 234
193 248
194 199
196 214
196 233
196 247
198 213
198 216
199 203
199 216
201 214
202 218
203 224
203 225
204 237
205 221
206 229
206 233
207 215
207 226
207 233
207 242
208 215
209 217
209 226
209 230
210 215
210 216
210 224
210 241
211 220
211 228
211 237
213 236
214 246
215 224
215 233
217 228
217 237
217 248
218 224
218 243
219 227
220 225
220 231
220 237
222 241
223 249
224 233
227 232
227 243
228 249
233 241
234 246
239 241
246 249
