0 1
0 2
0 3
0 4
0 5
0 6
0 7
0 8
0 9
0 10
0 11
0 12
0 13
0 14
0 15
0 16
0 17
0 18
0 19
0 21
0 22
0 23
0 30
0 32
0 34
0 35
0 37
0 40
0 41
0 45
0 46
0 51
0 53
0 55
0 57
0 58
0 68
0 77
0 80
0 85
0 86
0 96
0 98
0 100
0 105
0 109
0 113
0 119
0 133
0 140
0 141
0 144
0 148
0 151
0 153
0 158
0 162
0 163
0 165
0 167
0 169
0 171
0 175
0 185
0 192
0 201
0 223
0 228
0 245
0 247
1 11
1 12
1 15
1 16
1 18
1 20
1 21
1 24
1 25
1 33
1 35
1 42
1 43
1 45
1 53
1 56
1 71
1 72
1 75
1 95
1 98
1 136
1 142
1 143
1 166
1 213
1 216
1 218
1 219
1 222
1 234
2 11
2 12
2 13
2 14
2 15
2 19
2 25
2 31
2 34
2 35
2 37
2 38
2 39
2 44
2 55
2 64
2 69
2 70
2 83
2 101
2 113
2 119
2 123
2 150
2 155
2 156
2 176
2 183
2 217
2 230
2 238
3 11
3 12
3 13
3 14
3 17
3 18
3 19
3 23
3 24
3 26
3 33
3 34
3 53
3 57
3 58
3 68
3 76
3 98
3 103
3 105
3 122
3 130
3 134
3 140
3 149
3 152
3 153
3 160
3 162
3 177
3 212
3 220
3 248
4 11
4 12
4 13
4 15
4 17
4 20
4 21
4 22
4 23
4 24
4 26
4 34
4 36
4 50
4 54
4 67
4 72
4 79
4 85
4 96
4 114
4 115
4 214
4 216
4 239
5 11
5 12
5 14
5 16
5 17
5 18
5 20
5 21
5 23
5 27
5 33
5 35
5 37
5 39
5 47
5 48
5 50
5 52
5 70
5 71
5 84
5 89
5 90
5 97
5 101
5 106
5 108
5 109
5 118
5 139
5 158
5 163
5 171
5 181
5 183
5 191
5 199
5 244
6 11
6 12
6 13
6 14
6 15
6 17
6 18
6 19
6 21
6 24
6 28
6 29
6 30
6 36
6 40
6 41
6 45
6 49
6 50
6 53
6 56
6 59
6 74
6 83
6 89
6 106
6 107
6 109
6 116
6 118
6 120
6 123
6 138
6 144
6 150
6 157
6 165
6 181
6 186
6 193
6 206
6 231
6 244
6 245
7 11
7 13
7 14
7 19
7 22
7 27
7 61
7 65
7 71
7 81
7 119
7 120
7 130
7 154
7 155
7 157
7 165
7 185
7 217
8 16
8 29
8 47
8 71
8 229
9 11
9 12
9 13
9 14
9 23
9 31
9 46
9 60
9 81
9 100
9 170
9 190
10 11
10 12
10 13
10 15
10 16
10 17
10 20
10 21
10 23
10 33
10 41
10 47
10 52
10 59
10 73
10 89
10 99
10 106
10 108
10 119
10 122
10 128
10 146
10 155
10 158
10 172
10 184
10 187
10 194
10 199
10 202
10 205
10 224
10 233
11 12
11 13
11 14
11 15
11 16
11 18
11 19
11 20
11 22
11 23
11 24
11 25
11 26
11 27
11 29
11 32
11 36
11 37
11 40
11 41
11 42
11 43
11 47
11 50
11 51
11 54
11 65
11 68
11 73
11 83
11 84
11 87
11 92
11 94
11 97
11 99
11 109
11 110
11 113
11 116
11 118
11 122
11 127
11 134
11 136
11 144
11 159
11 160
11 162
11 164
11 167
11 168
11 173
11 177
11 190
11 193
11 196
11 199
11 206
11 208
11 210
11 216
11 223
11 228
11 229
11 237
11 242
11 247
12 13
12 14
12 15
12 16
12 17
12 19
12 20
12 23
12 25
12 26
12 33
12 35
12 36
12 40
12 41
12 46
12 48
12 50
12 59
12 64
12 65
12 66
12 78
12 84
12 90
12 92
12 102
12 104
12 107
12 111
12 112
12 117
12 120
12 132
12 137
12 139
12 142
12 145
12 151
12 156
12 160
12 192
12 212
12 222
12 234
12 235
12 243
13 14
13 15
13 16
13 17
13 18
13 20
13 25
13 26
13 27
13 29
13 32
13 37
13 39
13 40
13 44
13 48
13 50
13 51
13 54
13 55
13 64
13 70
13 72
13 78
13 88
13 93
13 97
13 103
13 105
13 108
13 122
13 137
13 142
13 148
13 167
13 173
13 181
13 187
13 188
13 192
13 208
13 216
13 218
13 219
13 230
13 232
13 233
13 236
13 242
13 244
13 249
14 15
14 16
14 17
14 18
14 19
14 20
14 21
14 22
14 24
14 26
14 29
14 30
14 31
14 34
14 35
14 37
14 39
14 42
14 46
14 59
14 67
14 68
14 69
14 73
14 78
14 89
14 92
14 93
14 113
14 116
14 121
14 124
14 126
14 129
14 130
14 134
14 135
14 144
14 148
14 151
14 161
14 168
14 170
14 186
14 188
14 191
14 197
14 207
14 208
14 216
14 225
14 228
14 234
14 235
14 248
15 16
15 17
15 18
15 19
15 21
15 22
15 26
15 28
15 29
15 30
15 31
15 34
15 37
15 38
15 42
15 45
15 48
15 52
15 54
15 60
15 62
15 63
15 64
15 67
15 68
15 69
15 71
15 72
15 77
15 81
15 86
15 91
15 92
15 98
15 99
15 100
15 108
15 111
15 114
15 122
15 136
15 139
15 142
15 143
15 146
15 156
15 157
15 164
15 167
15 172
15 173
15 176
15 185
15 187
15 189
15 191
15 195
15 196
15 209
15 223
15 224
15 229
16 18
16 19
16 21
16 22
16 23
16 25
16 27
16 28
16 30
16 32
16 35
16 44
16 46
16 55
16 61
16 63
16 66
16 77
16 78
16 80
16 102
16 110
16 112
16 118
16 124
16 126
16 137
16 139
16 140
16 174
16 184
16 192
16 196
16 207
16 209
16 222
16 229
16 236
16 237
16 246
17 20
17 21
17 24
17 25
17 28
17 31
17 32
17 33
17 34
17 36
17 41
17 44
17 46
17 47
17 48
17 49
17 51
17 54
17 55
17 56
17 58
17 69
17 79
17 89
17 91
17 92
17 100
17 101
17 106
17 111
17 115
17 133
17 140
17 141
17 145
17 146
17 152
17 163
17 164
17 165
17 171
17 174
17 177
17 189
17 195
17 201
17 202
17 204
17 205
17 212
17 237
17 241
17 248
18 24
18 25
18 26
18 27
18 29
18 31
18 33
18 36
18 39
18 43
18 73
18 74
18 81
18 82
18 102
18 113
18 117
18 156
18 161
18 167
18 189
19 20
19 22
19 24
19 27
19 28
19 30
19 38
19 49
19 53
19 57
19 61
19 62
19 66
19 69
19 73
19 80
19 82
19 85
19 86
19 96
19 110
19 115
19 119
19 127
19 133
19 138
19 140
19 145
19 146
19 175
19 183
19 194
19 210
19 230
19 231
20 22
20 30
20 31
20 32
20 38
20 40
20 43
20 49
20 53
20 63
20 68
20 71
20 80
20 85
20 102
20 103
20 104
20 107
20 114
20 123
20 148
20 160
20 207
20 213
20 214
21 22
21 23
21 24
21 30
21 32
21 36
21 37
21 38
21 41
21 42
21 46
21 47
21 48
21 49
21 50
21 63
21 66
21 68
21 73
21 85
21 94
21 105
21 115
21 126
21 130
21 135
21 138
21 144
21 157
21 195
21 209
21 220
21 231
22 26
22 27
22 28
22 29
22 34
22 35
22 36
22 40
22 41
22 48
22 49
22 51
22 56
22 57
22 58
22 59
22 60
22 61
22 65
22 67
22 69
22 70
22 78
22 79
22 87
22 99
22 105
22 115
22 116
22 119
22 120
22 131
22 132
22 146
22 147
22 174
22 181
22 186
22 192
22 195
22 196
22 201
22 208
22 213
22 230
22 242
22 243
23 25
23 27
23 29
23 30
23 32
23 33
23 37
23 40
23 42
23 43
23 44
23 47
23 49
23 51
23 57
23 76
23 78
23 80
23 82
23 83
23 90
23 112
23 117
23 119
23 131
23 133
23 134
23 147
23 149
23 156
23 166
23 172
23 179
23 182
23 186
23 200
23 234
23 247
24 25
24 26
24 28
24 33
24 43
24 44
24 53
24 54
24 58
24 62
24 78
24 86
24 87
24 91
24 107
24 126
24 127
24 140
24 141
24 149
24 160
24 164
24 169
24 197
24 202
24 204
24 206
25 27
25 28
25 31
25 36
25 38
25 41
25 43
25 47
25 57
25 58
25 60
25 65
25 67
25 80
25 86
25 97
25 105
25 117
25 120
25 121
25 128
25 129
25 145
25 159
25 165
25 166
25 181
25 184
25 188
25 206
25 221
25 225
25 231
25 241
25 246
26 28
26 41
26 42
26 43
26 44
26 45
26 52
26 53
26 56
26 71
26 79
26 90
26 97
26 103
26 114
26 118
26 125
26 128
26 132
26 135
26 143
26 153
26 160
26 163
26 179
26 193
26 196
26 199
26 202
26 221
26 236
26 245
27 28
27 30
27 32
27 38
27 40
27 50
27 54
27 57
27 61
27 62
27 63
27 64
27 75
27 84
27 87
27 93
27 95
27 103
27 111
27 112
27 129
27 136
27 140
27 149
27 150
27 161
27 163
27 174
27 175
27 184
27 186
27 195
27 199
27 200
27 204
27 211
27 219
27 239
27 249
28 29
28 31
28 34
28 35
28 36
28 42
28 48
28 56
28 58
28 61
28 74
28 79
28 107
28 134
28 139
28 143
28 154
28 159
28 161
28 200
28 219
28 227
28 232
29 38
29 42
29 45
29 62
29 66
29 76
29 82
29 86
29 101
29 103
29 115
29 116
29 121
29 127
29 131
29 138
29 168
29 176
29 178
29 183
29 204
29 209
29 210
29 217
30 31
30 32
30 33
30 34
30 39
30 46
30 52
30 55
30 60
30 72
30 96
30 102
30 120
30 131
30 147
30 148
30 172
30 203
30 209
30 211
30 214
30 228
30 241
30 248
31 35
31 45
31 51
31 53
31 57
31 63
31 75
31 76
31 88
31 94
31 99
31 100
31 109
31 123
31 125
31 126
31 131
31 168
31 169
31 170
31 178
31 181
31 203
31 206
31 209
31 217
31 231
31 239
31 245
32 38
32 39
32 44
32 54
32 69
32 82
32 85
32 93
32 120
32 122
32 124
32 125
32 130
32 143
32 157
32 173
32 174
32 178
32 189
32 194
32 195
32 204
32 205
32 211
32 212
32 214
32 249
33 38
33 39
33 50
33 70
33 83
33 101
33 117
33 135
33 208
33 218
33 220
33 226
33 248
34 40
34 52
34 55
34 58
34 61
34 74
34 75
34 118
34 141
34 145
34 158
34 166
34 169
34 206
34 207
34 211
34 226
34 249
35 37
35 43
35 45
35 57
35 60
35 65
35 67
35 73
35 79
35 82
35 85
35 87
35 102
35 104
35 110
35 124
35 125
35 127
35 129
35 136
35 138
35 143
35 162
35 163
35 176
35 185
35 187
35 201
35 209
35 213
35 220
35 222
35 235
35 243
36 59
36 73
36 90
36 91
36 97
36 105
36 110
36 119
36 126
36 127
36 155
36 171
36 216
36 223
36 241
37 39
37 67
37 72
37 73
37 76
37 78
37 80
37 94
37 123
37 134
37 139
37 167
37 187
37 198
37 240
37 246
37 247
38 39
38 43
38 45
38 52
38 61
38 62
38 63
38 65
38 81
38 91
38 96
38 102
38 108
38 111
38 122
38 128
38 179
38 191
38 194
38 202
38 218
38 224
38 226
38 238
39 51
39 52
39 64
39 67
39 77
39 79
39 93
39 132
39 180
39 223
39 231
39 237
39 240
40 44
40 46
40 47
40 50
40 51
40 59
40 60
40 62
40 63
40 64
40 85
40 89
40 93
40 102
40 119
40 129
40 155
40 159
40 166
40 169
40 175
40 181
40 195
40 208
40 210
40 230
40 236
40 242
41 42
41 44
41 45
41 48
41 49
41 55
41 62
41 64
41 67
41 68
41 75
41 77
41 93
41 94
41 104
41 105
41 108
41 113
41 133
41 139
41 143
41 151
41 155
41 157
41 164
41 170
41 192
41 196
41 198
41 199
41 234
41 238
41 240
41 249
42 46
42 54
42 56
42 58
42 70
42 76
42 78
42 83
42 107
42 108
42 114
42 122
42 125
42 142
42 144
42 160
42 161
42 170
42 212
42 214
42 229
43 47
43 52
43 56
43 60
43 61
43 70
43 71
43 77
43 98
43 99
43 100
43 101
43 104
43 110
43 117
43 125
43 132
43 145
43 147
43 150
43 152
43 157
43 180
43 189
43 210
43 213
43 215
43 217
43 220
43 226
43 247
44 56
44 65
44 80
44 83
44 88
44 90
44 92
44 95
44 114
44 123
44 125
44 129
44 148
44 154
44 165
44 168
44 171
44 172
44 176
44 180
44 193
44 208
44 222
44 225
44 229
44 238
44 239
44 244
44 245
45 49
45 63
45 95
45 109
45 111
45 112
45 126
45 134
45 172
45 178
45 187
45 190
45 195
45 211
45 213
45 243
46 52
46 62
46 66
46 71
46 86
46 97
46 112
46 125
46 134
46 152
46 215
46 233
46 246
47 48
47 51
47 64
47 65
47 72
47 75
47 82
47 87
47 91
47 97
47 136
47 142
47 148
47 157
47 161
47 181
47 184
47 191
47 201
47 223
48 49
48 53
48 54
48 55
48 63
48 65
48 68
48 71
48 75
48 76
48 84
48 86
48 116
48 121
48 124
48 160
48 170
48 177
48 186
48 194
48 204
48 207
48 208
48 210
48 211
48 243
49 60
49 73
49 75
49 81
49 87
49 103
49 104
49 107
49 113
49 140
49 149
49 163
49 176
49 202
49 234
50 55
50 56
50 57
50 58
50 70
50 88
50 91
50 92
50 93
50 107
50 110
50 124
50 131
50 148
50 163
50 188
50 218
50 230
50 235
50 244
50 245
50 247
50 249
51 59
51 84
51 91
51 112
51 172
51 205
51 209
52 59
52 82
52 95
52 96
52 154
52 175
52 189
53 61
53 68
53 74
53 84
53 86
53 88
53 161
53 164
53 169
53 182
53 244
54 59
54 67
54 70
54 86
54 90
54 146
54 155
54 171
54 205
54 221
54 224
54 245
55 85
55 87
55 94
55 98
55 112
55 114
55 129
55 152
55 167
55 180
55 190
55 192
55 196
55 223
55 224
56 76
56 79
56 142
56 147
56 211
56 213
56 219
56 231
57 60
57 62
57 66
57 88
57 89
57 115
57 136
57 141
57 147
57 202
57 214
57 217
57 246
58 64
58 81
58 88
58 100
58 118
58 135
58 139
58 140
58 165
58 179
58 201
58 249
59 70
59 72
59 74
59 76
59 80
59 82
59 92
59 96
59 115
59 123
59 124
59 139
59 151
59 176
59 180
59 191
59 197
59 204
59 221
60 66
60 91
60 136
60 141
60 156
60 159
60 162
60 237
61 66
61 74
61 79
61 106
61 107
61 117
61 131
61 144
61 166
61 170
61 185
62 83
62 99
62 105
62 112
62 116
62 122
62 141
62 201
62 227
63 72
63 96
63 103
63 104
63 109
63 111
63 114
63 121
63 141
63 146
63 160
63 161
63 165
63 173
63 192
63 203
63 218
63 221
63 226
63 228
63 241
64 75
64 77
64 88
64 93
64 113
64 133
64 137
64 145
64 153
64 157
64 209
64 233
65 66
65 79
65 108
65 118
65 128
65 132
65 147
65 151
65 161
65 177
65 207
65 241
66 69
66 74
66 81
66 96
66 97
66 98
66 105
66 144
66 164
66 174
66 188
67 69
67 76
67 80
67 83
67 94
67 111
67 114
67 190
67 233
68 69
68 74
68 84
68 101
68 106
68 125
68 128
68 130
68 135
68 138
68 152
68 187
69 72
69 77
69 89
69 99
69 106
69 109
69 145
69 248
70 84
70 133
70 134
70 137
70 181
70 183
70 185
70 206
71 77
71 78
71 83
71 84
71 127
71 136
71 161
71 173
71 202
71 233
72 74
72 75
72 85
72 89
72 104
72 137
72 145
72 147
72 150
72 154
72 201
72 203
72 217
72 225
72 233
72 244
72 247
73 77
73 82
73 92
73 97
73 102
73 120
73 138
73 142
73 154
73 155
73 195
73 211
73 236
73 243
73 249
74 98
74 108
75 81
75 90
75 114
75 144
75 149
75 169
75 194
75 212
75 217
76 88
76 94
76 98
76 100
76 115
76 120
76 128
76 149
76 153
76 173
76 193
76 200
76 219
76 231
76 232
76 235
76 241
77 87
77 89
77 169
77 175
77 188
77 191
78 87
78 103
78 121
78 148
78 150
78 171
78 180
78 229
79 81
79 95
79 101
79 104
79 109
79 119
79 120
79 128
79 130
79 135
79 151
79 152
79 164
79 170
79 196
79 242
80 88
80 104
80 106
80 118
80 122
80 126
80 131
80 158
80 183
80 226
80 248
81 91
81 95
81 100
81 109
81 112
81 116
81 134
81 156
81 182
81 183
81 191
81 210
81 213
81 245
82 92
82 96
82 102
82 110
82 113
82 143
82 179
82 180
82 188
82 197
82 235
82 240
83 117
83 159
83 175
83 182
84 110
84 144
84 167
84 200
84 202
84 242
85 95
85 121
85 168
85 211
86 95
86 106
86 125
86 130
86 142
86 155
86 162
86 166
86 186
86 190
86 218
86 224
86 235
86 247
87 90
87 101
87 126
87 129
87 130
87 131
87 149
87 170
87 192
87 199
87 205
87 212
88 90
88 93
88 95
88 133
88 140
88 150
88 179
88 200
88 207
88 244
89 124
89 146
89 158
89 167
89 236
89 238
89 239
90 121
90 249
91 94
91 99
91 132
91 133
91 137
91 143
91 152
91 173
91 177
91 200
91 243
92 94
92 98
92 99
92 186
92 198
92 212
93 101
93 234
94 107
94 139
94 219
94 245
95 100
95 111
95 117
95 123
95 158
95 165
95 194
96 118
96 128
96 133
96 149
96 151
96 165
96 177
96 189
96 190
96 213
96 221
96 239
96 240
97 115
97 135
97 153
97 159
97 177
97 185
97 194
97 222
97 224
98 127
98 130
98 141
98 156
98 159
98 226
98 234
99 108
99 138
99 156
99 172
99 182
99 196
99 200
99 227
100 111
100 121
100 178
100 203
100 217
101 132
101 153
101 179
101 184
102 103
102 124
102 135
102 137
102 146
102 158
102 163
102 186
102 197
103 214
103 227
103 234
103 238
104 106
104 148
104 154
104 159
104 178
104 182
104 186
104 189
104 206
104 230
104 239
105 123
105 168
105 235
106 117
106 153
106 197
106 227
106 229
106 237
107 127
107 129
107 179
107 182
107 226
108 110
108 113
108 164
108 190
108 205
108 237
109 123
109 150
109 227
110 128
111 116
111 127
111 152
111 173
111 184
111 203
111 217
111 220
111 247
111 248
112 116
112 150
112 168
112 223
112 234
113 146
113 162
113 166
113 169
113 182
113 196
113 216
113 221
113 233
114 151
114 178
114 189
114 225
115 135
115 138
115 145
115 158
115 166
115 176
115 188
115 193
116 131
116 136
116 150
116 163
116 171
116 174
116 183
116 197
116 201
116 225
116 227
116 235
117 124
117 162
117 225
117 227
118 121
118 147
118 180
118 183
118 201
119 132
120 152
120 154
120 174
120 191
120 200
121 126
121 162
121 181
121 222
121 225
122 184
122 215
122 228
123 179
123 236
124 182
125 225
125 238
126 132
126 137
126 138
126 154
126 226
127 154
127 176
127 197
127 215
127 221
128 129
128 143
128 155
128 182
128 205
128 215
128 241
128 246
130 187
130 189
130 194
130 224
131 198
131 213
131 219
131 228
132 203
133 142
133 166
133 197
133 198
133 221
133 231
134 141
134 164
134 207
134 221
134 239
135 153
135 160
135 170
135 172
135 208
135 238
136 137
136 151
136 168
136 176
136 198
136 239
137 153
137 198
139 156
139 184
139 227
140 162
140 178
142 147
142 167
142 224
142 236
142 244
143 215
144 158
144 192
144 219
144 245
144 249
145 193
145 203
145 215
146 185
146 220
147 149
147 178
148 205
148 227
148 246
149 199
149 204
149 225
149 230
149 242
150 185
150 204
151 157
151 173
151 218
151 246
151 248
152 159
152 183
152 211
152 212
152 215
152 220
153 177
153 195
153 232
153 240
154 169
154 191
155 175
155 210
155 240
157 180
158 174
159 168
159 188
159 214
159 216
159 241
160 175
160 199
161 185
161 200
161 223
162 193
162 198
162 205
162 209
162 210
163 178
163 190
163 219
164 171
164 174
164 180
164 232
165 188
166 179
166 230
167 171
167 204
167 235
168 184
168 240
169 198
169 223
170 197
170 240
171 172
171 187
172 198
173 212
173 224
174 175
174 238
175 241
176 177
176 210
176 240
178 237
180 231
180 242
182 190
182 207
182 232
182 242
183 199
184 222
184 236
185 203
186 187
187 193
187 208
188 226
189 220
190 194
190 229
191 202
191 206
191 215
191 230
192 193
192 246
194 218
195 203
195 228
197 244
199 207
199 216
199 232
199 239
200 228
201 218
201 228
202 215
202 243
203 206
203 220
205 232
205 238
207 214
209 229
209 246
210 233
210 242
212 214
214 216
214 232
215 222
215 237
217 222
222 233
222 243
223 236
227 232
230 237
235 243
246 247
247 248
