0 1
0 2
0 3
0 4
0 5
0 6
0 7
0 8
0 9
0 11
0 15
0 18
0 21
0 22
0 24
0 26
0 29
0 30
0 35
0 36
0 46
0 48
0 49
0 51
0 52
0 56
0 63
0 64
0 71
0 85
0 88
0 92
0 94
0 95
0 99
0 105
0 113
0 114
0 125
0 127
0 128
0 135
0 136
0 139
0 142
0 150
0 153
0 157
0 164
0 166
0 167
0 168
0 173
0 174
0 189
0 195
0 197
0 201
0 205
0 209
0 248
1 5
1 6
1 7
1 8
1 9
1 10
1 12
1 13
1 15
1 16
1 17
1 21
1 25
1 27
1 33
1 34
1 35
1 38
1 40
1 46
1 49
1 57
1 74
1 76
1 82
1 86
1 93
1 110
1 122
1 141
1 158
1 160
1 173
1 186
1 197
1 209
1 217
1 229
1 232
1 233
1 234
1 238
1 244
2 5
2 10
2 12
2 19
2 21
2 24
2 27
2 39
2 44
2 45
2 53
2 56
2 64
2 74
2 76
2 85
2 107
2 110
2 130
2 134
2 177
2 191
2 193
2 236
2 237
2 243
2 247
3 5
3 6
3 7
3 8
3 9
3 13
3 17
3 50
3 51
3 54
3 56
3 60
3 69
3 76
3 79
3 92
3 106
3 120
3 125
3 147
3 160
3 176
3 188
3 212
3 214
3 223
3 230
3 240
4 10
4 39
5 6
5 8
5 11
5 12
5 15
5 16
5 23
5 25
5 28
5 29
5 38
5 41
5 43
5 44
5 69
5 86
5 89
5 102
5 131
5 136
5 144
5 151
5 153
5 174
5 231
5 235
6 7
6 42
6 44
6 175
6 230
7 9
7 11
7 13
7 14
7 15
7 16
7 17
7 19
7 20
7 29
7 36
7 37
7 40
7 45
7 54
7 57
7 59
7 62
7 63
7 75
7 81
7 83
7 88
7 96
7 104
7 114
7 122
7 123
7 129
7 132
7 138
7 140
7 145
7 164
7 167
7 172
7 179
7 181
7 208
7 211
7 216
7 221
7 226
7 230
7 233
7 245
8 11
8 32
8 36
8 54
8 65
8 84
8 89
8 92
8 97
8 99
8 108
8 149
8 161
8 164
8 185
8 192
8 201
8 204
8 206
8 248
9 10
9 16
9 19
9 20
9 33
9 42
9 54
9 63
9 89
9 152
9 160
9 197
10 13
10 14
10 17
10 18
10 19
10 20
10 21
10 22
10 28
10 29
10 30
10 32
10 38
10 39
10 41
10 56
10 66
10 70
10 89
10 106
10 130
10 133
10 137
10 169
10 182
10 191
10 193
10 198
10 202
10 211
10 214
10 215
10 224
10 237
10 239
10 243
11 12
11 14
11 32
11 34
11 45
11 64
11 75
11 91
11 97
11 98
11 112
11 132
11 161
11 163
11 175
11 183
11 201
11 216
11 223
11 243
12 14
12 23
12 48
12 65
12 83
12 107
12 111
12 125
12 126
12 135
12 150
12 159
12 199
12 230
13 18
13 23
13 26
13 27
13 31
13 48
13 64
13 67
13 77
13 90
13 114
13 115
13 139
13 164
13 199
13 212
14 28
14 37
14 40
14 57
14 59
14 81
14 129
14 188
14 195
14 241
15 42
15 55
15 68
15 88
15 90
15 136
15 142
15 203
15 213
15 215
15 228
16 20
16 26
16 30
16 31
16 94
16 101
16 106
16 133
16 177
16 179
16 205
16 238
17 18
17 34
17 46
17 50
17 70
17 80
17 87
17 111
17 128
17 135
17 148
17 153
17 154
17 185
17 210
17 249
18 38
18 60
18 81
18 92
18 93
18 101
18 119
18 186
18 207
18 231
19 22
19 25
19 43
19 46
19 53
19 59
19 68
19 70
19 72
19 169
19 198
19 199
19 203
19 207
19 214
19 240
20 23
20 24
20 25
20 26
20 27
20 52
20 86
20 91
20 94
20 104
20 127
20 138
20 140
20 155
20 167
20 176
20 182
20 188
20 192
21 22
21 43
21 55
21 58
21 73
21 85
22 50
22 57
22 102
22 143
22 154
22 206
22 246
23 24
23 31
23 33
23 69
23 116
23 218
23 232
23 236
24 31
24 39
24 80
24 82
24 158
25 28
25 61
25 103
25 185
26 35
26 37
26 45
26 87
26 152
26 196
26 216
26 221
26 233
26 235
27 63
27 67
27 68
27 95
27 103
27 130
27 141
27 150
27 165
27 217
27 238
27 245
28 30
28 32
28 78
28 98
28 105
28 121
28 156
28 209
28 224
29 33
29 37
29 41
29 55
29 79
29 88
29 137
29 139
29 144
29 159
29 168
29 194
29 222
29 223
30 34
30 42
30 44
30 51
30 52
30 58
30 74
30 98
30 99
30 106
30 113
30 116
30 156
30 163
30 166
30 175
30 181
30 196
30 222
30 228
30 247
31 35
31 40
31 48
31 61
31 65
31 75
31 121
31 124
31 156
31 174
31 181
31 189
31 210
31 244
32 49
32 74
32 95
32 102
32 149
32 172
33 61
33 67
33 112
33 184
33 187
33 199
33 204
33 219
34 36
34 43
34 47
34 62
34 66
34 90
34 123
34 178
35 53
35 79
35 82
35 96
35 98
35 104
35 137
35 151
35 228
35 242
36 41
36 62
36 91
36 100
36 105
36 115
36 120
36 141
36 191
36 192
36 213
36 221
37 49
37 58
37 61
37 71
37 95
37 96
37 102
37 107
37 135
37 154
37 157
37 161
37 176
37 179
37 180
37 211
37 226
38 72
38 76
38 77
38 79
38 90
38 108
38 109
38 120
38 129
38 138
38 180
38 225
38 231
39 59
39 124
39 167
39 170
39 208
39 219
39 246
40 47
40 50
40 52
40 131
40 193
42 62
42 67
42 78
42 160
42 190
43 47
43 53
43 75
43 162
43 217
44 136
44 178
45 113
45 147
45 178
46 47
46 80
46 82
46 84
46 100
46 103
46 112
46 115
46 126
46 128
46 146
46 229
47 65
47 94
47 107
47 109
47 122
47 137
47 184
47 192
47 215
47 237
48 55
48 58
48 69
48 103
48 161
48 184
48 231
49 51
49 143
49 149
50 60
50 218
51 72
51 175
51 239
52 70
52 85
52 100
52 146
52 207
52 225
53 60
53 66
53 87
53 96
53 110
53 117
53 180
53 190
53 202
53 204
54 73
54 100
54 101
54 143
54 220
54 240
55 212
55 229
56 71
56 80
56 81
56 91
56 113
56 140
56 180
57 118
58 83
58 132
58 162
58 170
58 177
58 222
58 225
59 223
59 237
60 73
60 127
60 139
61 68
61 97
61 117
61 145
62 73
62 78
62 84
62 116
62 121
62 122
62 126
62 138
62 249
63 130
63 158
63 205
64 66
64 84
64 93
64 112
64 246
65 77
65 86
65 87
65 111
65 115
65 117
65 118
65 142
65 152
65 165
65 212
65 219
65 239
66 187
67 71
67 132
67 133
67 155
67 222
67 238
68 72
68 144
68 243
70 108
71 77
71 140
71 147
71 152
71 218
72 78
72 83
72 116
72 117
72 123
72 146
72 202
73 93
73 123
73 169
73 182
73 209
73 225
74 185
74 198
75 119
75 124
75 126
75 127
75 143
75 200
76 114
77 165
77 186
78 182
78 191
79 120
79 170
79 173
79 215
80 97
80 142
80 151
80 158
80 178
80 189
80 193
80 194
80 200
80 235
81 101
81 124
81 131
81 148
81 219
82 111
82 118
82 155
83 119
83 149
84 141
85 195
85 234
86 109
86 245
87 99
87 118
87 168
87 226
88 110
89 129
89 159
89 162
89 176
90 166
90 171
91 119
91 181
91 190
92 177
93 213
93 242
94 148
95 134
95 156
95 171
95 179
95 200
96 190
98 128
98 218
98 227
100 195
101 153
101 207
102 134
102 174
103 104
103 105
103 108
103 134
103 146
104 109
104 171
104 172
104 187
104 202
104 247
105 121
105 125
105 235
106 173
108 200
109 170
112 163
113 157
116 183
117 148
117 166
117 248
118 187
118 201
118 224
120 162
120 184
120 248
121 144
121 232
122 159
122 241
124 155
126 157
127 220
127 244
128 131
128 150
129 247
130 208
132 133
132 168
132 228
134 145
134 165
135 189
135 210
136 147
136 172
136 227
136 232
137 154
138 169
139 145
139 163
141 213
141 216
141 227
146 186
147 151
147 203
149 196
149 236
151 183
154 194
155 205
157 194
157 197
159 220
159 221
161 171
162 244
164 210
166 188
166 242
167 183
167 233
167 239
168 206
169 214
172 198
172 217
175 196
175 234
176 220
180 226
185 203
185 241
187 240
189 229
189 246
194 206
195 211
197 204
197 208
205 241
209 242
211 245
215 234
217 227
223 224
224 236
232 249
237 249
