0 1
0 2
0 3
0 4
0 5
0 6
0 7
0 8
0 10
0 11
0 12
0 13
0 14
0 19
0 22
0 23
0 24
0 28
0 33
0 34
0 50
0 51
0 60
0 66
0 69
0 74
0 75
0 86
0 89
0 94
0 96
0 103
0 106
0 109
0 112
0 125
0 127
0 129
0 135
0 141
0 145
0 161
0 162
0 181
0 184
0 190
0 194
0 201
0 202
0 207
0 212
0 215
0 224
0 226
0 229
0 237
0 240
0 242
0 245
0 246
1 7
1 10
1 15
1 25
1 28
1 50
1 52
1 62
1 71
1 72
1 95
1 102
1 145
1 152
1 201
1 218
1 243
2 5
2 6
2 7
2 9
2 13
2 16
2 19
2 27
2 30
2 47
2 52
2 54
2 55
2 60
2 86
2 91
2 144
2 151
2 158
2 172
2 175
2 205
2 235
2 242
3 5
3 6
3 7
3 11
3 12
3 13
3 14
3 15
3 16
3 17
3 23
3 26
3 47
3 54
3 55
3 56
3 61
3 63
3 66
3 68
3 73
3 79
3 85
3 90
3 98
3 109
3 120
3 121
3 137
3 149
3 151
3 157
3 169
3 184
3 200
3 205
3 208
3 237
3 238
3 241
3 247
4 5
4 9
4 20
4 21
4 33
4 117
4 123
4 154
4 165
4 166
4 168
4 186
4 209
4 226
4 228
4 244
5 6
5 8
5 10
5 11
5 12
5 15
5 16
5 17
5 18
5 21
5 22
5 24
5 25
5 27
5 31
5 34
5 37
5 38
5 39
5 40
5 41
5 64
5 74
5 97
5 99
5 105
5 111
5 115
5 118
5 135
5 142
5 162
5 171
5 178
5 185
5 193
5 215
5 219
5 224
5 227
5 232
5 236
5 238
6 8
6 9
6 22
6 29
6 36
6 44
6 48
6 49
6 50
6 54
6 55
6 60
6 71
6 79
6 84
6 94
6 95
6 104
6 108
6 112
6 116
6 117
6 118
6 132
6 138
6 143
6 145
6 147
6 148
6 166
6 177
6 182
6 185
6 186
6 187
6 188
6 210
6 245
7 8
7 9
7 10
7 11
7 16
7 17
7 20
7 24
7 29
7 30
7 31
7 33
7 34
7 38
7 39
7 40
7 47
7 58
7 68
7 74
7 77
7 87
7 90
7 96
7 102
7 107
7 113
7 115
7 126
7 142
7 152
7 157
7 163
7 170
7 203
7 207
7 208
7 227
7 238
7 240
8 13
8 18
8 19
8 22
8 24
8 35
8 37
8 43
8 45
8 46
8 47
8 56
8 59
8 62
8 80
8 82
8 84
8 91
8 98
8 104
8 114
8 117
8 136
8 140
8 147
8 179
8 227
8 230
8 231
9 18
9 19
9 21
9 26
9 27
9 37
9 38
9 39
9 41
9 42
9 50
9 52
9 56
9 59
9 68
9 72
9 78
9 79
9 92
9 100
9 127
9 154
9 190
9 211
9 215
9 220
9 222
9 242
10 12
10 14
10 20
10 30
10 45
10 48
10 61
10 65
10 70
10 80
10 87
10 97
10 115
10 132
10 165
10 200
10 249
11 14
11 23
11 58
11 114
11 168
11 210
12 17
12 33
12 59
12 139
12 158
12 191
12 217
12 245
13 18
13 20
13 28
13 48
13 56
13 75
13 83
13 84
13 89
13 92
13 94
13 231
14 15
14 25
14 26
14 32
14 42
14 52
14 57
14 69
14 101
14 105
14 125
14 129
14 141
14 151
14 172
14 179
14 198
15 21
15 40
15 153
15 220
16 26
16 29
16 34
16 41
16 43
16 53
16 63
16 100
16 106
16 122
16 124
16 130
16 169
16 192
16 195
16 206
16 218
17 30
17 31
17 35
17 39
17 51
17 117
17 149
17 161
17 175
17 197
17 208
17 214
17 241
17 245
18 27
18 36
18 81
18 101
18 113
18 119
18 121
18 164
18 166
18 189
18 193
18 197
18 217
19 37
19 96
19 147
19 172
19 199
20 28
20 29
20 43
20 53
20 70
20 86
20 97
20 109
20 112
20 122
20 127
20 129
20 177
20 196
20 206
21 31
21 32
21 42
21 46
21 58
21 79
21 94
21 159
21 177
21 222
22 23
22 25
22 32
22 35
22 41
22 42
22 46
22 51
22 63
22 68
22 75
22 81
22 87
22 90
22 93
22 98
22 143
22 145
22 152
22 160
22 173
22 175
22 188
22 195
22 211
22 216
22 244
22 248
23 51
23 69
23 131
23 160
23 194
24 44
24 65
24 73
24 86
24 106
24 146
24 162
24 180
24 182
24 212
24 224
24 234
25 36
25 44
25 49
25 119
25 132
25 161
26 32
26 53
26 95
26 120
27 66
27 76
28 45
28 55
28 62
28 64
28 99
28 125
28 137
28 164
28 173
28 195
29 93
29 104
29 132
30 35
30 67
30 73
30 108
30 153
30 189
30 204
30 232
31 54
31 64
31 65
31 72
31 111
31 133
32 46
32 62
32 134
32 219
33 36
33 38
33 72
33 82
33 113
33 128
33 217
33 234
34 57
34 110
34 182
34 201
34 204
35 40
35 49
35 74
35 75
35 76
35 107
35 110
35 119
35 127
35 159
35 171
35 189
35 216
35 228
36 48
36 63
36 77
36 111
36 149
36 159
36 176
36 233
37 67
37 88
37 126
37 143
37 154
38 108
38 151
38 156
38 171
39 76
39 99
39 104
39 133
39 142
39 150
39 156
39 186
39 213
39 217
40 210
41 45
41 61
41 66
41 67
41 73
41 78
41 89
41 102
41 133
41 134
41 139
42 43
42 44
42 65
42 105
42 150
43 60
43 93
43 170
44 53
44 59
44 146
44 206
45 61
45 122
45 203
46 67
46 81
46 82
47 49
47 180
48 57
48 71
48 88
48 140
48 176
48 188
48 203
48 220
48 223
49 105
49 133
49 163
49 171
49 179
50 122
50 124
50 172
50 176
50 218
50 248
51 106
51 128
52 179
52 238
53 58
53 76
53 80
53 83
53 147
53 158
54 57
54 118
54 233
55 183
56 214
57 82
57 246
58 70
59 84
59 119
59 123
59 157
59 175
59 193
59 196
59 239
60 64
60 78
60 118
60 121
60 157
60 190
60 194
61 69
61 135
61 137
61 150
62 199
63 70
63 85
63 108
63 148
64 71
64 78
64 96
64 100
64 110
64 128
64 130
64 152
64 185
64 208
64 216
65 95
65 98
65 110
65 234
65 243
66 111
66 115
66 123
66 178
67 100
67 210
67 214
67 249
68 77
68 81
68 83
68 99
68 116
68 138
69 141
69 241
70 80
70 144
70 153
70 174
71 85
71 92
71 101
71 116
71 187
71 192
71 243
72 124
72 129
72 140
72 150
72 183
73 85
73 91
73 92
73 135
73 159
73 226
74 77
74 83
74 90
74 138
74 196
76 97
76 120
76 165
76 198
76 213
77 192
78 103
78 174
78 184
79 87
79 88
79 116
79 136
79 140
79 149
79 231
80 112
80 136
80 228
81 136
82 114
82 124
82 229
82 247
83 103
83 167
83 216
84 232
85 93
85 168
85 188
85 200
85 213
86 103
86 138
86 148
86 163
86 249
87 88
87 91
87 166
87 212
88 89
88 139
88 173
88 174
88 191
88 233
89 153
89 199
91 130
91 170
91 209
91 221
92 109
92 156
92 169
92 239
93 134
93 141
93 148
93 227
94 134
94 193
94 197
94 209
94 226
95 181
95 230
96 114
96 123
96 130
96 161
97 101
97 240
99 246
100 107
100 158
100 167
100 247
101 102
101 107
101 131
101 155
102 144
102 236
103 155
103 163
103 191
104 184
105 126
107 113
107 144
107 237
108 219
108 221
109 121
109 155
110 167
110 219
111 125
111 178
112 182
113 120
113 128
114 126
114 131
114 235
115 139
117 131
117 183
118 146
119 154
119 173
120 232
120 239
121 160
122 137
122 143
123 167
124 142
124 207
126 165
127 200
128 160
128 205
130 146
130 164
130 201
131 180
132 230
133 169
133 192
134 230
136 222
136 241
137 168
137 170
137 183
137 185
137 236
138 155
138 203
138 243
138 248
138 249
139 198
139 229
140 162
140 176
140 180
140 202
140 231
142 235
143 189
143 199
143 220
145 204
145 225
146 233
150 181
150 221
150 239
151 202
152 221
154 156
155 178
156 194
157 177
159 164
159 174
161 206
162 186
162 223
163 195
163 207
164 196
164 204
165 224
167 225
168 235
172 181
173 187
173 244
174 191
176 197
178 190
178 242
179 215
179 223
180 212
183 225
183 236
184 223
184 234
185 187
188 198
188 202
190 213
191 205
191 209
191 214
192 211
192 222
192 240
193 211
195 228
199 218
207 229
212 247
219 225
219 244
219 248
220 246
228 237
