0 1
0 2
0 3
0 4
0 5
0 6
0 7
0 8
0 9
0 10
0 11
0 12
0 13
0 14
0 15
0 16
0 17
0 18
0 20
0 21
0 22
0 24
0 25
0 30
0 31
0 34
0 35
0 36
0 44
0 49
0 57
0 62
0 66
0 67
0 71
0 72
0 74
0 78
0 83
0 91
0 95
0 101
0 111
0 113
0 114
0 128
0 136
0 142
0 150
0 154
0 156
0 160
0 164
0 188
0 198
0 203
0 223
0 229
0 236
0 239
0 242
0 246
1 13
1 14
1 15
1 16
1 21
1 23
1 29
1 61
1 108
1 124
1 196
1 232
1 245
1 247
2 14
2 15
2 19
2 20
2 23
2 26
2 30
2 32
2 33
2 34
2 46
2 54
2 68
2 69
2 78
2 95
2 96
2 104
2 107
2 108
2 116
2 151
2 153
2 186
2 213
2 220
2 233
3 13
3 15
3 16
3 19
3 20
3 31
3 38
3 49
3 50
3 51
3 53
3 54
3 55
3 75
3 85
3 90
3 93
3 118
3 130
3 140
3 166
3 171
3 231
3 234
4 13
4 14
4 15
4 17
4 18
4 20
4 21
4 25
4 32
4 33
4 37
4 41
4 47
4 48
4 67
4 95
4 128
4 131
4 145
4 150
4 157
4 172
4 192
4 193
4 200
4 217
4 230
4 236
5 13
5 14
5 15
5 16
5 17
5 18
5 19
5 21
5 22
5 23
5 26
5 28
5 31
5 32
5 35
5 36
5 45
5 46
5 52
5 54
5 55
5 56
5 65
5 91
5 94
5 102
5 106
5 117
5 122
5 123
5 131
5 132
5 136
5 139
5 142
5 150
5 156
5 159
5 176
5 180
5 184
5 200
5 203
5 206
5 215
5 228
5 233
6 13
6 17
6 27
6 30
6 32
6 35
6 48
6 112
6 170
6 172
6 185
6 197
6 227
6 230
7 13
7 14
7 15
7 16
7 17
7 18
7 19
7 23
7 24
7 25
7 26
7 27
7 34
7 39
7 40
7 43
7 49
7 67
7 71
7 76
7 77
7 102
7 105
7 109
7 111
7 120
7 141
7 149
7 164
7 166
7 169
7 173
7 179
7 188
7 239
7 243
8 13
8 14
8 16
8 17
8 20
8 22
8 23
8 25
8 27
8 28
8 33
8 36
8 37
8 39
8 43
8 58
8 61
8 63
8 65
8 70
8 74
8 80
8 81
8 85
8 94
8 99
8 115
8 121
8 125
8 160
8 175
8 196
8 197
8 208
8 209
9 13
9 14
9 15
9 16
9 17
9 18
9 20
9 21
9 22
9 24
9 25
9 29
9 31
9 39
9 53
9 56
9 58
9 65
9 68
9 78
9 82
9 84
9 87
9 90
9 102
9 127
9 131
9 143
9 144
9 148
9 162
9 167
9 168
9 171
9 176
9 179
9 182
9 186
9 189
9 194
9 197
9 198
9 231
9 245
10 13
10 14
10 15
10 16
10 17
10 19
10 22
10 24
10 25
10 30
10 33
10 37
10 39
10 42
10 45
10 49
10 50
10 64
10 81
10 86
10 87
10 91
10 93
10 104
10 118
10 124
10 148
10 151
10 160
10 177
10 179
10 181
10 215
10 222
10 230
10 237
11 13
11 14
11 18
11 29
11 38
11 57
11 71
11 85
11 88
11 102
11 171
11 217
11 248
12 13
12 14
12 15
12 16
12 18
12 19
12 20
12 21
12 23
12 24
12 27
12 28
12 30
12 33
12 50
12 53
12 56
12 59
12 60
12 93
12 99
12 104
12 126
12 139
12 149
12 155
12 166
12 187
12 205
12 222
12 233
12 236
12 240
12 244
13 14
13 15
13 16
13 17
13 18
13 19
13 20
13 21
13 23
13 24
13 26
13 29
13 30
13 31
13 33
13 34
13 36
13 39
13 40
13 41
13 44
13 45
13 46
13 50
13 51
13 52
13 54
13 55
13 56
13 59
13 63
13 64
13 65
13 68
13 69
13 72
13 73
13 75
13 76
13 77
13 79
13 88
13 90
13 94
13 100
13 105
13 106
13 110
13 111
13 113
13 114
13 120
13 121
13 129
13 138
13 139
13 145
13 152
13 157
13 158
13 162
13 167
13 174
13 178
13 185
13 191
13 202
13 211
13 218
13 226
13 231
13 236
13 239
13 244
13 247
14 15
14 16
14 17
14 18
14 19
14 20
14 21
14 22
14 24
14 26
14 27
14 28
14 29
14 30
14 31
14 32
14 36
14 37
14 38
14 40
14 41
14 43
14 44
14 50
14 56
14 59
14 62
14 63
14 65
14 66
14 67
14 71
14 73
14 84
14 86
14 93
14 96
14 100
14 102
14 104
14 106
14 109
14 113
14 119
14 123
14 125
14 126
14 128
14 130
14 134
14 138
14 140
14 151
14 152
14 173
14 177
14 183
14 188
14 190
14 197
14 205
14 207
14 210
14 220
14 225
14 226
14 228
14 232
14 235
14 237
14 238
14 241
14 242
14 249
15 16
15 17
15 18
15 19
15 21
15 22
15 23
15 24
15 26
15 27
15 28
15 29
15 31
15 33
15 35
15 39
15 40
15 43
15 45
15 46
15 47
15 48
15 51
15 58
15 59
15 60
15 62
15 66
15 74
15 80
15 81
15 86
15 88
15 92
15 95
15 99
15 102
15 103
15 104
15 110
15 120
15 123
15 126
15 140
15 141
15 149
15 153
15 154
15 158
15 167
15 168
15 169
15 176
15 179
15 183
15 187
15 195
15 196
15 204
15 217
15 218
15 227
15 232
15 239
15 241
15 248
16 17
16 18
16 19
16 20
16 22
16 25
16 27
16 31
16 35
16 36
16 49
16 50
16 51
16 54
16 56
16 58
16 63
16 64
16 67
16 68
16 69
16 70
16 72
16 73
16 77
16 79
16 85
16 88
16 89
16 91
16 93
16 94
16 97
16 103
16 116
16 130
16 133
16 149
16 151
16 157
16 163
16 167
16 172
16 175
16 200
16 226
16 228
16 246
17 18
17 19
17 20
17 22
17 23
17 24
17 25
17 26
17 27
17 28
17 33
17 39
17 40
17 41
17 43
17 44
17 45
17 47
17 60
17 62
17 63
17 70
17 71
17 75
17 76
17 87
17 88
17 102
17 111
17 122
17 123
17 126
17 129
17 135
17 140
17 141
17 143
17 144
17 152
17 160
17 163
17 166
17 169
17 180
17 184
17 191
17 197
17 208
17 211
17 213
17 214
17 225
17 230
17 240
18 19
18 20
18 21
18 23
18 24
18 25
18 27
18 28
18 34
18 35
18 37
18 38
18 41
18 42
18 45
18 46
18 47
18 51
18 53
18 54
18 57
18 59
18 62
18 65
18 66
18 69
18 73
18 76
18 78
18 80
18 82
18 84
18 92
18 98
18 102
18 103
18 104
18 110
18 114
18 118
18 126
18 127
18 134
18 142
18 160
18 161
18 167
18 170
18 172
18 178
18 179
18 182
18 183
18 185
18 187
18 193
18 194
18 195
18 199
18 205
18 210
18 217
18 219
18 225
18 239
18 243
19 21
19 22
19 23
19 25
19 26
19 28
19 29
19 31
19 37
19 38
19 44
19 45
19 48
19 49
19 54
19 57
19 59
19 66
19 76
19 80
19 98
19 105
19 108
19 120
19 121
19 122
19 130
19 140
19 144
19 153
19 155
19 160
19 161
19 164
19 166
19 172
19 189
19 197
19 199
19 210
19 212
19 214
19 216
19 220
19 226
19 228
19 231
19 234
19 235
20 21
20 22
20 24
20 25
20 26
20 29
20 30
20 34
20 35
20 36
20 37
20 38
20 40
20 41
20 45
20 50
20 52
20 53
20 55
20 61
20 66
20 69
20 71
20 79
20 82
20 96
20 109
20 112
20 113
20 115
20 129
20 131
20 137
20 142
20 149
20 163
20 174
20 181
20 184
20 187
20 191
20 192
20 205
20 216
20 234
20 235
20 242
20 247
21 22
21 23
21 24
21 26
21 27
21 32
21 34
21 39
21 40
21 41
21 42
21 44
21 46
21 50
21 52
21 55
21 58
21 60
21 62
21 64
21 68
21 71
21 74
21 75
21 77
21 79
21 86
21 88
21 91
21 93
21 98
21 101
21 105
21 108
21 112
21 122
21 124
21 130
21 134
21 137
21 138
21 141
21 149
21 150
21 152
21 158
21 161
21 163
21 164
21 167
21 175
21 180
21 185
21 187
21 192
21 206
21 213
21 219
21 221
21 223
21 226
21 243
22 28
22 29
22 30
22 31
22 37
22 38
22 42
22 46
22 49
22 60
22 63
22 72
22 74
22 90
22 98
22 103
22 107
22 114
22 115
22 116
22 119
22 127
22 140
22 144
22 147
22 156
22 170
22 182
22 195
22 246
23 25
23 26
23 28
23 30
23 32
23 34
23 35
23 37
23 38
23 41
23 42
23 48
23 51
23 53
23 57
23 58
23 77
23 83
23 84
23 97
23 104
23 106
23 119
23 131
23 147
23 149
23 150
23 152
23 154
23 163
23 176
23 177
23 197
23 233
23 245
24 27
24 28
24 31
24 35
24 36
24 42
24 43
24 44
24 50
24 53
24 54
24 57
24 58
24 67
24 69
24 77
24 79
24 81
24 82
24 83
24 93
24 96
24 105
24 109
24 110
24 113
24 116
24 124
24 134
24 135
24 141
24 177
24 181
24 188
24 197
24 198
24 200
24 201
24 204
24 215
24 220
24 228
24 238
24 245
25 26
25 29
25 30
25 32
25 33
25 35
25 42
25 53
25 54
25 55
25 60
25 66
25 70
25 72
25 73
25 74
25 79
25 85
25 86
25 90
25 103
25 104
25 113
25 116
25 123
25 129
25 138
25 143
25 145
25 147
25 149
25 160
25 164
25 165
25 168
25 174
25 180
25 192
25 198
25 209
25 221
25 232
25 244
25 246
25 249
26 27
26 28
26 29
26 30
26 32
26 33
26 38
26 39
26 40
26 43
26 44
26 47
26 50
26 51
26 53
26 58
26 60
26 62
26 63
26 64
26 66
26 74
26 75
26 77
26 80
26 83
26 85
26 86
26 91
26 92
26 96
26 103
26 108
26 112
26 132
26 139
26 141
26 144
26 152
26 165
26 171
26 183
26 189
26 203
26 229
26 230
26 233
26 237
26 238
26 240
26 242
27 29
27 32
27 35
27 36
27 37
27 41
27 43
27 45
27 48
27 53
27 56
27 61
27 70
27 78
27 88
27 90
27 100
27 101
27 102
27 110
27 131
27 146
27 153
27 156
27 160
27 163
27 168
27 181
27 211
27 221
27 223
27 246
28 32
28 34
28 37
28 41
28 44
28 47
28 48
28 52
28 63
28 66
28 68
28 96
28 100
28 104
28 115
28 117
28 147
28 152
28 157
28 162
28 195
28 197
28 208
28 210
28 217
28 221
28 224
28 240
28 249
29 31
29 32
29 33
29 34
29 36
29 38
29 42
29 50
29 57
29 58
29 59
29 62
29 70
29 71
29 73
29 90
29 92
29 94
29 97
29 98
29 121
29 124
29 127
29 128
29 146
29 154
29 156
29 158
29 165
29 174
29 181
29 190
29 196
29 204
29 207
29 212
29 213
29 216
29 219
29 221
29 227
30 34
30 40
30 42
30 46
30 48
30 52
30 57
30 64
30 69
30 75
30 95
30 99
30 101
30 112
30 120
30 125
30 128
30 156
30 163
30 190
30 206
30 225
30 229
31 34
31 37
31 39
31 42
31 43
31 44
31 47
31 48
31 52
31 56
31 57
31 59
31 60
31 64
31 67
31 68
31 70
31 74
31 82
31 85
31 90
31 98
31 105
31 114
31 119
31 121
31 134
31 136
31 137
31 139
31 150
31 159
31 176
31 201
31 215
31 216
31 226
31 231
31 242
31 244
32 33
32 39
32 46
32 61
32 68
32 70
32 75
32 80
32 84
32 85
32 97
32 122
32 124
32 160
32 166
32 191
32 198
32 203
32 235
32 242
32 247
32 249
33 40
33 59
33 61
33 72
33 83
33 87
33 89
33 91
33 96
33 98
33 100
33 110
33 117
33 120
33 121
33 123
33 127
33 130
33 139
33 145
33 171
33 177
33 187
33 188
33 190
33 194
33 199
33 208
33 209
33 215
33 223
33 224
33 231
34 35
34 36
34 39
34 41
34 43
34 44
34 45
34 46
34 52
34 56
34 57
34 68
34 70
34 71
34 75
34 76
34 87
34 89
34 91
34 97
34 103
34 111
34 113
34 130
34 131
34 137
34 142
34 148
34 178
34 195
34 196
34 198
34 209
34 226
34 228
34 229
34 238
35 36
35 40
35 42
35 43
35 47
35 51
35 54
35 55
35 58
35 62
35 63
35 77
35 78
35 86
35 88
35 97
35 108
35 111
35 113
35 116
35 117
35 124
35 127
35 130
35 135
35 136
35 139
35 151
35 157
35 175
35 180
35 218
35 236
35 241
35 249
36 38
36 46
36 47
36 49
36 51
36 59
36 76
36 81
36 101
36 121
36 122
36 127
36 133
36 140
36 156
36 158
36 161
36 176
36 195
36 200
36 202
36 209
36 210
36 212
36 217
36 237
36 248
37 38
37 40
37 48
37 57
37 59
37 61
37 62
37 80
37 88
37 92
37 93
37 97
37 101
37 107
37 109
37 117
37 123
37 126
37 127
37 129
37 130
37 132
37 134
37 145
37 153
37 174
37 178
37 179
37 182
37 190
37 204
37 208
37 209
37 213
37 228
38 44
38 45
38 53
38 56
38 67
38 68
38 74
38 84
38 86
38 87
38 107
38 108
38 109
38 111
38 115
38 121
38 123
38 124
38 133
38 138
38 143
38 147
38 155
38 157
38 175
38 239
39 52
39 53
39 65
39 69
39 76
39 79
39 80
39 83
39 96
39 100
39 104
39 106
39 110
39 111
39 130
39 133
39 145
39 181
39 202
39 204
39 207
39 225
39 232
39 245
39 248
40 41
40 42
40 43
40 46
40 50
40 52
40 55
40 64
40 73
40 74
40 79
40 89
40 94
40 97
40 99
40 112
40 123
40 145
40 151
40 159
40 162
40 181
40 203
40 204
40 217
40 223
40 224
40 240
40 243
41 45
41 47
41 59
41 67
41 72
41 75
41 81
41 89
41 91
41 118
41 136
41 148
41 165
41 182
41 187
41 221
42 47
42 48
42 51
42 55
42 69
42 70
42 78
42 88
42 112
42 128
42 132
42 143
42 152
42 156
42 172
42 173
42 248
43 47
43 58
43 62
43 77
43 78
43 83
43 84
43 87
43 94
43 114
43 118
43 122
43 126
43 128
43 134
43 175
43 178
43 180
43 205
43 207
43 210
43 211
43 219
43 234
43 236
43 241
44 49
44 51
44 54
44 60
44 61
44 64
44 65
44 66
44 67
44 70
44 71
44 72
44 73
44 76
44 81
44 95
44 106
44 108
44 109
44 116
44 117
44 121
44 128
44 132
44 143
44 148
44 150
44 151
44 158
44 164
44 168
44 170
44 172
44 175
44 176
44 189
44 208
44 210
44 211
44 212
44 215
44 226
44 229
44 238
45 49
45 70
45 83
45 100
45 115
45 133
45 165
45 178
45 218
45 221
45 223
45 238
46 48
46 49
46 61
46 66
46 97
46 103
46 106
46 126
46 159
46 220
46 239
47 49
47 51
47 60
47 72
47 82
47 84
47 88
47 91
47 92
47 103
47 132
47 141
47 156
47 168
47 189
47 199
47 206
47 225
47 237
47 247
48 54
48 79
48 92
48 95
48 99
48 137
48 149
48 180
48 185
48 206
48 215
48 221
48 232
48 239
49 52
49 55
49 56
49 63
49 67
49 76
49 84
49 87
49 105
49 125
49 132
49 133
49 139
49 144
49 146
49 154
49 164
49 166
49 183
49 187
49 190
49 196
49 202
49 205
49 206
49 209
49 234
49 243
50 60
50 63
50 73
50 78
50 81
50 89
50 105
50 115
50 124
50 132
50 170
50 177
50 185
50 189
50 190
50 223
50 246
51 52
51 56
51 57
51 58
51 61
51 64
51 79
51 82
51 95
51 110
51 113
51 121
51 144
51 146
51 158
51 171
51 172
51 199
51 208
51 211
51 221
51 222
51 232
52 68
52 73
52 74
52 84
52 89
52 96
52 106
52 117
52 132
52 137
52 138
52 195
52 212
52 217
52 241
52 242
53 55
53 66
53 67
53 69
53 77
53 80
53 87
53 95
53 118
53 155
53 165
53 204
54 55
54 72
54 92
54 95
54 141
54 177
54 205
54 212
54 223
54 227
54 245
55 61
55 65
55 81
55 82
55 85
55 86
55 94
55 100
55 101
55 103
55 111
55 115
55 122
55 183
55 193
55 202
55 220
55 221
55 223
55 233
56 60
56 62
56 64
56 80
56 83
56 90
56 126
56 129
56 156
56 191
56 197
57 71
57 75
57 81
57 91
57 92
57 93
57 102
57 106
57 124
57 201
57 210
57 231
57 235
57 240
58 64
58 65
58 75
58 76
58 80
58 83
58 89
58 95
58 117
58 125
58 126
58 127
58 159
58 191
58 205
58 209
58 224
58 242
58 247
59 65
59 89
59 105
59 110
59 161
59 169
59 234
60 61
60 65
60 101
60 111
60 116
60 124
60 147
60 152
60 165
60 196
60 208
60 228
60 231
60 237
61 63
61 73
61 85
61 92
61 96
61 106
61 108
61 119
61 144
61 170
61 179
61 224
61 236
61 245
62 69
62 79
62 89
62 98
62 102
62 104
62 105
62 109
62 112
62 115
62 119
62 120
62 123
62 125
62 135
62 139
62 140
62 142
62 143
62 150
62 174
62 199
62 211
62 224
62 237
63 73
63 82
63 85
63 88
63 89
63 105
63 110
63 133
63 134
63 149
63 157
63 176
63 184
63 194
63 245
64 78
64 101
64 108
64 115
64 117
64 142
64 162
64 179
64 188
64 207
64 227
65 72
65 78
65 85
65 87
65 111
65 114
65 137
65 163
65 181
66 69
66 72
66 82
66 84
66 92
66 107
66 139
66 153
66 161
66 183
66 214
66 228
67 68
67 71
67 76
67 80
67 116
67 129
67 136
67 139
67 170
67 174
67 182
67 196
67 206
67 210
67 234
67 245
68 79
68 105
68 111
68 126
68 130
68 131
68 135
68 139
68 169
68 238
69 77
69 90
69 115
69 138
69 163
69 167
69 168
69 191
69 229
70 77
70 93
70 135
70 173
70 186
70 201
70 215
71 74
71 78
71 84
71 91
71 93
71 94
71 96
71 98
71 109
71 136
71 138
71 159
71 169
71 173
71 187
71 192
71 202
71 235
72 82
72 90
72 97
72 117
72 127
72 134
72 146
72 203
73 82
73 94
73 98
73 107
73 114
73 120
73 135
73 142
73 145
73 146
73 152
73 161
73 164
73 195
74 75
74 101
74 128
74 129
74 134
74 146
74 161
74 185
74 186
74 201
74 237
74 249
75 83
75 87
75 92
75 96
75 100
75 101
75 107
75 112
75 115
75 135
75 147
75 167
75 178
75 181
75 187
75 192
75 194
75 201
75 205
75 224
76 81
76 93
76 100
76 103
76 110
76 125
76 155
76 161
76 192
76 203
76 206
76 243
77 81
77 83
77 94
77 95
77 97
77 99
77 100
77 102
77 112
77 122
77 133
77 142
77 145
77 162
77 173
77 186
77 190
77 216
77 219
77 230
77 246
78 97
78 121
78 134
78 159
78 163
78 179
78 180
78 186
78 197
78 198
78 199
78 204
78 231
79 143
79 144
79 162
79 194
79 198
79 214
79 244
80 86
80 98
80 99
80 107
80 118
80 119
80 123
80 174
80 194
80 199
80 200
80 216
80 222
80 227
81 135
81 155
81 170
81 201
81 224
82 86
82 99
82 106
82 109
82 113
82 132
82 134
82 141
83 173
83 222
84 87
84 99
84 101
84 108
84 118
84 125
84 131
84 135
84 143
84 148
84 153
84 176
84 219
85 86
85 89
85 122
85 125
85 137
85 142
85 150
85 171
85 200
85 219
85 221
85 231
85 235
85 246
86 133
86 180
86 217
86 220
86 226
86 229
86 243
87 178
87 182
87 183
87 189
87 202
87 216
88 116
88 120
88 145
88 147
88 157
88 168
88 169
88 199
88 206
88 216
88 219
88 223
88 224
88 237
88 245
89 90
89 94
89 106
89 119
89 123
89 127
89 152
89 153
89 154
89 155
89 175
89 177
89 218
90 114
90 129
90 157
90 184
90 185
90 225
90 227
91 118
91 154
91 178
91 188
91 213
91 227
91 234
91 239
92 99
92 131
92 149
92 165
92 183
92 189
92 191
92 246
93 100
93 116
93 125
93 158
93 169
93 178
93 185
93 225
93 227
93 229
94 98
94 107
94 114
94 129
94 137
94 142
94 152
94 153
94 181
94 210
94 214
94 224
94 230
94 239
95 99
95 110
95 117
95 132
95 133
95 135
95 144
95 145
95 170
95 173
95 182
95 188
95 193
95 200
96 142
96 148
96 155
96 174
97 119
97 120
97 133
97 147
97 154
97 155
97 162
97 172
97 206
97 241
97 243
97 247
98 109
98 131
98 159
98 160
98 162
98 166
98 188
98 201
98 212
98 241
99 103
99 107
99 118
99 120
99 158
99 167
99 217
99 222
99 232
99 235
100 137
100 141
100 149
100 236
100 237
101 107
101 120
101 131
101 184
101 204
101 227
101 229
101 243
102 107
102 118
102 133
102 169
102 186
102 198
102 216
102 242
103 104
103 108
103 113
103 130
103 132
103 136
103 150
103 154
103 156
103 157
103 193
103 202
103 207
103 214
103 217
103 234
104 155
104 159
104 165
104 191
104 194
104 200
104 244
104 246
105 122
105 143
105 151
105 174
105 176
105 188
105 225
105 243
106 114
106 117
106 128
106 141
106 173
106 184
106 186
106 190
106 227
106 233
107 109
107 112
107 162
107 199
108 112
108 114
108 126
108 144
108 145
108 146
108 156
108 167
108 170
108 185
108 203
108 218
108 222
108 241
108 249
109 119
109 143
109 174
109 225
110 116
110 129
110 148
110 151
110 199
110 223
111 159
111 168
112 113
112 124
112 135
112 168
112 174
112 180
112 207
112 233
112 244
113 136
113 158
113 160
113 164
113 166
113 173
113 188
113 192
113 213
113 218
114 119
114 179
114 212
114 232
115 118
115 121
115 143
115 148
115 150
115 159
116 137
116 138
116 140
116 178
116 201
116 219
116 230
117 148
117 164
117 167
117 176
118 119
118 243
119 128
119 153
119 199
120 122
120 127
120 182
120 209
120 223
121 125
121 147
121 169
121 186
121 198
121 203
121 235
121 236
122 162
122 197
122 200
122 201
122 228
122 245
123 128
123 158
123 206
123 208
123 211
123 212
123 218
124 125
124 136
124 138
124 146
124 147
124 155
124 165
124 185
124 187
124 200
124 218
124 226
124 241
126 184
126 186
126 220
127 136
127 146
127 169
127 184
127 195
127 196
127 203
127 218
127 231
127 232
128 129
128 136
128 137
128 140
128 172
128 220
128 231
128 237
128 242
128 249
129 172
129 180
129 194
129 202
129 221
129 233
129 240
130 138
130 140
130 180
130 187
130 189
131 218
132 154
132 155
132 163
132 182
132 215
133 151
133 175
133 249
134 144
134 146
134 176
134 182
134 186
134 193
134 222
134 241
135 154
135 175
135 179
135 184
135 204
135 211
136 150
136 170
136 212
136 216
136 227
136 230
136 240
136 244
137 138
137 140
137 148
137 175
137 177
137 181
137 190
137 208
137 242
138 168
138 193
138 201
138 228
138 240
138 247
138 249
139 141
139 153
139 166
139 183
139 206
139 244
139 248
140 148
140 163
140 164
140 196
140 228
140 240
141 153
141 160
141 172
141 219
142 157
142 196
142 222
142 245
143 154
143 166
143 170
143 214
144 146
144 193
144 233
145 147
145 179
145 191
145 192
145 226
146 157
146 201
146 246
147 213
148 151
148 175
149 168
149 229
149 238
150 151
150 184
151 158
151 159
151 192
151 193
151 224
151 247
152 165
152 173
152 224
152 235
152 248
153 162
154 161
154 167
154 171
154 189
154 208
154 212
154 238
155 193
155 248
156 169
156 177
156 209
157 161
157 178
157 191
157 230
157 235
158 161
158 173
158 181
158 183
158 240
159 166
159 214
159 237
160 165
160 193
160 194
160 196
160 204
161 198
161 211
161 214
161 215
161 222
161 247
162 185
162 207
163 164
163 177
163 213
164 171
164 177
164 189
164 229
165 171
165 190
165 192
165 194
165 209
165 236
166 171
166 188
166 191
166 229
167 194
167 207
167 225
168 182
168 183
168 207
168 216
168 219
168 247
169 171
169 192
170 195
170 213
170 226
171 207
171 210
172 211
173 186
173 220
174 184
174 205
175 193
175 234
175 246
177 198
177 200
177 220
177 225
178 205
178 238
178 244
180 208
181 215
182 195
182 203
182 210
183 189
183 209
183 236
184 190
184 233
185 195
185 217
187 207
187 214
187 248
188 234
189 220
191 204
191 211
191 214
193 230
193 241
194 202
195 202
196 205
196 213
197 233
197 241
198 214
199 202
199 240
199 247
201 212
201 218
201 235
202 203
204 219
204 230
204 234
206 248
208 222
209 239
211 213
211 216
211 248
212 238
213 215
217 238
218 244
220 222
222 236
222 248
224 243
227 242
228 232
229 232
234 244
237 239
238 249
242 249
