0 1
0 2
0 3
0 4
0 5
0 6
0 7
0 8
0 9
0 10
0 11
0 12
0 13
0 14
0 15
0 16
0 17
0 18
0 19
0 20
0 21
0 22
0 23
0 24
0 25
0 26
0 27
0 28
0 30
0 31
0 32
0 33
0 34
0 35
0 37
0 38
0 40
0 41
0 43
0 44
0 50
0 51
0 53
0 57
0 58
0 59
0 61
0 62
0 69
0 72
0 78
0 83
0 84
0 86
0 90
0 92
0 93
0 96
0 97
0 98
0 99
0 100
0 108
0 115
0 117
0 121
0 126
0 130
0 133
0 142
0 148
0 151
0 152
0 154
0 157
0 158
0 159
0 168
0 170
0 171
0 178
0 181
0 191
0 192
0 198
0 203
0 220
0 223
0 224
0 233
0 236
0 239
1 15
1 16
1 17
1 18
1 20
1 22
1 23
1 26
1 29
1 32
1 33
1 34
1 37
1 54
1 82
1 84
1 120
1 124
1 128
1 152
1 158
1 165
1 172
1 206
1 237
1 239
1 246
2 15
2 16
2 17
2 18
2 19
2 20
2 21
2 23
2 25
2 26
2 27
2 35
2 37
2 39
2 44
2 48
2 50
2 55
2 56
2 60
2 61
2 67
2 86
2 87
2 92
2 99
2 101
2 107
2 118
2 130
2 135
2 142
2 144
2 145
2 154
2 160
2 167
2 168
2 172
2 173
2 186
2 199
2 202
2 209
2 216
2 233
2 244
3 15
3 24
3 39
3 68
3 98
3 106
4 15
4 16
4 27
4 30
4 61
4 62
4 85
4 88
4 90
4 99
4 172
4 199
4 222
4 239
4 248
5 15
5 16
5 17
5 19
5 20
5 21
5 27
5 30
5 31
5 34
5 48
5 51
5 79
5 98
5 114
5 120
5 126
5 127
5 136
5 139
5 140
5 145
5 153
5 158
5 159
5 169
5 173
5 197
5 214
5 238
6 15
6 16
6 17
6 18
6 19
6 20
6 21
6 22
6 23
6 24
6 25
6 26
6 30
6 32
6 38
6 41
6 46
6 48
6 55
6 59
6 67
6 68
6 69
6 75
6 85
6 89
6 92
6 95
6 123
6 127
6 133
6 140
6 141
6 142
6 149
6 153
6 155
6 170
6 176
6 180
6 188
6 196
6 204
6 221
6 223
6 224
6 226
6 238
6 239
7 15
7 16
7 17
7 18
7 19
7 23
7 24
7 26
7 27
7 29
7 34
7 35
7 37
7 38
7 39
7 43
7 44
7 47
7 55
7 56
7 58
7 65
7 68
7 71
7 74
7 77
7 94
7 99
7 102
7 120
7 125
7 128
7 136
7 183
7 202
7 233
8 15
8 16
8 17
8 18
8 19
8 21
8 22
8 23
8 24
8 27
8 28
8 29
8 30
8 31
8 32
8 33
8 34
8 40
8 46
8 47
8 49
8 51
8 56
8 58
8 61
8 63
8 67
8 68
8 70
8 73
8 75
8 80
8 82
8 89
8 93
8 103
8 105
8 114
8 116
8 150
8 154
8 158
8 176
8 186
8 191
8 204
8 213
8 214
8 223
8 225
8 228
8 230
8 232
8 235
9 15
9 16
9 17
9 18
9 19
9 21
9 23
9 25
9 26
9 28
9 36
9 40
9 43
9 44
9 45
9 50
9 55
9 56
9 59
9 60
9 64
9 70
9 73
9 77
9 80
9 81
9 83
9 86
9 87
9 89
9 96
9 99
9 101
9 112
9 116
9 118
9 120
9 125
9 147
9 149
9 173
9 177
9 182
9 194
9 205
9 232
9 233
10 15
10 16
10 18
10 19
10 20
10 21
10 22
10 25
10 28
10 29
10 34
10 35
10 40
10 42
10 48
10 54
10 56
10 68
10 69
10 90
10 119
10 169
10 181
10 188
10 194
10 199
10 220
10 224
11 15
11 16
11 17
11 18
11 21
11 22
11 24
11 28
11 32
11 34
11 41
11 42
11 43
11 51
11 60
11 64
11 66
11 71
11 73
11 78
11 86
11 95
11 102
11 107
11 126
11 128
11 129
11 156
11 212
11 226
12 15
12 16
12 17
12 19
12 20
12 22
12 27
12 28
12 34
12 40
12 44
12 61
12 62
12 64
12 75
12 76
12 89
12 103
12 111
12 136
12 142
12 150
12 155
12 181
12 190
12 203
12 211
12 240
13 15
13 17
13 18
13 19
13 20
13 22
13 23
13 24
13 27
13 29
13 33
13 36
13 37
13 41
13 42
13 46
13 54
13 57
13 61
13 79
13 91
13 97
13 106
13 129
13 133
13 134
13 140
13 145
13 162
13 165
13 168
13 179
13 183
13 187
13 208
13 216
13 219
13 222
13 223
13 231
13 233
13 234
13 235
13 243
14 16
14 17
14 18
14 20
14 23
14 26
14 28
14 31
14 36
14 45
14 46
14 53
14 57
14 76
14 82
14 85
14 88
14 91
14 97
14 110
14 119
14 138
14 144
14 147
14 168
14 191
14 193
14 202
14 205
14 207
14 232
15 16
15 17
15 18
15 19
15 20
15 21
15 22
15 23
15 24
15 25
15 27
15 29
15 30
15 31
15 32
15 33
15 36
15 37
15 38
15 42
15 43
15 49
15 51
15 55
15 57
15 60
15 61
15 64
15 66
15 69
15 70
15 74
15 76
15 77
15 78
15 79
15 81
15 85
15 87
15 92
15 97
15 99
15 100
15 105
15 110
15 112
15 113
15 116
15 121
15 123
15 129
15 134
15 137
15 145
15 151
15 153
15 156
15 161
15 162
15 164
15 177
15 178
15 179
15 190
15 197
15 209
15 212
15 221
15 231
15 243
16 17
16 18
16 19
16 20
16 21
16 22
16 24
16 25
16 26
16 27
16 28
16 29
16 30
16 31
16 32
16 33
16 34
16 35
16 37
16 38
16 40
16 42
16 43
16 44
16 46
16 47
16 48
16 50
16 51
16 52
16 53
16 54
16 57
16 58
16 59
16 60
16 62
16 63
16 65
16 66
16 68
16 70
16 73
16 80
16 83
16 84
16 91
16 93
16 94
16 97
16 98
16 100
16 104
16 107
16 109
16 110
16 111
16 113
16 116
16 118
16 123
16 124
16 125
16 129
16 130
16 131
16 133
16 135
16 137
16 138
16 139
16 144
16 149
16 153
16 156
16 158
16 164
16 172
16 178
16 181
16 182
16 183
16 186
16 195
16 201
16 210
16 215
16 218
16 221
16 224
16 226
16 235
16 239
16 249
17 18
17 19
17 20
17 21
17 23
17 24
17 25
17 26
17 27
17 28
17 29
17 30
17 31
17 35
17 36
17 37
17 38
17 39
17 40
17 41
17 45
17 47
17 48
17 49
17 51
17 56
17 60
17 62
17 63
17 66
17 71
17 72
17 76
17 78
17 80
17 86
17 89
17 90
17 91
17 92
17 96
17 98
17 101
17 102
17 105
17 109
17 111
17 113
17 125
17 127
17 129
17 132
17 134
17 138
17 141
17 142
17 147
17 148
17 151
17 152
17 155
17 159
17 162
17 165
17 173
17 178
17 181
17 182
17 184
17 188
17 196
17 203
17 211
17 213
17 216
17 219
17 223
17 234
17 235
17 238
17 242
17 247
17 248
18 19
18 20
18 21
18 22
18 23
18 25
18 26
18 27
18 29
18 31
18 32
18 34
18 37
18 38
18 42
18 44
18 45
18 47
18 48
18 50
18 53
18 55
18 57
18 61
18 62
18 63
18 64
18 65
18 67
18 68
18 69
18 74
18 76
18 77
18 79
18 82
18 84
18 92
18 94
18 95
18 100
18 101
18 105
18 108
18 109
18 115
18 118
18 122
18 124
18 126
18 128
18 129
18 137
18 144
18 156
18 157
18 159
18 162
18 166
18 169
18 172
18 174
18 183
18 186
18 187
18 189
18 190
18 192
18 196
18 201
18 202
18 204
18 205
18 206
18 212
18 214
18 217
18 223
18 228
18 238
18 240
18 241
18 243
19 20
19 21
19 22
19 23
19 24
19 25
19 27
19 28
19 30
19 32
19 33
19 35
19 38
19 41
19 42
19 43
19 46
19 47
19 49
19 50
19 51
19 52
19 54
19 59
19 61
19 65
19 66
19 67
19 71
19 72
19 74
19 75
19 76
19 82
19 84
19 86
19 93
19 94
19 95
19 96
19 103
19 110
19 114
19 115
19 118
19 122
19 127
19 130
19 139
19 140
19 141
19 149
19 152
19 155
19 157
19 159
19 161
19 165
19 171
19 179
19 180
19 184
19 202
19 204
19 219
19 242
19 248
20 21
20 22
20 24
20 25
20 26
20 30
20 33
20 34
20 35
20 37
20 39
20 41
20 42
20 46
20 54
20 57
20 68
20 74
20 77
20 82
20 88
20 93
20 108
20 113
20 114
20 140
20 150
20 156
20 159
20 160
20 164
20 183
20 187
20 196
20 198
20 221
20 227
20 230
20 237
21 22
21 23
21 24
21 26
21 28
21 30
21 31
21 32
21 33
21 34
21 35
21 36
21 39
21 40
21 45
21 47
21 48
21 49
21 50
21 52
21 53
21 59
21 60
21 63
21 67
21 68
21 79
21 80
21 82
21 84
21 88
21 90
21 91
21 96
21 98
21 103
21 106
21 108
21 109
21 110
21 111
21 114
21 116
21 123
21 126
21 129
21 131
21 133
21 141
21 143
21 147
21 148
21 154
21 156
21 162
21 164
21 169
21 184
21 189
21 210
21 214
21 243
22 24
22 25
22 28
22 29
22 30
22 36
22 39
22 40
22 46
22 47
22 52
22 53
22 60
22 71
22 112
22 116
22 123
22 124
22 125
22 134
22 141
22 146
22 150
22 151
22 158
22 169
22 173
22 185
22 196
22 208
22 209
22 214
22 217
22 228
23 25
23 29
23 31
23 32
23 33
23 34
23 35
23 40
23 44
23 45
23 46
23 48
23 50
23 52
23 60
23 61
23 63
23 66
23 68
23 69
23 72
23 81
23 88
23 89
23 93
23 100
23 102
23 106
23 109
23 120
23 136
23 144
23 147
23 148
23 149
23 150
23 159
23 166
23 170
23 180
23 181
23 192
23 198
23 201
23 205
23 208
23 219
23 222
23 226
23 230
23 245
24 25
24 26
24 27
24 31
24 32
24 33
24 34
24 37
24 38
24 40
24 43
24 48
24 50
24 52
24 54
24 55
24 57
24 62
24 63
24 72
24 78
24 83
24 84
24 87
24 93
24 98
24 99
24 100
24 104
24 113
24 125
24 126
24 128
24 129
24 131
24 133
24 138
24 139
24 141
24 142
24 150
24 153
24 155
24 157
24 158
24 161
24 162
24 164
24 165
24 176
24 183
24 184
24 189
24 191
24 194
24 196
24 207
24 208
24 210
24 211
24 222
24 229
24 232
24 247
24 248
25 26
25 28
25 29
25 30
25 36
25 38
25 42
25 43
25 44
25 45
25 46
25 48
25 50
25 56
25 57
25 59
25 63
25 65
25 71
25 73
25 78
25 81
25 85
25 92
25 99
25 102
25 108
25 110
25 111
25 123
25 126
25 128
25 133
25 137
25 138
25 140
25 142
25 143
25 160
25 169
25 170
25 174
25 179
25 185
25 186
25 200
25 201
25 203
25 218
25 244
25 248
26 28
26 29
26 30
26 31
26 33
26 36
26 38
26 39
26 43
26 48
26 49
26 57
26 58
26 64
26 65
26 72
26 73
26 75
26 76
26 82
26 88
26 95
26 98
26 102
26 103
26 104
26 106
26 113
26 116
26 124
26 126
26 127
26 132
26 134
26 135
26 145
26 149
26 152
26 163
26 166
26 174
26 178
26 180
26 184
26 185
26 190
26 192
26 194
26 195
26 206
26 218
26 219
26 220
26 223
26 226
26 233
26 235
27 29
27 31
27 33
27 44
27 45
27 57
27 62
27 71
27 73
27 76
27 79
27 83
27 85
27 91
27 92
27 93
27 121
27 123
27 127
27 135
27 145
27 149
27 151
27 154
27 155
27 167
27 171
27 186
27 190
27 202
27 209
27 213
27 230
27 241
27 245
28 33
28 36
28 37
28 38
28 44
28 45
28 49
28 54
28 56
28 58
28 59
28 60
28 68
28 69
28 72
28 75
28 79
28 82
28 86
28 110
28 111
28 118
28 121
28 122
28 130
28 138
28 140
28 146
28 151
28 162
28 163
28 168
28 189
28 201
28 211
28 213
28 217
28 221
28 228
28 235
28 239
28 247
29 32
29 35
29 36
29 39
29 40
29 41
29 42
29 43
29 51
29 52
29 60
29 61
29 63
29 69
29 73
29 82
29 83
29 87
29 90
29 96
29 97
29 102
29 103
29 104
29 106
29 113
29 117
29 120
29 122
29 127
29 130
29 135
29 145
29 146
29 153
29 155
29 161
29 163
29 165
29 166
29 174
29 181
29 185
29 187
29 197
29 199
29 209
29 212
29 215
29 221
29 232
29 238
29 248
30 31
30 36
30 39
30 42
30 45
30 46
30 50
30 51
30 53
30 55
30 56
30 57
30 64
30 66
30 71
30 77
30 78
30 82
30 83
30 84
30 87
30 91
30 97
30 108
30 111
30 112
30 118
30 121
30 122
30 134
30 135
30 148
30 168
30 174
30 175
30 181
30 192
30 208
30 220
30 225
30 242
31 32
31 35
31 36
31 41
31 44
31 47
31 49
31 50
31 51
31 52
31 63
31 64
31 65
31 67
31 71
31 72
31 73
31 81
31 95
31 97
31 104
31 107
31 111
31 127
31 134
31 138
31 142
31 143
31 146
31 151
31 156
31 160
31 162
31 164
31 175
31 178
31 183
31 204
31 224
31 233
31 234
31 239
32 35
32 36
32 38
32 39
32 40
32 43
32 44
32 45
32 47
32 48
32 49
32 50
32 52
32 54
32 58
32 67
32 70
32 74
32 79
32 89
32 90
32 102
32 111
32 122
32 126
32 135
32 149
32 154
32 156
32 166
32 178
32 183
32 192
32 209
32 212
32 217
32 219
32 221
32 222
32 225
32 227
32 234
32 237
33 39
33 46
33 47
33 49
33 54
33 55
33 56
33 57
33 63
33 65
33 66
33 69
33 71
33 72
33 74
33 76
33 77
33 81
33 83
33 84
33 85
33 87
33 89
33 95
33 102
33 103
33 105
33 107
33 111
33 112
33 115
33 119
33 131
33 152
33 168
33 171
33 177
33 178
33 182
33 184
33 198
33 202
33 218
33 227
34 35
34 37
34 38
34 41
34 42
34 43
34 47
34 52
34 56
34 62
34 69
34 71
34 74
34 79
34 80
34 82
34 84
34 89
34 92
34 102
34 104
34 115
34 122
34 154
34 163
34 172
34 175
34 176
34 179
34 204
34 222
34 232
34 234
35 37
35 39
35 41
35 43
35 47
35 49
35 52
35 54
35 55
35 60
35 61
35 64
35 65
35 67
35 68
35 69
35 70
35 72
35 76
35 81
35 91
35 94
35 106
35 130
35 131
35 134
35 136
35 138
35 139
35 153
35 160
35 171
35 182
35 184
35 200
35 233
35 239
36 42
36 47
36 53
36 59
36 62
36 79
36 89
36 96
36 97
36 143
36 146
36 173
36 176
36 182
36 194
37 39
37 40
37 41
37 51
37 55
37 63
37 79
37 81
37 85
37 91
37 92
37 107
37 109
37 116
37 124
37 135
37 143
37 145
37 146
37 157
37 165
37 166
37 169
37 195
37 197
37 205
37 207
37 212
37 224
37 243
37 244
38 41
38 52
38 64
38 69
38 74
38 75
38 88
38 95
38 103
38 108
38 114
38 122
38 143
38 154
38 159
38 161
38 170
38 179
38 181
38 195
38 202
38 236
38 239
39 41
39 64
39 66
39 67
39 74
39 87
39 88
39 98
39 99
39 108
39 115
39 120
39 128
39 132
39 133
39 138
39 142
39 143
39 148
39 158
39 164
39 175
39 181
39 184
39 227
39 228
39 235
39 243
40 42
40 46
40 53
40 55
40 70
40 85
40 89
40 105
40 125
40 135
40 206
40 211
40 224
40 231
41 44
41 45
41 46
41 49
41 53
41 58
41 59
41 64
41 67
41 78
41 80
41 84
41 88
41 103
41 107
41 125
41 126
41 128
41 132
41 139
41 146
41 157
41 167
41 189
41 198
41 200
41 213
41 215
41 221
41 228
41 240
41 246
42 51
42 55
42 58
42 59
42 65
42 66
42 74
42 98
42 103
42 124
42 127
42 163
42 187
42 217
42 249
43 45
43 49
43 53
43 64
43 75
43 87
43 101
43 103
43 104
43 107
43 108
43 115
43 123
43 126
43 153
43 154
43 174
43 183
43 188
43 190
43 191
43 196
43 207
43 219
43 220
43 237
44 45
44 49
44 50
44 52
44 60
44 72
44 77
44 78
44 101
44 114
44 118
44 121
44 132
44 146
44 151
44 159
44 164
44 166
44 168
44 172
44 174
44 182
44 186
44 187
44 199
44 203
44 222
44 224
44 231
44 240
44 244
45 51
45 53
45 56
45 58
45 65
45 70
45 72
45 75
45 79
45 81
45 85
45 86
45 93
45 98
45 99
45 109
45 112
45 113
45 130
45 133
45 138
45 143
45 195
45 208
45 211
45 217
45 233
45 235
46 61
46 66
46 86
46 93
46 94
46 119
46 120
46 121
46 137
46 152
46 161
46 181
46 186
46 215
46 240
46 248
47 48
47 52
47 56
47 57
47 58
47 73
47 81
47 95
47 114
47 119
47 127
47 153
47 158
47 164
47 167
47 168
47 170
47 178
47 187
47 197
47 203
47 204
47 209
47 218
47 220
47 242
48 54
48 58
48 63
48 69
48 77
48 81
48 89
48 96
48 100
48 101
48 102
48 103
48 110
48 121
48 131
48 139
48 157
48 175
48 189
48 207
48 210
48 211
48 244
49 53
49 55
49 56
49 58
49 59
49 71
49 79
49 80
49 93
49 99
49 104
49 105
49 109
49 110
49 117
49 124
49 126
49 132
49 135
49 136
49 141
49 142
49 159
49 161
49 187
49 192
49 193
49 214
49 216
49 226
49 249
50 54
50 62
50 64
50 65
50 66
50 67
50 70
50 76
50 83
50 86
50 88
50 94
50 95
50 98
50 104
50 111
50 117
50 140
50 165
50 173
50 174
50 175
50 178
50 180
50 188
50 192
50 205
50 229
50 248
50 249
51 53
51 54
51 60
51 78
51 86
51 88
51 91
51 94
51 100
51 113
51 141
51 151
51 153
51 160
51 161
51 163
51 166
51 176
51 178
51 180
51 189
51 202
51 215
51 218
51 224
51 248
52 82
52 88
52 115
52 130
52 131
52 155
52 193
52 222
53 61
53 76
53 84
53 94
53 98
53 101
53 106
53 107
53 122
53 132
53 137
53 138
53 145
53 152
53 154
53 174
53 175
53 195
53 211
53 214
53 216
53 221
53 227
53 239
53 249
54 69
54 73
54 77
54 82
54 83
54 87
54 105
54 113
54 115
54 118
54 132
54 135
54 141
54 148
54 150
54 164
54 187
54 198
54 200
54 226
54 235
54 237
54 241
54 245
54 249
55 59
55 63
55 66
55 70
55 97
55 104
55 108
55 118
55 119
55 133
55 139
55 171
55 200
55 211
55 230
55 244
56 58
56 59
56 62
56 65
56 67
56 68
56 70
56 74
56 75
56 80
56 81
56 92
56 100
56 107
56 109
56 115
56 120
56 122
56 125
56 129
56 138
56 141
56 153
56 162
56 179
56 182
56 196
56 197
56 227
56 230
56 238
57 86
57 94
57 122
57 124
57 144
57 151
57 162
57 222
57 225
58 62
58 65
58 70
58 71
58 73
58 83
58 90
58 97
58 99
58 100
58 105
58 119
58 121
58 123
58 138
58 164
58 173
58 190
58 195
58 198
58 228
58 233
59 71
59 87
59 91
59 112
59 114
59 117
59 136
59 146
59 167
59 234
60 62
60 80
60 87
60 102
60 110
60 111
60 112
60 123
60 128
60 130
60 132
60 146
60 182
60 205
60 226
61 73
61 85
61 90
61 94
61 120
61 147
61 148
61 152
61 154
61 157
61 158
61 163
61 175
61 176
61 180
61 186
61 207
61 219
61 220
61 227
61 237
61 238
62 68
62 77
62 83
62 90
62 92
62 97
62 103
62 107
62 115
62 116
62 117
62 119
62 128
62 129
62 131
62 136
62 138
62 163
62 167
62 171
62 190
62 209
62 211
62 215
62 216
62 228
62 230
62 236
63 66
63 70
63 80
63 101
63 106
63 129
63 141
63 145
63 191
63 198
63 213
63 216
63 225
63 236
63 245
64 72
64 77
64 80
64 83
64 85
64 93
64 94
64 96
64 101
64 118
64 122
64 133
64 151
64 159
64 161
64 169
64 175
64 183
64 193
64 195
64 211
64 220
64 231
64 232
64 246
65 76
65 79
65 91
65 121
65 140
65 157
65 171
65 172
65 241
65 244
65 247
65 249
66 67
66 74
66 75
66 84
66 86
66 91
66 96
66 106
66 108
66 110
66 111
66 112
66 117
66 144
66 150
66 156
66 160
66 170
66 187
66 194
66 198
66 205
66 215
66 241
67 77
67 92
67 104
67 118
67 136
67 137
67 144
67 172
67 178
67 183
67 184
67 189
67 217
68 76
68 85
68 95
68 105
68 120
68 127
68 135
68 143
68 146
68 177
68 185
68 220
68 224
68 242
68 246
69 70
69 75
69 80
69 83
69 95
69 104
69 114
69 160
69 161
69 171
69 196
69 213
69 244
70 72
70 87
70 90
70 99
70 105
70 170
70 177
70 185
70 229
70 236
71 75
71 78
71 101
71 105
71 125
71 130
71 131
71 132
71 133
71 166
71 175
71 191
71 202
72 73
72 75
72 78
72 80
72 81
72 89
72 90
72 95
72 96
72 114
72 117
72 127
72 131
72 148
72 200
72 209
72 236
73 74
73 78
73 84
73 96
73 100
73 103
73 106
73 114
73 119
73 141
73 146
73 147
73 148
73 151
73 195
73 206
73 231
74 113
74 154
74 155
74 160
74 168
74 174
74 175
74 184
74 186
74 199
74 207
74 218
74 223
75 78
75 93
75 96
75 107
75 208
75 221
75 244
76 77
76 85
76 89
76 92
76 94
76 106
76 112
76 116
76 129
76 139
76 141
76 147
76 149
76 161
76 171
76 174
76 180
76 240
76 241
76 244
77 86
77 88
77 94
77 100
77 109
77 119
77 124
77 147
77 168
77 180
77 196
77 212
77 229
77 236
77 240
78 81
78 91
78 140
78 144
78 162
78 176
78 198
78 208
78 217
78 225
78 233
78 239
78 249
79 119
79 131
79 163
79 165
79 178
79 189
79 190
79 226
79 245
80 88
80 105
80 113
80 126
80 150
80 176
80 186
80 201
80 209
80 214
80 228
81 100
81 108
81 118
81 123
81 124
81 125
81 126
81 130
81 140
81 148
81 152
81 177
81 179
81 201
81 209
81 229
81 239
81 240
82 87
82 100
82 104
82 105
82 113
82 117
82 150
82 156
82 166
82 207
82 210
82 225
83 97
83 120
83 168
83 176
83 182
83 195
83 202
83 204
83 222
83 234
83 244
83 245
84 90
84 113
84 158
84 185
84 218
84 226
84 244
85 90
85 102
85 110
85 132
85 140
85 177
86 95
86 99
86 101
86 109
86 112
86 124
86 160
86 171
86 188
86 207
86 212
86 219
86 221
87 110
87 155
87 171
87 174
87 176
87 200
87 215
87 217
87 239
88 93
88 124
88 134
88 136
88 137
88 144
88 150
88 158
88 194
88 201
89 112
89 121
89 127
89 156
89 167
89 191
89 193
89 199
89 210
89 221
89 233
89 243
89 247
90 97
90 98
90 115
90 116
90 121
90 156
90 167
90 171
90 182
90 206
90 233
90 242
90 245
91 96
91 108
91 112
91 128
91 133
91 195
91 240
92 104
92 117
92 120
92 153
92 181
93 114
93 119
93 121
93 143
93 193
93 217
93 232
93 247
94 109
94 125
94 132
94 137
94 144
94 148
94 150
94 166
94 173
94 191
94 200
94 204
94 213
94 232
95 109
95 125
95 148
95 150
95 157
95 190
95 199
95 203
95 205
95 216
95 218
95 219
95 224
95 233
95 246
96 106
96 110
96 135
96 149
96 173
96 207
96 225
96 245
97 101
97 108
97 114
97 115
97 122
97 124
97 136
97 141
97 143
97 154
97 167
98 106
98 107
98 127
98 147
98 170
98 177
98 184
98 210
98 217
99 101
99 112
99 160
99 169
99 170
99 175
99 178
99 188
99 201
99 220
99 247
99 248
100 107
100 117
100 123
100 132
100 134
100 137
100 139
100 143
100 147
100 163
100 173
100 182
100 190
100 193
100 210
100 212
100 228
100 238
100 247
101 102
101 125
101 192
101 241
101 245
102 115
102 116
102 117
102 118
102 133
102 134
102 135
102 152
102 175
102 196
102 227
102 231
102 241
103 116
103 117
103 121
103 168
103 210
104 111
104 119
104 143
104 152
104 188
104 207
104 216
105 139
105 155
105 180
105 183
105 218
105 223
105 236
106 129
106 199
106 211
106 219
107 109
107 119
107 136
107 137
107 165
107 206
107 222
107 225
108 116
108 146
108 149
108 150
108 159
108 161
108 163
108 169
108 173
108 226
108 234
109 122
109 155
109 245
110 145
110 185
110 187
110 223
110 225
111 130
111 240
111 246
112 153
112 169
112 218
113 117
113 132
113 145
113 153
113 179
113 182
113 195
113 210
113 237
114 123
114 128
114 134
114 151
114 160
114 189
114 213
114 225
114 239
114 244
115 120
115 134
115 147
116 196
116 214
116 238
117 139
117 149
117 157
117 176
117 200
117 206
117 208
117 217
117 228
117 237
117 238
118 123
118 166
118 167
118 192
118 198
118 249
119 128
119 140
119 152
119 165
119 174
119 179
119 204
119 207
119 226
119 229
119 242
120 128
120 129
120 130
120 139
120 145
120 161
120 162
120 164
120 175
120 193
120 197
120 205
120 232
121 136
121 142
121 161
121 173
121 185
121 193
122 137
122 156
122 176
122 199
122 218
122 220
122 236
123 136
123 197
123 241
124 131
124 142
124 164
124 165
124 183
124 190
124 200
124 203
124 210
124 217
124 236
125 184
125 213
125 226
126 131
126 142
126 155
126 173
126 221
127 137
127 142
127 194
127 246
128 131
128 137
128 143
128 167
128 169
128 172
128 177
128 191
128 194
128 203
128 244
128 248
129 195
129 227
129 228
130 145
130 147
130 159
130 191
130 193
130 197
130 206
130 229
130 245
131 157
131 162
131 163
131 168
131 170
131 190
131 194
131 200
131 208
131 237
132 163
132 183
132 188
132 248
133 134
133 139
133 144
133 148
133 170
133 177
133 180
133 188
133 200
133 202
133 210
133 235
134 147
134 165
134 192
134 197
134 198
134 230
134 232
135 144
135 149
135 160
135 177
135 180
135 188
135 203
135 210
136 149
136 156
136 204
137 170
137 194
137 199
137 206
137 208
137 215
138 167
138 185
138 201
138 229
139 140
139 152
139 165
139 171
139 196
139 214
139 229
140 163
140 166
140 198
140 209
140 229
141 144
141 164
141 179
141 185
141 196
141 210
141 219
141 224
141 243
142 186
142 213
142 215
142 220
142 223
142 230
142 236
143 146
143 181
143 185
143 213
143 222
143 226
144 154
145 151
145 167
145 170
145 206
145 214
145 230
145 247
146 155
146 172
146 180
146 193
146 216
147 167
147 169
147 174
147 186
147 229
147 241
148 177
148 180
148 189
148 227
148 234
148 246
149 219
150 207
151 158
151 159
151 172
151 201
151 212
151 214
151 220
151 237
151 243
152 157
152 195
152 203
153 240
154 157
154 158
154 172
154 182
154 184
154 186
154 187
154 188
154 211
154 227
154 242
154 246
154 249
155 172
155 184
155 189
155 235
156 197
156 201
156 222
157 160
157 189
157 200
157 204
158 162
158 198
158 229
158 242
159 179
160 197
160 249
161 166
161 176
161 177
161 185
161 204
161 222
161 238
162 185
162 193
163 191
163 207
163 216
164 197
164 202
164 246
164 247
165 245
166 192
166 193
166 201
166 203
166 206
166 208
166 223
166 231
166 240
167 169
167 179
167 193
167 203
168 177
168 190
168 192
169 187
169 242
170 179
170 209
170 214
170 224
171 205
171 213
171 216
171 234
171 236
172 194
173 189
173 231
174 224
174 241
175 231
175 237
175 241
175 242
176 209
176 230
176 234
177 181
177 199
177 228
178 216
178 217
178 227
178 237
179 194
180 205
180 227
180 238
181 242
182 202
182 220
182 230
182 237
182 249
183 215
184 187
184 215
184 246
185 188
185 191
185 194
185 199
185 215
186 188
186 192
186 200
186 203
186 208
186 234
186 236
187 205
187 208
187 223
187 241
188 197
188 212
188 225
188 231
188 240
190 191
190 235
191 205
191 214
191 225
191 242
192 212
192 221
192 227
193 199
193 247
196 201
196 218
196 219
196 235
197 206
199 204
200 231
200 237
200 243
200 245
200 247
201 230
202 206
202 213
202 238
203 212
204 246
205 211
206 212
206 231
206 232
207 218
207 236
207 247
209 215
209 216
209 225
212 229
212 245
213 238
217 240
217 246
218 228
218 230
218 242
219 241
219 243
220 234
220 249
221 248
222 223
222 235
223 247
223 248
227 229
228 231
228 232
228 234
230 246
231 232
231 243
238 243
239 243
247 249
