0 1
0 2
0 3
0 4
0 5
0 6
0 7
0 8
0 9
0 10
0 11
0 12
0 13
0 14
0 15
0 16
0 17
0 18
0 19
0 20
0 21
0 22
0 23
0 24
0 25
0 27
0 28
0 29
0 30
0 31
0 33
0 34
0 35
0 36
0 38
0 39
0 41
0 43
0 46
0 47
0 49
0 51
0 55
0 56
0 57
0 58
0 61
0 63
0 65
0 67
0 69
0 70
0 73
0 74
0 76
0 77
0 78
0 79
0 80
0 81
0 83
0 85
0 86
0 88
0 94
0 99
0 100
0 104
0 105
0 106
0 108
0 109
0 110
0 111
0 114
0 116
0 122
0 125
0 126
0 131
0 132
0 134
0 137
0 149
0 150
0 153
0 154
0 160
0 174
0 176
0 178
0 179
0 185
0 190
0 192
0 195
0 199
0 200
0 203
0 210
0 215
0 218
0 220
0 221
0 224
0 225
0 226
0 231
0 237
0 241
0 243
0 244
0 246
0 249
1 15
1 16
1 17
1 19
1 20
1 23
1 27
1 28
1 29
1 30
1 31
1 38
1 39
1 40
1 49
1 60
1 61
1 62
1 64
1 90
1 91
1 95
1 97
1 100
1 104
1 119
1 126
1 137
1 140
1 142
1 145
1 154
1 163
1 168
1 188
1 190
1 191
1 210
1 217
1 224
1 227
1 230
1 233
2 15
2 16
2 17
2 20
2 21
2 22
2 26
2 30
2 34
2 47
2 50
2 52
2 55
2 66
2 69
2 74
2 77
2 117
2 122
2 128
2 147
2 159
2 172
2 178
2 179
2 200
2 205
2 206
2 210
2 213
2 242
2 249
3 15
3 16
3 17
3 18
3 19
3 21
3 24
3 27
3 28
3 32
3 33
3 34
3 36
3 38
3 39
3 42
3 47
3 48
3 55
3 56
3 62
3 65
3 67
3 74
3 75
3 80
3 82
3 83
3 113
3 128
3 131
3 135
3 137
3 140
3 141
3 143
3 149
3 150
3 157
3 162
3 167
3 171
3 178
3 179
3 190
3 196
3 221
3 234
3 235
3 242
4 22
4 25
4 27
4 42
4 44
4 59
4 73
4 107
4 109
4 112
4 116
4 130
4 149
4 169
4 192
4 231
5 15
5 16
5 17
5 18
5 19
5 22
5 24
5 25
5 26
5 29
5 30
5 42
5 44
5 45
5 57
5 60
5 67
5 69
5 78
5 79
5 81
5 82
5 88
5 102
5 106
5 107
5 109
5 117
5 120
5 121
5 123
5 124
5 149
5 159
5 166
5 167
5 178
5 180
5 187
5 197
5 217
5 235
5 237
6 15
6 18
6 19
6 20
6 23
6 25
6 26
6 27
6 37
6 52
6 74
6 81
6 125
6 133
6 163
6 170
6 172
6 232
6 241
7 15
7 16
7 18
7 19
7 20
7 26
7 31
7 50
7 57
7 68
7 76
7 77
7 87
7 101
7 112
7 116
7 120
7 129
7 133
7 136
7 137
7 147
7 155
7 160
7 163
7 197
7 204
7 215
7 220
7 234
7 241
8 15
8 16
8 17
8 18
8 21
8 24
8 28
8 29
8 31
8 35
8 45
8 47
8 48
8 49
8 50
8 65
8 72
8 79
8 82
8 86
8 92
8 95
8 96
8 98
8 103
8 110
8 111
8 114
8 129
8 174
8 177
8 189
8 220
8 226
8 230
8 249
9 15
9 16
9 17
9 18
9 20
9 21
9 23
9 24
9 26
9 29
9 30
9 31
9 32
9 33
9 35
9 44
9 46
9 53
9 65
9 69
9 72
9 80
9 81
9 91
9 92
9 94
9 120
9 122
9 128
9 135
9 144
9 148
9 171
9 208
9 217
9 219
9 243
10 15
10 16
10 17
10 18
10 19
10 21
10 23
10 24
10 25
10 26
10 29
10 30
10 31
10 32
10 34
10 35
10 38
10 39
10 41
10 42
10 43
10 44
10 47
10 53
10 54
10 58
10 62
10 69
10 71
10 73
10 78
10 83
10 89
10 92
10 94
10 103
10 106
10 125
10 134
10 142
10 146
10 169
10 170
10 189
10 205
10 211
10 217
10 228
10 245
10 246
11 15
11 16
11 17
11 18
11 20
11 21
11 23
11 24
11 25
11 26
11 32
11 34
11 35
11 37
11 45
11 55
11 60
11 62
11 70
11 72
11 74
11 82
11 92
11 100
11 113
11 114
11 122
11 131
11 143
11 148
11 149
11 151
11 153
11 156
11 164
11 174
11 182
11 183
11 210
11 211
11 212
11 222
11 226
11 227
11 236
11 247
12 15
12 16
12 17
12 18
12 19
12 20
12 21
12 22
12 27
12 29
12 30
12 33
12 34
12 37
12 38
12 40
12 41
12 47
12 49
12 57
12 64
12 65
12 68
12 71
12 77
12 80
12 86
12 92
12 97
12 104
12 106
12 115
12 116
12 120
12 129
12 130
12 153
12 171
12 192
12 216
12 217
12 223
12 230
12 247
13 15
13 16
13 17
13 18
13 19
13 21
13 22
13 23
13 24
13 25
13 27
13 29
13 30
13 33
13 40
13 42
13 43
13 45
13 46
13 50
13 51
13 52
13 57
13 61
13 68
13 70
13 84
13 85
13 91
13 94
13 97
13 107
13 111
13 123
13 130
13 131
13 134
13 135
13 137
13 140
13 146
13 150
13 166
13 171
13 181
13 188
13 214
13 224
13 228
13 230
13 231
14 15
14 16
14 17
14 19
14 20
14 22
14 23
14 25
14 27
14 35
14 36
14 37
14 40
14 45
14 46
14 51
14 54
14 59
14 78
14 88
14 94
14 96
14 100
14 103
14 111
14 117
14 123
14 124
14 133
14 135
14 140
14 145
14 146
14 180
14 184
14 186
14 199
14 207
14 215
14 244
14 245
14 249
15 16
15 17
15 18
15 19
15 20
15 21
15 22
15 23
15 24
15 25
15 26
15 27
15 28
15 31
15 32
15 33
15 34
15 35
15 38
15 40
15 44
15 48
15 51
15 54
15 59
15 61
15 64
15 68
15 69
15 73
15 75
15 77
15 84
15 91
15 92
15 101
15 106
15 110
15 117
15 126
15 129
15 135
15 158
15 163
15 177
15 181
15 182
15 189
15 191
15 196
15 201
15 223
15 227
15 234
15 236
15 238
15 239
15 248
16 17
16 18
16 19
16 20
16 21
16 22
16 23
16 26
16 27
16 28
16 30
16 31
16 34
16 35
16 36
16 38
16 39
16 41
16 43
16 47
16 48
16 54
16 55
16 59
16 60
16 62
16 71
16 79
16 86
16 91
16 92
16 93
16 94
16 100
16 101
16 102
16 103
16 105
16 109
16 115
16 119
16 120
16 121
16 124
16 142
16 147
16 154
16 155
16 158
16 161
16 169
16 175
16 177
16 179
16 180
16 209
16 212
16 221
16 226
16 239
16 240
16 241
16 249
17 18
17 19
17 20
17 21
17 22
17 23
17 24
17 25
17 26
17 28
17 32
17 34
17 37
17 39
17 40
17 43
17 44
17 47
17 49
17 51
17 52
17 53
17 58
17 59
17 63
17 64
17 76
17 77
17 83
17 89
17 102
17 109
17 111
17 116
17 117
17 118
17 126
17 133
17 139
17 147
17 150
17 155
17 158
17 165
17 167
17 170
17 172
17 186
17 187
17 200
17 203
17 212
17 216
17 227
17 242
17 248
18 19
18 20
18 22
18 23
18 26
18 28
18 29
18 30
18 31
18 32
18 34
18 36
18 41
18 42
18 44
18 48
18 49
18 51
18 52
18 57
18 58
18 59
18 61
18 64
18 73
18 78
18 87
18 91
18 93
18 95
18 96
18 97
18 107
18 108
18 111
18 114
18 116
18 117
18 124
18 125
18 127
18 132
18 133
18 137
18 138
18 146
18 147
18 156
18 160
18 166
18 171
18 188
18 199
18 200
18 206
18 210
18 231
18 245
18 248
19 20
19 21
19 22
19 24
19 25
19 27
19 28
19 31
19 33
19 35
19 37
19 38
19 40
19 41
19 43
19 45
19 49
19 50
19 54
19 55
19 56
19 57
19 61
19 62
19 64
19 71
19 75
19 78
19 79
19 81
19 88
19 89
19 93
19 95
19 99
19 105
19 106
19 110
19 111
19 134
19 139
19 153
19 158
19 162
19 172
19 178
19 197
19 201
19 206
19 209
19 214
19 215
19 218
19 228
19 239
19 244
19 248
20 21
20 22
20 23
20 24
20 25
20 26
20 28
20 38
20 40
20 41
20 42
20 48
20 49
20 50
20 55
20 56
20 58
20 70
20 100
20 112
20 116
20 118
20 128
20 129
20 150
20 155
20 161
20 165
20 166
20 170
20 173
20 176
20 177
20 188
20 202
20 204
20 210
20 212
20 222
20 226
20 228
20 237
20 249
21 22
21 24
21 27
21 28
21 29
21 34
21 36
21 37
21 39
21 41
21 45
21 46
21 48
21 50
21 51
21 52
21 53
21 61
21 62
21 71
21 74
21 75
21 76
21 89
21 90
21 91
21 93
21 97
21 99
21 101
21 110
21 112
21 119
21 121
21 123
21 125
21 142
21 144
21 146
21 152
21 154
21 157
21 158
21 160
21 185
21 193
21 204
21 215
21 218
21 219
21 224
21 229
21 235
21 237
21 238
21 240
21 246
22 23
22 24
22 25
22 26
22 27
22 29
22 30
22 32
22 34
22 36
22 40
22 42
22 43
22 48
22 50
22 58
22 59
22 63
22 64
22 66
22 67
22 68
22 69
22 70
22 71
22 73
22 74
22 81
22 82
22 83
22 84
22 87
22 90
22 92
22 97
22 106
22 108
22 114
22 115
22 118
22 119
22 126
22 127
22 129
22 132
22 135
22 143
22 148
22 156
22 157
22 159
22 160
22 170
22 174
22 191
22 202
22 214
22 224
22 226
22 228
22 242
22 248
22 249
23 25
23 26
23 28
23 29
23 32
23 33
23 34
23 35
23 36
23 37
23 38
23 39
23 45
23 47
23 48
23 49
23 53
23 55
23 56
23 61
23 63
23 65
23 72
23 73
23 75
23 77
23 81
23 89
23 100
23 121
23 123
23 124
23 125
23 139
23 145
23 151
23 153
23 160
23 161
23 164
23 182
23 186
23 189
23 190
23 193
23 202
23 203
23 204
23 208
23 216
23 220
23 223
23 245
24 27
24 29
24 33
24 35
24 36
24 39
24 44
24 46
24 47
24 48
24 52
24 53
24 57
24 59
24 61
24 66
24 67
24 68
24 70
24 75
24 76
24 78
24 80
24 84
24 85
24 98
24 105
24 108
24 116
24 118
24 121
24 122
24 123
24 125
24 129
24 130
24 132
24 133
24 134
24 138
24 140
24 141
24 143
24 144
24 148
24 154
24 163
24 174
24 184
24 209
24 214
24 218
24 223
24 229
24 233
24 235
24 239
24 240
24 241
24 242
25 28
25 31
25 33
25 35
25 36
25 37
25 39
25 44
25 45
25 46
25 49
25 54
25 58
25 60
25 63
25 66
25 67
25 68
25 74
25 81
25 82
25 84
25 94
25 96
25 100
25 104
25 105
25 108
25 119
25 127
25 137
25 138
25 139
25 142
25 160
25 162
25 165
25 168
25 173
25 184
25 193
25 194
25 209
25 210
25 211
25 215
25 219
25 221
25 227
25 237
25 240
26 28
26 29
26 30
26 31
26 32
26 33
26 35
26 38
26 43
26 46
26 56
26 58
26 59
26 61
26 62
26 63
26 64
26 67
26 75
26 83
26 87
26 88
26 89
26 93
26 100
26 108
26 111
26 115
26 119
26 129
26 130
26 145
26 146
26 148
26 152
26 157
26 176
26 180
26 183
26 199
26 222
26 227
26 230
26 233
26 235
26 247
27 30
27 31
27 32
27 33
27 36
27 37
27 38
27 40
27 41
27 42
27 44
27 46
27 49
27 51
27 53
27 54
27 57
27 65
27 66
27 71
27 82
27 90
27 91
27 98
27 99
27 104
27 109
27 126
27 127
27 129
27 130
27 133
27 144
27 145
27 147
27 152
27 155
27 162
27 171
27 185
27 189
27 193
27 198
27 206
27 219
27 243
28 30
28 32
28 33
28 34
28 41
28 42
28 43
28 46
28 52
28 55
28 56
28 61
28 62
28 64
28 67
28 69
28 70
28 85
28 93
28 97
28 102
28 110
28 112
28 114
28 119
28 125
28 140
28 149
28 152
28 176
28 179
28 180
28 183
28 187
28 188
28 189
28 191
28 222
28 224
28 241
29 31
29 32
29 36
29 37
29 40
29 41
29 45
29 46
29 47
29 51
29 52
29 53
29 54
29 55
29 58
29 60
29 65
29 68
29 69
29 71
29 73
29 74
29 77
29 78
29 83
29 87
29 92
29 94
29 96
29 103
29 108
29 111
29 112
29 113
29 114
29 117
29 119
29 121
29 136
29 137
29 139
29 143
29 144
29 146
29 149
29 155
29 168
29 176
29 178
29 181
29 191
29 195
29 196
29 201
29 208
29 209
29 211
29 221
29 227
29 230
29 239
29 240
30 32
30 33
30 37
30 41
30 60
30 63
30 72
30 78
30 79
30 87
30 90
30 92
30 99
30 107
30 110
30 116
30 135
30 138
30 139
30 141
30 149
30 151
30 159
30 167
30 196
30 203
30 224
30 232
31 35
31 41
31 42
31 44
31 50
31 54
31 56
31 57
31 62
31 66
31 77
31 80
31 101
31 110
31 113
31 120
31 161
31 164
31 172
31 179
31 181
31 196
31 212
31 215
31 221
31 231
31 236
31 244
32 38
32 42
32 43
32 45
32 50
32 53
32 60
32 83
32 84
32 88
32 108
32 116
32 127
32 137
32 139
32 143
32 144
32 159
32 163
32 173
32 197
32 222
32 234
32 238
33 37
33 39
33 40
33 45
33 46
33 47
33 48
33 51
33 54
33 55
33 56
33 57
33 63
33 65
33 69
33 70
33 72
33 76
33 79
33 83
33 87
33 91
33 101
33 102
33 111
33 113
33 122
33 123
33 124
33 125
33 127
33 128
33 145
33 146
33 148
33 149
33 166
33 171
33 176
33 177
33 185
33 195
33 197
33 206
33 214
33 226
33 239
33 244
33 245
33 246
34 36
34 39
34 40
34 43
34 44
34 50
34 57
34 60
34 63
34 66
34 75
34 79
34 80
34 81
34 84
34 85
34 89
34 93
34 95
34 99
34 118
34 121
34 136
34 141
34 148
34 157
34 165
34 194
34 199
34 202
34 208
34 219
34 225
34 245
34 248
35 36
35 37
35 39
35 42
35 43
35 45
35 48
35 49
35 50
35 52
35 55
35 57
35 63
35 64
35 66
35 70
35 73
35 75
35 80
35 86
35 92
35 96
35 101
35 105
35 108
35 110
35 112
35 115
35 118
35 120
35 122
35 127
35 128
35 132
35 134
35 156
35 172
35 178
35 182
35 186
35 189
35 226
35 227
35 228
35 230
35 236
35 239
35 242
35 247
36 40
36 44
36 52
36 56
36 58
36 68
36 71
36 78
36 81
36 85
36 94
36 120
36 123
36 126
36 130
36 131
36 136
36 151
36 170
36 173
36 187
36 200
36 204
36 215
36 235
36 247
37 38
37 44
37 50
37 52
37 53
37 58
37 59
37 65
37 82
37 85
37 89
37 97
37 109
37 112
37 123
37 124
37 134
37 135
37 140
37 159
37 176
37 179
37 182
37 190
37 192
37 197
37 198
37 207
37 219
37 236
38 39
38 42
38 48
38 49
38 51
38 58
38 64
38 67
38 75
38 86
38 88
38 94
38 96
38 97
38 104
38 107
38 118
38 121
38 130
38 132
38 135
38 138
38 145
38 146
38 147
38 163
38 164
38 166
38 186
38 188
38 192
38 194
38 195
38 196
38 203
38 218
38 220
38 246
39 41
39 45
39 80
39 82
39 102
39 104
39 106
39 111
39 113
39 151
39 159
39 172
39 186
39 190
39 205
39 236
40 46
40 47
40 49
40 59
40 66
40 68
40 72
40 76
40 77
40 80
40 86
40 88
40 100
40 115
40 118
40 130
40 136
40 148
40 159
40 164
40 167
40 168
40 178
40 198
40 206
40 227
41 43
41 52
41 53
41 67
41 86
41 87
41 88
41 90
41 93
41 95
41 98
41 106
41 109
41 118
41 119
41 122
41 130
41 141
41 143
41 156
41 164
41 174
41 179
41 183
41 185
41 192
41 195
41 199
41 217
41 218
41 229
41 237
41 241
41 244
42 43
42 62
42 64
42 66
42 69
42 74
42 89
42 95
42 100
42 102
42 110
42 113
42 118
42 122
42 131
42 138
42 152
42 153
42 166
42 170
42 175
42 180
42 188
42 208
42 209
42 215
42 231
42 236
42 245
42 247
42 248
43 47
43 53
43 54
43 59
43 62
43 64
43 66
43 85
43 95
43 119
43 126
43 132
43 134
43 141
43 194
43 196
43 198
43 203
43 207
43 208
43 217
43 226
43 238
43 242
43 243
43 245
43 246
44 50
44 56
44 60
44 63
44 65
44 70
44 78
44 79
44 82
44 97
44 98
44 102
44 109
44 115
44 129
44 139
44 151
44 157
44 160
44 162
44 163
44 176
44 182
44 191
44 195
44 198
44 199
44 212
44 225
44 229
44 237
45 46
45 51
45 53
45 54
45 60
45 68
45 76
45 90
45 98
45 103
45 115
45 124
45 127
45 128
45 132
45 136
45 142
45 162
45 167
45 189
45 203
45 223
45 225
46 48
46 51
46 54
46 59
46 60
46 61
46 67
46 74
46 82
46 86
46 107
46 113
46 115
46 123
46 141
46 174
46 181
46 211
46 213
46 230
46 242
47 56
47 63
47 68
47 88
47 117
47 118
47 122
47 130
47 136
47 138
47 147
47 154
47 172
47 187
47 208
47 221
47 225
48 56
48 81
48 87
48 90
48 99
48 121
48 124
48 125
48 126
48 133
48 141
48 146
48 157
48 169
48 175
48 197
48 230
48 239
48 241
49 51
49 52
49 56
49 58
49 60
49 68
49 71
49 72
49 73
49 76
49 78
49 85
49 93
49 98
49 99
49 100
49 103
49 108
49 113
49 116
49 130
49 144
49 157
49 168
49 170
49 179
49 183
49 187
49 193
49 197
49 203
49 205
49 215
49 219
49 228
49 234
50 60
50 65
50 68
50 70
50 71
50 86
50 91
50 97
50 114
50 121
50 142
50 149
50 154
50 167
50 184
50 186
50 198
50 208
50 211
50 214
50 223
50 230
50 244
51 55
51 59
51 72
51 73
51 89
51 98
51 102
51 134
51 135
51 161
51 162
51 173
51 175
51 184
51 198
51 200
51 231
51 234
52 53
52 71
52 76
52 81
52 82
52 85
52 100
52 101
52 141
52 147
52 151
52 188
52 206
52 235
52 242
53 54
53 63
53 66
53 78
53 85
53 87
53 96
53 112
53 113
53 149
53 166
53 168
53 180
53 195
53 227
53 229
53 244
53 249
54 55
54 62
54 64
54 65
54 69
54 79
54 84
54 87
54 88
54 89
54 103
54 104
54 122
54 131
54 132
54 151
54 167
54 194
54 203
54 228
54 233
54 235
54 245
55 57
55 61
55 63
55 65
55 67
55 73
55 79
55 90
55 92
55 95
55 96
55 113
55 115
55 136
55 140
55 150
55 156
55 177
55 182
55 196
55 218
55 223
55 239
55 240
55 246
56 58
56 62
56 66
56 71
56 72
56 74
56 76
56 82
56 84
56 85
56 88
56 90
56 99
56 101
56 118
56 148
56 154
56 172
56 176
56 180
56 183
56 187
56 193
56 202
56 215
56 238
56 244
56 248
56 249
57 66
57 67
57 69
57 72
57 75
57 79
57 95
57 108
57 115
57 117
57 136
57 138
57 140
57 150
57 151
57 157
57 161
57 164
57 173
57 177
57 192
57 213
57 221
57 223
57 234
57 243
58 74
58 75
58 85
58 86
58 99
58 105
58 137
58 138
58 150
58 158
58 161
58 180
58 200
58 205
58 214
58 219
58 232
59 70
59 91
59 118
59 126
59 135
59 139
59 141
59 143
59 152
59 158
59 161
59 165
59 169
59 190
59 208
59 212
59 216
60 61
60 76
60 78
60 80
60 82
60 84
60 85
60 89
60 91
60 102
60 103
60 106
60 138
60 145
60 147
60 187
60 201
60 206
60 223
60 243
60 244
61 69
61 110
61 131
61 144
61 180
61 211
61 218
61 236
61 240
61 245
62 77
62 80
62 86
62 101
62 102
62 105
62 109
62 110
62 128
62 181
62 195
62 205
62 206
62 220
62 237
63 75
63 80
63 83
63 89
63 93
63 97
63 104
63 106
63 154
63 162
63 165
63 201
63 213
63 217
63 222
63 242
63 246
63 248
64 67
64 70
64 72
64 73
64 79
64 109
64 124
64 126
64 154
64 160
64 166
65 72
65 75
65 77
65 80
65 96
65 98
65 119
65 125
65 133
65 134
65 138
65 139
65 158
65 164
65 177
65 194
65 197
65 201
66 70
66 71
66 81
66 98
66 105
66 121
66 138
66 142
66 154
66 164
66 170
66 185
66 192
66 193
66 204
66 214
66 222
66 241
67 90
67 91
67 95
67 102
67 103
67 107
67 108
67 117
67 146
67 159
67 160
67 163
67 185
67 196
67 212
67 220
67 222
67 223
67 232
67 233
67 239
67 243
68 74
68 77
68 79
68 81
68 87
68 88
68 117
68 149
68 204
68 226
68 231
69 72
69 76
69 84
69 96
69 127
69 152
69 165
69 172
69 186
69 189
69 191
69 207
69 225
69 238
70 76
70 122
70 123
70 124
70 134
70 178
70 195
70 212
70 248
71 73
71 83
71 84
71 92
71 95
71 96
71 99
71 111
71 120
71 131
71 154
71 162
71 175
71 177
71 189
71 200
71 201
71 213
71 214
71 216
71 217
71 220
71 223
71 224
71 242
72 93
72 102
72 104
72 109
72 113
72 121
72 131
72 141
72 147
72 160
72 165
72 186
72 231
72 233
72 237
73 90
73 94
73 106
73 109
73 137
73 140
73 168
73 173
73 182
73 225
74 84
74 93
74 111
74 129
74 144
74 148
74 150
74 176
74 185
74 190
75 77
75 83
75 101
75 105
75 112
75 114
75 116
75 128
75 131
75 136
75 140
75 147
75 148
75 156
75 164
75 166
75 171
75 191
75 193
75 203
75 229
75 246
76 83
76 86
76 119
76 132
76 167
76 185
76 198
76 206
76 213
76 221
76 222
77 94
77 97
77 119
77 120
77 124
77 125
77 127
77 135
77 144
77 152
77 161
77 163
77 167
77 169
77 177
77 181
77 184
77 188
77 190
77 219
77 228
77 232
78 88
78 93
78 104
78 143
78 150
78 152
78 161
78 162
78 189
78 190
78 217
78 249
79 90
79 99
79 103
79 107
79 120
79 145
79 162
79 168
79 186
79 210
79 246
80 86
80 89
80 103
80 104
80 112
80 122
80 124
80 158
80 181
80 188
80 207
80 239
81 83
81 99
81 119
81 121
81 126
81 128
81 146
81 158
81 169
81 173
81 180
81 195
81 248
82 84
82 115
82 139
82 150
82 155
82 167
82 204
82 211
82 216
82 240
83 95
83 97
83 98
83 100
83 103
83 122
83 143
83 153
83 159
83 183
83 188
83 205
83 213
83 216
83 221
83 239
84 87
84 107
84 123
84 170
84 175
84 179
84 210
84 214
84 237
85 87
85 91
85 94
85 103
85 127
85 161
85 170
85 227
85 233
86 105
86 144
86 156
86 174
86 185
86 194
86 207
86 217
86 236
86 245
87 98
87 104
87 107
87 112
87 128
87 159
87 171
87 218
87 220
87 232
87 234
88 92
88 93
88 95
88 101
88 105
88 108
88 110
88 115
88 131
88 132
88 150
88 151
88 152
88 153
88 155
88 156
88 169
88 199
88 205
88 210
88 211
88 215
88 224
88 238
88 243
89 90
89 94
89 101
89 133
89 143
89 144
89 160
89 172
89 179
89 181
89 182
89 195
89 242
90 124
90 148
90 155
90 156
90 159
90 175
91 150
91 155
91 158
91 190
91 233
92 101
92 106
92 110
92 136
92 148
92 184
92 187
92 211
93 107
93 114
93 115
93 117
93 120
93 121
93 134
93 135
93 148
93 151
93 163
93 165
93 172
93 178
93 187
93 225
93 237
94 96
94 98
94 99
94 106
94 107
94 176
95 96
95 98
95 105
95 112
95 126
95 130
95 157
95 167
95 174
95 200
95 247
96 120
96 133
96 136
96 165
96 168
96 169
96 181
96 202
96 212
97 105
97 113
97 157
97 193
97 213
97 216
98 104
98 114
98 136
98 144
98 156
98 161
98 191
98 194
98 204
98 209
98 216
99 107
99 117
99 137
99 145
99 167
99 201
99 220
99 222
99 234
99 243
100 117
100 142
100 173
100 178
100 183
100 198
100 207
101 102
101 126
101 149
101 164
101 175
101 189
101 201
101 217
102 125
102 132
102 154
102 204
102 205
102 209
102 211
102 222
103 113
103 120
103 127
103 128
103 129
103 153
103 235
104 139
104 179
104 218
104 234
104 240
105 158
105 218
105 238
106 108
106 109
106 116
106 125
106 133
106 153
106 166
106 182
106 183
106 188
106 192
106 212
106 243
106 244
107 114
107 123
107 134
107 140
107 176
107 200
107 225
107 244
108 111
108 118
108 127
108 130
108 131
108 174
108 187
108 204
108 216
108 223
108 230
109 132
109 152
109 156
109 157
109 165
109 185
109 191
109 193
109 198
109 235
110 112
110 116
110 133
110 164
110 170
110 175
110 194
110 219
110 249
111 114
111 132
111 168
111 187
111 221
111 238
112 159
112 171
113 114
113 129
113 140
113 164
113 172
113 202
113 211
113 228
114 137
114 145
114 146
114 207
114 227
114 244
115 134
115 135
115 144
115 161
115 206
115 210
116 128
116 129
116 133
116 163
116 169
116 172
116 196
116 209
116 213
117 136
117 149
117 162
117 166
117 177
117 192
117 228
117 231
117 232
118 142
118 191
118 232
119 123
119 127
119 138
119 142
119 143
119 151
119 208
119 209
119 216
119 220
120 155
120 166
120 185
120 195
121 145
121 190
121 199
121 225
122 162
122 194
122 207
122 231
123 152
123 167
123 192
123 234
124 152
124 197
125 128
125 131
125 139
125 140
125 142
125 165
125 189
125 219
125 233
125 241
126 137
126 141
126 187
126 191
126 192
126 202
127 139
127 143
127 163
127 170
127 181
127 184
128 152
128 175
128 198
128 205
129 171
129 173
129 211
130 150
130 153
130 155
130 164
130 173
130 184
130 201
130 220
130 233
131 141
131 142
131 153
131 158
132 186
132 221
132 239
133 141
133 146
133 151
133 171
134 184
134 193
134 217
134 241
135 138
135 147
135 168
135 174
135 182
135 193
135 201
135 225
135 231
136 159
136 169
136 174
136 175
136 240
137 145
137 176
137 178
137 181
137 190
137 239
138 142
138 196
138 212
138 216
138 228
139 145
139 153
139 202
139 227
139 233
140 143
140 155
140 158
140 160
141 147
141 182
141 201
141 218
142 179
142 203
142 226
143 178
143 183
143 189
143 204
143 209
143 224
143 240
144 153
144 157
144 171
144 200
144 232
144 240
145 183
145 225
146 154
146 163
146 186
146 220
148 180
148 226
149 151
149 169
149 174
150 155
150 156
150 168
150 187
150 191
150 197
150 202
150 205
150 214
151 173
151 190
151 203
151 228
151 247
152 156
152 160
152 183
152 230
152 231
152 247
153 161
153 165
153 170
153 199
153 238
154 176
154 185
154 229
154 248
155 175
155 181
155 193
155 195
155 247
156 157
156 168
156 169
156 192
156 197
156 199
156 213
157 174
157 175
157 179
157 186
157 206
157 221
158 162
158 173
158 227
158 236
159 206
159 218
159 225
159 232
159 233
159 238
160 165
160 177
160 194
160 204
160 212
160 243
161 171
161 181
161 202
162 191
162 207
162 209
162 232
162 234
162 240
163 166
163 173
163 184
163 232
163 247
164 184
164 197
164 208
164 212
165 168
165 213
165 223
165 234
165 235
165 240
165 241
165 246
166 184
167 180
167 184
167 186
167 216
167 230
167 237
168 169
168 178
168 182
169 177
169 196
169 213
169 216
170 177
170 194
170 199
170 200
170 219
171 185
171 207
171 210
171 229
171 246
172 183
172 202
172 204
172 221
172 229
173 175
173 201
173 233
173 247
174 180
174 183
174 188
174 208
174 245
175 197
175 205
175 210
175 213
175 229
175 238
176 182
176 194
176 199
176 203
176 229
176 249
177 188
177 209
177 236
177 242
178 203
179 200
179 224
179 225
179 242
180 198
180 208
180 219
181 192
181 198
181 215
182 194
182 196
182 222
182 226
182 234
184 196
184 198
184 211
184 232
185 207
185 229
186 222
186 233
187 214
187 215
188 193
188 243
188 244
190 200
190 220
191 218
191 219
191 237
192 199
192 201
192 205
192 237
193 202
193 210
193 217
194 195
194 222
194 236
195 214
196 202
196 236
197 206
197 207
198 207
199 208
199 213
199 232
200 248
201 205
201 209
202 214
204 224
204 245
205 224
205 231
206 223
207 224
208 226
208 230
209 235
212 238
213 228
213 229
218 238
219 247
220 241
221 235
221 247
223 235
225 229
226 246
228 249
231 241
232 236
235 243
236 245
238 243
240 246
242 248
248 249
