0 1
0 2
0 3
0 4
0 5
0 6
0 7
0 8
0 9
0 10
0 11
0 12
0 13
0 14
0 15
0 16
0 17
0 18
0 19
0 20
0 21
0 22
0 23
0 24
0 25
0 26
0 27
0 28
0 29
0 30
0 31
0 32
0 33
0 34
0 35
0 36
0 37
0 38
0 41
0 42
0 44
0 45
0 46
0 47
0 50
0 51
0 52
0 53
0 54
0 56
0 57
0 59
0 61
0 62
0 63
0 64
0 66
0 67
0 70
0 76
0 81
0 86
0 89
0 90
0 91
0 92
0 93
0 94
0 95
0 100
0 101
0 106
0 108
0 111
0 115
0 118
0 124
0 125
0 126
0 131
0 139
0 147
0 148
0 150
0 151
0 153
0 155
0 156
0 161
0 168
0 176
0 178
0 186
0 188
0 196
0 197
0 203
0 207
0 208
0 216
0 218
0 219
0 230
0 232
0 237
0 239
0 244
0 245
0 248
1 21
1 22
1 24
1 26
1 27
1 28
1 29
1 30
1 31
1 32
1 33
1 34
1 38
1 40
1 44
1 45
1 48
1 53
1 54
1 63
1 66
1 73
1 79
1 82
1 85
1 86
1 87
1 88
1 95
1 98
1 104
1 110
1 118
1 122
1 139
1 142
1 146
1 151
1 154
1 156
1 159
1 173
1 182
1 183
1 184
1 185
1 195
1 201
1 215
1 223
1 227
1 230
1 237
1 249
2 22
2 23
2 24
2 25
2 26
2 27
2 29
2 30
2 31
2 53
2 54
2 57
2 61
2 71
2 72
2 84
2 86
2 98
2 99
2 110
2 113
2 119
2 124
2 125
2 136
2 145
2 153
2 161
2 175
2 178
2 180
2 183
2 190
2 196
2 241
3 21
3 22
3 23
3 24
3 25
3 26
3 27
3 28
3 29
3 32
3 33
3 35
3 36
3 41
3 44
3 45
3 46
3 48
3 49
3 53
3 66
3 68
3 74
3 77
3 78
3 80
3 84
3 85
3 90
3 91
3 94
3 104
3 114
3 119
3 120
3 123
3 125
3 130
3 138
3 165
3 166
3 167
3 173
3 187
3 189
3 197
3 231
4 21
4 22
4 23
4 24
4 25
4 26
4 27
4 30
4 35
4 36
4 39
4 41
4 47
4 49
4 51
4 52
4 61
4 63
4 65
4 68
4 75
4 76
4 82
4 90
4 94
4 95
4 97
4 100
4 101
4 113
4 116
4 120
4 121
4 127
4 144
4 146
4 150
4 155
4 158
4 174
4 180
4 187
4 189
4 192
4 199
4 213
4 218
4 241
4 248
5 21
5 23
5 24
5 25
5 27
5 31
5 34
5 35
5 46
5 53
5 65
5 68
5 72
5 75
5 77
5 79
5 89
5 94
5 104
5 108
5 123
5 128
5 136
5 137
5 149
5 156
5 206
5 231
5 243
6 21
6 22
6 23
6 24
6 25
6 26
6 27
6 28
6 29
6 30
6 31
6 32
6 33
6 34
6 35
6 38
6 39
6 40
6 42
6 47
6 48
6 49
6 53
6 56
6 62
6 76
6 77
6 81
6 82
6 84
6 95
6 105
6 108
6 140
6 144
6 150
6 166
6 167
6 178
6 191
6 194
6 221
6 228
6 239
6 246
6 248
7 21
7 22
7 23
7 24
7 25
7 31
7 33
7 35
7 65
7 71
7 76
7 77
7 79
7 81
7 94
7 105
7 111
7 113
7 118
7 120
7 122
7 124
7 125
7 126
7 128
7 134
7 136
7 141
7 142
7 146
7 150
7 158
7 164
7 178
7 181
7 199
7 208
7 210
7 212
7 217
7 220
7 233
7 234
8 21
8 22
8 30
8 32
8 34
8 35
8 37
8 39
8 40
8 45
8 49
8 51
8 53
8 64
8 71
8 84
8 108
8 117
8 134
8 143
8 148
8 150
8 153
8 155
8 164
8 168
8 199
8 214
8 228
8 240
9 21
9 22
9 23
9 24
9 25
9 26
9 27
9 28
9 30
9 33
9 34
9 36
9 38
9 39
9 42
9 44
9 45
9 51
9 58
9 61
9 64
9 66
9 76
9 85
9 86
9 99
9 100
9 103
9 106
9 108
9 109
9 114
9 145
9 154
9 157
9 234
9 237
10 21
10 22
10 23
10 24
10 25
10 26
10 27
10 31
10 32
10 33
10 34
10 35
10 42
10 43
10 44
10 48
10 54
10 60
10 74
10 78
10 81
10 82
10 83
10 88
10 92
10 95
10 101
10 102
10 112
10 118
10 128
10 129
10 153
10 157
10 170
10 178
10 179
10 190
10 191
10 212
10 227
10 228
10 243
11 21
11 22
11 23
11 30
11 31
11 49
11 53
11 56
11 96
11 118
11 133
11 140
11 151
11 247
12 21
12 22
12 23
12 24
12 25
12 26
12 27
12 28
12 30
12 32
12 36
12 37
12 39
12 40
12 41
12 44
12 49
12 50
12 51
12 52
12 55
12 62
12 64
12 67
12 68
12 69
12 70
12 76
12 79
12 80
12 82
12 83
12 84
12 86
12 94
12 102
12 111
12 115
12 117
12 119
12 126
12 132
12 133
12 135
12 150
12 162
12 167
12 170
12 182
12 184
12 193
12 195
12 214
12 221
12 228
12 233
12 236
12 246
13 21
13 22
13 23
13 26
13 32
13 34
13 36
13 37
13 39
13 43
13 58
13 64
13 69
13 81
13 84
13 85
13 93
13 98
13 99
13 130
13 143
13 160
13 163
13 169
13 183
13 194
13 198
13 205
13 208
13 225
13 236
14 21
14 22
14 24
14 25
14 26
14 27
14 28
14 29
14 30
14 31
14 34
14 35
14 37
14 40
14 41
14 44
14 47
14 55
14 60
14 62
14 63
14 65
14 82
14 90
14 100
14 113
14 115
14 118
14 126
14 132
14 142
14 145
14 146
14 148
14 153
14 160
14 173
14 175
14 179
14 190
14 197
14 220
14 224
14 226
14 233
14 239
15 21
15 22
15 23
15 24
15 25
15 26
15 27
15 28
15 29
15 30
15 32
15 33
15 35
15 37
15 38
15 40
15 41
15 42
15 43
15 44
15 45
15 46
15 47
15 50
15 51
15 55
15 57
15 59
15 65
15 67
15 69
15 70
15 73
15 74
15 76
15 77
15 84
15 89
15 97
15 101
15 106
15 113
15 116
15 117
15 118
15 127
15 133
15 134
15 139
15 142
15 145
15 146
15 147
15 148
15 152
15 162
15 166
15 167
15 170
15 176
15 180
15 191
15 205
15 216
15 219
15 224
15 226
15 227
15 232
15 242
15 245
15 247
16 21
16 23
16 24
16 26
16 27
16 28
16 29
16 35
16 38
16 46
16 56
16 57
16 67
16 80
16 83
16 93
16 98
16 103
16 105
16 113
16 120
16 130
16 131
16 145
16 146
16 158
16 169
16 178
16 183
16 185
16 209
16 214
16 217
16 235
16 236
17 21
17 22
17 23
17 25
17 26
17 28
17 29
17 36
17 39
17 40
17 41
17 65
17 69
17 74
17 75
17 83
17 84
17 96
17 97
17 101
17 108
17 166
17 177
17 189
17 208
17 211
17 233
17 244
18 21
18 22
18 23
18 24
18 25
18 26
18 28
18 29
18 30
18 32
18 35
18 36
18 37
18 38
18 45
18 47
18 53
18 54
18 59
18 61
18 68
18 70
18 72
18 75
18 84
18 87
18 92
18 96
18 97
18 99
18 100
18 104
18 105
18 107
18 116
18 129
18 136
18 144
18 147
18 149
18 150
18 159
18 168
18 173
18 178
18 199
18 204
18 208
18 217
18 236
18 237
18 239
18 243
18 244
18 249
19 21
19 22
19 23
19 24
19 25
19 27
19 28
19 29
19 32
19 33
19 34
19 35
19 36
19 38
19 40
19 42
19 45
19 48
19 50
19 52
19 59
19 60
19 61
19 63
19 69
19 70
19 71
19 74
19 77
19 78
19 83
19 89
19 90
19 104
19 108
19 114
19 133
19 134
19 139
19 141
19 154
19 158
19 171
19 174
19 179
19 187
19 193
19 202
19 232
20 21
20 22
20 23
20 24
20 25
20 28
20 29
20 30
20 31
20 33
20 37
20 39
20 40
20 41
20 42
20 43
20 44
20 53
20 55
20 56
20 58
20 62
20 71
20 83
20 85
20 104
20 109
20 123
20 142
20 143
20 148
20 153
20 162
20 184
20 191
20 196
20 206
20 207
20 209
20 213
20 230
20 238
21 22
21 23
21 24
21 25
21 26
21 27
21 28
21 29
21 30
21 31
21 33
21 34
21 35
21 36
21 37
21 38
21 39
21 40
21 41
21 42
21 43
21 46
21 47
21 48
21 49
21 50
21 51
21 53
21 54
21 57
21 62
21 63
21 66
21 67
21 68
21 71
21 72
21 73
21 74
21 76
21 78
21 81
21 82
21 86
21 88
21 90
21 91
21 96
21 100
21 101
21 108
21 109
21 114
21 117
21 120
21 121
21 124
21 126
21 128
21 131
21 132
21 134
21 136
21 137
21 138
21 142
21 144
21 146
21 152
21 155
21 158
21 166
21 168
21 171
21 176
21 184
21 185
21 187
21 189
21 204
21 205
21 212
21 222
21 223
21 225
21 229
21 231
21 233
21 234
21 236
21 238
21 241
21 246
22 23
22 24
22 25
22 26
22 27
22 28
22 29
22 30
22 31
22 32
22 33
22 34
22 36
22 37
22 38
22 39
22 40
22 43
22 45
22 46
22 47
22 48
22 49
22 51
22 52
22 53
22 54
22 55
22 56
22 59
22 63
22 66
22 67
22 75
22 81
22 85
22 87
22 90
22 91
22 94
22 95
22 96
22 101
22 105
22 109
22 110
22 115
22 117
22 120
22 123
22 127
22 128
22 130
22 136
22 137
22 143
22 152
22 154
22 155
22 157
22 159
22 165
22 169
22 172
22 175
22 178
22 183
22 190
22 191
22 193
22 195
22 198
22 199
22 202
22 204
22 210
22 213
22 214
22 227
22 229
22 240
22 241
22 244
22 245
22 248
23 24
23 25
23 26
23 27
23 28
23 29
23 30
23 31
23 32
23 33
23 35
23 36
23 38
23 39
23 41
23 44
23 45
23 46
23 47
23 49
23 50
23 53
23 55
23 57
23 59
23 61
23 63
23 64
23 65
23 66
23 67
23 68
23 69
23 70
23 71
23 74
23 76
23 78
23 79
23 81
23 83
23 88
23 92
23 99
23 101
23 105
23 106
23 109
23 112
23 114
23 115
23 120
23 121
23 122
23 126
23 127
23 129
23 131
23 137
23 138
23 143
23 151
23 152
23 153
23 157
23 160
23 161
23 162
23 164
23 165
23 166
23 168
23 171
23 176
23 177
23 183
23 194
23 203
23 204
23 208
23 209
23 211
23 213
23 218
23 221
23 224
23 225
23 228
23 234
23 237
23 241
23 246
23 247
24 25
24 26
24 27
24 28
24 29
24 30
24 31
24 32
24 35
24 36
24 38
24 39
24 41
24 43
24 49
24 50
24 51
24 57
24 58
24 59
24 66
24 67
24 68
24 70
24 72
24 75
24 77
24 78
24 79
24 82
24 87
24 88
24 92
24 96
24 99
24 102
24 103
24 109
24 110
24 111
24 112
24 117
24 123
24 124
24 127
24 131
24 133
24 134
24 137
24 140
24 147
24 149
24 152
24 154
24 155
24 159
24 168
24 174
24 176
24 177
24 188
24 193
24 197
24 200
24 201
24 202
24 206
24 208
24 218
24 220
24 221
24 226
24 228
24 238
24 242
24 247
25 26
25 27
25 28
25 29
25 30
25 31
25 32
25 33
25 34
25 35
25 36
25 38
25 39
25 40
25 42
25 43
25 44
25 45
25 46
25 47
25 48
25 50
25 52
25 55
25 56
25 57
25 59
25 60
25 63
25 65
25 66
25 67
25 69
25 71
25 72
25 73
25 75
25 77
25 81
25 82
25 83
25 86
25 89
25 95
25 96
25 97
25 98
25 107
25 108
25 110
25 114
25 115
25 116
25 117
25 121
25 124
25 127
25 130
25 132
25 134
25 137
25 138
25 143
25 145
25 153
25 157
25 163
25 164
25 169
25 171
25 172
25 173
25 176
25 177
25 180
25 184
25 191
25 195
25 196
25 199
25 200
25 202
25 205
25 207
25 210
25 211
25 212
25 213
25 222
25 225
25 227
25 228
25 229
25 230
25 232
25 235
25 246
25 248
25 249
26 27
26 28
26 29
26 31
26 32
26 33
26 34
26 36
26 37
26 38
26 39
26 40
26 41
26 42
26 43
26 45
26 47
26 48
26 50
26 51
26 52
26 54
26 55
26 58
26 59
26 62
26 66
26 67
26 71
26 73
26 80
26 82
26 93
26 99
26 101
26 107
26 117
26 118
26 121
26 123
26 127
26 130
26 134
26 137
26 144
26 161
26 165
26 168
26 179
26 180
26 182
26 183
26 185
26 192
26 194
26 197
26 198
26 199
26 208
26 209
26 216
26 220
26 223
26 228
26 229
26 231
26 235
26 237
26 244
27 28
27 29
27 30
27 31
27 32
27 33
27 34
27 36
27 37
27 39
27 41
27 42
27 43
27 45
27 46
27 47
27 48
27 49
27 50
27 51
27 54
27 55
27 56
27 57
27 58
27 59
27 60
27 61
27 62
27 63
27 64
27 66
27 67
27 70
27 72
27 74
27 76
27 77
27 79
27 80
27 83
27 84
27 85
27 86
27 87
27 88
27 90
27 91
27 92
27 97
27 98
27 99
27 101
27 102
27 106
27 107
27 108
27 110
27 112
27 115
27 118
27 119
27 125
27 132
27 133
27 134
27 137
27 138
27 139
27 149
27 157
27 160
27 162
27 163
27 170
27 171
27 173
27 174
27 175
27 176
27 178
27 180
27 184
27 185
27 187
27 193
27 201
27 202
27 204
27 206
27 210
27 212
27 215
27 217
27 218
27 219
27 220
27 224
27 230
27 231
27 244
27 246
27 248
28 29
28 31
28 32
28 33
28 34
28 35
28 37
28 41
28 42
28 43
28 44
28 46
28 48
28 52
28 55
28 57
28 58
28 60
28 61
28 64
28 65
28 67
28 68
28 70
28 74
28 75
28 80
28 87
28 88
28 89
28 90
28 93
28 98
28 101
28 103
28 104
28 107
28 109
28 112
28 114
28 115
28 116
28 118
28 119
28 121
28 125
28 127
28 128
28 132
28 136
28 141
28 147
28 150
28 157
28 161
28 166
28 170
28 172
28 174
28 192
28 193
28 210
28 214
28 216
28 231
28 238
28 245
28 249
29 30
29 31
29 33
29 34
29 35
29 36
29 37
29 39
29 40
29 43
29 44
29 45
29 48
29 49
29 50
29 54
29 58
29 59
29 60
29 65
29 69
29 77
29 78
29 80
29 86
29 87
29 90
29 92
29 96
29 102
29 116
29 118
29 120
29 123
29 129
29 140
29 146
29 149
29 152
29 156
29 172
29 188
29 191
29 192
29 196
29 227
29 231
29 235
29 241
30 31
30 32
30 34
30 36
30 37
30 40
30 41
30 42
30 43
30 44
30 45
30 46
30 47
30 48
30 50
30 53
30 54
30 55
30 56
30 57
30 60
30 61
30 62
30 63
30 64
30 67
30 70
30 71
30 72
30 73
30 74
30 76
30 77
30 78
30 79
30 80
30 81
30 83
30 84
30 85
30 86
30 87
30 89
30 91
30 93
30 96
30 101
30 106
30 110
30 111
30 115
30 119
30 121
30 122
30 124
30 126
30 127
30 129
30 130
30 131
30 132
30 137
30 140
30 147
30 149
30 151
30 154
30 157
30 158
30 159
30 166
30 172
30 182
30 184
30 185
30 188
30 189
30 191
30 200
30 202
30 203
30 214
30 216
30 218
30 219
30 222
30 226
30 229
30 231
30 232
30 233
30 234
30 238
30 243
31 32
31 33
31 34
31 36
31 37
31 38
31 40
31 41
31 43
31 45
31 46
31 48
31 49
31 50
31 52
31 53
31 54
31 55
31 57
31 60
31 62
31 65
31 70
31 73
31 75
31 78
31 81
31 83
31 98
31 105
31 111
31 114
31 115
31 127
31 129
31 133
31 139
31 140
31 145
31 148
31 151
31 155
31 162
31 165
31 169
31 172
31 181
31 187
31 190
31 197
31 205
31 216
31 217
31 229
31 230
31 247
32 33
32 34
32 38
32 40
32 41
32 43
32 44
32 46
32 47
32 49
32 57
32 58
32 61
32 63
32 74
32 77
32 82
32 85
32 92
32 98
32 104
32 106
32 109
32 110
32 111
32 112
32 114
32 115
32 120
32 125
32 126
32 129
32 135
32 144
32 146
32 147
32 151
32 187
32 202
32 209
32 212
32 218
32 239
33 35
33 36
33 37
33 38
33 41
33 42
33 43
33 46
33 48
33 49
33 51
33 52
33 54
33 59
33 60
33 61
33 62
33 64
33 66
33 70
33 72
33 74
33 75
33 78
33 80
33 86
33 88
33 91
33 94
33 97
33 98
33 99
33 100
33 102
33 104
33 105
33 107
33 110
33 113
33 114
33 121
33 124
33 129
33 130
33 135
33 137
33 139
33 141
33 144
33 154
33 156
33 157
33 160
33 161
33 165
33 166
33 168
33 173
33 175
33 178
33 182
33 185
33 186
33 192
33 194
33 201
33 208
33 218
33 223
33 226
33 232
33 239
34 37
34 38
34 39
34 40
34 42
34 43
34 45
34 47
34 49
34 51
34 52
34 56
34 58
34 59
34 60
34 61
34 65
34 69
34 74
34 76
34 82
34 85
34 87
34 88
34 89
34 93
34 94
34 95
34 96
34 97
34 98
34 103
34 104
34 109
34 114
34 118
34 119
34 120
34 127
34 129
34 134
34 138
34 139
34 141
34 144
34 151
34 154
34 160
34 161
34 163
34 167
34 169
34 170
34 175
34 176
34 180
34 181
34 194
34 200
34 206
34 208
34 212
34 228
34 234
34 243
34 246
35 37
35 38
35 39
35 42
35 48
35 54
35 55
35 56
35 60
35 61
35 64
35 68
35 69
35 74
35 75
35 93
35 95
35 96
35 99
35 104
35 106
35 107
35 108
35 109
35 111
35 119
35 120
35 123
35 127
35 130
35 135
35 141
35 163
35 173
35 179
35 180
35 210
35 213
35 216
35 222
35 227
35 243
35 249
36 37
36 38
36 40
36 42
36 48
36 49
36 50
36 51
36 52
36 53
36 55
36 56
36 58
36 59
36 61
36 64
36 66
36 67
36 70
36 73
36 76
36 79
36 81
36 83
36 84
36 86
36 89
36 91
36 95
36 96
36 97
36 98
36 99
36 102
36 112
36 113
36 114
36 124
36 125
36 130
36 141
36 155
36 157
36 158
36 160
36 161
36 162
36 177
36 181
36 184
36 189
36 192
36 200
36 209
36 210
36 212
36 219
36 231
36 236
36 237
36 242
36 243
36 245
37 39
37 40
37 42
37 43
37 44
37 46
37 47
37 48
37 50
37 51
37 52
37 53
37 54
37 57
37 58
37 60
37 62
37 64
37 66
37 68
37 69
37 71
37 72
37 78
37 83
37 85
37 87
37 93
37 99
37 103
37 104
37 108
37 109
37 113
37 118
37 125
37 126
37 131
37 132
37 135
37 138
37 139
37 143
37 144
37 145
37 147
37 151
37 154
37 155
37 157
37 159
37 174
37 177
37 178
37 183
37 188
37 194
37 204
37 213
37 225
37 228
37 239
37 242
37 249
38 39
38 41
38 42
38 44
38 46
38 47
38 49
38 52
38 55
38 56
38 59
38 60
38 61
38 67
38 70
38 71
38 73
38 77
38 78
38 79
38 83
38 87
38 89
38 91
38 92
38 103
38 104
38 107
38 109
38 130
38 131
38 135
38 136
38 139
38 141
38 147
38 165
38 166
38 169
38 174
38 175
38 181
38 189
38 190
38 200
38 203
38 222
38 223
38 247
39 41
39 43
39 44
39 45
39 48
39 52
39 56
39 58
39 59
39 60
39 62
39 66
39 68
39 69
39 71
39 73
39 74
39 80
39 81
39 82
39 83
39 84
39 87
39 91
39 96
39 97
39 98
39 100
39 106
39 107
39 117
39 119
39 132
39 140
39 141
39 147
39 148
39 149
39 152
39 157
39 160
39 163
39 165
39 177
39 179
39 186
39 189
39 192
39 195
39 199
39 200
39 206
39 221
39 229
39 232
40 43
40 44
40 45
40 46
40 54
40 56
40 58
40 59
40 60
40 61
40 62
40 68
40 76
40 79
40 82
40 83
40 87
40 89
40 98
40 100
40 119
40 120
40 131
40 135
40 138
40 145
40 148
40 150
40 151
40 153
40 155
40 158
40 159
40 160
40 168
40 176
40 200
40 203
40 204
40 206
40 207
40 209
40 219
40 224
40 236
40 237
40 239
40 241
40 242
41 42
41 45
41 50
41 54
41 58
41 59
41 60
41 64
41 65
41 68
41 70
41 72
41 75
41 80
41 85
41 95
41 104
41 124
41 136
41 152
41 154
41 175
41 177
41 186
41 200
41 203
41 230
41 246
42 44
42 46
42 47
42 52
42 60
42 64
42 76
42 79
42 82
42 89
42 93
42 94
42 98
42 110
42 111
42 116
42 117
42 119
42 120
42 128
42 133
42 134
42 147
42 158
42 159
42 164
42 174
42 175
42 181
42 192
42 193
42 200
42 201
42 210
42 226
42 247
42 248
43 46
43 47
43 51
43 52
43 57
43 58
43 63
43 65
43 66
43 69
43 74
43 77
43 78
43 82
43 89
43 90
43 91
43 93
43 100
43 106
43 114
43 125
43 127
43 131
43 133
43 144
43 147
43 151
43 157
43 159
43 165
43 174
43 176
43 185
43 191
43 193
43 203
43 206
43 212
43 223
43 224
43 231
43 233
43 234
43 235
43 237
43 244
43 248
44 47
44 48
44 49
44 50
44 51
44 52
44 53
44 56
44 57
44 61
44 70
44 72
44 74
44 80
44 81
44 90
44 92
44 101
44 103
44 105
44 107
44 116
44 119
44 121
44 127
44 132
44 153
44 164
44 172
44 190
44 193
44 197
44 201
44 211
44 214
44 218
44 222
44 232
44 234
44 236
44 237
44 242
44 245
45 50
45 55
45 63
45 65
45 67
45 72
45 80
45 87
45 88
45 95
45 97
45 98
45 99
45 100
45 107
45 110
45 118
45 119
45 121
45 122
45 132
45 140
45 145
45 148
45 151
45 161
45 163
45 166
45 174
45 182
45 190
45 210
45 216
45 224
45 246
45 247
46 51
46 53
46 54
46 58
46 62
46 64
46 65
46 67
46 70
46 76
46 82
46 85
46 87
46 94
46 98
46 99
46 108
46 110
46 120
46 122
46 126
46 133
46 142
46 143
46 146
46 148
46 153
46 154
46 162
46 166
46 169
46 170
46 175
46 185
46 186
46 188
46 190
46 193
46 197
46 209
46 217
46 220
46 222
46 224
46 229
47 50
47 52
47 55
47 57
47 62
47 63
47 68
47 69
47 71
47 80
47 87
47 96
47 102
47 106
47 107
47 113
47 114
47 116
47 122
47 125
47 135
47 146
47 155
47 160
47 164
47 166
47 167
47 176
47 193
47 204
47 234
47 240
47 246
47 248
48 49
48 50
48 51
48 56
48 57
48 60
48 66
48 67
48 68
48 69
48 73
48 75
48 76
48 78
48 80
48 85
48 86
48 88
48 89
48 100
48 102
48 103
48 106
48 109
48 111
48 112
48 118
48 119
48 121
48 122
48 123
48 126
48 129
48 130
48 132
48 133
48 135
48 136
48 143
48 149
48 156
48 158
48 161
48 168
48 177
48 181
48 185
48 196
48 212
48 214
48 216
48 233
48 237
48 239
48 243
48 246
48 248
49 54
49 55
49 56
49 62
49 63
49 65
49 68
49 69
49 71
49 73
49 77
49 81
49 84
49 87
49 92
49 97
49 106
49 115
49 117
49 122
49 123
49 129
49 137
49 138
49 139
49 141
49 147
49 155
49 159
49 162
49 165
49 172
49 175
49 176
49 178
49 202
49 208
49 209
49 224
49 231
50 51
50 52
50 55
50 56
50 57
50 58
50 59
50 68
50 94
50 95
50 101
50 111
50 117
50 134
50 141
50 161
50 172
50 176
50 180
50 188
50 189
50 218
51 54
51 56
51 57
51 58
51 61
51 67
51 71
51 84
51 86
51 88
51 90
51 91
51 99
51 102
51 105
51 106
51 107
51 111
51 112
51 117
51 128
51 151
51 161
51 162
51 177
51 185
51 187
51 188
51 196
51 208
51 211
51 217
51 218
51 222
51 225
51 229
51 231
51 244
51 247
51 249
52 53
52 66
52 72
52 73
52 75
52 78
52 80
52 90
52 93
52 108
52 112
52 117
52 119
52 120
52 124
52 131
52 144
52 146
52 173
52 174
52 186
52 196
52 201
52 218
52 220
52 224
52 235
52 236
52 240
52 242
52 244
52 245
53 63
53 71
53 72
53 73
53 87
53 92
53 96
53 97
53 100
53 103
53 105
53 106
53 108
53 120
53 121
53 122
53 149
53 162
53 164
53 173
53 179
53 180
53 184
53 195
53 229
53 230
53 234
53 235
53 238
53 249
54 55
54 62
54 81
54 88
54 92
54 113
54 116
54 156
54 180
54 186
54 196
54 209
54 210
54 214
54 216
54 220
55 64
55 77
55 85
55 97
55 104
55 105
55 108
55 111
55 112
55 113
55 116
55 118
55 128
55 135
55 142
55 143
55 147
55 150
55 154
55 171
55 175
56 58
56 60
56 61
56 62
56 65
56 66
56 69
56 71
56 75
56 78
56 79
56 82
56 85
56 89
56 90
56 92
56 96
56 102
56 104
56 105
56 106
56 107
56 108
56 109
56 110
56 111
56 124
56 125
56 126
56 133
56 144
56 162
56 163
56 174
56 181
56 190
56 196
56 199
56 202
56 203
56 212
56 215
56 224
56 231
56 234
56 241
56 243
56 246
57 59
57 64
57 65
57 69
57 72
57 73
57 74
57 77
57 78
57 83
57 85
57 99
57 100
57 109
57 110
57 116
57 125
57 127
57 132
57 133
57 142
57 145
57 150
57 155
57 157
57 168
57 169
57 173
57 189
57 195
57 198
57 200
57 205
57 225
57 230
57 235
57 236
57 237
57 241
57 245
58 63
58 64
58 65
58 70
58 71
58 74
58 76
58 77
58 80
58 84
58 100
58 105
58 106
58 113
58 122
58 137
58 139
58 171
58 189
58 192
58 198
58 204
58 205
58 211
58 217
58 222
58 225
58 227
58 238
58 241
59 66
59 73
59 75
59 86
59 88
59 91
59 93
59 115
59 146
59 152
59 161
59 165
59 170
59 177
59 180
59 185
59 192
59 197
59 206
59 219
59 227
59 228
59 231
59 236
59 241
59 244
59 246
59 247
60 63
60 64
60 76
60 81
60 97
60 102
60 103
60 107
60 113
60 114
60 117
60 127
60 137
60 138
60 141
60 143
60 170
60 171
60 179
60 185
60 192
60 207
60 213
61 62
61 63
61 73
61 116
61 118
61 126
61 129
61 132
61 133
61 144
61 175
61 216
61 229
61 234
61 235
61 244
61 245
61 246
62 68
62 70
62 79
62 89
62 90
62 95
62 102
62 113
62 124
62 134
62 135
62 139
62 140
62 150
62 173
62 184
62 197
62 205
62 206
62 211
62 215
62 218
62 224
62 231
63 79
63 86
63 113
63 115
63 122
63 134
63 138
63 139
63 140
63 162
63 173
63 186
63 189
63 198
63 210
63 213
63 221
63 238
64 72
64 73
64 75
64 78
64 79
64 82
64 86
64 89
64 93
64 95
64 97
64 102
64 104
64 108
64 119
64 123
64 124
64 125
64 127
64 128
64 129
64 135
64 146
64 151
64 152
64 172
64 181
64 183
64 185
64 192
64 196
64 207
64 208
64 213
64 214
64 217
64 219
64 232
64 235
64 248
65 68
65 69
65 81
65 85
65 90
65 91
65 94
65 99
65 114
65 123
65 125
65 128
65 132
65 140
65 162
65 165
65 175
65 189
65 192
65 197
65 200
65 220
65 223
65 228
65 238
65 240
65 243
65 245
65 247
66 67
66 70
66 72
66 74
66 75
66 84
66 93
66 114
66 115
66 116
66 123
66 124
66 128
66 133
66 155
66 160
66 167
66 179
66 181
66 184
66 186
66 195
66 210
66 222
67 69
67 71
67 72
67 78
67 84
67 85
67 89
67 95
67 101
67 102
67 105
67 122
67 123
67 130
67 151
67 188
67 195
67 198
67 219
67 223
67 232
67 235
68 73
68 76
68 83
68 88
68 103
68 128
68 136
68 142
68 149
68 163
68 176
68 184
68 205
68 226
68 229
68 234
68 246
69 81
69 86
69 90
69 100
69 105
69 106
69 116
69 118
69 123
69 130
69 167
69 201
69 204
69 213
69 215
69 216
69 217
69 224
69 235
69 236
69 246
70 73
70 75
70 79
70 80
70 85
70 97
70 118
70 125
70 136
70 149
70 156
70 160
70 168
70 169
70 171
70 172
70 173
70 174
70 177
70 179
70 181
70 191
70 197
70 198
70 204
70 219
70 221
70 223
70 224
70 237
70 238
71 72
71 75
71 78
71 79
71 88
71 89
71 91
71 92
71 94
71 95
71 110
71 112
71 113
71 117
71 121
71 126
71 132
71 134
71 136
71 141
71 142
71 154
71 156
71 159
71 163
71 168
71 170
71 181
71 188
71 189
71 196
71 198
71 199
71 206
71 208
71 220
71 233
71 234
71 242
71 246
72 77
72 79
72 84
72 87
72 96
72 103
72 111
72 113
72 122
72 130
72 131
72 133
72 136
72 152
72 154
72 162
72 163
72 174
72 201
72 219
72 222
72 229
72 232
72 243
73 88
73 90
73 91
73 92
73 103
73 105
73 112
73 137
73 165
73 180
73 192
73 208
73 221
73 225
73 235
74 79
74 80
74 81
74 83
74 90
74 92
74 93
74 96
74 100
74 102
74 115
74 122
74 125
74 126
74 130
74 139
74 146
74 147
74 152
74 157
74 159
74 177
74 179
74 183
74 185
74 187
74 194
74 199
74 204
74 210
74 217
74 218
74 237
74 239
75 77
75 80
75 82
75 94
75 108
75 119
75 140
75 149
75 151
75 164
75 168
75 173
75 184
75 194
75 198
75 199
75 201
75 207
75 209
75 219
76 92
76 93
76 99
76 103
76 111
76 117
76 119
76 120
76 128
76 131
76 135
76 136
76 137
76 145
76 149
76 152
76 169
76 172
76 179
76 197
76 207
76 209
76 212
76 214
76 230
76 238
76 244
76 247
77 84
77 97
77 103
77 114
77 117
77 129
77 131
77 164
77 184
77 203
77 247
78 91
78 97
78 107
78 119
78 120
78 129
78 134
78 143
78 144
78 145
78 148
78 150
78 156
78 167
78 171
78 176
78 181
78 187
78 188
78 209
78 224
78 236
78 243
79 88
79 96
79 97
79 112
79 139
79 140
79 154
79 159
79 164
79 168
79 187
79 200
79 205
79 217
79 223
80 86
80 91
80 92
80 111
80 112
80 121
80 130
80 182
80 195
80 213
80 234
81 83
81 87
81 88
81 96
81 110
81 127
81 131
81 135
81 145
81 148
81 164
81 171
81 175
81 177
81 179
81 198
81 215
81 216
81 230
81 239
81 244
81 245
82 86
82 93
82 102
82 106
82 107
82 121
82 123
82 125
82 130
82 137
82 151
82 157
82 158
82 167
82 177
82 181
82 185
82 190
82 191
82 195
82 201
82 207
82 220
82 227
82 230
82 237
83 88
83 98
83 101
83 122
83 128
83 138
83 140
83 144
83 148
83 152
83 153
83 160
83 183
83 186
83 191
83 205
83 207
83 219
83 221
83 232
83 235
83 245
84 94
84 138
84 139
84 141
84 142
84 153
84 156
84 158
84 172
84 186
84 205
84 215
84 228
84 243
84 244
84 246
85 91
85 99
85 104
85 105
85 112
85 137
85 145
85 172
85 173
85 186
85 188
85 209
85 213
85 248
86 89
86 92
86 111
86 112
86 113
86 114
86 134
86 135
86 141
86 143
86 152
86 154
86 156
86 159
86 161
86 165
86 168
86 170
86 171
86 176
86 194
86 200
86 202
86 203
86 204
86 209
86 215
86 222
87 91
87 94
87 95
87 101
87 102
87 109
87 138
87 158
87 164
87 188
87 197
87 203
87 217
87 247
88 94
88 101
88 103
88 110
88 117
88 118
88 120
88 122
88 124
88 133
88 145
88 153
88 154
88 158
88 163
88 166
88 170
88 171
88 177
88 178
88 182
88 189
88 192
88 195
88 202
88 206
88 207
88 212
88 220
88 222
88 227
88 235
88 239
88 244
89 94
89 95
89 99
89 100
89 111
89 131
89 138
89 140
89 148
89 156
89 159
89 160
89 167
89 170
89 200
89 202
89 205
89 211
89 230
89 234
90 101
90 110
90 122
90 130
90 132
90 148
90 213
90 221
90 226
90 236
91 93
91 102
91 117
91 121
91 123
91 127
91 135
91 159
91 169
91 175
91 180
91 184
91 186
91 190
91 202
91 215
91 228
91 229
91 235
92 93
92 98
92 101
92 109
92 113
92 115
92 122
92 128
92 134
92 142
92 162
92 167
92 169
92 199
92 203
92 210
92 227
93 94
93 95
93 107
93 112
93 121
93 143
93 193
93 212
93 229
93 236
93 242
94 100
94 105
94 109
94 121
94 128
94 136
94 145
94 149
94 161
94 164
94 187
94 201
94 220
94 226
95 104
95 121
95 123
95 125
95 132
95 141
95 142
95 144
95 159
95 186
95 206
95 214
95 216
95 242
95 244
96 98
96 109
96 111
96 123
96 128
96 129
96 146
96 148
96 150
96 154
96 171
96 194
96 217
96 218
96 234
96 249
97 100
97 103
97 107
97 112
97 116
97 146
97 147
97 160
97 170
97 181
97 182
97 188
97 200
97 204
97 236
98 103
98 105
98 114
98 124
98 140
98 166
98 179
98 181
98 182
98 188
98 197
98 209
98 211
98 220
98 224
98 226
99 103
99 164
99 195
99 196
99 205
99 223
99 229
100 106
100 108
100 116
100 120
100 146
100 147
100 175
100 182
100 193
100 204
100 213
100 243
101 102
101 109
101 110
101 138
101 141
101 149
101 150
101 156
101 160
101 165
101 169
101 170
101 178
101 188
101 191
101 204
101 206
102 116
102 136
102 139
102 169
102 181
102 182
102 198
102 214
102 217
102 225
102 227
102 235
103 104
103 134
103 153
103 159
103 160
103 161
103 163
103 178
103 179
103 193
103 206
103 210
103 225
103 232
104 107
104 110
104 116
104 140
104 143
104 145
104 150
104 156
104 171
104 176
104 178
104 184
104 190
104 200
104 207
104 249
105 131
105 132
105 139
105 143
105 149
105 153
105 167
105 172
105 188
105 196
106 116
106 124
106 126
106 128
106 129
106 133
106 163
106 165
106 167
106 194
106 201
106 219
106 236
106 240
107 112
107 115
107 121
107 131
107 133
107 152
107 170
107 178
107 199
107 213
107 224
108 115
108 142
108 144
108 149
108 169
108 207
108 215
108 221
108 226
108 242
108 249
109 143
109 152
109 179
109 193
109 200
109 221
109 232
109 236
110 148
110 163
110 211
110 230
111 115
111 123
111 126
111 138
111 143
111 155
111 163
111 167
111 175
111 194
111 216
111 225
111 228
111 244
112 126
112 127
112 130
112 153
112 204
113 137
113 143
113 163
113 174
113 199
113 202
113 228
113 230
113 232
114 133
114 138
114 155
114 158
114 164
114 185
114 210
114 215
115 129
115 147
115 150
115 154
115 170
115 173
115 187
115 188
115 204
115 205
115 211
115 215
115 226
115 240
116 132
116 154
116 168
116 171
116 177
116 183
116 207
116 249
117 141
117 142
117 153
117 166
117 177
117 185
117 187
117 190
117 201
117 202
117 216
117 249
118 119
118 128
118 152
118 166
118 168
118 172
118 174
118 187
118 194
118 221
118 227
118 247
118 248
119 126
119 142
119 151
119 155
119 161
119 176
119 183
119 208
119 211
119 219
119 238
120 124
120 129
120 131
120 135
120 140
120 155
120 160
120 164
120 175
120 182
120 183
120 193
120 197
120 210
120 221
120 233
121 122
121 124
121 131
121 147
121 148
121 166
121 167
121 171
121 194
121 201
121 205
121 213
121 219
121 222
121 223
121 224
121 233
121 241
121 248
122 125
122 136
122 138
122 165
122 174
122 189
122 206
122 210
122 215
122 227
123 126
123 137
123 144
123 184
123 187
123 202
123 205
123 210
123 221
123 226
123 229
123 238
123 239
123 240
124 136
124 137
124 155
124 163
124 171
124 182
124 191
124 228
124 241
125 129
125 135
125 146
125 157
125 189
125 203
125 213
126 134
126 156
126 157
126 158
126 242
127 141
127 149
127 157
127 174
127 178
127 219
127 225
127 249
128 135
128 139
128 142
128 146
128 156
128 180
128 182
128 186
128 188
128 190
128 191
128 225
129 135
129 140
129 180
129 213
129 214
129 215
129 216
129 239
129 243
129 249
130 158
130 180
130 197
130 207
130 211
130 222
130 235
131 152
131 164
131 165
131 168
131 172
131 179
131 191
131 198
131 230
131 249
132 144
132 149
132 187
132 230
133 138
133 142
133 143
133 145
133 148
133 152
133 158
133 169
133 187
133 223
133 231
133 235
133 238
134 136
134 147
134 149
134 198
134 203
134 204
134 225
135 155
135 191
135 204
135 242
136 162
136 167
136 240
137 140
137 144
137 150
137 162
137 203
137 209
137 211
137 214
137 217
137 240
138 141
138 148
138 159
138 163
138 171
138 181
138 188
138 195
138 203
138 209
138 214
138 222
138 237
138 242
139 142
139 183
139 191
139 211
140 150
140 160
140 172
140 183
140 190
140 195
140 196
140 215
140 222
140 228
140 233
140 238
140 240
141 153
141 159
141 162
141 193
141 206
141 209
141 226
141 247
142 151
142 170
142 171
142 199
142 205
143 150
143 165
143 183
143 186
143 193
143 201
143 222
143 233
144 145
144 151
144 156
144 161
144 164
144 172
144 206
144 217
144 230
144 232
145 161
145 167
145 173
145 199
145 212
145 245
146 156
146 158
146 172
146 174
146 186
146 200
146 212
146 242
147 156
147 173
147 184
147 192
147 207
147 212
147 238
148 157
148 163
148 165
148 167
148 169
148 186
148 187
148 194
148 211
148 216
148 219
149 162
149 180
149 190
149 194
150 170
150 180
150 183
151 169
151 210
151 229
151 239
152 153
152 180
152 183
152 192
152 194
152 195
152 223
152 240
152 247
153 166
153 190
153 196
153 203
153 208
153 226
153 242
154 160
154 182
155 166
155 168
155 184
155 189
155 200
155 212
155 231
155 240
155 249
156 175
156 191
156 223
156 234
157 158
157 176
157 220
157 237
157 238
157 248
158 164
158 182
158 184
158 198
158 225
158 239
159 161
159 170
159 182
159 192
159 195
159 198
159 202
159 221
159 223
160 167
160 179
160 185
160 195
160 198
160 211
160 235
160 240
160 248
161 173
161 176
162 198
162 226
162 227
163 185
163 219
163 226
163 230
164 169
164 179
164 186
164 189
164 212
164 224
165 195
165 201
165 217
165 226
165 234
165 242
166 225
166 227
167 177
167 197
167 246
168 183
168 207
168 216
168 220
168 232
169 178
169 208
169 217
169 239
169 243
170 211
170 215
171 187
171 191
171 201
171 202
171 238
171 245
172 174
172 179
172 198
172 212
172 218
172 220
172 247
173 181
173 199
173 205
173 218
173 225
174 216
174 240
175 181
175 220
175 231
175 247
176 177
176 186
176 194
176 215
176 232
176 248
177 178
177 214
177 227
177 236
177 239
178 182
178 193
178 217
178 241
178 242
179 182
179 194
179 196
179 197
179 203
179 233
180 221
180 223
181 207
182 190
182 192
182 222
182 245
183 196
184 201
184 214
185 197
185 202
185 225
185 227
185 244
186 192
186 233
186 245
187 189
187 201
187 213
187 226
187 232
187 233
187 237
188 190
188 203
188 207
188 208
188 218
189 193
189 221
190 239
190 243
191 196
191 198
191 215
191 218
191 219
191 237
191 241
192 206
192 221
193 195
193 223
193 224
193 231
193 233
193 236
194 208
194 211
194 218
194 234
194 238
194 240
195 196
195 199
195 209
196 205
196 215
196 220
197 199
197 203
198 225
199 223
200 206
200 246
201 202
202 211
202 214
202 220
203 226
203 228
203 243
205 227
206 207
208 233
208 240
208 243
208 249
209 228
209 233
210 230
210 241
211 237
211 245
212 214
212 222
213 221
213 223
213 231
213 241
213 245
213 247
214 215
214 240
216 248
217 232
218 240
218 241
219 233
219 239
220 241
220 248
221 244
222 229
222 242
225 238
225 243
225 245
228 229
229 244
232 240
234 241
237 248
238 245
239 249
241 242
241 249
