0 1
0 2
0 3
0 6
0 8
0 10
0 15
0 31
0 35
0 40
0 42
0 45
0 52
0 78
0 102
0 109
0 143
0 161
0 178
0 190
1 3
1 4
1 5
1 7
1 9
1 12
1 14
1 62
1 63
1 67
1 81
1 82
1 84
1 85
1 87
1 90
1 99
1 176
1 180
1 191
1 202
2 4
2 9
2 11
2 16
2 21
2 24
2 27
2 29
2 30
2 36
2 38
2 39
2 47
2 53
2 59
2 63
2 64
2 70
2 73
2 75
2 84
2 95
2 103
2 106
2 114
2 132
2 136
2 148
2 159
2 163
2 164
2 165
2 170
2 171
2 172
2 187
2 192
2 198
2 200
2 203
2 212
2 213
2 215
2 227
2 235
2 248
3 5
3 6
3 7
3 8
3 11
3 13
3 14
3 16
3 17
3 18
3 19
3 23
3 24
3 26
3 28
3 31
3 33
3 49
3 68
3 79
3 81
3 82
3 92
3 97
3 101
3 110
3 123
3 133
3 136
3 145
3 158
3 168
3 195
3 208
3 219
3 226
3 232
3 234
4 20
4 25
4 85
4 114
4 120
4 124
4 175
4 188
4 201
4 236
5 177
6 28
6 32
6 34
6 40
6 55
6 67
6 88
6 118
6 166
6 209
6 211
6 216
6 243
7 10
7 15
7 21
7 22
7 35
7 57
7 61
7 62
7 64
7 71
7 83
7 121
7 137
7 149
7 154
7 218
7 234
8 17
8 48
8 68
8 246
9 12
9 41
9 60
9 74
9 152
9 157
9 175
10 93
10 116
10 179
10 206
10 228
11 13
11 55
11 66
11 73
11 80
11 94
11 113
11 141
11 210
13 50
14 18
14 37
14 38
14 131
14 155
14 168
14 171
14 199
14 206
15 60
15 83
15 132
16 20
16 34
16 56
16 69
16 153
17 19
17 25
17 26
17 33
17 52
17 137
17 150
17 156
17 158
17 162
18 22
18 23
18 44
18 108
18 208
18 216
18 222
19 41
19 74
20 42
20 43
20 104
20 124
20 128
20 130
20 135
20 214
21 48
21 61
21 89
21 122
21 126
21 139
21 144
21 157
21 185
21 193
22 53
22 87
22 143
23 27
23 129
24 30
24 37
24 44
24 59
24 125
24 151
24 229
24 233
24 235
25 29
25 80
26 43
26 100
26 173
27 79
27 90
27 239
28 94
28 185
29 39
29 86
29 163
29 190
29 195
30 103
30 198
30 246
31 32
31 47
31 54
33 50
33 76
33 88
34 36
34 57
34 154
34 192
35 51
35 56
35 65
35 77
35 99
35 151
35 172
35 176
36 45
36 110
36 148
36 217
36 247
37 174
38 58
38 111
38 236
39 141
39 161
40 46
40 112
41 46
41 77
42 105
42 116
42 147
42 152
43 54
43 72
43 98
43 112
43 127
43 145
43 241
45 49
45 58
45 117
45 177
45 221
45 232
46 69
46 115
46 139
46 169
46 191
48 51
48 121
49 66
49 71
50 72
50 89
50 96
50 130
51 119
52 134
53 117
53 240
55 122
55 123
55 142
55 215
56 199
56 223
57 98
57 131
57 149
58 107
58 115
58 147
58 222
59 169
59 182
59 197
59 230
60 93
60 125
60 220
61 65
61 97
61 194
62 70
62 146
62 226
63 75
63 95
63 118
63 214
65 76
65 100
65 184
66 203
67 92
67 102
67 108
67 138
67 196
67 207
68 113
69 91
69 96
69 135
69 164
69 165
69 205
69 210
69 224
69 227
70 78
70 86
71 160
71 167
72 140
73 128
73 166
74 120
74 170
75 140
76 150
76 219
77 101
77 167
77 186
77 202
78 129
78 182
78 237
79 243
81 200
81 241
82 249
85 142
85 204
86 104
86 109
86 134
86 144
86 179
87 106
90 91
90 173
93 205
94 105
94 126
94 224
96 133
96 183
96 231
97 160
97 225
101 111
101 153
102 240
103 174
105 155
106 107
106 178
106 196
106 218
106 233
110 146
111 194
112 156
112 189
113 119
113 127
113 138
113 180
113 193
118 159
118 181
125 197
127 162
127 212
128 201
137 186
138 211
138 217
138 245
138 247
140 248
143 181
145 238
147 187
147 231
148 207
150 184
152 209
155 244
156 183
156 204
156 213
163 228
168 238
168 245
169 189
169 223
169 229
183 188
190 244
191 220
197 242
201 237
204 225
206 221
208 249
222 230
237 239
238 242
