0 1
0 2
0 3
0 4
0 5
0 6
0 7
0 8
0 9
0 10
0 11
0 12
0 13
0 14
0 15
0 16
0 17
0 18
0 20
0 21
0 22
0 23
0 24
0 36
0 37
0 43
0 44
0 48
0 51
0 53
0 54
0 55
0 58
0 61
0 66
0 71
0 73
0 84
0 87
0 90
0 110
0 117
0 118
0 131
0 137
0 143
0 147
0 148
0 153
0 158
0 167
0 172
0 173
0 175
0 179
0 180
0 183
0 197
0 212
0 218
0 228
0 238
1 13
1 15
1 17
1 18
1 20
1 22
1 27
1 42
1 44
1 48
1 54
1 69
1 74
1 86
1 88
1 90
1 92
1 112
1 118
1 122
1 135
1 141
1 144
1 150
1 151
1 159
1 161
1 164
1 189
1 203
1 207
1 222
2 13
2 14
2 16
2 17
2 19
2 20
2 21
2 22
2 23
2 25
2 26
2 28
2 32
2 33
2 36
2 39
2 42
2 45
2 46
2 47
2 49
2 50
2 57
2 59
2 61
2 62
2 65
2 66
2 68
2 70
2 71
2 72
2 75
2 80
2 89
2 92
2 97
2 104
2 107
2 116
2 118
2 121
2 123
2 127
2 139
2 142
2 143
2 145
2 151
2 155
2 157
2 160
2 167
2 168
2 169
2 170
2 171
2 179
2 182
2 188
2 191
2 196
2 199
2 207
2 208
2 210
2 213
2 218
2 221
2 227
2 229
2 230
2 232
2 242
2 245
3 13
3 14
3 15
3 18
3 19
3 21
3 28
3 30
3 34
3 38
3 39
3 40
3 46
3 49
3 55
3 58
3 61
3 63
3 65
3 71
3 73
3 88
3 99
3 103
3 107
3 114
3 127
3 135
3 147
3 149
3 151
3 153
3 160
3 170
3 177
3 180
3 182
3 188
3 227
3 233
4 13
4 14
4 15
4 16
4 17
4 18
4 19
4 21
4 23
4 24
4 29
4 37
4 38
4 39
4 45
4 49
4 51
4 54
4 56
4 57
4 61
4 64
4 65
4 74
4 83
4 88
4 89
4 97
4 108
4 134
4 142
4 143
4 161
4 170
4 175
4 176
4 183
4 189
4 192
4 197
4 209
4 218
4 226
4 236
4 240
4 241
5 13
5 15
5 16
5 18
5 19
5 20
5 21
5 23
5 26
5 27
5 28
5 29
5 30
5 31
5 33
5 34
5 37
5 40
5 41
5 47
5 51
5 53
5 56
5 57
5 59
5 67
5 73
5 83
5 85
5 88
5 89
5 94
5 104
5 110
5 113
5 116
5 130
5 131
5 132
5 136
5 142
5 156
5 157
5 158
5 159
5 229
5 230
5 232
6 13
6 14
6 15
6 16
6 18
6 20
6 25
6 27
6 28
6 35
6 37
6 41
6 43
6 45
6 55
6 59
6 63
6 65
6 66
6 70
6 76
6 79
6 94
6 111
6 119
6 120
6 122
6 127
6 129
6 135
6 147
6 173
6 176
6 185
6 192
6 195
6 219
6 229
6 230
7 13
7 14
7 15
7 17
7 18
7 19
7 24
7 26
7 49
7 58
7 64
7 77
7 115
7 157
7 173
7 199
7 214
7 226
8 13
8 14
8 15
8 16
8 17
8 23
8 24
8 26
8 27
8 30
8 31
8 36
8 37
8 41
8 43
8 59
8 66
8 67
8 69
8 70
8 77
8 84
8 87
8 92
8 95
8 99
8 103
8 106
8 111
8 115
8 132
8 139
8 144
8 146
8 150
8 151
8 154
8 156
8 159
8 169
8 174
8 185
8 193
8 205
8 220
8 243
8 245
8 249
9 13
9 14
9 15
9 16
9 17
9 18
9 19
9 20
9 21
9 22
9 23
9 26
9 32
9 35
9 36
9 38
9 43
9 45
9 48
9 52
9 57
9 61
9 62
9 65
9 69
9 71
9 73
9 79
9 80
9 81
9 84
9 85
9 86
9 94
9 98
9 100
9 107
9 113
9 121
9 132
9 149
9 154
9 168
9 178
9 187
9 195
9 209
9 211
9 224
9 237
10 14
10 15
10 19
10 25
10 28
10 30
10 40
10 42
10 46
10 48
10 75
10 93
10 102
10 106
10 141
10 163
10 166
10 178
10 191
10 202
10 224
10 227
10 235
10 236
11 13
11 14
11 16
11 18
11 22
11 23
11 25
11 30
11 33
11 36
11 50
11 65
11 75
11 81
11 120
11 122
11 159
11 188
12 13
12 14
12 16
12 17
12 20
12 21
12 25
12 28
12 33
12 34
12 35
12 38
12 39
12 41
12 55
12 56
12 60
12 63
12 68
12 74
12 81
12 82
12 86
12 89
12 91
12 94
12 97
12 118
12 119
12 129
12 133
12 136
12 167
12 180
12 199
12 214
12 218
13 14
13 15
13 16
13 17
13 18
13 19
13 20
13 22
13 23
13 25
13 26
13 27
13 29
13 30
13 33
13 34
13 35
13 36
13 37
13 40
13 43
13 45
13 46
13 47
13 49
13 50
13 53
13 60
13 62
13 63
13 68
13 70
13 75
13 76
13 80
13 82
13 89
13 95
13 100
13 101
13 113
13 123
13 126
13 131
13 147
13 148
13 150
13 156
13 162
13 163
13 172
13 176
13 200
13 205
13 223
13 225
13 226
13 228
13 231
13 233
13 236
13 237
14 15
14 16
14 17
14 19
14 21
14 22
14 25
14 26
14 27
14 28
14 29
14 30
14 31
14 32
14 33
14 35
14 36
14 37
14 40
14 41
14 42
14 43
14 44
14 47
14 48
14 49
14 52
14 53
14 55
14 56
14 59
14 60
14 64
14 66
14 76
14 78
14 79
14 81
14 85
14 94
14 96
14 97
14 98
14 104
14 109
14 114
14 116
14 117
14 120
14 122
14 124
14 126
14 128
14 131
14 137
14 138
14 144
14 152
14 154
14 155
14 158
14 159
14 162
14 166
14 168
14 175
14 176
14 178
14 179
14 183
14 184
14 186
14 192
14 194
14 198
14 199
14 201
14 209
14 212
14 217
14 220
14 223
14 231
14 233
14 235
14 240
14 243
14 244
14 245
14 246
15 16
15 17
15 18
15 20
15 21
15 22
15 24
15 27
15 29
15 30
15 32
15 34
15 36
15 37
15 39
15 40
15 46
15 47
15 49
15 52
15 55
15 58
15 59
15 60
15 64
15 72
15 73
15 75
15 80
15 83
15 84
15 85
15 94
15 97
15 104
15 106
15 111
15 113
15 114
15 119
15 130
15 140
15 141
15 142
15 145
15 146
15 147
15 148
15 152
15 162
15 171
15 177
15 183
15 186
15 191
15 208
15 213
15 214
15 217
15 219
15 220
15 247
15 248
16 17
16 18
16 19
16 20
16 22
16 23
16 24
16 26
16 27
16 28
16 30
16 33
16 35
16 40
16 41
16 42
16 43
16 46
16 47
16 51
16 53
16 63
16 68
16 70
16 71
16 73
16 79
16 83
16 86
16 93
16 96
16 97
16 100
16 105
16 108
16 113
16 114
16 115
16 116
16 123
16 130
16 134
16 135
16 138
16 139
16 141
16 150
16 152
16 153
16 154
16 158
16 165
16 183
16 193
16 199
16 200
16 203
16 204
16 219
16 220
16 228
16 234
16 239
17 19
17 24
17 25
17 27
17 29
17 31
17 33
17 34
17 35
17 38
17 43
17 45
17 47
17 49
17 50
17 51
17 52
17 64
17 68
17 73
17 76
17 81
17 86
17 90
17 107
17 126
17 127
17 137
17 140
17 158
17 171
17 183
17 188
17 203
17 216
17 249
18 19
18 20
18 21
18 25
18 27
18 28
18 33
18 38
18 40
18 46
18 47
18 49
18 51
18 53
18 61
18 72
18 75
18 76
18 78
18 80
18 81
18 91
18 94
18 103
18 105
18 119
18 131
18 133
18 141
18 142
18 155
18 157
18 161
18 227
18 238
18 249
19 20
19 21
19 22
19 24
19 28
19 29
19 31
19 32
19 34
19 36
19 45
19 46
19 47
19 50
19 53
19 69
19 70
19 74
19 88
19 95
19 101
19 107
19 110
19 111
19 123
19 132
19 134
19 140
19 141
19 160
19 167
19 175
19 215
19 217
19 229
19 246
20 21
20 22
20 23
20 24
20 26
20 27
20 30
20 31
20 32
20 33
20 34
20 35
20 38
20 39
20 44
20 45
20 62
20 68
20 71
20 73
20 82
20 85
20 87
20 93
20 99
20 100
20 127
20 139
20 143
20 147
20 151
20 162
20 171
20 177
20 190
20 191
20 198
20 199
20 201
20 202
20 203
20 216
20 240
21 22
21 23
21 24
21 25
21 26
21 29
21 31
21 36
21 37
21 39
21 40
21 44
21 46
21 50
21 55
21 62
21 71
21 72
21 73
21 75
21 77
21 81
21 83
21 93
21 99
21 104
21 105
21 106
21 115
21 117
21 121
21 123
21 127
21 134
21 138
21 148
21 154
21 157
21 161
21 165
21 174
21 179
21 185
21 189
21 191
21 198
21 211
21 219
21 221
21 222
21 233
21 236
22 23
22 24
22 26
22 34
22 38
22 50
22 56
22 60
22 62
22 63
22 64
22 66
22 67
22 74
22 77
22 80
22 101
22 109
22 116
22 131
22 132
22 146
22 165
22 167
22 183
22 186
22 188
22 190
22 198
23 24
23 25
23 31
23 32
23 42
23 51
23 58
23 67
23 83
23 92
23 93
23 94
23 105
23 106
23 108
23 121
23 124
23 125
23 129
23 130
23 135
23 142
23 149
23 183
23 187
23 207
23 210
23 228
24 25
24 28
24 29
24 31
24 32
24 35
24 37
24 39
24 41
24 42
24 50
24 52
24 54
24 57
24 61
24 63
24 72
24 81
24 84
24 93
24 96
24 100
24 101
24 103
24 113
24 117
24 120
24 124
24 128
24 130
24 134
24 136
24 139
24 140
24 145
24 152
24 155
24 159
24 163
24 175
24 181
24 182
24 185
24 187
24 190
24 192
24 194
24 195
24 196
24 202
24 203
24 209
24 223
24 233
24 235
24 242
25 26
25 27
25 28
25 29
25 32
25 34
25 35
25 41
25 42
25 43
25 44
25 45
25 47
25 49
25 50
25 51
25 54
25 55
25 58
25 59
25 60
25 66
25 67
25 69
25 71
25 72
25 74
25 76
25 77
25 80
25 82
25 89
25 91
25 98
25 99
25 103
25 104
25 109
25 122
25 124
25 125
25 128
25 133
25 140
25 143
25 146
25 155
25 163
25 167
25 168
25 187
25 196
25 211
25 222
25 237
25 240
25 241
25 244
25 245
25 246
26 30
26 31
26 32
26 35
26 39
26 42
26 43
26 44
26 48
26 52
26 55
26 56
26 58
26 60
26 63
26 65
26 68
26 70
26 72
26 89
26 92
26 95
26 107
26 115
26 117
26 118
26 125
26 132
26 134
26 144
26 146
26 150
26 161
26 163
26 171
26 177
26 180
26 184
26 186
26 203
26 207
26 211
26 222
26 224
26 232
26 236
26 242
26 244
27 29
27 40
27 49
27 50
27 53
27 57
27 65
27 68
27 69
27 72
27 90
27 91
27 92
27 104
27 111
27 117
27 118
27 137
27 140
27 158
27 160
27 164
27 168
27 180
27 187
27 199
27 203
27 205
27 215
27 220
27 221
27 223
27 228
27 234
27 238
27 247
28 29
28 32
28 38
28 41
28 42
28 49
28 51
28 52
28 55
28 58
28 74
28 79
28 81
28 88
28 92
28 98
28 99
28 101
28 109
28 117
28 118
28 138
28 143
28 145
28 147
28 160
28 164
28 169
28 174
28 191
28 213
28 221
28 240
28 242
29 30
29 31
29 32
29 33
29 34
29 48
29 50
29 52
29 54
29 62
29 71
29 72
29 77
29 86
29 87
29 100
29 101
29 107
29 120
29 124
29 137
29 148
29 152
29 168
29 170
29 171
29 174
29 184
29 201
29 206
29 209
29 214
29 217
29 228
29 235
29 243
29 248
30 31
30 35
30 37
30 42
30 44
30 45
30 47
30 57
30 58
30 59
30 60
30 62
30 71
30 74
30 82
30 84
30 92
30 95
30 108
30 123
30 125
30 139
30 148
30 158
30 165
30 172
30 187
30 190
30 192
30 193
30 206
30 210
30 213
30 218
30 223
30 231
30 236
30 239
30 245
31 33
31 34
31 40
31 43
31 56
31 61
31 68
31 74
31 79
31 81
31 86
31 109
31 112
31 115
31 145
31 146
31 196
31 197
31 200
31 207
31 218
31 220
31 232
31 241
32 36
32 37
32 40
32 44
32 54
32 56
32 57
32 59
32 66
32 75
32 117
32 127
32 129
32 132
32 139
32 145
32 150
32 151
32 164
32 170
32 199
32 220
32 239
32 241
33 39
33 41
33 42
33 53
33 54
33 61
33 64
33 66
33 75
33 90
33 103
33 107
33 110
33 162
33 166
33 179
33 180
33 187
33 198
33 203
33 217
33 219
33 244
34 38
34 41
34 43
34 46
34 56
34 57
34 63
34 67
34 79
34 89
34 108
34 111
34 121
34 125
34 152
34 161
34 207
34 222
34 230
34 235
34 242
34 243
35 36
35 39
35 48
35 52
35 73
35 78
35 99
35 103
35 107
35 112
35 113
35 126
35 127
35 135
35 141
35 156
35 165
35 173
35 186
35 190
35 200
35 207
35 212
35 223
35 231
35 232
35 234
36 38
36 48
36 62
36 67
36 68
36 100
36 122
36 124
36 139
36 146
36 161
36 171
36 175
36 177
36 178
36 196
36 221
36 245
36 249
37 38
37 46
37 54
37 57
37 60
37 67
37 72
37 76
37 77
37 78
37 83
37 91
37 93
37 101
37 103
37 110
37 120
37 125
37 131
37 146
37 149
37 157
37 181
37 219
37 236
38 39
38 41
38 44
38 48
38 52
38 55
38 64
38 82
38 83
38 96
38 97
38 101
38 105
38 118
38 120
38 143
38 157
38 168
38 182
38 190
38 192
38 193
38 199
38 208
38 216
38 223
38 231
38 235
39 48
39 53
39 85
39 86
39 89
39 93
39 96
39 98
39 102
39 111
39 116
39 134
39 144
39 189
39 201
39 210
39 213
40 45
40 52
40 55
40 60
40 78
40 85
40 87
40 90
40 97
40 108
40 110
40 112
40 113
40 123
40 130
40 131
40 136
40 140
40 171
40 191
40 202
40 206
40 211
40 228
40 236
41 46
41 51
41 90
41 111
41 129
41 188
41 191
41 213
41 234
41 241
41 246
42 44
42 58
42 59
42 60
42 63
42 64
42 74
42 77
42 78
42 80
42 84
42 96
42 98
42 105
42 109
42 116
42 124
42 140
42 143
42 162
42 182
42 185
42 198
42 210
42 240
42 246
43 44
43 58
43 89
43 105
43 115
43 146
43 214
43 241
44 45
44 56
44 59
44 69
44 72
44 87
44 92
44 122
44 123
44 124
44 136
44 167
44 192
44 212
44 217
45 47
45 54
45 67
45 85
45 87
45 100
45 104
45 106
45 109
45 135
45 140
45 143
45 153
45 168
45 211
45 212
45 213
45 215
45 220
45 224
45 249
46 48
46 53
46 54
46 61
46 64
46 66
46 70
46 74
46 77
46 79
46 80
46 94
46 98
46 114
46 122
46 136
46 152
46 153
46 175
46 178
46 180
46 204
46 205
46 226
46 230
46 240
47 50
47 51
47 57
47 58
47 91
47 99
47 102
47 108
47 132
47 166
47 168
47 195
47 201
47 211
48 51
48 60
48 67
48 69
48 71
48 79
48 83
48 97
48 102
48 104
48 145
48 152
48 163
48 169
48 184
48 194
48 195
48 220
49 77
49 95
49 103
49 104
49 105
49 142
49 152
49 167
49 208
50 52
50 56
50 59
50 61
50 63
50 64
50 65
50 78
50 82
50 84
50 86
50 87
50 88
50 95
50 105
50 107
50 108
50 116
50 118
50 131
50 138
50 139
50 143
50 147
50 155
50 156
50 177
50 178
50 179
50 185
50 211
50 228
50 248
50 249
51 54
51 65
51 69
51 75
51 90
51 91
51 110
51 116
51 130
51 132
51 144
51 151
51 174
51 179
51 194
51 219
51 233
51 238
52 53
52 63
52 64
52 65
52 66
52 92
52 96
52 101
52 115
52 119
52 122
52 128
52 130
52 138
52 148
52 149
52 155
52 193
52 209
52 224
52 232
52 249
53 67
53 68
53 70
53 74
53 82
53 88
53 90
53 91
53 115
53 131
53 132
53 133
53 155
53 158
53 178
53 190
53 195
53 203
53 221
53 229
53 243
53 245
54 65
54 83
54 84
54 92
54 93
54 117
54 124
54 134
54 148
54 154
54 161
54 172
54 197
54 207
54 209
54 216
54 223
54 247
55 56
55 62
55 75
55 87
55 95
55 117
55 125
55 153
55 158
55 160
55 161
55 169
55 170
55 192
55 194
55 205
55 208
55 222
55 238
56 57
56 61
56 70
56 78
56 82
56 94
56 95
56 96
56 99
56 103
56 115
56 128
56 142
56 145
56 162
56 188
56 193
56 198
56 216
56 219
56 229
56 242
57 62
57 67
57 69
57 76
57 81
57 89
57 106
57 108
57 121
57 124
57 159
57 160
57 163
57 169
57 180
57 185
57 197
57 200
57 216
57 228
57 234
57 243
58 62
58 91
58 94
58 104
58 109
58 112
58 114
58 129
58 133
58 141
58 150
58 151
58 201
58 209
58 222
58 232
59 79
59 85
59 102
59 110
59 134
59 141
59 144
59 145
59 154
59 156
59 172
59 174
59 189
59 211
59 223
60 69
60 71
60 72
60 76
60 85
60 91
60 120
60 123
60 126
60 130
60 143
60 153
60 170
60 177
60 178
60 182
60 198
60 206
60 219
60 223
60 235
61 66
61 69
61 75
61 80
61 96
61 117
61 120
61 129
61 137
61 178
61 235
61 244
62 78
62 87
62 89
62 96
62 100
62 102
62 103
62 108
62 121
62 132
62 150
62 151
62 157
62 161
62 186
62 204
62 227
62 239
62 248
63 68
63 70
63 76
63 79
63 88
63 112
63 129
63 131
63 137
63 155
63 206
63 208
63 235
64 73
64 80
64 84
64 86
64 96
64 105
64 115
64 118
64 135
64 142
64 146
64 147
64 152
64 156
64 164
64 165
64 168
64 210
64 230
65 70
65 83
65 88
65 102
65 114
65 119
65 122
65 126
65 127
65 128
65 129
65 135
65 144
65 166
65 194
65 208
65 213
65 235
66 76
66 77
66 81
66 109
66 115
66 117
66 167
66 182
66 189
66 193
66 217
66 222
67 77
67 83
67 85
67 128
67 141
67 181
67 192
67 240
68 76
68 91
68 100
68 109
69 78
69 82
69 85
69 105
69 112
69 128
69 138
69 154
69 156
69 167
69 204
69 226
69 241
69 242
70 87
70 95
70 97
70 100
70 112
70 120
70 150
70 166
70 204
70 207
70 247
71 73
71 88
71 106
71 119
71 128
71 143
71 159
71 173
71 175
71 176
71 208
71 209
71 217
71 220
71 229
71 247
72 79
72 84
72 101
72 109
72 176
72 198
72 208
72 234
72 249
73 78
73 80
73 87
73 100
73 122
73 125
74 78
74 82
74 84
74 86
74 90
74 96
74 97
74 105
74 111
74 127
74 129
74 133
74 136
74 137
74 149
74 156
74 166
74 170
74 180
74 188
74 190
74 203
74 223
74 245
75 86
75 88
75 91
75 98
75 101
75 106
75 121
75 126
75 136
75 137
75 150
75 156
75 178
75 194
75 196
75 199
75 243
75 248
76 82
76 98
76 125
76 149
76 159
76 174
76 218
76 233
76 244
77 125
77 133
77 136
77 190
77 194
77 196
77 214
77 215
77 221
77 244
77 246
78 93
78 95
78 97
78 99
78 106
78 110
78 112
78 114
78 119
78 133
78 144
78 155
78 164
78 166
78 206
78 212
78 229
78 231
79 133
79 169
79 181
80 93
80 94
80 136
80 144
80 148
80 152
80 184
80 190
80 197
80 237
81 90
81 98
81 121
81 154
81 159
81 188
81 197
81 202
82 95
82 98
82 101
82 104
82 112
82 124
82 130
82 135
82 157
82 164
82 181
82 206
82 214
82 218
82 246
83 99
83 147
83 171
83 173
83 188
83 196
83 199
83 206
83 210
83 236
84 107
84 110
84 114
84 142
84 177
84 179
84 184
84 200
84 225
84 234
85 93
85 98
85 99
85 106
85 108
85 156
85 204
85 232
85 243
86 92
86 119
86 133
86 137
86 147
86 153
86 177
86 202
86 212
86 219
87 111
87 114
87 135
87 149
87 158
87 162
87 176
87 191
87 196
88 102
88 106
88 113
88 114
88 124
88 145
88 151
88 164
88 166
88 221
88 229
88 248
89 90
89 102
89 116
89 121
89 130
89 138
89 189
89 222
90 123
90 134
90 149
90 164
90 180
90 189
90 223
90 249
91 110
91 141
91 142
91 148
91 149
91 159
91 160
91 169
91 172
91 186
91 202
91 212
92 102
92 121
92 126
92 157
92 164
92 189
92 197
92 213
93 103
93 107
93 118
93 120
93 174
93 182
93 187
93 233
93 237
94 110
94 114
94 120
94 144
94 174
94 201
94 232
94 234
94 241
95 112
95 113
95 126
95 133
95 174
95 181
95 185
95 196
95 200
95 201
95 210
95 225
95 229
95 243
95 244
96 108
96 111
96 113
96 121
96 126
96 128
96 133
96 147
96 158
96 176
96 184
96 186
96 201
96 203
96 207
96 218
96 221
96 225
96 233
97 116
97 179
97 185
97 221
97 243
98 102
98 119
98 126
98 127
98 137
98 153
98 169
98 184
98 206
98 227
98 230
98 232
99 130
99 163
99 214
99 240
100 102
100 109
100 112
100 113
100 125
100 131
100 145
100 155
100 162
100 169
100 184
100 222
101 134
101 141
101 163
101 177
101 198
101 209
101 225
101 234
102 185
102 199
102 215
102 226
102 246
103 118
103 172
103 197
103 200
103 226
104 116
104 127
104 156
104 160
104 166
104 171
104 176
104 186
104 187
104 231
105 111
105 215
105 219
106 119
106 140
106 160
106 164
106 190
106 202
106 224
106 238
107 183
108 128
108 151
108 164
109 150
109 165
109 214
110 119
110 122
110 129
110 140
110 155
110 162
110 181
110 182
110 228
110 237
111 139
111 169
111 214
111 238
112 128
112 134
112 168
112 204
112 237
112 244
113 137
113 138
113 142
113 165
113 166
113 170
113 181
113 193
113 204
113 245
114 172
114 200
114 216
115 126
115 144
115 149
115 169
115 173
115 187
115 215
115 237
116 123
116 136
116 194
116 201
116 209
116 231
117 123
117 135
117 138
117 176
117 186
117 232
118 139
118 154
118 195
118 210
118 229
119 138
119 182
119 202
120 125
120 139
120 158
120 173
120 181
120 194
121 181
121 204
121 206
121 224
122 146
122 148
122 215
122 220
122 233
123 136
123 159
123 168
123 191
123 214
123 239
124 225
125 129
125 190
125 196
125 227
126 191
126 212
127 132
127 173
127 207
127 238
127 242
128 165
128 186
128 210
128 212
128 248
129 140
129 183
129 234
129 239
129 246
130 146
130 151
130 184
130 205
130 209
131 148
131 172
131 193
132 138
132 154
132 170
132 172
132 181
132 226
133 154
133 186
133 192
133 214
134 150
134 183
136 160
136 170
136 175
136 181
136 227
137 157
137 165
137 205
137 212
137 230
137 248
138 145
138 163
138 171
138 198
138 202
138 213
138 228
138 237
138 243
139 163
140 239
141 166
141 175
141 189
141 240
141 241
142 161
142 162
142 167
142 178
142 191
143 149
143 153
143 201
143 204
143 217
143 225
144 160
144 170
144 179
144 192
145 175
145 195
146 157
146 162
146 184
146 205
146 216
147 238
148 153
148 177
148 183
148 188
148 227
149 163
149 173
149 218
149 226
149 248
150 153
150 205
151 152
151 173
151 176
151 193
152 165
152 167
152 192
152 193
152 224
153 185
153 200
153 203
153 239
154 174
154 239
155 175
155 195
155 241
155 244
156 187
156 237
156 247
157 179
157 188
157 195
157 204
157 206
157 244
158 197
158 215
158 225
158 246
159 165
159 172
159 217
160 161
160 211
160 239
161 174
161 184
162 171
162 225
163 195
164 172
164 176
164 216
165 182
165 197
166 180
166 187
166 189
167 249
168 173
168 179
168 182
169 193
169 194
170 234
170 237
170 248
171 177
171 205
171 242
172 218
172 242
174 205
174 224
174 231
175 189
175 201
175 206
175 208
175 217
175 221
175 242
175 247
176 226
177 178
177 180
177 194
177 228
177 230
177 237
178 202
178 205
178 216
178 220
178 240
179 207
180 185
180 227
180 243
182 225
182 245
183 196
183 215
183 217
184 202
184 224
184 247
185 195
185 200
185 236
186 204
186 211
186 212
186 215
186 227
186 238
187 200
187 226
188 247
190 198
191 210
191 219
191 241
192 197
192 208
192 213
192 215
192 222
193 225
194 221
194 222
195 211
195 240
196 208
196 216
196 230
196 247
197 232
197 236
198 249
200 218
201 227
202 224
205 210
205 213
205 224
207 245
207 249
208 226
208 233
208 246
209 231
210 225
211 216
212 235
214 231
214 246
215 230
215 244
215 248
217 235
217 245
219 231
221 233
222 229
222 239
223 238
224 242
225 230
228 247
230 234
230 241
231 236
231 239
232 247
235 238
236 248
