0 1
0 2
0 3
0 4
0 5
0 6
0 7
0 8
0 9
0 10
0 11
0 12
0 13
0 15
0 16
0 17
0 18
0 19
0 22
0 25
0 27
0 34
0 39
0 40
0 42
0 43
0 44
0 45
0 48
0 49
0 50
0 52
0 55
0 59
0 61
0 62
0 67
0 74
0 81
0 86
0 94
0 96
0 99
0 101
0 105
0 119
0 120
0 127
0 128
0 132
0 138
0 140
0 144
0 149
0 150
0 154
0 173
0 175
0 180
0 187
0 189
0 197
0 198
0 201
0 207
0 211
0 215
0 217
0 222
0 226
0 227
0 229
0 230
0 240
1 9
1 11
1 14
1 16
1 18
1 20
1 22
1 29
1 33
1 36
1 39
1 65
1 77
1 88
1 90
1 93
1 108
1 143
1 168
1 223
1 240
1 246
2 9
2 10
2 11
2 14
2 17
2 19
2 20
2 21
2 22
2 23
2 34
2 37
2 38
2 44
2 48
2 51
2 53
2 69
2 75
2 82
2 88
2 106
2 111
2 120
2 129
2 142
2 146
2 147
2 153
2 166
2 170
2 172
2 183
2 185
2 188
2 194
2 205
2 227
2 230
2 233
2 237
3 9
3 10
3 11
3 12
3 13
3 15
3 16
3 18
3 23
3 25
3 35
3 37
3 45
3 73
3 79
3 84
3 85
3 89
3 95
3 97
3 125
3 127
3 155
3 164
3 168
3 211
3 221
3 228
3 233
3 236
3 244
4 9
4 10
4 12
4 15
4 16
4 18
4 19
4 27
4 28
4 31
4 45
4 49
4 60
4 68
4 81
4 82
4 105
4 117
4 119
4 129
4 143
4 149
4 153
4 155
4 170
4 178
4 199
4 209
4 220
4 235
5 9
5 11
5 12
5 13
5 14
5 22
5 33
5 43
5 47
5 57
5 61
5 65
5 79
5 81
5 106
5 120
5 124
5 130
5 235
6 9
6 10
6 11
6 13
6 17
6 24
6 42
6 50
6 51
6 53
6 64
6 72
6 91
6 117
6 148
6 153
6 178
6 183
6 228
6 229
6 232
7 9
7 10
7 11
7 12
7 14
7 15
7 19
7 20
7 21
7 26
7 31
7 34
7 35
7 42
7 46
7 47
7 51
7 56
7 61
7 62
7 64
7 66
7 95
7 99
7 108
7 111
7 113
7 117
7 127
7 128
7 132
7 133
7 136
7 144
7 149
7 164
7 165
7 168
7 173
7 174
7 187
7 194
7 205
7 221
7 224
7 228
7 232
7 235
7 239
7 243
8 10
8 17
8 22
8 24
8 26
8 30
8 36
8 46
8 49
8 51
8 57
8 61
8 65
8 73
8 78
8 84
8 90
8 96
8 97
8 99
8 104
8 109
8 147
8 156
8 163
8 164
8 178
8 197
8 210
8 228
8 233
9 10
9 11
9 12
9 13
9 14
9 15
9 16
9 17
9 18
9 19
9 20
9 32
9 33
9 35
9 36
9 39
9 40
9 42
9 43
9 53
9 55
9 57
9 60
9 65
9 66
9 68
9 70
9 73
9 74
9 78
9 84
9 89
9 92
9 95
9 102
9 107
9 108
9 112
9 114
9 119
9 120
9 137
9 140
9 153
9 164
9 165
9 167
9 171
9 174
9 179
9 196
9 197
9 206
9 209
9 234
9 249
10 12
10 13
10 14
10 20
10 21
10 23
10 25
10 27
10 28
10 30
10 32
10 34
10 39
10 41
10 46
10 49
10 59
10 71
10 72
10 75
10 78
10 83
10 87
10 91
10 92
10 100
10 123
10 152
10 169
10 185
10 188
10 199
10 233
10 239
11 12
11 13
11 15
11 18
11 25
11 28
11 29
11 37
11 41
11 44
11 46
11 47
11 57
11 58
11 59
11 62
11 66
11 68
11 71
11 76
11 79
11 80
11 81
11 91
11 95
11 107
11 113
11 117
11 120
11 135
11 137
11 142
11 145
11 148
11 154
11 169
11 172
11 188
11 189
11 192
11 209
11 220
11 236
12 13
12 14
12 15
12 16
12 17
12 19
12 21
12 22
12 24
12 25
12 26
12 27
12 28
12 29
12 30
12 37
12 38
12 39
12 43
12 44
12 46
12 47
12 58
12 62
12 64
12 67
12 73
12 76
12 77
12 83
12 90
12 94
12 100
12 108
12 115
12 146
12 165
12 168
12 170
12 172
12 176
12 195
12 200
12 204
12 213
12 225
12 233
12 236
12 239
13 14
13 15
13 16
13 17
13 20
13 21
13 22
13 24
13 25
13 26
13 32
13 33
13 34
13 37
13 44
13 45
13 46
13 52
13 54
13 55
13 56
13 60
13 63
13 69
13 70
13 82
13 85
13 96
13 99
13 108
13 110
13 115
13 116
13 117
13 124
13 129
13 132
13 139
13 141
13 145
13 146
13 158
13 159
13 162
13 166
13 170
13 171
13 176
13 178
13 192
13 196
13 197
13 211
13 215
13 219
13 220
13 223
13 227
13 231
13 238
13 239
13 242
14 16
14 19
14 23
14 27
14 29
14 31
14 55
14 63
14 71
14 72
14 81
14 93
14 118
14 119
14 123
14 145
14 172
14 176
14 191
14 193
14 207
14 209
14 227
15 17
15 19
15 20
15 23
15 27
15 28
15 31
15 34
15 39
15 42
15 69
15 70
15 71
15 73
15 75
15 77
15 80
15 86
15 100
15 104
15 106
15 121
15 133
15 138
15 139
15 146
15 148
15 153
15 239
15 244
16 18
16 21
16 23
16 25
16 26
16 28
16 31
16 36
16 38
16 40
16 41
16 43
16 47
16 49
16 56
16 58
16 59
16 61
16 65
16 71
16 76
16 77
16 83
16 87
16 92
16 94
16 98
16 102
16 103
16 106
16 117
16 121
16 123
16 128
16 138
16 140
16 146
16 151
16 157
16 173
16 175
16 179
16 181
16 194
16 209
16 214
16 220
16 243
17 18
17 21
17 23
17 24
17 26
17 28
17 29
17 35
17 48
17 55
17 56
17 72
17 74
17 81
17 82
17 93
17 95
17 97
17 103
17 131
17 143
17 144
17 147
17 149
17 154
17 156
17 168
17 171
17 174
17 175
17 200
17 210
17 241
17 246
18 21
18 24
18 26
18 28
18 34
18 38
18 50
18 63
18 66
18 82
18 84
18 87
18 88
18 98
18 101
18 102
18 118
18 119
18 126
18 135
18 140
18 147
18 148
18 151
18 165
18 172
18 182
18 193
18 196
18 218
18 223
18 230
18 238
18 245
18 248
19 20
19 22
19 23
19 30
19 32
19 33
19 44
19 48
19 57
19 64
19 65
19 69
19 74
19 76
19 78
19 93
19 96
19 112
19 114
19 129
19 132
19 139
19 149
19 160
19 169
19 181
19 183
19 184
19 212
19 217
19 221
19 232
19 234
20 24
20 27
20 30
20 35
20 36
20 48
20 50
20 52
20 60
20 90
20 134
20 149
20 150
20 177
20 184
20 202
20 208
21 24
21 29
21 33
21 34
21 40
21 41
21 46
21 51
21 54
21 55
21 62
21 63
21 71
21 73
21 77
21 80
21 91
21 102
21 103
21 104
21 105
21 107
21 110
21 140
21 170
21 182
21 184
21 194
21 199
21 211
21 212
21 214
21 231
21 235
22 27
22 29
22 40
22 41
22 55
22 58
22 61
22 70
22 76
22 77
22 93
22 95
22 101
22 115
22 171
22 174
22 215
22 235
23 48
23 61
23 80
23 86
23 130
23 173
23 181
23 213
24 25
24 26
24 31
24 32
24 36
24 38
24 42
24 48
24 53
24 59
24 60
24 75
24 83
24 91
24 96
24 109
24 113
24 114
24 134
24 143
24 145
24 157
24 185
24 190
24 205
24 218
24 222
24 234
24 237
25 31
25 32
25 50
25 57
25 63
25 66
25 67
25 76
25 78
25 79
25 88
25 100
25 106
25 109
25 161
25 163
25 167
25 194
25 202
25 214
25 232
25 238
25 241
26 29
26 30
26 32
26 33
26 35
26 36
26 38
26 40
26 45
26 50
26 51
26 53
26 54
26 56
26 61
26 69
26 77
26 85
26 92
26 97
26 98
26 100
26 107
26 109
26 124
26 125
26 130
26 136
26 179
26 203
26 216
27 30
27 31
27 44
27 58
27 60
27 63
27 64
27 65
27 86
27 107
27 110
27 167
27 177
27 190
27 191
27 221
27 225
27 237
28 32
28 54
28 62
28 72
28 116
28 134
28 150
28 151
28 152
28 157
28 163
28 180
28 182
28 184
29 30
29 33
29 35
29 36
29 37
29 38
29 40
29 41
29 45
29 47
29 53
29 54
29 79
29 82
29 85
29 93
29 99
29 108
29 112
29 113
29 136
29 145
29 183
29 189
29 198
29 205
29 206
29 214
29 222
29 241
30 37
30 115
30 178
30 180
30 209
30 210
30 219
31 41
31 42
31 49
31 56
31 70
31 85
31 99
31 106
31 110
31 112
31 122
31 128
31 131
31 141
31 154
31 162
31 165
31 171
31 189
31 242
31 244
31 249
32 35
32 39
32 43
32 52
32 56
32 62
32 64
32 67
32 75
32 77
32 83
32 84
32 86
32 101
32 102
32 104
32 107
32 110
32 118
32 126
32 138
32 143
32 160
32 162
32 166
32 167
32 184
32 194
32 195
32 203
32 204
32 212
32 216
32 222
32 223
32 225
32 234
32 235
33 41
33 44
33 45
33 53
33 64
33 158
33 166
33 173
33 186
33 193
34 37
34 38
34 40
34 45
34 59
34 68
34 69
34 89
34 98
34 106
34 110
34 121
34 129
34 146
34 148
34 164
34 166
34 178
34 180
35 39
35 47
35 52
35 58
35 67
35 87
35 94
35 104
35 111
35 123
35 165
35 176
35 182
35 189
35 226
35 228
35 243
35 247
36 54
36 63
36 67
36 71
36 76
36 78
36 87
36 101
36 122
36 125
36 139
36 163
36 174
36 180
36 210
36 225
37 43
37 60
37 74
37 88
37 94
37 103
37 112
37 118
37 119
37 132
37 137
37 152
37 160
37 186
37 199
37 205
37 223
37 248
38 42
38 43
38 49
38 52
38 67
38 68
38 73
38 81
38 98
38 104
38 120
38 136
38 156
38 170
38 217
38 222
38 228
38 239
39 47
39 57
39 59
39 68
39 79
39 164
39 175
39 216
39 246
39 247
40 50
40 70
40 135
40 158
40 172
40 193
40 210
40 215
40 246
41 46
41 70
41 99
41 124
41 134
41 135
41 158
41 242
42 89
42 114
42 118
42 124
42 130
42 136
42 137
42 140
42 209
43 51
43 58
43 67
43 139
43 148
43 151
43 167
43 190
43 214
44 51
44 52
44 59
44 62
44 69
44 88
44 92
44 97
44 118
44 142
44 181
44 203
45 49
45 50
45 52
45 53
45 54
45 55
45 72
45 74
45 75
45 80
45 90
45 91
45 102
45 108
45 109
45 121
45 123
45 128
45 131
45 136
45 138
45 143
45 170
45 179
45 231
45 245
46 48
46 84
46 116
46 122
46 126
46 154
46 158
46 175
47 69
47 72
47 85
47 87
47 93
47 111
47 116
47 124
47 131
47 168
47 195
47 209
48 58
48 116
48 161
48 164
48 217
48 247
49 75
49 79
49 93
49 98
49 103
49 159
49 178
49 180
49 189
49 217
50 86
50 92
50 123
50 137
50 141
50 156
50 245
51 104
51 107
51 126
51 138
51 166
51 175
51 191
51 207
51 230
51 234
51 247
52 54
52 64
52 66
52 76
52 82
52 89
52 90
52 97
52 101
52 103
52 108
52 151
52 187
52 188
52 205
52 226
53 57
53 80
53 95
53 100
53 159
53 185
53 200
53 212
54 65
54 70
54 80
54 81
54 109
54 118
54 119
54 131
54 153
54 171
54 194
54 195
54 205
54 217
54 219
54 224
54 227
54 249
55 56
55 66
55 102
55 154
55 155
55 175
55 185
55 235
56 83
56 92
56 94
56 95
56 126
56 145
56 168
56 174
56 212
57 60
57 68
57 74
57 75
57 87
57 114
57 127
57 131
57 155
57 169
58 66
58 84
58 115
58 134
58 175
58 203
58 247
59 73
59 82
59 90
59 98
59 125
59 155
59 184
59 208
59 233
59 237
60 63
60 105
60 157
60 162
60 202
60 208
60 226
60 236
61 100
61 141
61 159
61 163
61 190
62 97
62 109
62 132
62 133
62 134
62 155
62 160
62 164
62 192
62 207
62 211
63 68
63 85
63 112
63 151
63 157
63 191
63 196
63 203
64 79
64 83
64 88
64 100
64 103
64 141
64 142
64 152
64 160
64 190
64 214
64 215
65 122
65 130
65 190
65 199
65 223
65 241
66 72
66 78
66 105
66 125
66 127
66 159
66 161
66 162
66 180
66 221
66 240
67 71
67 86
67 115
67 153
67 237
67 245
68 119
68 207
69 87
69 101
69 112
69 181
69 199
69 218
69 228
70 74
70 106
70 127
70 219
70 248
71 92
71 111
71 121
71 124
71 167
71 176
71 191
71 206
71 243
71 245
71 247
72 90
72 111
72 113
72 116
72 121
72 130
72 134
72 163
72 187
72 201
72 214
72 216
72 229
73 96
73 135
73 157
73 208
74 84
74 160
74 241
75 78
75 143
75 150
75 183
76 80
76 102
76 167
76 210
76 212
76 216
76 232
77 83
77 86
77 89
77 98
77 155
77 185
77 200
77 240
78 96
78 97
78 109
78 126
78 128
78 133
78 144
78 151
78 157
78 167
78 192
78 212
78 248
79 88
79 112
79 122
79 142
79 177
79 207
79 245
80 91
80 146
80 177
80 187
80 192
80 218
80 240
81 85
81 110
81 124
81 133
81 136
81 168
81 191
82 116
82 117
82 122
82 142
82 156
82 182
82 186
82 208
82 211
82 213
83 89
83 94
83 111
83 144
83 183
83 198
83 240
84 129
84 133
85 94
85 96
85 105
85 129
86 105
86 123
86 133
86 163
86 208
86 233
87 103
87 125
87 135
87 150
87 165
87 189
88 89
88 115
88 122
88 234
88 244
89 118
89 166
89 230
90 91
90 107
90 111
90 152
90 225
90 227
91 113
91 125
91 145
91 210
91 246
92 99
92 127
92 137
92 177
92 205
92 207
92 220
92 221
92 249
93 113
93 114
93 138
93 161
93 176
93 188
93 202
94 101
94 134
94 150
94 199
94 206
94 217
94 226
94 231
95 104
95 117
95 135
95 198
95 201
95 207
96 113
96 126
96 147
96 192
96 198
96 212
97 132
97 150
97 215
97 218
98 126
98 147
99 115
99 131
99 136
99 161
99 174
99 192
100 159
100 240
101 181
101 195
102 105
102 114
102 122
102 160
102 200
102 208
103 116
103 178
103 206
103 245
103 247
103 248
104 110
104 120
104 125
104 130
104 133
104 149
104 161
104 172
104 226
104 240
105 120
105 172
105 219
105 248
106 114
106 128
106 132
106 139
106 140
106 174
106 204
107 188
107 230
108 158
108 201
108 213
109 121
109 208
110 127
110 129
110 135
110 137
110 144
110 147
110 152
110 153
110 155
110 234
110 235
110 246
111 149
111 196
111 239
111 242
112 195
112 248
113 141
113 144
114 143
114 173
114 222
115 196
116 146
116 179
116 196
116 201
117 123
117 162
117 195
118 197
118 203
119 177
119 204
119 227
120 121
120 148
120 156
120 188
120 192
120 200
120 213
120 215
120 246
121 139
121 160
121 206
122 130
122 137
122 204
123 162
123 203
124 138
124 179
124 242
125 128
125 154
125 163
125 195
125 202
125 246
126 216
126 231
127 150
127 186
128 131
128 139
128 169
128 183
128 213
128 242
129 144
130 141
131 154
131 182
131 186
131 187
131 204
131 220
132 148
132 229
133 179
133 191
133 201
134 140
136 142
136 159
136 161
136 183
136 198
136 201
136 243
138 151
138 179
138 198
139 141
139 142
139 157
139 158
139 171
139 184
139 219
140 201
140 242
141 156
141 176
141 181
142 210
142 226
143 145
143 170
143 190
144 169
144 182
144 186
145 188
145 214
145 231
146 147
146 165
146 187
146 232
146 243
147 152
147 166
147 244
148 189
148 191
149 161
149 203
149 230
150 158
150 159
150 224
151 152
151 190
151 219
151 222
152 185
153 156
153 162
153 182
153 193
153 199
153 231
154 177
154 193
154 194
154 244
155 216
156 187
156 197
156 206
157 169
157 173
157 232
158 169
158 177
158 234
159 181
159 200
159 211
159 213
161 241
162 193
162 243
163 216
164 241
164 248
165 185
165 186
165 197
165 211
166 173
166 204
166 217
166 218
166 222
166 223
166 224
169 180
169 196
169 225
170 171
170 176
173 193
173 197
173 237
173 249
174 206
174 243
175 219
175 238
176 227
176 229
176 241
176 247
178 186
178 202
179 221
182 184
182 198
183 200
183 224
183 226
186 215
186 223
186 229
188 204
189 224
190 238
192 230
195 224
197 202
197 229
197 231
198 236
199 202
199 233
200 218
200 220
200 221
200 236
201 238
201 242
205 218
205 225
206 213
207 237
208 220
210 225
210 239
212 245
214 224
217 232
217 238
217 249
220 237
224 229
226 228
226 236
229 236
230 238
237 244
239 244
240 249
243 249
