0 1
0 2
0 3
0 4
0 5
0 6
0 7
0 8
0 9
0 10
0 11
0 12
0 13
0 14
0 15
0 16
0 17
0 18
0 19
0 20
0 21
0 22
0 23
0 24
0 25
0 26
0 27
0 28
0 29
0 30
0 33
0 34
0 40
0 41
0 44
0 45
0 46
0 47
0 49
0 51
0 52
0 55
0 56
0 58
0 59
0 62
0 63
0 65
0 66
0 68
0 69
0 72
0 75
0 83
0 84
0 85
0 87
0 88
0 89
0 94
0 95
0 97
0 104
0 105
0 108
0 113
0 118
0 119
0 122
0 124
0 128
0 134
0 144
0 148
0 150
0 152
0 154
0 155
0 156
0 160
0 180
0 183
0 185
0 188
0 194
0 198
0 199
0 202
0 207
0 213
0 215
0 216
0 219
0 222
0 228
0 229
0 230
0 232
0 238
0 239
0 240
0 243
0 248
1 19
1 20
1 21
1 23
1 24
1 25
1 26
1 27
1 28
1 31
1 34
1 35
1 38
1 43
1 45
1 46
1 47
1 49
1 55
1 65
1 67
1 72
1 74
1 79
1 86
1 87
1 92
1 94
1 96
1 100
1 102
1 104
1 105
1 108
1 110
1 117
1 123
1 132
1 136
1 141
1 146
1 147
1 149
1 154
1 156
1 163
1 168
1 172
1 176
1 183
1 191
1 193
1 196
1 201
1 205
1 210
1 244
1 245
2 19
2 20
2 21
2 22
2 23
2 25
2 28
2 29
2 36
2 37
2 39
2 40
2 44
2 49
2 50
2 53
2 54
2 57
2 58
2 60
2 67
2 68
2 70
2 85
2 101
2 102
2 109
2 119
2 127
2 136
2 141
2 143
2 149
2 150
2 158
2 161
2 164
2 195
2 196
2 212
2 233
2 234
2 238
2 246
3 19
3 20
3 21
3 22
3 23
3 24
3 25
3 27
3 28
3 29
3 30
3 31
3 34
3 36
3 38
3 39
3 45
3 47
3 48
3 51
3 57
3 64
3 71
3 90
3 94
3 108
3 115
3 131
3 142
3 145
3 148
3 149
3 176
3 179
3 190
3 202
3 212
3 213
3 215
3 226
3 228
3 233
3 237
4 19
4 20
4 21
4 25
4 26
4 37
4 64
4 70
4 74
4 75
4 80
4 81
4 85
4 103
4 130
4 133
4 137
4 140
4 143
4 155
4 167
4 190
4 200
4 228
4 231
4 237
4 238
4 240
5 19
5 20
5 21
5 22
5 23
5 24
5 25
5 26
5 29
5 30
5 31
5 32
5 33
5 35
5 36
5 40
5 41
5 43
5 46
5 49
5 60
5 61
5 63
5 77
5 78
5 86
5 88
5 89
5 91
5 96
5 100
5 109
5 110
5 111
5 116
5 117
5 118
5 127
5 129
5 130
5 138
5 139
5 142
5 146
5 154
5 159
5 162
5 177
5 180
5 197
5 204
5 210
5 211
5 220
5 223
6 22
6 30
6 32
6 37
6 46
6 60
6 72
6 84
6 85
6 105
6 151
6 155
6 157
6 228
7 19
7 20
7 21
7 22
7 23
7 24
7 27
7 28
7 29
7 30
7 32
7 33
7 35
7 36
7 38
7 43
7 52
7 54
7 56
7 59
7 61
7 64
7 66
7 67
7 71
7 77
7 78
7 80
7 82
7 88
7 91
7 93
7 98
7 111
7 116
7 124
7 128
7 133
7 134
7 135
7 142
7 143
7 152
7 155
7 157
7 167
7 178
7 179
7 181
7 191
7 202
7 220
7 243
7 247
7 249
8 19
8 20
8 21
8 24
8 27
8 31
8 35
8 37
8 63
8 64
8 70
8 71
8 97
8 98
8 106
8 115
8 128
8 140
8 141
8 145
8 159
8 166
8 181
8 186
8 193
8 215
9 19
9 20
9 21
9 22
9 24
9 26
9 27
9 29
9 31
9 32
9 37
9 39
9 41
9 42
9 43
9 48
9 51
9 54
9 55
9 56
9 59
9 62
9 63
9 66
9 68
9 70
9 77
9 80
9 81
9 82
9 86
9 89
9 90
9 97
9 102
9 103
9 115
9 117
9 124
9 127
9 149
9 168
9 181
9 184
9 187
9 189
9 208
9 209
9 216
9 233
9 234
10 19
10 20
10 23
10 24
10 26
10 27
10 29
10 30
10 32
10 33
10 38
10 39
10 42
10 46
10 53
10 57
10 60
10 64
10 65
10 76
10 79
10 83
10 87
10 88
10 90
10 94
10 102
10 132
10 148
10 156
10 162
10 163
10 177
10 186
10 201
10 205
10 216
10 218
10 222
10 236
10 244
10 248
11 19
11 21
11 22
11 23
11 24
11 25
11 27
11 28
11 29
11 30
11 32
11 33
11 34
11 35
11 36
11 40
11 42
11 43
11 44
11 45
11 50
11 54
11 55
11 57
11 58
11 59
11 63
11 68
11 70
11 74
11 79
11 81
11 86
11 89
11 91
11 92
11 93
11 96
11 99
11 101
11 106
11 108
11 111
11 116
11 117
11 119
11 126
11 131
11 141
11 151
11 152
11 156
11 161
11 164
11 168
11 169
11 170
11 174
11 178
11 181
11 185
11 187
11 190
11 194
11 197
11 199
11 204
11 208
11 211
11 212
11 218
11 229
11 232
11 234
12 19
12 20
12 21
12 22
12 23
12 24
12 26
12 34
12 37
12 39
12 53
12 55
12 57
12 59
12 61
12 77
12 78
12 93
12 97
12 98
12 118
12 123
12 124
12 135
12 139
12 167
12 173
12 178
12 189
12 200
12 204
12 213
13 19
13 20
13 21
13 22
13 25
13 27
13 31
13 33
13 35
13 38
13 45
13 46
13 47
13 49
13 53
13 56
13 60
13 67
13 69
13 72
13 76
13 85
13 87
13 89
13 94
13 102
13 108
13 109
13 118
13 128
13 135
13 144
13 151
13 163
13 166
13 169
13 187
13 200
13 208
13 220
13 221
14 19
14 20
14 21
14 22
14 23
14 24
14 25
14 26
14 27
14 28
14 29
14 30
14 31
14 32
14 35
14 37
14 38
14 39
14 50
14 59
14 60
14 70
14 75
14 76
14 88
14 91
14 95
14 98
14 105
14 106
14 107
14 112
14 123
14 124
14 131
14 144
14 148
14 153
14 165
14 182
14 185
14 187
14 201
14 216
14 217
14 221
14 235
14 244
15 19
15 20
15 21
15 22
15 23
15 24
15 25
15 26
15 28
15 31
15 33
15 35
15 39
15 41
15 44
15 47
15 48
15 49
15 50
15 56
15 57
15 59
15 75
15 81
15 82
15 87
15 88
15 94
15 96
15 98
15 100
15 101
15 102
15 105
15 108
15 110
15 116
15 125
15 131
15 138
15 140
15 145
15 146
15 148
15 149
15 163
15 164
15 174
15 175
15 182
15 194
15 199
15 207
15 209
15 217
15 226
15 230
15 231
15 232
15 237
15 241
15 247
15 249
16 19
16 20
16 22
16 23
16 25
16 26
16 27
16 28
16 30
16 33
16 34
16 35
16 36
16 45
16 46
16 49
16 53
16 54
16 58
16 61
16 62
16 63
16 69
16 71
16 96
16 97
16 108
16 112
16 126
16 129
16 131
16 138
16 153
16 156
16 167
16 176
16 185
16 190
16 194
16 200
16 204
16 212
16 217
17 19
17 20
17 21
17 22
17 23
17 24
17 29
17 33
17 39
17 42
17 44
17 47
17 48
17 51
17 66
17 92
17 106
17 114
17 126
17 133
17 156
17 170
17 198
17 200
17 206
17 242
18 19
18 20
18 21
18 22
18 23
18 25
18 26
18 34
18 38
18 41
18 42
18 54
18 65
18 79
18 97
18 103
18 144
18 153
18 177
18 179
18 236
19 20
19 21
19 22
19 23
19 24
19 25
19 26
19 27
19 28
19 29
19 30
19 31
19 32
19 33
19 34
19 35
19 36
19 39
19 40
19 42
19 44
19 45
19 47
19 49
19 50
19 51
19 52
19 54
19 55
19 56
19 57
19 58
19 59
19 60
19 61
19 64
19 65
19 67
19 68
19 70
19 71
19 72
19 75
19 76
19 77
19 79
19 80
19 81
19 84
19 89
19 95
19 99
19 104
19 113
19 115
19 116
19 127
19 128
19 134
19 137
19 138
19 139
19 143
19 144
19 147
19 152
19 153
19 163
19 168
19 169
19 173
19 175
19 179
19 180
19 183
19 188
19 192
19 205
19 206
19 207
19 209
19 211
19 219
19 220
19 222
19 223
19 226
19 232
19 234
19 241
19 246
19 247
19 249
20 21
20 22
20 23
20 24
20 25
20 26
20 27
20 28
20 29
20 30
20 31
20 32
20 33
20 34
20 35
20 36
20 37
20 38
20 39
20 40
20 41
20 43
20 45
20 47
20 51
20 52
20 53
20 54
20 55
20 56
20 58
20 59
20 60
20 62
20 63
20 66
20 67
20 69
20 70
20 72
20 73
20 74
20 75
20 76
20 78
20 79
20 80
20 81
20 82
20 84
20 85
20 88
20 89
20 90
20 92
20 95
20 99
20 104
20 113
20 115
20 120
20 121
20 125
20 127
20 128
20 131
20 137
20 138
20 143
20 149
20 154
20 157
20 158
20 164
20 166
20 167
20 168
20 174
20 179
20 181
20 195
20 199
20 202
20 203
20 209
20 210
20 219
20 223
20 224
20 226
20 233
20 239
20 241
20 242
20 244
21 22
21 23
21 24
21 25
21 26
21 27
21 28
21 29
21 30
21 31
21 32
21 35
21 36
21 37
21 38
21 39
21 40
21 42
21 44
21 47
21 48
21 50
21 51
21 52
21 53
21 55
21 59
21 61
21 63
21 64
21 65
21 67
21 68
21 69
21 71
21 72
21 73
21 77
21 78
21 79
21 82
21 84
21 85
21 90
21 93
21 94
21 99
21 100
21 105
21 106
21 107
21 115
21 116
21 120
21 121
21 124
21 127
21 128
21 131
21 135
21 136
21 137
21 142
21 143
21 146
21 147
21 148
21 149
21 153
21 158
21 170
21 175
21 178
21 180
21 181
21 188
21 189
21 210
21 214
21 217
21 219
21 221
21 229
21 236
21 237
22 23
22 24
22 25
22 26
22 27
22 28
22 29
22 30
22 31
22 32
22 33
22 34
22 35
22 37
22 38
22 42
22 43
22 44
22 47
22 51
22 52
22 54
22 59
22 61
22 62
22 63
22 66
22 70
22 71
22 72
22 74
22 77
22 82
22 85
22 89
22 93
22 98
22 103
22 113
22 116
22 120
22 124
22 125
22 129
22 130
22 135
22 153
22 158
22 165
22 173
22 202
22 207
22 209
22 221
22 226
22 229
22 230
22 231
22 237
22 246
23 24
23 25
23 26
23 27
23 28
23 30
23 31
23 32
23 34
23 35
23 36
23 37
23 41
23 42
23 48
23 50
23 51
23 53
23 54
23 55
23 56
23 58
23 62
23 63
23 66
23 67
23 69
23 70
23 78
23 83
23 85
23 87
23 88
23 89
23 91
23 94
23 95
23 99
23 104
23 106
23 109
23 111
23 113
23 118
23 123
23 126
23 128
23 132
23 136
23 138
23 148
23 153
23 158
23 162
23 165
23 166
23 167
23 171
23 173
23 176
23 177
23 189
23 191
23 193
23 196
23 198
23 201
23 204
23 206
23 211
23 220
23 224
23 231
23 238
23 240
23 244
23 245
23 246
23 247
24 25
24 26
24 27
24 28
24 29
24 30
24 31
24 32
24 33
24 35
24 37
24 38
24 39
24 40
24 41
24 42
24 43
24 44
24 45
24 47
24 54
24 56
24 58
24 59
24 62
24 63
24 64
24 65
24 68
24 69
24 70
24 73
24 74
24 79
24 82
24 85
24 86
24 89
24 91
24 92
24 96
24 106
24 108
24 110
24 111
24 116
24 119
24 120
24 124
24 129
24 130
24 133
24 138
24 148
24 150
24 155
24 159
24 166
24 171
24 175
24 177
24 188
24 192
24 193
24 195
24 199
24 204
24 213
24 228
25 26
25 28
25 29
25 30
25 31
25 32
25 33
25 34
25 35
25 36
25 37
25 38
25 41
25 43
25 45
25 48
25 53
25 54
25 61
25 64
25 66
25 67
25 70
25 72
25 75
25 83
25 96
25 97
25 99
25 103
25 105
25 111
25 112
25 119
25 126
25 129
25 130
25 137
25 166
25 168
25 171
25 173
25 190
25 194
25 198
25 212
25 215
25 233
25 241
25 248
26 27
26 28
26 29
26 30
26 31
26 32
26 34
26 36
26 37
26 38
26 39
26 40
26 41
26 42
26 43
26 44
26 46
26 52
26 53
26 56
26 57
26 60
26 62
26 63
26 64
26 65
26 68
26 71
26 73
26 74
26 75
26 76
26 78
26 80
26 86
26 90
26 92
26 95
26 96
26 99
26 104
26 106
26 109
26 112
26 117
26 118
26 119
26 121
26 123
26 124
26 125
26 131
26 134
26 135
26 136
26 137
26 140
26 141
26 145
26 148
26 150
26 151
26 154
26 156
26 164
26 171
26 172
26 179
26 182
26 183
26 185
26 189
26 194
26 197
26 198
26 201
26 203
26 205
26 206
26 208
26 216
26 217
26 221
26 229
26 236
26 237
26 238
26 239
26 241
26 243
26 246
26 248
27 28
27 29
27 30
27 31
27 33
27 34
27 36
27 37
27 38
27 39
27 40
27 41
27 43
27 44
27 45
27 46
27 49
27 51
27 52
27 54
27 55
27 58
27 61
27 62
27 66
27 72
27 74
27 76
27 79
27 81
27 82
27 84
27 86
27 87
27 90
27 92
27 96
27 98
27 100
27 104
27 107
27 108
27 109
27 111
27 112
27 115
27 117
27 120
27 123
27 124
27 125
27 127
27 129
27 133
27 134
27 139
27 150
27 151
27 160
27 163
27 166
27 169
27 173
27 175
27 176
27 177
27 180
27 184
27 185
27 186
27 195
27 198
27 200
27 207
27 214
27 230
27 236
27 241
27 243
27 244
27 246
27 248
28 32
28 33
28 36
28 38
28 40
28 48
28 49
28 51
28 55
28 57
28 59
28 66
28 68
28 72
28 73
28 74
28 78
28 80
28 84
28 87
28 92
28 98
28 101
28 102
28 104
28 107
28 112
28 114
28 115
28 118
28 120
28 128
28 137
28 141
28 142
28 156
28 158
28 161
28 165
28 166
28 184
28 205
28 236
28 244
28 246
29 32
29 33
29 34
29 36
29 43
29 45
29 46
29 48
29 49
29 55
29 56
29 60
29 67
29 80
29 81
29 91
29 92
29 104
29 110
29 118
29 122
29 132
29 146
29 159
29 163
29 170
29 175
29 188
29 192
29 194
29 196
29 211
29 214
29 215
29 219
29 221
29 224
29 232
29 243
29 246
30 31
30 32
30 33
30 37
30 38
30 40
30 41
30 43
30 45
30 49
30 50
30 53
30 56
30 57
30 58
30 62
30 65
30 68
30 69
30 75
30 76
30 79
30 81
30 82
30 88
30 91
30 96
30 103
30 104
30 105
30 106
30 109
30 119
30 123
30 127
30 135
30 154
30 156
30 161
30 162
30 176
30 179
30 190
30 191
30 209
30 210
30 225
30 228
30 229
30 230
30 234
30 235
31 34
31 36
31 40
31 41
31 42
31 43
31 45
31 46
31 47
31 48
31 50
31 55
31 56
31 61
31 62
31 63
31 67
31 68
31 69
31 73
31 75
31 76
31 77
31 78
31 82
31 87
31 90
31 94
31 95
31 98
31 111
31 114
31 116
31 118
31 121
31 127
31 132
31 137
31 144
31 145
31 147
31 151
31 160
31 170
31 171
31 172
31 174
31 175
31 176
31 178
31 200
31 205
31 207
31 209
31 213
31 216
31 218
31 222
31 230
31 232
31 233
31 235
31 239
31 245
32 34
32 35
32 36
32 39
32 40
32 42
32 44
32 46
32 48
32 49
32 50
32 51
32 52
32 53
32 54
32 57
32 60
32 65
32 71
32 77
32 79
32 80
32 83
32 86
32 92
32 101
32 102
32 103
32 110
32 119
32 120
32 122
32 124
32 132
32 136
32 143
32 145
32 146
32 161
32 162
32 163
32 176
32 182
32 183
32 185
32 186
32 189
32 192
32 203
32 206
32 209
32 216
32 222
32 223
32 224
32 233
32 235
32 240
32 247
32 248
33 34
33 35
33 38
33 41
33 42
33 43
33 44
33 45
33 46
33 48
33 49
33 50
33 57
33 58
33 59
33 64
33 65
33 71
33 73
33 75
33 76
33 78
33 79
33 80
33 90
33 92
33 98
33 105
33 108
33 112
33 113
33 120
33 123
33 126
33 127
33 128
33 133
33 136
33 140
33 144
33 145
33 157
33 169
33 170
33 178
33 181
33 185
33 189
33 192
33 193
33 196
33 210
33 212
33 224
33 233
33 234
34 39
34 43
34 51
34 52
34 58
34 59
34 60
34 70
34 72
34 73
34 86
34 87
34 89
34 97
34 106
34 118
34 121
34 122
34 126
34 127
34 129
34 131
34 135
34 139
34 145
34 147
34 163
34 169
34 174
34 184
34 198
34 201
34 208
34 210
34 214
34 218
34 222
34 226
35 36
35 37
35 38
35 40
35 41
35 42
35 43
35 44
35 46
35 48
35 50
35 51
35 52
35 53
35 55
35 56
35 57
35 63
35 66
35 69
35 71
35 72
35 73
35 82
35 84
35 86
35 90
35 93
35 95
35 105
35 109
35 112
35 114
35 121
35 122
35 140
35 143
35 153
35 163
35 164
35 172
35 180
35 184
35 186
35 188
35 190
35 199
35 200
35 215
35 229
35 238
36 37
36 39
36 40
36 42
36 43
36 44
36 45
36 46
36 47
36 48
36 49
36 55
36 59
36 60
36 61
36 63
36 64
36 66
36 68
36 71
36 78
36 79
36 83
36 84
36 89
36 91
36 95
36 96
36 97
36 101
36 111
36 114
36 115
36 116
36 125
36 127
36 129
36 133
36 137
36 141
36 142
36 172
36 174
36 179
36 184
36 186
36 197
36 198
36 203
36 204
36 205
36 214
36 222
36 226
36 227
36 239
36 242
37 40
37 41
37 42
37 46
37 49
37 61
37 67
37 71
37 72
37 77
37 79
37 83
37 84
37 97
37 107
37 110
37 111
37 113
37 117
37 136
37 145
37 152
37 155
37 159
37 170
37 179
37 191
37 201
37 210
37 217
37 219
37 223
37 236
37 238
37 239
38 39
38 41
38 48
38 49
38 50
38 52
38 53
38 62
38 68
38 69
38 71
38 75
38 81
38 84
38 85
38 91
38 94
38 107
38 109
38 113
38 114
38 118
38 123
38 124
38 129
38 130
38 141
38 142
38 153
38 154
38 160
38 162
38 165
38 169
38 174
38 177
38 182
38 186
38 188
38 235
38 237
38 242
38 243
38 249
39 40
39 44
39 45
39 48
39 50
39 51
39 52
39 55
39 57
39 58
39 59
39 66
39 74
39 77
39 79
39 83
39 89
39 101
39 103
39 106
39 120
39 122
39 124
39 125
39 129
39 135
39 136
39 139
39 140
39 143
39 145
39 150
39 157
39 160
39 162
39 168
39 178
39 192
39 195
39 203
39 206
39 210
39 212
39 215
39 232
39 236
39 244
39 249
40 41
40 42
40 44
40 61
40 63
40 107
40 109
40 112
40 113
40 123
40 124
40 131
40 140
40 143
40 147
40 165
40 178
40 179
40 197
40 198
40 215
40 217
40 233
40 238
40 240
40 242
40 243
40 249
41 46
41 47
41 50
41 53
41 54
41 56
41 61
41 62
41 64
41 70
41 82
41 91
41 97
41 98
41 112
41 114
41 119
41 123
41 126
41 132
41 136
41 140
41 146
41 149
41 155
41 180
41 184
41 185
41 186
41 187
41 193
41 197
41 201
41 214
41 215
41 221
41 227
41 235
41 240
41 241
41 242
42 46
42 47
42 56
42 59
42 64
42 85
42 89
42 90
42 91
42 93
42 100
42 107
42 112
42 122
42 141
42 157
42 161
42 165
42 169
42 172
42 180
42 182
42 184
42 191
42 205
42 208
42 213
42 220
42 231
42 232
42 235
42 238
42 240
42 245
42 247
43 44
43 45
43 52
43 55
43 56
43 62
43 65
43 67
43 70
43 71
43 72
43 73
43 77
43 82
43 86
43 88
43 89
43 92
43 105
43 118
43 124
43 125
43 131
43 135
43 136
43 153
43 163
43 165
43 186
43 194
43 205
43 212
43 218
43 224
43 239
43 241
44 47
44 48
44 50
44 53
44 63
44 67
44 68
44 69
44 73
44 76
44 84
44 87
44 90
44 98
44 101
44 103
44 104
44 107
44 108
44 109
44 111
44 113
44 116
44 122
44 126
44 145
44 147
44 149
44 158
44 167
44 173
44 177
44 184
44 196
44 206
44 229
44 231
44 233
45 47
45 51
45 54
45 56
45 60
45 66
45 73
45 75
45 81
45 82
45 84
45 88
45 94
45 95
45 96
45 124
45 125
45 139
45 152
45 160
45 166
45 172
45 179
45 209
45 211
45 213
45 220
45 230
45 239
46 47
46 48
46 50
46 52
46 61
46 62
46 66
46 74
46 77
46 80
46 88
46 93
46 95
46 96
46 100
46 101
46 110
46 111
46 113
46 114
46 120
46 121
46 138
46 139
46 140
46 142
46 147
46 152
46 154
46 157
46 159
46 161
46 162
46 167
46 171
46 176
46 184
46 228
46 229
46 231
46 234
46 243
46 245
47 49
47 51
47 52
47 54
47 55
47 58
47 60
47 64
47 66
47 67
47 68
47 74
47 75
47 78
47 80
47 93
47 94
47 96
47 100
47 103
47 111
47 132
47 134
47 143
47 146
47 149
47 163
47 168
47 176
47 183
47 185
47 189
47 190
47 192
47 218
47 220
47 222
47 224
47 226
47 242
48 50
48 54
48 61
48 62
48 72
48 77
48 86
48 102
48 135
48 142
48 161
48 165
48 190
48 197
48 203
48 204
48 206
48 212
48 213
48 220
48 226
48 228
48 234
48 237
48 243
48 246
49 51
49 77
49 88
49 96
49 104
49 110
49 114
49 123
49 130
49 131
49 138
49 139
49 144
49 145
49 153
49 155
49 167
49 182
49 192
49 201
49 207
49 214
49 218
49 225
49 231
49 232
49 239
49 248
50 52
50 53
50 57
50 61
50 65
50 76
50 81
50 84
50 87
50 88
50 90
50 100
50 101
50 116
50 120
50 134
50 135
50 138
50 146
50 159
50 160
50 171
50 175
50 177
50 180
50 187
50 188
50 189
50 191
50 205
50 225
50 228
50 232
50 247
51 52
51 53
51 57
51 58
51 60
51 61
51 64
51 65
51 68
51 69
51 70
51 81
51 83
51 87
51 93
51 94
51 95
51 102
51 105
51 119
51 120
51 138
51 140
51 146
51 170
51 174
51 187
51 188
51 189
51 204
51 213
51 214
51 217
51 231
52 66
52 69
52 82
52 89
52 97
52 101
52 107
52 114
52 120
52 123
52 136
52 138
52 151
52 169
52 176
52 198
52 210
52 211
52 220
52 233
53 57
53 58
53 69
53 70
53 85
53 90
53 91
53 94
53 103
53 108
53 119
53 125
53 128
53 142
53 149
53 151
53 154
53 155
53 158
53 161
53 162
53 164
53 174
53 188
53 213
53 225
54 60
54 64
54 74
54 79
54 86
54 87
54 90
54 94
54 97
54 99
54 101
54 102
54 103
54 115
54 127
54 130
54 157
54 159
54 167
54 175
54 176
54 195
54 203
54 218
54 226
54 230
54 232
54 237
54 238
55 58
55 68
55 71
55 75
55 82
55 91
55 100
55 106
55 116
55 118
55 132
55 133
55 135
55 139
55 146
55 150
55 152
55 176
55 198
55 206
55 211
55 231
55 241
55 248
56 57
56 64
56 65
56 67
56 71
56 74
56 93
56 94
56 95
56 101
56 102
56 103
56 107
56 117
56 125
56 139
56 141
56 146
56 168
56 180
56 183
56 222
56 223
56 243
56 245
57 58
57 63
57 66
57 68
57 79
57 80
57 87
57 100
57 106
57 111
57 114
57 119
57 122
57 128
57 153
57 158
57 160
57 164
57 166
57 173
57 174
57 182
57 183
57 190
57 205
57 216
57 220
57 223
57 225
57 230
58 62
58 65
58 69
58 77
58 80
58 106
58 111
58 117
58 124
58 133
58 137
58 149
58 156
58 160
58 161
58 162
58 164
58 169
58 192
58 201
58 224
58 235
58 240
59 60
59 62
59 65
59 69
59 73
59 74
59 76
59 78
59 80
59 81
59 83
59 84
59 97
59 99
59 100
59 103
59 106
59 114
59 119
59 134
59 138
59 145
59 149
59 155
59 156
59 166
59 171
59 174
59 175
59 177
59 178
59 181
59 192
59 194
59 196
59 197
59 204
59 206
59 209
59 210
59 217
59 218
59 227
59 238
59 239
59 240
59 246
60 71
60 74
60 89
60 99
60 101
60 114
60 120
60 121
60 127
60 134
60 164
60 173
60 175
60 236
61 72
61 73
61 75
61 76
61 81
61 83
61 89
61 104
61 114
61 128
61 134
61 144
61 161
61 165
61 167
61 176
61 183
61 187
61 200
61 230
61 239
61 240
62 67
62 70
62 76
62 78
62 82
62 83
62 85
62 86
62 93
62 108
62 113
62 147
62 153
62 159
62 161
62 167
62 169
62 171
62 181
62 202
62 221
62 227
63 78
63 79
63 80
63 81
63 82
63 83
63 84
63 88
63 91
63 108
63 121
63 122
63 123
63 126
63 134
63 140
63 141
63 146
63 148
63 150
63 155
63 160
63 175
63 190
63 208
63 210
63 216
63 224
63 227
63 230
63 248
64 65
64 73
64 83
64 100
64 104
64 109
64 115
64 132
64 142
64 143
64 151
64 155
64 173
64 179
64 180
64 197
64 215
64 249
65 67
65 73
65 75
65 76
65 95
65 99
65 121
65 123
65 126
65 127
65 129
65 133
65 140
65 148
65 159
65 160
65 163
65 164
65 175
65 180
65 182
65 206
65 207
65 210
65 218
65 223
65 235
65 246
66 72
66 73
66 77
66 83
66 95
66 109
66 117
66 118
66 119
66 132
66 136
66 151
66 155
66 188
66 193
66 208
66 214
66 215
66 219
66 233
66 247
67 74
67 78
67 87
67 97
67 100
67 104
67 107
67 109
67 113
67 114
67 115
67 121
67 122
67 131
67 136
67 150
67 158
67 179
67 201
67 204
67 218
67 234
67 242
67 243
68 69
68 85
68 97
68 98
68 105
68 114
68 116
68 122
68 134
68 141
68 169
68 170
68 179
68 183
68 184
68 213
68 225
68 235
69 74
69 76
69 81
69 86
69 93
69 102
69 112
69 129
69 137
69 143
69 144
69 148
69 159
69 173
69 176
69 181
69 190
69 192
69 206
69 215
69 226
69 231
69 232
69 243
69 244
70 78
70 86
70 90
70 99
70 129
70 154
70 178
70 187
70 191
70 199
70 206
70 215
70 217
70 220
70 221
70 222
70 228
70 237
70 245
71 90
71 98
71 99
71 101
71 110
71 112
71 140
71 151
71 155
71 174
71 177
71 188
71 196
71 197
71 202
71 212
71 220
71 236
71 239
71 244
72 73
72 75
72 80
72 83
72 85
72 87
72 88
72 98
72 100
72 102
72 105
72 109
72 111
72 132
72 161
72 172
72 186
72 200
72 203
72 204
72 205
72 207
72 233
72 246
72 247
73 76
73 80
73 88
73 98
73 101
73 137
73 140
73 141
73 144
73 146
73 166
73 169
73 181
73 198
73 224
73 239
73 243
73 248
74 91
74 93
74 110
74 116
74 137
74 147
74 160
74 170
74 212
74 225
74 247
75 87
75 92
75 93
75 99
75 106
75 118
75 126
75 186
75 193
75 194
75 203
76 77
76 85
76 91
76 95
76 108
76 125
76 136
76 140
76 148
76 150
76 153
76 154
76 163
76 195
76 223
76 231
76 246
77 78
77 81
77 85
77 94
77 99
77 107
77 108
77 121
77 123
77 133
77 147
77 165
77 169
77 194
77 195
77 199
77 207
77 208
77 222
77 223
77 239
78 83
78 84
78 115
78 117
78 125
78 126
78 129
78 132
78 146
78 147
78 148
78 152
78 164
78 172
78 177
78 187
78 196
78 199
78 200
78 214
78 217
78 229
78 239
78 242
79 88
79 93
79 102
79 113
79 124
79 128
79 148
79 150
79 154
79 164
79 171
79 174
79 187
79 193
79 195
79 200
79 208
79 213
80 86
80 103
80 105
80 110
80 115
80 117
80 181
80 213
80 214
80 220
80 238
81 84
81 90
81 103
81 119
81 120
81 122
81 130
81 135
81 144
81 147
81 150
81 156
81 157
81 175
81 180
81 225
81 235
81 247
81 248
82 83
82 107
82 112
82 117
82 139
82 158
82 165
82 189
82 214
83 92
83 100
83 111
83 114
83 121
83 131
83 150
83 152
83 156
83 157
83 162
83 182
83 203
83 206
83 221
83 246
84 115
84 118
84 120
84 138
84 144
84 202
84 221
85 86
85 92
85 93
85 97
85 105
85 107
85 109
85 112
85 113
85 115
85 117
85 137
85 144
85 147
85 149
85 155
85 156
85 162
85 178
85 219
85 238
85 241
86 92
86 93
86 94
86 96
86 98
86 113
86 118
86 130
86 151
86 152
86 160
86 162
86 163
86 164
86 172
86 173
86 210
86 211
86 225
86 226
87 92
87 97
87 102
87 121
87 128
87 133
87 134
87 141
87 148
87 166
87 186
87 187
87 190
87 194
87 200
87 206
87 209
87 215
87 231
87 237
87 242
87 244
87 245
88 95
88 105
88 116
88 117
88 130
88 143
88 158
88 165
88 171
88 224
89 95
89 102
89 104
89 110
89 112
89 113
89 136
89 142
89 159
89 161
89 182
89 188
89 189
90 91
90 104
90 125
90 130
90 139
90 183
90 191
90 232
90 243
90 248
91 92
91 98
91 101
91 110
91 122
91 128
91 134
91 139
91 150
91 158
91 164
91 193
91 202
91 207
91 211
91 240
92 96
92 99
92 102
92 107
92 119
92 130
92 134
92 139
92 154
92 159
92 183
92 202
92 205
92 207
92 224
92 232
92 236
93 96
93 100
93 106
93 130
93 132
93 135
93 137
93 150
93 153
93 168
93 178
93 189
93 190
93 240
93 242
94 100
94 108
94 116
94 119
94 152
94 157
94 191
94 210
94 215
95 99
95 120
95 132
95 144
95 147
95 156
95 165
95 168
95 175
95 177
95 188
95 197
95 225
95 233
95 242
95 245
96 99
96 120
96 125
96 126
96 135
96 143
96 165
96 167
96 170
96 171
96 181
96 209
96 213
96 214
96 225
96 232
96 244
96 246
97 110
97 121
97 133
97 134
97 147
97 152
97 160
97 173
97 196
97 208
97 215
97 219
97 231
97 234
97 236
97 243
98 101
98 105
98 139
98 141
98 152
98 154
98 158
98 175
98 185
98 189
98 193
98 210
98 224
98 225
98 230
99 108
99 122
99 142
99 154
99 159
99 170
99 247
100 121
100 127
100 203
100 211
100 212
100 226
100 229
100 242
101 103
101 107
101 109
101 110
101 111
101 119
101 127
101 145
101 150
101 168
101 176
101 185
101 186
101 216
101 221
101 229
102 103
102 104
102 106
102 126
102 132
102 133
102 158
102 161
102 185
102 226
102 228
103 115
103 127
103 129
103 149
103 173
103 184
103 241
103 242
103 245
104 107
104 132
104 141
104 145
104 157
104 195
104 208
104 216
104 219
105 112
105 125
105 148
105 161
105 178
105 190
105 191
105 199
105 209
105 231
106 110
106 115
106 151
106 169
106 186
106 193
106 201
106 207
106 211
107 128
107 133
107 141
107 147
107 150
107 213
107 222
107 231
108 109
108 112
108 117
108 122
108 182
108 183
108 186
108 216
108 217
108 244
109 110
109 122
109 133
109 138
109 145
109 160
109 175
109 181
109 195
109 204
109 212
109 217
109 231
110 116
110 117
110 118
110 125
110 128
110 168
110 174
110 177
110 178
110 208
110 209
110 224
110 249
111 113
111 114
111 129
111 142
111 182
111 184
111 192
111 200
112 157
112 168
112 190
112 191
113 117
113 121
113 126
113 135
113 140
113 142
113 146
113 190
113 194
113 197
113 221
113 229
113 234
114 131
114 146
114 149
114 166
114 207
114 228
115 123
115 152
115 153
115 172
115 202
115 207
115 249
116 130
116 134
116 145
116 160
116 162
116 167
116 168
116 185
116 196
116 200
116 203
116 212
116 219
116 220
117 121
117 123
117 147
117 185
117 221
118 122
118 125
118 129
118 130
118 131
118 162
118 193
118 203
118 224
118 227
118 233
119 126
119 133
119 139
119 143
119 191
119 228
119 239
120 132
120 145
120 156
120 170
120 183
120 212
120 226
120 230
121 130
121 152
121 159
121 168
121 169
121 171
121 177
121 183
121 197
121 204
121 229
121 233
121 238
121 240
121 247
122 133
122 143
122 171
122 180
122 181
122 205
122 219
122 242
122 248
123 126
123 134
123 135
123 143
123 166
123 169
123 170
123 187
123 194
123 217
123 225
123 227
123 235
123 240
124 142
124 149
124 155
124 167
124 177
124 178
124 182
124 197
124 201
124 209
124 211
124 222
124 234
125 131
125 137
125 169
125 172
125 192
125 197
125 201
125 211
126 130
126 131
126 136
126 138
126 153
126 161
126 167
126 173
126 185
126 194
126 195
126 213
126 232
126 235
126 245
127 129
127 144
127 160
127 163
127 172
127 189
127 230
127 243
128 142
128 156
128 225
129 137
129 157
129 184
129 204
129 223
129 234
130 146
130 154
130 165
130 174
130 183
130 195
130 203
130 212
130 247
131 138
131 142
131 167
131 172
131 176
131 189
131 204
131 206
131 218
131 221
131 240
132 138
132 162
132 174
132 179
132 180
132 182
132 191
132 202
133 139
133 141
133 163
133 168
133 190
133 206
133 212
133 217
133 218
134 144
134 157
134 177
134 191
135 136
135 148
135 151
135 162
135 192
135 198
135 202
135 205
135 221
135 225
136 137
136 157
136 160
136 170
136 187
136 244
136 247
137 140
137 150
137 198
137 237
138 163
138 181
138 197
138 198
138 216
138 225
139 151
139 183
140 152
140 154
140 167
140 182
140 187
140 191
140 216
140 227
140 249
141 144
141 149
141 151
141 153
141 171
141 174
141 214
141 243
142 151
142 161
142 168
142 171
142 188
142 201
142 208
142 233
143 151
143 154
143 158
143 162
143 164
143 177
143 191
143 195
143 223
143 237
143 241
144 155
144 166
144 173
144 187
144 199
144 226
145 158
145 178
145 236
145 245
146 152
146 172
146 218
146 219
146 237
146 240
146 245
147 173
147 200
147 227
148 191
148 202
148 203
148 239
149 158
149 159
149 171
149 183
149 185
149 193
149 196
149 199
149 205
149 232
150 157
150 165
150 179
150 203
150 248
151 159
151 179
151 195
151 220
152 159
152 164
152 166
152 180
152 195
152 201
152 211
152 217
152 223
153 194
153 196
153 222
153 227
154 155
154 156
154 157
154 165
154 172
154 176
154 199
154 202
154 207
154 208
154 211
154 242
154 245
155 178
155 238
155 249
156 188
156 207
157 181
157 186
157 200
157 208
157 210
157 242
158 170
158 222
159 182
159 194
159 215
159 223
159 236
159 238
159 245
160 166
160 172
160 184
160 208
160 214
160 222
160 224
161 171
161 172
161 184
161 221
162 164
162 189
162 193
162 195
162 217
162 225
162 237
163 184
163 234
164 227
164 237
165 170
165 178
165 187
165 198
165 223
165 229
166 170
166 211
166 219
168 174
168 175
168 189
168 204
168 227
168 236
168 247
169 179
169 199
169 219
170 192
170 203
170 216
170 235
171 173
171 182
171 186
171 192
171 196
171 222
171 234
172 180
172 196
172 203
172 209
173 202
173 205
173 246
174 209
174 248
175 180
175 245
175 248
176 204
176 208
176 230
176 236
176 238
177 184
177 185
177 193
177 199
178 186
178 188
178 199
178 229
178 230
178 249
179 181
179 187
179 192
179 195
179 196
180 206
180 249
181 199
181 209
181 211
181 218
181 234
181 237
182 196
182 229
183 192
183 193
183 198
184 188
184 198
184 221
184 241
185 205
185 224
185 232
186 199
186 213
186 224
187 197
187 220
187 237
188 193
188 196
188 216
188 233
189 197
189 219
189 228
190 219
190 246
191 194
191 202
191 223
192 217
193 227
194 212
194 218
194 223
194 234
194 243
195 200
197 202
197 218
198 214
198 244
199 201
199 225
200 201
200 227
200 231
201 239
202 216
203 207
203 227
203 236
203 249
205 213
205 214
205 215
205 223
205 244
206 210
206 229
206 238
206 241
207 227
207 235
207 236
208 222
208 235
209 214
210 216
210 244
210 249
211 218
211 227
211 241
213 220
213 230
214 226
214 230
214 235
215 228
215 241
215 242
215 245
216 249
217 219
218 228
218 240
218 249
220 227
220 244
221 226
221 247
222 228
223 241
224 228
224 240
225 248
228 234
230 245
231 241
234 235
236 249
242 247
244 246
247 248
