0 1
0 2
0 3
0 4
0 5
0 6
0 7
0 8
0 9
0 10
0 11
0 12
0 13
0 14
0 16
0 19
0 20
0 24
0 28
0 30
0 32
0 34
0 36
0 37
0 38
0 40
0 42
0 43
0 44
0 45
0 46
0 47
0 48
0 51
0 60
0 63
0 65
0 67
0 69
0 70
0 71
0 74
0 87
0 96
0 97
0 98
0 109
0 116
0 117
0 118
0 122
0 124
0 130
0 143
0 153
0 157
0 164
0 166
0 171
0 174
0 179
0 185
0 191
0 234
0 240
0 242
0 245
0 246
1 9
1 10
1 13
1 15
1 17
1 18
1 19
1 21
1 22
1 23
1 24
1 35
1 42
1 48
1 59
1 62
1 64
1 71
1 78
1 88
1 89
1 115
1 119
1 121
1 133
1 154
1 180
1 186
1 196
1 235
1 236
2 9
2 10
2 16
2 22
2 25
2 33
2 59
2 64
2 95
2 103
2 115
2 150
2 198
2 207
2 217
3 9
3 10
3 11
3 14
3 15
3 16
3 20
3 22
3 39
3 69
3 77
3 119
3 135
3 166
3 173
3 179
3 186
3 220
3 238
4 10
4 18
4 28
4 40
4 45
4 47
4 52
4 54
4 60
4 62
4 66
4 71
4 111
4 188
4 190
4 197
4 217
4 228
5 9
5 11
5 12
5 21
5 32
5 36
5 40
5 41
5 53
5 67
5 74
5 87
5 111
5 114
5 116
5 121
5 153
5 159
5 190
5 234
5 246
5 247
6 9
6 10
6 11
6 12
6 13
6 15
6 16
6 17
6 18
6 20
6 26
6 27
6 31
6 33
6 36
6 42
6 46
6 47
6 48
6 58
6 59
6 60
6 65
6 70
6 79
6 82
6 87
6 88
6 97
6 98
6 115
6 125
6 128
6 134
6 140
6 160
6 175
6 178
6 185
6 195
6 208
6 219
6 226
6 227
6 232
6 244
7 9
7 11
7 12
7 14
7 20
7 21
7 25
7 53
7 124
7 131
7 139
7 146
7 163
7 184
7 232
8 9
8 10
8 11
8 12
8 13
8 17
8 22
8 36
8 38
8 39
8 44
8 46
8 47
8 49
8 51
8 60
8 64
8 66
8 73
8 77
8 105
8 108
8 122
8 137
8 140
8 149
8 151
8 154
8 157
8 159
8 177
8 184
8 187
8 193
8 213
8 234
8 235
9 10
9 11
9 12
9 13
9 14
9 15
9 16
9 17
9 18
9 19
9 20
9 21
9 23
9 28
9 30
9 31
9 32
9 33
9 36
9 37
9 38
9 39
9 42
9 45
9 46
9 53
9 55
9 57
9 58
9 64
9 65
9 66
9 69
9 72
9 76
9 77
9 79
9 80
9 86
9 92
9 99
9 100
9 101
9 107
9 108
9 115
9 121
9 123
9 125
9 127
9 130
9 135
9 136
9 141
9 152
9 156
9 157
9 172
9 182
9 194
9 199
9 224
9 226
9 231
9 247
10 11
10 12
10 13
10 14
10 15
10 16
10 18
10 23
10 24
10 26
10 28
10 29
10 31
10 33
10 37
10 39
10 40
10 46
10 56
10 57
10 65
10 66
10 67
10 70
10 75
10 80
10 90
10 91
10 93
10 95
10 97
10 102
10 103
10 104
10 105
10 114
10 117
10 125
10 132
10 134
10 140
10 151
10 158
10 170
10 172
10 175
10 179
10 194
10 201
10 219
10 230
10 233
11 12
11 13
11 14
11 15
11 16
11 17
11 19
11 20
11 21
11 23
11 24
11 28
11 30
11 32
11 38
11 41
11 42
11 48
11 49
11 51
11 55
11 57
11 61
11 63
11 68
11 72
11 75
11 82
11 86
11 95
11 97
11 98
11 104
11 106
11 108
11 110
11 111
11 114
11 124
11 135
11 137
11 148
11 151
11 155
11 164
11 168
11 172
11 177
11 186
11 190
11 194
11 203
11 212
11 218
11 222
11 223
11 249
12 13
12 14
12 15
12 17
12 18
12 22
12 29
12 33
12 37
12 39
12 43
12 48
12 50
12 61
12 62
12 66
12 71
12 75
12 79
12 81
12 85
12 95
12 104
12 106
12 108
12 116
12 144
12 162
12 163
12 170
12 173
12 183
12 191
12 204
12 229
12 240
12 242
13 14
13 25
13 68
13 78
13 85
13 92
13 93
13 99
13 107
13 111
13 166
13 172
13 185
13 228
13 230
13 235
13 242
13 243
14 15
14 16
14 17
14 19
14 20
14 21
14 22
14 29
14 30
14 36
14 43
14 50
14 54
14 72
14 83
14 86
14 93
14 96
14 102
14 124
14 160
14 188
14 195
14 209
14 234
15 18
15 19
15 21
15 24
15 25
15 26
15 27
15 29
15 31
15 34
15 35
15 37
15 38
15 47
15 61
15 69
15 70
15 76
15 83
15 85
15 108
15 116
15 124
15 143
15 148
15 155
15 157
15 183
15 185
15 188
15 195
15 207
15 208
15 209
15 228
15 232
15 235
15 240
15 243
15 247
16 17
16 18
16 19
16 23
16 24
16 27
16 30
16 34
16 35
16 36
16 45
16 48
16 59
16 61
16 64
16 66
16 67
16 101
16 119
16 142
16 146
16 157
16 161
16 178
16 189
16 191
16 195
16 198
16 230
17 22
17 23
17 24
17 26
17 27
17 29
17 32
17 37
17 52
17 53
17 55
17 68
17 72
17 83
17 97
17 133
17 138
17 152
17 154
17 168
17 170
17 194
17 203
17 219
17 237
17 240
18 19
18 20
18 21
18 22
18 23
18 25
18 29
18 30
18 31
18 38
18 41
18 43
18 47
18 57
18 65
18 68
18 70
18 71
18 76
18 81
18 84
18 88
18 94
18 97
18 100
18 102
18 106
18 107
18 109
18 111
18 118
18 128
18 130
18 134
18 135
18 137
18 139
18 141
18 149
18 150
18 159
18 169
18 173
18 177
18 195
18 207
18 214
18 220
18 222
18 226
18 227
18 232
18 241
18 243
18 249
19 33
19 44
19 46
19 55
19 63
19 72
19 79
19 81
19 85
19 89
19 93
19 106
19 109
19 110
19 145
19 185
19 189
19 207
19 210
19 224
19 240
20 23
20 25
20 26
20 31
20 38
20 39
20 45
20 47
20 51
20 56
20 60
20 65
20 66
20 73
20 74
20 77
20 80
20 86
20 88
20 89
20 90
20 96
20 102
20 105
20 113
20 127
20 141
20 149
20 152
20 162
20 177
20 179
20 180
20 181
20 197
20 199
20 205
20 222
20 225
20 227
21 27
21 55
21 96
21 118
21 119
21 125
21 126
21 168
21 187
21 212
21 224
21 225
21 236
22 24
22 25
22 27
22 32
22 42
22 44
22 49
22 54
22 68
22 83
22 90
22 93
22 94
22 98
22 103
22 110
22 112
22 120
22 134
22 142
22 144
22 148
22 167
22 180
22 184
22 192
22 202
22 204
22 207
22 212
22 225
22 229
22 236
22 237
22 239
22 241
23 25
23 26
23 27
23 28
23 34
23 35
23 37
23 41
23 44
23 51
23 52
23 53
23 57
23 63
23 64
23 68
23 88
23 91
23 98
23 100
23 105
23 117
23 139
23 140
23 141
23 142
23 159
23 163
23 187
23 188
23 193
23 204
23 231
24 26
24 29
24 30
24 31
24 43
24 46
24 54
24 55
24 58
24 81
24 85
24 90
24 102
24 112
24 123
24 134
24 140
24 191
24 192
24 199
24 236
25 26
25 27
25 29
25 33
25 41
25 54
25 55
25 60
25 67
25 73
25 83
25 84
25 107
25 117
25 118
25 122
25 125
25 148
25 163
25 172
25 174
25 177
25 188
25 223
25 229
25 240
26 28
26 30
26 35
26 40
26 47
26 51
26 52
26 57
26 59
26 62
26 68
26 75
26 79
26 105
26 136
26 137
26 151
26 170
26 174
26 183
26 202
26 207
26 244
27 28
27 31
27 35
27 40
27 41
27 44
27 49
27 50
27 53
27 56
27 75
27 76
27 98
27 103
27 113
27 132
27 141
27 161
27 176
27 203
27 215
28 32
28 37
28 41
28 45
28 49
28 50
28 64
28 65
28 79
28 82
28 109
28 120
28 123
28 124
28 137
28 142
28 149
28 176
28 180
28 183
28 205
28 245
29 34
29 38
29 40
29 49
29 56
29 69
29 73
29 75
29 77
29 92
29 102
29 112
29 118
29 123
29 129
29 138
29 151
29 152
29 160
29 164
29 197
29 237
29 245
29 248
30 34
30 41
30 44
30 46
30 50
30 53
30 66
30 68
30 72
30 74
30 76
30 92
30 94
30 103
30 110
30 121
30 133
30 135
30 158
30 171
30 173
30 174
30 184
30 209
30 212
30 223
30 247
30 248
31 32
31 33
31 36
31 39
31 43
31 51
31 58
31 59
31 75
31 81
31 82
31 87
31 90
31 95
31 99
31 106
31 113
31 115
31 122
31 129
31 132
31 153
31 169
31 200
31 203
31 204
31 218
31 221
31 227
31 249
32 34
32 49
32 54
32 59
32 92
32 107
32 141
32 173
32 223
32 231
33 34
33 35
33 39
33 40
33 51
33 53
33 91
33 94
33 115
33 132
33 134
33 140
33 172
33 182
33 197
33 213
33 222
34 35
34 44
34 56
34 58
34 88
34 104
34 110
34 114
34 115
34 123
34 127
34 164
34 167
34 175
34 211
34 214
34 219
34 237
34 245
35 45
35 58
35 78
35 167
35 182
35 187
35 191
35 222
36 42
36 48
36 52
36 54
36 55
36 78
36 82
36 87
36 92
36 101
36 130
36 141
36 146
36 207
36 217
36 221
36 223
36 241
37 93
37 94
37 182
37 210
38 42
38 48
38 52
38 61
38 62
38 99
38 111
38 126
38 127
38 145
38 166
38 184
38 188
38 193
38 200
39 45
39 49
39 70
39 73
39 117
39 127
39 133
39 138
39 234
39 242
39 243
40 43
40 107
40 119
40 121
40 126
40 131
40 145
40 174
40 193
40 211
41 50
41 52
41 60
41 109
41 133
41 138
41 157
41 216
41 247
42 43
42 50
42 56
42 57
42 80
42 89
42 101
42 102
42 104
42 113
42 127
42 136
42 144
42 154
42 161
42 174
42 198
42 209
42 211
42 217
42 219
42 229
43 59
43 74
43 84
43 86
43 91
43 96
43 100
43 106
43 144
43 163
43 181
43 195
43 206
44 54
44 63
44 76
44 77
44 81
44 86
44 110
44 125
44 134
44 138
44 145
44 153
44 181
44 197
44 233
44 235
44 239
45 62
45 63
45 64
45 67
45 71
45 80
45 81
45 94
45 95
45 107
45 113
45 117
45 122
45 143
45 147
45 162
45 203
45 229
46 50
46 52
46 58
46 73
46 84
46 89
46 116
46 119
46 129
46 167
46 187
46 220
47 62
47 87
47 93
47 99
47 104
47 120
47 121
47 156
47 168
47 188
47 199
47 205
47 224
47 233
48 67
48 71
48 83
48 84
48 129
48 150
48 155
48 162
48 164
48 175
48 186
48 208
48 216
48 246
48 249
49 61
49 62
49 79
49 82
49 87
49 89
49 106
49 131
49 162
49 189
49 214
50 60
50 72
50 105
50 123
50 146
50 154
50 181
50 238
51 57
51 61
51 74
51 78
51 80
51 84
51 96
51 101
51 106
51 107
51 129
51 135
51 139
51 145
51 165
51 214
51 215
51 216
51 220
51 226
52 61
52 94
52 99
52 108
52 122
52 127
52 153
52 162
52 169
52 230
52 239
53 56
53 70
53 76
53 86
53 99
53 116
53 120
53 128
53 132
53 150
53 202
53 212
53 213
53 225
53 228
53 242
54 56
54 63
54 73
54 98
54 113
54 139
54 168
54 200
54 208
54 221
55 84
55 180
55 195
55 216
55 245
56 80
56 82
56 85
56 94
56 136
56 142
56 144
56 190
56 193
56 203
56 243
57 58
57 70
57 78
57 84
57 90
57 134
57 136
57 148
57 155
57 156
57 173
57 196
57 209
58 63
58 97
58 99
58 109
58 119
58 149
58 156
58 177
58 202
59 72
59 131
59 151
60 142
60 159
60 192
60 199
60 219
61 65
61 69
61 90
61 91
61 164
61 167
61 209
61 210
62 67
62 71
62 101
62 159
62 160
62 169
62 187
62 188
62 191
62 196
62 220
63 83
63 113
63 138
63 175
63 176
64 69
64 74
64 77
64 79
64 127
64 165
64 174
64 176
64 198
64 242
65 73
65 74
65 120
65 196
66 82
66 91
66 129
66 208
67 69
67 91
67 112
67 137
67 147
67 149
67 154
67 177
67 198
67 206
67 244
68 75
68 76
68 91
68 97
68 116
68 125
68 130
68 132
68 135
68 142
68 143
68 146
68 148
68 152
68 158
68 178
68 183
68 185
68 189
68 200
68 206
68 213
68 217
68 224
69 114
69 150
69 208
69 218
70 89
70 92
70 100
70 140
70 168
70 231
71 80
71 81
71 85
71 86
71 95
71 101
71 103
71 104
71 118
71 179
71 183
71 201
71 232
72 85
72 112
72 126
72 151
72 155
72 181
72 186
72 205
72 213
72 215
72 244
73 120
73 124
73 144
73 155
73 231
73 247
74 111
74 112
74 113
74 124
74 130
74 178
74 180
74 204
75 77
75 93
75 138
75 160
75 178
76 78
76 96
76 112
76 189
77 78
77 126
77 136
77 156
77 160
77 164
77 165
77 166
77 189
78 105
78 120
78 131
78 160
78 186
78 194
78 237
79 105
79 118
79 145
79 171
79 239
80 114
80 133
80 143
80 146
80 150
80 191
80 194
80 198
80 201
80 206
80 222
80 228
81 83
81 87
81 88
81 92
81 102
81 104
81 108
81 126
81 131
81 144
81 158
81 169
81 171
81 192
81 221
81 236
82 88
82 90
82 100
82 101
82 110
82 122
82 140
82 144
82 152
82 156
82 169
82 184
82 185
82 238
82 241
83 89
83 121
84 111
84 128
84 201
84 211
84 238
84 248
85 114
85 129
86 192
86 211
87 165
87 218
87 238
88 100
88 128
88 130
88 147
88 166
88 208
89 128
90 95
90 103
90 117
90 131
90 133
90 139
90 165
90 171
90 192
90 200
91 147
91 184
91 196
92 123
92 210
92 214
93 117
93 137
93 158
93 182
93 237
94 96
94 161
94 176
94 228
94 231
94 238
95 135
95 143
95 239
97 98
97 108
97 115
97 126
97 128
97 133
97 141
97 170
97 174
97 201
97 212
97 218
98 109
98 120
98 151
98 215
98 234
98 242
98 249
99 100
99 110
99 128
99 154
99 166
99 172
99 193
99 210
100 103
100 149
100 173
100 210
100 225
101 112
101 114
101 126
101 157
101 190
101 204
102 109
102 119
102 131
102 170
102 171
102 224
102 226
103 162
103 191
103 192
103 209
103 224
104 122
104 152
105 183
105 184
105 228
105 249
107 116
107 132
107 172
107 187
107 221
107 245
108 164
108 215
108 227
108 230
108 232
108 236
109 125
109 143
109 210
109 245
110 175
110 208
110 230
110 244
110 249
111 138
111 146
111 149
111 161
111 165
111 169
111 176
111 238
111 242
111 246
112 121
112 182
112 196
112 248
113 147
113 200
113 225
114 118
114 139
114 175
114 180
115 123
115 132
115 139
115 142
115 154
115 159
115 167
115 186
115 190
115 226
115 230
115 234
116 155
116 231
117 148
117 153
117 165
117 205
117 216
117 217
117 222
118 136
118 156
118 216
119 153
119 237
120 167
120 248
122 160
122 161
122 181
123 152
123 194
124 157
124 158
124 171
124 186
124 207
124 215
124 229
125 145
125 147
125 156
125 163
125 177
125 216
125 240
126 129
126 161
126 204
126 221
127 130
127 143
127 145
127 178
127 214
127 243
128 200
129 159
129 212
130 136
130 148
130 162
130 215
130 240
131 147
131 206
131 221
131 223
131 232
132 175
132 178
132 189
132 193
132 220
132 247
133 168
133 170
133 176
133 194
133 236
133 246
135 158
135 182
135 193
136 137
136 165
137 202
137 204
138 199
139 221
139 229
140 147
140 150
140 213
140 244
141 146
141 183
141 199
141 206
141 216
142 150
142 247
142 248
144 169
144 197
144 218
145 153
146 163
146 179
146 181
146 190
146 210
146 226
146 244
147 205
147 212
147 233
147 243
148 155
148 166
148 190
148 236
149 163
149 176
149 214
150 197
150 233
150 241
151 173
151 239
151 243
152 196
152 220
153 203
153 213
153 223
154 161
154 179
154 185
154 187
154 196
154 231
154 235
154 246
156 158
156 170
156 235
157 167
157 178
157 225
158 211
158 220
159 238
160 189
160 199
161 168
161 239
162 233
162 235
162 241
163 226
164 205
164 241
165 171
166 180
166 233
166 245
167 201
167 219
168 217
168 230
170 248
171 197
171 203
171 232
172 213
172 218
173 195
174 227
175 205
175 219
177 179
178 182
178 202
178 237
179 181
179 206
180 214
181 198
184 198
184 201
184 206
184 222
184 229
188 211
189 192
189 246
191 202
191 215
194 249
195 202
195 225
196 217
196 223
197 200
197 201
197 209
199 211
199 218
202 227
207 224
207 227
210 233
213 241
224 228
224 234
228 239
228 244
241 248
243 246
