0 1
0 2
0 3
0 4
0 5
0 6
0 7
0 8
0 9
0 10
0 11
0 12
0 13
0 14
0 15
0 16
0 17
0 18
0 19
0 20
0 21
0 22
0 23
0 24
0 25
0 27
0 29
0 30
0 31
0 33
0 34
0 36
0 38
0 43
0 45
0 46
0 48
0 49
0 50
0 52
0 53
0 56
0 60
0 61
0 64
0 65
0 67
0 68
0 71
0 73
0 74
0 76
0 86
0 87
0 91
0 95
0 99
0 101
0 103
0 105
0 107
0 111
0 116
0 117
0 119
0 128
0 129
0 130
0 137
0 145
0 151
0 153
0 156
0 163
0 168
0 171
0 181
0 187
0 191
0 192
0 195
0 200
0 204
0 212
0 214
0 219
0 233
0 238
0 239
0 243
0 246
1 17
1 19
1 20
1 27
1 32
1 33
1 46
1 50
1 56
1 62
1 81
1 83
1 86
1 88
1 89
1 96
1 127
1 140
1 151
1 168
1 178
1 198
1 203
1 218
2 17
2 18
2 19
2 21
2 23
2 25
2 26
2 28
2 31
2 36
2 37
2 39
2 41
2 42
2 47
2 48
2 52
2 54
2 58
2 62
2 72
2 74
2 77
2 78
2 87
2 88
2 91
2 92
2 97
2 102
2 107
2 109
2 110
2 112
2 117
2 123
2 125
2 132
2 138
2 143
2 152
2 153
2 155
2 161
2 163
2 164
2 165
2 168
2 171
2 175
2 178
2 180
2 186
2 192
2 197
2 216
2 219
2 224
2 241
2 245
3 17
3 18
3 19
3 20
3 21
3 22
3 23
3 24
3 25
3 27
3 28
3 29
3 31
3 32
3 34
3 36
3 38
3 39
3 44
3 49
3 62
3 72
3 75
3 77
3 83
3 84
3 90
3 100
3 109
3 121
3 131
3 132
3 139
3 160
3 184
3 196
3 203
3 220
3 221
4 17
4 18
4 19
4 20
4 21
4 23
4 25
4 26
4 27
4 30
4 33
4 35
4 40
4 41
4 42
4 49
4 51
4 58
4 59
4 60
4 62
4 67
4 78
4 79
4 80
4 86
4 88
4 89
4 91
4 96
4 97
4 113
4 118
4 130
4 142
4 153
4 158
4 169
4 170
4 173
4 190
4 207
4 209
4 228
5 17
5 18
5 19
5 20
5 21
5 22
5 23
5 24
5 26
5 30
5 31
5 34
5 35
5 38
5 39
5 40
5 57
5 62
5 63
5 71
5 80
5 83
5 95
5 96
5 99
5 103
5 106
5 108
5 117
5 122
5 134
5 137
5 141
5 144
5 146
5 157
5 170
5 182
5 191
5 197
5 207
5 211
5 213
5 234
5 245
6 17
6 18
6 19
6 20
6 21
6 22
6 23
6 24
6 25
6 26
6 27
6 28
6 30
6 32
6 36
6 38
6 40
6 41
6 44
6 50
6 55
6 59
6 62
6 64
6 70
6 74
6 75
6 76
6 77
6 79
6 80
6 88
6 93
6 97
6 101
6 104
6 113
6 118
6 123
6 128
6 132
6 135
6 152
6 153
6 156
6 159
6 163
6 167
6 179
6 186
6 209
6 210
6 231
6 232
6 234
7 17
7 18
7 19
7 20
7 21
7 22
7 23
7 25
7 26
7 27
7 28
7 29
7 30
7 31
7 32
7 33
7 34
7 35
7 36
7 37
7 38
7 42
7 43
7 45
7 48
7 51
7 53
7 54
7 57
7 59
7 63
7 64
7 67
7 68
7 72
7 73
7 75
7 76
7 80
7 83
7 90
7 94
7 97
7 103
7 122
7 126
7 134
7 136
7 145
7 151
7 159
7 160
7 164
7 165
7 168
7 180
7 186
7 187
7 195
7 198
7 206
7 208
7 211
7 220
7 232
7 236
7 249
8 17
8 18
8 19
8 20
8 22
8 23
8 24
8 28
8 29
8 30
8 33
8 35
8 39
8 43
8 48
8 49
8 51
8 53
8 71
8 73
8 75
8 90
8 94
8 96
8 106
8 118
8 128
8 129
8 130
8 152
8 161
8 180
8 186
8 213
8 226
8 237
8 249
9 17
9 18
9 21
9 22
9 24
9 25
9 33
9 48
9 59
9 68
9 87
9 109
9 112
9 114
9 121
9 126
9 133
9 145
9 169
9 191
9 196
9 205
9 212
9 238
9 247
10 17
10 34
10 43
10 48
10 49
10 55
10 71
10 79
10 94
10 106
10 182
10 214
10 222
11 18
11 19
11 21
11 22
11 24
11 26
11 29
11 30
11 43
11 52
11 57
11 62
11 66
11 70
11 74
11 77
11 78
11 91
11 95
11 98
11 101
11 103
11 116
11 117
11 119
11 122
11 131
11 143
11 146
11 165
11 167
11 171
11 175
11 179
11 180
11 191
11 209
11 211
11 213
12 17
12 18
12 20
12 21
12 22
12 25
12 28
12 31
12 37
12 40
12 46
12 49
12 50
12 52
12 79
12 89
12 99
12 102
12 112
12 116
12 117
12 121
12 126
12 136
12 145
12 166
12 169
12 203
12 208
13 17
13 18
13 19
13 20
13 22
13 23
13 24
13 25
13 29
13 32
13 33
13 34
13 35
13 39
13 42
13 47
13 52
13 54
13 65
13 70
13 85
13 93
13 97
13 98
13 103
13 106
13 116
13 125
13 128
13 134
13 206
13 226
13 231
14 17
14 18
14 19
14 20
14 21
14 27
14 28
14 37
14 46
14 48
14 52
14 54
14 60
14 66
14 69
14 74
14 76
14 93
14 106
14 110
14 117
14 125
14 138
14 147
14 155
14 168
14 186
14 191
14 196
14 199
14 206
14 209
14 215
14 227
14 228
14 245
15 17
15 18
15 19
15 20
15 22
15 26
15 32
15 33
15 39
15 43
15 44
15 45
15 47
15 55
15 70
15 74
15 101
15 106
15 124
15 126
15 136
15 206
15 214
15 244
15 247
16 17
16 18
16 19
16 20
16 21
16 23
16 24
16 29
16 30
16 35
16 41
16 43
16 45
16 46
16 47
16 49
16 58
16 61
16 79
16 86
16 87
16 89
16 93
16 94
16 96
16 99
16 100
16 101
16 105
16 109
16 112
16 115
16 118
16 123
16 146
16 150
16 151
16 154
16 171
16 180
16 235
17 18
17 19
17 20
17 21
17 22
17 23
17 24
17 25
17 26
17 27
17 28
17 29
17 30
17 31
17 34
17 35
17 36
17 37
17 38
17 39
17 41
17 42
17 43
17 44
17 46
17 47
17 49
17 50
17 53
17 55
17 59
17 60
17 61
17 63
17 71
17 74
17 75
17 76
17 78
17 82
17 86
17 90
17 91
17 93
17 95
17 97
17 98
17 104
17 108
17 110
17 113
17 115
17 120
17 121
17 122
17 123
17 125
17 127
17 129
17 133
17 135
17 137
17 139
17 142
17 144
17 145
17 148
17 150
17 154
17 161
17 165
17 168
17 172
17 179
17 184
17 190
17 192
17 196
17 197
17 202
17 207
17 212
17 214
17 216
17 219
17 220
17 221
17 224
17 226
17 227
17 230
17 233
17 237
17 246
17 248
18 19
18 20
18 21
18 22
18 23
18 24
18 25
18 26
18 27
18 29
18 30
18 31
18 32
18 33
18 34
18 36
18 37
18 39
18 40
18 42
18 46
18 48
18 49
18 50
18 51
18 52
18 53
18 54
18 55
18 57
18 61
18 67
18 68
18 70
18 71
18 74
18 81
18 84
18 87
18 88
18 90
18 93
18 96
18 99
18 101
18 103
18 104
18 106
18 110
18 111
18 114
18 116
18 117
18 125
18 130
18 132
18 134
18 136
18 140
18 143
18 145
18 147
18 149
18 150
18 154
18 155
18 158
18 161
18 162
18 164
18 171
18 175
18 177
18 179
18 181
18 193
18 200
18 203
18 204
18 207
18 208
18 210
18 220
18 221
18 223
18 225
18 232
18 234
18 248
19 20
19 21
19 22
19 23
19 24
19 25
19 26
19 27
19 28
19 31
19 33
19 35
19 36
19 37
19 38
19 39
19 40
19 41
19 42
19 43
19 44
19 45
19 46
19 47
19 48
19 50
19 52
19 54
19 56
19 57
19 58
19 60
19 66
19 70
19 71
19 72
19 73
19 74
19 80
19 81
19 82
19 84
19 86
19 88
19 92
19 94
19 96
19 100
19 104
19 105
19 109
19 111
19 112
19 115
19 118
19 123
19 127
19 129
19 131
19 137
19 144
19 159
19 163
19 168
19 172
19 174
19 183
19 185
19 197
19 199
19 206
19 212
19 214
19 223
19 229
19 233
19 236
19 243
20 21
20 22
20 23
20 24
20 25
20 26
20 27
20 28
20 29
20 30
20 31
20 32
20 33
20 34
20 36
20 38
20 39
20 40
20 41
20 44
20 45
20 47
20 48
20 52
20 53
20 55
20 56
20 57
20 60
20 61
20 63
20 64
20 65
20 67
20 72
20 79
20 82
20 83
20 87
20 91
20 93
20 98
20 105
20 106
20 110
20 111
20 115
20 117
20 118
20 124
20 131
20 132
20 133
20 135
20 138
20 140
20 143
20 149
20 150
20 151
20 153
20 155
20 156
20 161
20 164
20 166
20 168
20 171
20 174
20 180
20 190
20 192
20 193
20 195
20 199
20 203
20 206
20 212
20 213
20 217
20 224
20 226
20 236
20 244
21 22
21 23
21 24
21 25
21 26
21 27
21 28
21 29
21 32
21 34
21 36
21 37
21 38
21 40
21 41
21 42
21 43
21 44
21 49
21 55
21 56
21 57
21 59
21 60
21 62
21 63
21 65
21 66
21 68
21 73
21 78
21 83
21 87
21 90
21 91
21 92
21 98
21 99
21 100
21 105
21 110
21 111
21 112
21 113
21 119
21 127
21 130
21 134
21 136
21 138
21 140
21 145
21 148
21 153
21 154
21 165
21 167
21 169
21 178
21 181
21 182
21 183
21 184
21 190
21 195
21 197
21 199
21 200
21 208
21 211
21 213
21 219
21 222
21 223
21 230
21 232
21 239
21 240
21 242
22 23
22 24
22 25
22 26
22 27
22 29
22 30
22 31
22 33
22 34
22 35
22 36
22 37
22 38
22 43
22 45
22 53
22 55
22 57
22 62
22 65
22 74
22 75
22 82
22 84
22 90
22 100
22 110
22 111
22 112
22 114
22 123
22 131
22 132
22 133
22 139
22 142
22 155
22 156
22 157
22 161
22 167
22 170
22 171
22 177
22 187
22 190
22 204
22 205
22 208
22 211
22 217
22 219
22 233
22 235
22 242
22 246
22 247
22 248
23 24
23 26
23 28
23 29
23 34
23 36
23 41
23 44
23 46
23 51
23 58
23 60
23 64
23 65
23 66
23 67
23 69
23 72
23 73
23 76
23 80
23 82
23 84
23 85
23 86
23 87
23 91
23 96
23 102
23 116
23 125
23 127
23 129
23 131
23 133
23 145
23 147
23 152
23 155
23 157
23 159
23 160
23 161
23 163
23 165
23 169
23 173
23 183
23 185
23 191
23 200
23 213
23 223
23 235
23 241
23 244
23 247
24 25
24 26
24 27
24 28
24 30
24 32
24 33
24 35
24 36
24 38
24 39
24 40
24 42
24 44
24 48
24 49
24 50
24 52
24 57
24 58
24 59
24 62
24 64
24 65
24 67
24 69
24 71
24 73
24 77
24 81
24 82
24 88
24 92
24 97
24 98
24 103
24 104
24 107
24 112
24 122
24 125
24 126
24 132
24 137
24 143
24 144
24 148
24 149
24 164
24 170
24 174
24 197
24 202
24 204
24 207
24 211
24 225
24 229
24 230
24 232
24 233
24 243
24 245
24 248
25 26
25 27
25 28
25 29
25 30
25 31
25 32
25 33
25 35
25 36
25 38
25 39
25 41
25 45
25 46
25 47
25 49
25 50
25 51
25 52
25 53
25 57
25 59
25 62
25 64
25 69
25 71
25 72
25 74
25 75
25 77
25 78
25 81
25 83
25 86
25 88
25 89
25 90
25 91
25 98
25 106
25 108
25 112
25 113
25 115
25 123
25 125
25 128
25 129
25 148
25 149
25 152
25 157
25 158
25 159
25 160
25 166
25 177
25 185
25 188
25 189
25 203
25 205
25 209
25 224
25 228
25 229
25 241
25 243
25 244
25 246
25 249
26 27
26 28
26 29
26 31
26 32
26 33
26 34
26 35
26 43
26 44
26 46
26 47
26 49
26 55
26 57
26 58
26 61
26 62
26 68
26 69
26 72
26 75
26 82
26 85
26 92
26 93
26 96
26 103
26 107
26 109
26 111
26 113
26 114
26 119
26 122
26 125
26 127
26 130
26 131
26 132
26 135
26 136
26 141
26 149
26 151
26 153
26 158
26 159
26 166
26 173
26 178
26 184
26 187
26 194
26 202
26 206
26 208
26 227
26 231
26 234
26 235
26 239
26 240
26 247
26 249
27 28
27 34
27 35
27 36
27 37
27 38
27 40
27 41
27 42
27 45
27 48
27 50
27 51
27 53
27 54
27 59
27 65
27 66
27 67
27 68
27 71
27 72
27 82
27 83
27 87
27 89
27 90
27 105
27 106
27 115
27 116
27 128
27 131
27 134
27 142
27 149
27 152
27 153
27 173
27 175
27 184
27 187
27 194
27 197
27 204
27 207
27 220
27 237
28 29
28 30
28 31
28 32
28 35
28 37
28 38
28 43
28 49
28 51
28 53
28 60
28 63
28 65
28 73
28 75
28 76
28 84
28 88
28 97
28 109
28 121
28 122
28 124
28 127
28 133
28 135
28 139
28 142
28 148
28 160
28 163
28 169
28 170
28 185
28 186
28 229
28 232
29 30
29 31
29 32
29 37
29 40
29 41
29 42
29 44
29 46
29 47
29 50
29 54
29 55
29 56
29 59
29 61
29 68
29 70
29 72
29 86
29 100
29 114
29 128
29 129
29 137
29 139
29 141
29 149
29 152
29 154
29 156
29 157
29 161
29 162
29 166
29 168
29 176
29 177
29 179
29 202
29 210
29 225
29 233
29 242
30 31
30 32
30 36
30 37
30 38
30 39
30 40
30 42
30 44
30 45
30 47
30 48
30 55
30 61
30 66
30 70
30 71
30 76
30 81
30 87
30 89
30 92
30 94
30 97
30 98
30 100
30 101
30 103
30 120
30 122
30 135
30 147
30 151
30 152
30 156
30 158
30 163
30 165
30 180
30 182
30 186
30 193
30 195
30 209
30 216
30 224
30 227
30 228
30 231
30 239
31 32
31 33
31 34
31 35
31 37
31 39
31 41
31 51
31 54
31 56
31 57
31 63
31 68
31 76
31 77
31 80
31 93
31 97
31 100
31 102
31 114
31 121
31 130
31 147
31 148
31 155
31 156
31 177
31 181
31 185
31 190
31 199
31 200
31 202
31 205
31 209
31 230
31 231
32 38
32 39
32 41
32 42
32 45
32 46
32 47
32 48
32 52
32 54
32 56
32 58
32 64
32 65
32 66
32 73
32 75
32 76
32 79
32 80
32 81
32 82
32 83
32 85
32 88
32 95
32 96
32 102
32 104
32 109
32 114
32 115
32 119
32 120
32 125
32 129
32 133
32 136
32 137
32 162
32 169
32 173
32 176
32 203
32 204
32 209
32 215
32 216
32 222
32 224
32 230
32 239
32 247
33 34
33 37
33 43
33 45
33 46
33 47
33 48
33 50
33 53
33 54
33 55
33 56
33 58
33 60
33 62
33 63
33 65
33 69
33 83
33 85
33 90
33 93
33 94
33 97
33 98
33 99
33 104
33 109
33 112
33 113
33 115
33 120
33 124
33 136
33 146
33 156
33 158
33 161
33 166
33 176
33 178
33 179
33 185
33 189
33 195
33 196
33 197
33 199
33 200
33 204
33 215
33 222
33 226
33 227
33 230
33 237
33 240
33 243
33 246
34 35
34 37
34 44
34 46
34 49
34 55
34 59
34 60
34 70
34 73
34 75
34 81
34 85
34 86
34 92
34 97
34 102
34 104
34 108
34 127
34 154
34 175
34 182
34 190
34 196
34 208
34 236
34 243
34 248
35 39
35 40
35 50
35 53
35 56
35 60
35 61
35 66
35 67
35 76
35 78
35 79
35 85
35 87
35 88
35 95
35 100
35 102
35 103
35 109
35 118
35 150
35 166
35 169
35 170
35 173
35 174
35 202
35 208
35 211
35 213
35 239
36 41
36 42
36 43
36 45
36 73
36 77
36 80
36 102
36 103
36 112
36 120
36 126
36 170
36 207
36 229
36 248
37 40
37 50
37 52
37 53
37 61
37 63
37 70
37 81
37 93
37 106
37 131
37 150
37 215
37 217
37 222
37 223
37 227
37 231
38 40
38 42
38 44
38 51
38 58
38 65
38 66
38 69
38 70
38 75
38 79
38 92
38 96
38 101
38 103
38 105
38 113
38 114
38 115
38 123
38 124
38 131
38 136
38 139
38 143
38 154
38 156
38 157
38 187
38 193
38 196
38 203
38 207
38 209
38 210
38 220
38 221
38 231
38 238
38 246
39 40
39 42
39 44
39 45
39 49
39 51
39 52
39 59
39 61
39 62
39 65
39 73
39 77
39 84
39 86
39 92
39 94
39 97
39 101
39 105
39 108
39 111
39 114
39 117
39 121
39 123
39 127
39 128
39 134
39 140
39 142
39 158
39 159
39 162
39 164
39 168
39 169
39 170
39 172
39 201
39 206
39 214
39 220
39 221
39 236
39 239
40 41
40 51
40 57
40 60
40 63
40 64
40 73
40 81
40 85
40 86
40 90
40 93
40 94
40 95
40 113
40 131
40 147
40 162
40 185
40 198
40 205
40 218
40 225
40 237
41 43
41 44
41 47
41 51
41 55
41 59
41 60
41 63
41 67
41 68
41 72
41 74
41 75
41 77
41 78
41 79
41 80
41 81
41 82
41 91
41 97
41 102
41 120
41 121
41 123
41 124
41 131
41 144
41 149
41 157
41 159
41 167
41 178
41 188
41 194
41 196
41 214
41 218
41 224
41 241
42 45
42 47
42 51
42 53
42 54
42 56
42 64
42 67
42 69
42 72
42 74
42 76
42 79
42 89
42 90
42 108
42 118
42 119
42 120
42 130
42 132
42 133
42 135
42 138
42 141
42 147
42 156
42 162
42 165
42 169
42 172
42 178
42 180
42 181
42 186
42 198
42 206
42 208
42 212
42 222
42 230
42 237
42 240
42 242
43 51
43 55
43 56
43 61
43 62
43 73
43 78
43 84
43 95
43 97
43 101
43 102
43 108
43 110
43 111
43 114
43 118
43 130
43 132
43 135
43 142
43 144
43 150
43 176
43 182
43 184
43 193
43 198
43 202
43 222
44 45
44 50
44 57
44 58
44 63
44 64
44 68
44 70
44 72
44 73
44 78
44 79
44 81
44 83
44 89
44 90
44 91
44 94
44 95
44 96
44 98
44 99
44 128
44 129
44 130
44 135
44 157
44 158
44 161
44 162
44 164
44 168
44 170
44 186
44 193
44 198
44 201
44 204
44 210
44 214
44 222
44 233
44 234
44 241
44 243
45 46
45 48
45 50
45 56
45 58
45 64
45 66
45 67
45 69
45 71
45 78
45 79
45 92
45 96
45 99
45 101
45 105
45 106
45 119
45 126
45 132
45 134
45 147
45 148
45 151
45 155
45 159
45 162
45 167
45 174
45 180
45 183
45 184
45 189
45 193
45 198
45 200
45 202
45 207
45 208
45 230
45 239
45 245
46 47
46 54
46 56
46 62
46 63
46 64
46 69
46 108
46 117
46 121
46 146
46 158
46 169
46 171
46 177
46 183
46 192
46 194
46 198
46 216
46 219
46 234
46 239
46 240
47 55
47 61
47 65
47 76
47 90
47 108
47 128
47 137
47 140
47 156
47 159
47 164
47 168
47 174
47 209
47 236
48 52
48 54
48 56
48 57
48 68
48 69
48 76
48 82
48 92
48 96
48 102
48 107
48 117
48 119
48 127
48 128
48 133
48 137
48 147
48 152
48 155
48 156
48 159
48 160
48 166
48 182
48 189
48 198
48 199
48 205
48 208
48 217
48 231
48 232
48 235
48 237
48 244
49 52
49 54
49 56
49 58
49 61
49 63
49 64
49 67
49 69
49 75
49 78
49 82
49 95
49 98
49 100
49 109
49 120
49 121
49 126
49 141
49 184
49 186
49 188
49 193
49 205
49 214
49 221
49 237
49 246
50 51
50 53
50 57
50 58
50 59
50 65
50 66
50 69
50 70
50 71
50 79
50 86
50 88
50 90
50 93
50 95
50 108
50 109
50 115
50 118
50 119
50 123
50 141
50 145
50 146
50 164
50 166
50 173
50 175
50 186
50 188
50 193
50 194
50 206
50 226
50 231
50 240
51 53
51 58
51 65
51 77
51 95
51 98
51 134
51 135
51 138
51 141
51 148
51 155
51 157
51 187
51 191
51 205
51 215
51 217
51 219
51 235
51 239
52 54
52 67
52 69
52 70
52 78
52 86
52 91
52 92
52 93
52 99
52 101
52 114
52 116
52 130
52 132
52 136
52 142
52 143
52 146
52 151
52 163
52 178
52 187
52 189
52 214
52 224
52 248
53 70
53 81
53 88
53 89
53 112
53 125
53 160
53 179
53 188
53 190
53 191
53 198
53 203
53 218
53 229
53 237
53 249
54 68
54 72
54 79
54 83
54 86
54 108
54 119
54 134
54 138
54 149
54 150
54 176
54 185
54 215
54 224
54 225
54 230
54 237
54 239
55 60
55 67
55 71
55 77
55 82
55 90
55 103
55 107
55 111
55 113
55 115
55 116
55 118
55 126
55 141
55 144
55 146
55 147
55 149
55 150
55 151
55 152
55 167
55 177
55 182
55 183
55 195
55 199
55 201
55 207
55 212
55 217
55 227
55 241
55 245
56 59
56 61
56 64
56 69
56 76
56 81
56 83
56 84
56 85
56 89
56 98
56 101
56 105
56 108
56 132
56 134
56 138
56 143
56 144
56 149
56 160
56 161
56 172
56 177
56 179
56 188
56 190
56 197
56 201
56 211
56 215
56 244
57 58
57 77
57 84
57 85
57 104
57 111
57 115
57 126
57 136
57 137
57 172
57 192
57 199
57 200
57 225
57 240
57 248
58 59
58 60
58 68
58 74
58 78
58 87
58 95
58 100
58 105
58 107
58 114
58 117
58 121
58 124
58 127
58 138
58 148
58 152
58 170
58 182
58 188
58 196
58 227
58 229
58 234
59 61
59 63
59 67
59 75
59 94
59 99
59 113
59 116
59 117
59 172
59 181
59 189
59 191
59 192
59 205
59 209
59 223
59 227
59 240
60 66
60 76
60 77
60 80
60 87
60 91
60 94
60 104
60 107
60 116
60 125
60 126
60 128
60 137
60 138
60 145
60 191
60 210
60 243
61 63
61 64
61 66
61 72
61 99
61 106
61 107
61 111
61 113
61 134
61 144
61 146
61 147
61 150
61 151
61 154
61 155
61 161
61 162
61 163
61 165
61 168
61 170
61 175
61 181
61 185
61 190
61 197
61 207
61 215
61 224
61 228
61 241
61 246
61 249
62 66
62 70
62 73
62 80
62 81
62 82
62 84
62 91
62 92
62 106
62 107
62 111
62 124
62 141
62 171
62 212
62 227
62 238
63 114
63 123
63 124
63 127
63 158
63 185
63 213
63 215
63 217
63 233
63 246
64 80
64 87
64 89
64 94
64 96
64 100
64 113
64 127
64 150
64 162
64 165
64 182
64 206
64 218
64 220
64 228
64 234
64 243
65 66
65 68
65 71
65 74
65 77
65 96
65 103
65 120
65 123
65 129
65 142
65 155
65 163
65 164
65 166
65 177
65 189
65 201
65 211
65 221
65 226
65 246
66 71
66 74
66 84
66 85
66 106
66 110
66 130
66 141
66 149
66 153
66 155
66 177
66 194
66 210
66 234
66 247
67 68
67 85
67 121
67 129
67 143
67 145
67 148
67 153
67 172
67 195
67 217
67 224
67 231
67 238
67 242
68 69
68 78
68 117
68 129
68 139
68 140
68 142
68 173
68 183
68 202
68 210
68 221
68 238
68 246
69 84
69 102
69 106
69 108
69 116
69 122
69 126
69 147
69 155
69 157
69 158
69 170
69 175
69 201
69 210
70 77
70 79
70 83
70 85
70 94
70 107
70 109
70 113
70 117
70 122
70 124
70 139
70 141
70 149
70 152
70 174
70 176
70 181
70 183
70 205
70 210
70 220
70 238
71 72
71 78
71 81
71 88
71 100
71 104
71 118
71 120
71 124
71 129
71 136
71 144
71 159
71 173
71 174
71 198
71 222
71 237
71 242
72 95
72 99
72 102
72 111
72 116
72 126
72 130
72 143
72 156
72 164
72 180
72 201
72 216
72 220
72 235
72 238
72 249
73 75
73 89
73 103
73 105
73 110
73 127
73 141
73 144
73 148
73 150
73 166
73 167
73 184
73 199
73 212
73 213
73 218
73 221
73 229
73 241
73 245
73 247
74 80
74 83
74 85
74 101
74 107
74 110
74 127
74 138
74 155
74 156
74 166
74 175
74 183
74 189
74 196
74 207
74 213
74 214
74 217
74 238
74 248
75 86
75 102
75 114
75 118
75 154
75 161
75 167
75 173
75 184
75 200
75 242
76 82
76 119
76 140
76 153
76 155
76 156
76 163
76 168
76 174
76 191
76 218
76 223
77 85
77 89
77 99
77 116
77 125
77 139
77 142
77 166
77 171
77 182
77 194
77 211
77 235
77 247
78 80
78 82
78 85
78 92
78 104
78 118
78 126
78 133
78 138
78 140
78 166
78 173
78 184
78 194
78 197
78 207
78 226
78 228
78 233
78 246
79 80
79 84
79 89
79 98
79 101
79 103
79 104
79 115
79 120
79 136
79 138
79 140
79 144
79 145
79 148
79 167
79 170
79 181
79 197
79 201
79 203
79 206
79 211
79 221
79 223
80 94
80 136
80 174
80 176
80 179
80 192
80 197
80 202
80 211
80 216
80 233
80 238
80 240
80 245
81 83
81 84
81 87
81 91
81 92
81 95
81 107
81 112
81 113
81 115
81 136
81 140
81 151
81 152
81 154
81 169
81 177
81 190
81 195
81 200
81 217
81 230
81 242
82 100
82 105
82 121
82 138
82 140
82 145
82 150
82 174
82 178
82 189
82 245
82 249
83 84
83 87
83 108
83 160
83 167
83 181
83 189
83 191
83 195
83 197
83 213
83 243
83 244
84 91
84 100
84 122
84 127
84 133
84 146
84 152
84 153
84 163
84 167
84 172
84 204
84 215
84 229
84 236
85 88
85 94
85 97
85 99
85 100
85 110
85 153
85 159
85 177
85 181
85 195
86 88
86 93
86 107
86 119
86 120
86 123
86 135
86 142
86 154
86 165
86 176
86 183
86 195
86 212
86 214
86 222
86 224
86 227
87 89
87 104
87 118
87 124
87 128
87 130
87 151
87 172
87 174
87 183
87 185
87 187
87 194
87 218
87 241
88 98
88 102
88 111
88 121
88 124
88 144
88 173
88 179
89 104
89 110
89 120
89 122
89 126
89 132
89 134
89 139
89 144
89 148
89 162
89 181
89 183
89 194
89 209
90 95
90 120
90 133
90 139
90 156
90 180
90 181
90 182
90 192
90 203
90 206
90 208
90 223
90 225
90 240
90 244
91 92
91 124
91 137
91 204
91 212
92 93
92 98
92 111
92 164
92 188
92 213
93 101
93 110
93 113
93 122
93 128
93 131
93 143
93 148
93 154
93 180
93 181
93 223
93 235
94 108
94 141
94 142
94 143
94 160
94 166
94 178
94 186
94 225
94 235
95 99
95 104
95 109
95 124
95 133
95 143
95 179
95 183
95 191
95 195
95 214
95 238
95 241
96 109
96 112
96 151
96 193
96 194
96 195
96 216
96 225
96 226
96 235
96 249
97 112
97 123
97 141
97 160
97 174
97 192
97 195
97 202
97 216
98 105
98 107
98 108
98 119
98 120
98 122
98 124
98 130
98 163
98 171
98 198
98 201
98 244
98 245
99 105
99 107
99 131
99 135
99 163
99 217
100 102
100 129
100 132
100 144
100 146
100 153
100 158
100 177
100 182
100 234
101 105
101 110
101 116
101 119
101 125
101 141
101 142
101 146
101 150
101 157
101 161
101 164
101 187
101 193
101 209
101 218
101 245
101 249
102 162
102 164
102 179
102 189
102 199
102 232
103 114
103 118
103 132
103 162
103 173
103 212
103 219
103 248
104 131
104 147
104 149
104 167
104 176
104 190
104 196
104 206
104 216
104 219
104 222
104 229
105 120
105 146
105 173
105 176
105 202
105 204
105 231
105 240
106 109
106 157
106 166
106 221
106 234
106 239
106 242
107 115
107 119
107 121
107 137
107 154
107 161
107 169
107 177
107 189
107 190
107 220
107 224
107 238
108 141
108 164
108 178
108 196
108 208
108 210
108 220
108 226
108 239
108 249
109 110
109 114
109 119
109 135
109 138
109 146
109 147
109 152
109 184
109 188
109 214
109 237
109 238
109 247
110 112
110 133
110 145
110 172
110 185
110 196
110 200
110 201
111 116
111 128
111 134
111 140
111 160
111 173
111 194
111 204
111 222
111 240
112 115
112 123
112 125
112 129
112 130
112 142
112 157
112 162
112 165
112 198
112 235
113 122
113 175
113 188
113 235
113 249
114 147
114 148
114 169
114 187
114 198
114 200
114 211
114 214
115 117
115 125
115 129
115 135
115 139
115 180
115 183
115 192
115 205
115 215
115 248
116 121
116 126
116 133
116 135
116 137
116 145
116 157
116 170
116 171
116 176
116 188
116 209
116 212
116 228
116 231
116 237
116 243
116 247
117 134
117 158
117 189
117 196
117 225
118 128
118 133
118 143
118 202
118 203
118 242
119 151
119 153
119 160
119 179
119 219
120 168
120 174
120 187
120 202
120 219
120 234
121 122
121 165
121 177
121 178
121 204
121 208
121 248
122 140
122 157
122 193
122 226
122 236
122 240
123 134
123 138
123 170
123 171
123 175
123 196
123 221
123 233
123 234
123 248
124 139
124 151
124 163
124 165
124 193
124 200
124 245
124 246
125 135
125 143
125 150
125 242
125 245
126 139
126 140
126 142
126 154
126 180
126 183
126 184
126 188
126 219
126 223
127 131
127 189
127 244
128 137
128 168
128 185
128 201
128 241
129 136
129 137
129 153
129 175
129 188
129 218
130 143
130 145
130 160
130 172
130 177
130 178
130 182
130 205
130 210
130 229
131 172
131 202
131 210
132 139
132 174
132 178
132 192
132 205
132 219
132 244
133 150
133 159
133 160
133 176
133 225
133 228
133 230
134 148
134 162
134 184
134 203
134 212
134 213
134 221
134 222
135 139
135 146
135 147
135 160
135 213
135 249
136 164
136 167
136 172
136 180
136 189
136 190
136 217
137 210
137 232
137 233
137 238
138 149
138 171
138 195
138 199
138 219
138 226
138 240
139 140
139 152
139 188
140 144
140 154
140 159
140 175
140 176
140 187
140 213
140 232
140 235
140 236
140 244
141 167
141 229
142 201
142 220
142 249
143 146
143 149
143 172
143 198
143 228
144 170
144 176
144 178
144 184
144 188
144 210
144 216
145 154
145 208
146 186
146 216
146 228
147 163
147 175
147 179
147 181
147 186
147 193
147 194
147 199
147 204
147 217
147 229
147 248
148 157
148 224
148 232
149 159
149 220
149 223
149 233
150 161
150 200
150 208
151 171
151 188
152 158
152 232
153 198
153 213
153 226
153 249
154 169
154 185
154 192
154 194
154 222
154 230
154 240
155 158
155 162
155 165
155 169
155 175
155 194
155 202
155 204
156 172
156 173
156 187
156 190
156 211
156 244
157 158
157 175
157 192
157 197
157 200
157 226
157 243
158 180
158 210
158 242
159 191
159 207
159 242
159 243
160 181
160 203
160 227
160 229
161 179
161 205
161 227
161 231
162 187
162 190
162 215
162 222
162 226
162 232
163 165
163 167
163 176
163 186
163 209
163 228
163 233
163 242
163 245
163 246
164 179
164 185
164 223
164 227
165 178
165 193
165 224
165 225
165 230
165 243
166 171
166 174
166 223
167 192
167 225
168 231
169 217
169 219
170 182
170 191
170 217
170 236
170 243
171 194
171 241
171 243
171 247
172 236
173 212
173 218
173 229
173 245
174 186
174 221
174 227
174 228
174 236
175 176
175 182
175 212
175 219
175 236
176 200
176 216
177 192
177 209
178 191
178 201
178 205
178 215
178 218
179 199
179 207
179 216
179 226
179 244
180 183
180 184
180 215
180 233
181 185
181 187
181 193
181 228
181 230
182 228
184 223
184 234
184 238
185 240
186 218
186 247
187 189
187 199
187 203
187 220
187 236
188 205
189 216
189 217
189 229
189 237
190 197
190 214
190 218
190 244
190 248
191 199
191 221
191 225
191 231
191 242
193 201
193 203
193 225
193 227
193 230
193 235
193 241
193 244
194 206
194 215
194 225
195 196
195 207
195 231
196 201
197 218
198 204
200 201
200 206
201 238
201 241
202 239
203 239
204 221
204 232
205 245
205 247
206 234
207 211
207 220
209 211
209 215
209 249
210 218
210 246
211 241
212 223
213 224
214 216
214 230
216 222
217 236
220 236
221 228
221 233
221 234
222 235
223 237
224 232
224 239
227 246
227 247
228 232
228 237
234 241
236 242
237 247
237 248
