0 1
0 2
0 3
0 4
0 5
0 6
0 7
0 8
0 9
0 10
0 11
0 12
0 13
0 14
0 15
0 16
0 18
0 19
0 20
0 21
0 22
0 24
0 25
0 26
0 28
0 30
0 31
0 35
0 36
0 38
0 39
0 40
0 42
0 43
0 47
0 48
0 50
0 52
0 56
0 57
0 60
0 61
0 63
0 66
0 68
0 70
0 72
0 77
0 78
0 80
0 82
0 90
0 95
0 96
0 99
0 100
0 122
0 137
0 153
0 156
0 164
0 175
0 176
0 178
0 181
0 185
0 189
0 192
0 195
0 199
0 200
0 213
0 214
0 215
0 221
0 225
0 228
0 229
0 233
0 235
0 236
0 242
0 247
1 11
1 12
1 13
1 14
1 19
1 20
1 22
1 24
1 28
1 29
1 32
1 33
1 39
1 40
1 48
1 51
1 52
1 56
1 57
1 59
1 65
1 67
1 70
1 77
1 94
1 95
1 101
1 110
1 143
1 149
1 154
1 160
1 161
1 167
1 169
1 171
1 182
1 197
1 217
1 220
1 240
2 11
2 12
2 14
2 15
2 16
2 19
2 22
2 23
2 26
2 32
2 35
2 38
2 40
2 41
2 44
2 45
2 52
2 53
2 55
2 57
2 63
2 67
2 70
2 76
2 89
2 95
2 97
2 102
2 120
2 121
2 144
2 165
2 186
2 205
2 222
2 227
2 231
3 11
3 12
3 13
3 15
3 16
3 18
3 23
3 29
3 31
3 37
3 39
3 42
3 46
3 53
3 55
3 59
3 66
3 71
3 73
3 80
3 97
3 99
3 101
3 119
3 120
3 121
3 129
3 134
3 141
3 150
3 151
3 207
3 208
3 222
3 239
4 11
4 12
4 13
4 15
4 16
4 17
4 25
4 27
4 36
4 38
4 47
4 49
4 61
4 67
4 69
4 81
4 89
4 95
4 105
4 111
4 159
4 220
4 225
4 248
5 11
5 12
5 13
5 15
5 19
5 20
5 24
5 25
5 26
5 31
5 32
5 36
5 37
5 40
5 44
5 49
5 51
5 71
5 74
5 78
5 80
5 84
5 94
5 96
5 98
5 109
5 112
5 119
5 127
5 135
5 143
5 152
5 154
5 158
5 160
5 168
5 187
5 192
5 201
5 202
5 204
5 219
5 223
5 227
5 232
5 248
6 11
6 12
6 13
6 14
6 15
6 16
6 17
6 20
6 22
6 23
6 28
6 35
6 37
6 41
6 47
6 52
6 53
6 55
6 60
6 62
6 86
6 89
6 90
6 97
6 103
6 126
6 129
6 134
6 135
6 138
6 144
6 154
6 165
6 166
6 170
6 182
6 203
6 205
6 213
6 215
6 226
6 235
7 11
7 13
7 14
7 17
7 18
7 24
7 27
7 34
7 37
7 41
7 46
7 57
7 104
8 12
8 13
8 18
8 22
8 27
8 33
8 49
8 54
8 64
8 69
8 93
8 96
8 137
8 140
8 143
8 164
8 168
8 173
8 190
8 218
9 11
9 14
9 17
9 18
9 21
9 24
9 25
9 26
9 27
9 29
9 32
9 33
9 58
9 60
9 61
9 76
9 95
9 111
9 113
9 114
9 118
9 128
9 129
9 141
9 147
9 172
9 193
9 194
9 208
9 215
9 226
9 228
9 229
10 11
10 12
10 14
10 15
10 17
10 19
10 22
10 26
10 42
10 50
10 55
10 62
10 65
10 83
10 95
10 97
10 104
10 105
10 108
10 116
10 126
10 127
10 154
10 170
10 178
10 179
10 182
10 206
10 232
10 241
11 12
11 13
11 14
11 15
11 16
11 17
11 18
11 20
11 21
11 23
11 27
11 28
11 31
11 32
11 34
11 35
11 40
11 41
11 43
11 44
11 45
11 50
11 55
11 56
11 62
11 65
11 67
11 70
11 71
11 73
11 76
11 77
11 79
11 81
11 83
11 90
11 91
11 94
11 98
11 99
11 100
11 103
11 104
11 107
11 117
11 118
11 128
11 131
11 134
11 136
11 137
11 139
11 146
11 147
11 149
11 164
11 169
11 173
11 177
11 181
11 182
11 185
11 190
11 206
11 208
11 211
11 214
11 220
11 227
11 240
11 243
11 248
12 13
12 14
12 15
12 16
12 17
12 20
12 21
12 22
12 23
12 24
12 25
12 26
12 28
12 29
12 32
12 33
12 34
12 36
12 38
12 39
12 42
12 45
12 46
12 48
12 51
12 56
12 63
12 69
12 71
12 74
12 75
12 77
12 90
12 91
12 98
12 101
12 103
12 108
12 111
12 117
12 122
12 123
12 126
12 131
12 140
12 141
12 143
12 155
12 163
12 173
12 176
12 184
12 189
12 190
12 193
12 200
12 203
12 214
12 222
12 249
13 14
13 15
13 16
13 17
13 18
13 19
13 20
13 21
13 25
13 26
13 28
13 29
13 33
13 34
13 35
13 36
13 38
13 41
13 42
13 44
13 45
13 46
13 47
13 49
13 56
13 59
13 61
13 65
13 66
13 68
13 71
13 73
13 75
13 77
13 79
13 82
13 88
13 91
13 92
13 94
13 95
13 99
13 106
13 107
13 111
13 117
13 120
13 121
13 125
13 127
13 132
13 133
13 138
13 142
13 145
13 148
13 155
13 157
13 158
13 162
13 163
13 174
13 196
13 197
13 204
13 208
13 210
13 215
13 219
13 224
13 227
13 232
13 239
13 240
13 241
14 16
14 17
14 18
14 19
14 20
14 21
14 23
14 24
14 26
14 27
14 29
14 30
14 31
14 37
14 43
14 48
14 50
14 51
14 52
14 55
14 58
14 61
14 66
14 76
14 80
14 81
14 85
14 87
14 88
14 91
14 92
14 117
14 127
14 148
14 165
14 166
14 167
14 172
14 180
14 182
14 203
14 212
14 226
14 230
14 231
14 235
14 242
14 245
14 246
15 16
15 17
15 19
15 20
15 21
15 22
15 25
15 27
15 33
15 34
15 36
15 37
15 38
15 41
15 44
15 47
15 52
15 53
15 58
15 59
15 62
15 65
15 70
15 71
15 73
15 78
15 79
15 81
15 83
15 100
15 106
15 114
15 118
15 120
15 138
15 139
15 143
15 146
15 153
15 160
15 161
15 179
15 181
15 199
15 211
15 243
16 18
16 19
16 22
16 25
16 27
16 29
16 30
16 31
16 32
16 44
16 51
16 54
16 59
16 60
16 67
16 73
16 81
16 82
16 84
16 86
16 88
16 91
16 96
16 110
16 120
16 127
16 129
16 137
16 158
16 176
16 179
16 180
16 192
16 196
16 205
16 207
16 214
16 241
16 247
17 18
17 19
17 21
17 28
17 31
17 37
17 39
17 43
17 47
17 49
17 51
17 53
17 54
17 62
17 75
17 78
17 84
17 89
17 105
17 108
17 123
17 126
17 130
17 149
17 152
17 163
17 184
17 198
17 201
17 243
18 20
18 23
18 26
18 34
18 35
18 43
18 44
18 45
18 46
18 49
18 58
18 62
18 64
18 65
18 67
18 76
18 80
18 85
18 86
18 87
18 90
18 133
18 135
18 145
18 149
18 153
18 168
18 171
18 172
18 174
18 180
18 183
18 186
18 194
18 208
18 235
19 21
19 22
19 23
19 24
19 25
19 27
19 28
19 30
19 31
19 36
19 39
19 40
19 42
19 51
19 53
19 56
19 58
19 61
19 70
19 71
19 76
19 81
19 87
19 89
19 102
19 104
19 106
19 112
19 115
19 118
19 120
19 129
19 130
19 138
19 154
19 166
19 170
19 171
19 172
19 180
19 187
19 201
19 204
19 207
19 231
19 239
20 21
20 27
20 29
20 30
20 31
20 39
20 40
20 41
20 42
20 45
20 46
20 48
20 54
20 60
20 67
20 73
20 77
20 80
20 89
20 90
20 95
20 99
20 101
20 102
20 110
20 120
20 123
20 129
20 136
20 141
20 144
20 152
20 153
20 154
20 155
20 160
20 161
20 163
20 168
20 174
20 176
20 212
20 217
20 242
20 243
21 23
21 24
21 28
21 29
21 34
21 35
21 36
21 47
21 48
21 55
21 60
21 62
21 63
21 64
21 73
21 75
21 83
21 84
21 91
21 92
21 99
21 110
21 127
21 129
21 130
21 134
21 142
21 150
21 151
21 156
21 161
21 180
21 183
21 189
21 205
21 212
21 220
21 225
21 236
21 238
22 23
22 24
22 25
22 26
22 30
22 32
22 33
22 35
22 38
22 41
22 45
22 46
22 61
22 66
22 69
22 79
22 85
22 86
22 87
22 92
22 98
22 104
22 107
22 115
22 131
22 149
22 151
22 158
22 165
22 185
22 188
22 209
22 210
22 217
22 227
22 249
23 29
23 30
23 32
23 33
23 45
23 52
23 57
23 64
23 75
23 91
23 108
23 110
23 112
23 113
23 130
23 131
23 155
23 174
23 192
23 197
23 220
23 224
23 231
24 30
24 36
24 37
24 41
24 42
24 43
24 46
24 53
24 54
24 63
24 68
24 72
24 110
24 114
24 122
24 139
24 164
24 179
24 197
24 220
24 222
25 32
25 43
25 52
25 58
25 59
25 66
25 67
25 68
25 80
25 94
25 121
25 128
25 138
25 146
25 150
25 158
25 161
25 166
25 193
25 197
25 204
25 209
25 217
25 238
25 245
26 31
26 34
26 35
26 38
26 42
26 55
26 59
26 60
26 71
26 79
26 80
26 88
26 89
26 100
26 106
26 113
26 115
26 121
26 122
26 124
26 126
26 130
26 132
26 136
26 139
26 141
26 142
26 153
26 162
26 163
26 167
26 168
26 171
26 173
26 180
26 184
26 199
26 203
26 211
26 214
26 243
26 247
27 28
27 30
27 42
27 48
27 51
27 57
27 66
27 68
27 83
27 93
27 99
27 100
27 115
27 124
27 125
27 142
27 145
27 158
27 160
27 169
27 189
27 203
27 220
28 30
28 33
28 45
28 57
28 61
28 64
28 65
28 66
28 72
28 73
28 97
28 100
28 106
28 109
28 122
28 123
28 128
28 130
28 135
28 152
28 156
28 158
28 159
28 178
28 185
28 194
28 217
28 221
28 225
28 231
29 35
29 40
29 43
29 51
29 63
29 65
29 74
29 76
29 79
29 81
29 90
29 96
29 106
29 113
29 114
29 124
29 135
29 162
29 163
29 165
29 168
29 175
29 185
29 186
29 193
29 203
29 218
29 222
29 242
30 38
30 39
30 43
30 45
30 50
30 53
30 54
30 56
30 57
30 58
30 59
30 68
30 76
30 86
30 98
30 104
30 110
30 130
30 138
30 140
30 142
30 150
30 175
30 181
30 184
30 196
30 206
30 213
30 219
30 244
30 247
31 33
31 34
31 36
31 39
31 44
31 46
31 48
31 56
31 59
31 64
31 67
31 76
31 81
31 84
31 90
31 94
31 100
31 116
31 118
31 146
31 156
31 173
31 183
31 201
31 210
31 212
31 217
31 221
31 222
31 234
31 236
32 34
32 38
32 39
32 41
32 54
32 55
32 60
32 68
32 71
32 93
32 94
32 108
32 115
32 127
32 129
32 138
32 140
32 141
32 147
32 154
32 158
32 159
32 162
32 174
32 191
32 193
32 216
32 230
32 243
32 244
32 248
33 40
33 43
33 47
33 56
33 75
33 90
33 97
33 111
33 124
33 136
33 137
33 139
33 142
33 148
33 168
33 177
33 187
33 237
34 37
34 47
34 48
34 49
34 50
34 53
34 62
34 64
34 66
34 67
34 79
34 80
34 92
34 108
34 110
34 119
34 124
34 132
34 157
34 177
34 187
34 200
34 205
34 206
34 208
34 213
34 239
34 243
35 50
35 54
35 58
35 68
35 69
35 94
35 113
35 119
35 136
35 152
35 188
35 190
35 194
35 208
35 245
36 37
36 63
36 82
36 108
36 115
36 117
36 121
36 150
36 155
36 167
36 202
36 244
36 245
37 56
37 59
37 70
37 75
37 83
37 87
37 93
37 95
37 167
37 184
37 204
37 206
37 213
37 216
37 241
38 65
38 87
38 93
38 105
38 141
38 170
38 173
38 184
38 199
38 201
38 223
39 40
39 44
39 52
39 54
39 74
39 114
39 117
39 141
39 155
39 175
39 179
40 49
40 50
40 62
40 64
40 74
40 82
40 84
40 86
40 92
40 101
40 114
40 128
40 130
40 134
40 151
40 158
40 164
40 180
40 183
40 199
40 201
41 46
41 47
41 53
41 54
41 69
41 97
41 105
41 117
41 119
41 146
41 151
41 165
41 176
41 184
41 187
41 192
41 202
41 241
41 242
42 52
42 79
42 98
42 106
42 107
42 127
42 152
42 154
42 164
42 172
42 177
42 182
42 192
42 193
42 205
43 44
43 50
43 63
43 64
43 70
43 72
43 78
43 103
43 105
43 122
43 132
43 148
43 178
43 216
43 220
43 224
43 249
44 49
44 60
44 68
44 72
44 86
44 109
44 114
44 125
44 134
44 135
44 144
44 151
44 197
44 210
44 233
44 234
44 236
45 63
45 66
45 79
45 82
45 83
45 115
45 116
45 134
45 167
45 193
45 205
45 207
45 227
45 235
46 48
46 50
46 62
46 69
46 72
46 77
46 80
46 83
46 123
46 156
46 176
46 183
46 195
46 227
46 229
46 238
46 249
47 49
47 57
47 58
47 85
47 102
47 109
47 123
47 133
47 148
47 159
47 167
47 173
47 174
47 185
47 189
48 72
48 82
48 94
48 99
48 103
48 122
48 123
48 124
48 144
48 218
48 225
48 245
49 51
49 81
49 92
49 109
49 152
49 182
49 196
49 204
49 219
50 111
50 135
50 140
50 144
50 162
50 195
50 211
50 249
51 58
51 77
51 83
51 117
51 131
51 163
51 175
51 186
51 196
51 197
51 233
52 60
52 61
52 70
52 85
52 90
52 110
52 119
52 124
52 143
52 144
52 146
52 147
52 156
52 162
52 178
52 189
52 196
52 218
52 235
52 242
53 55
53 74
53 78
53 116
53 132
53 135
53 136
53 190
53 191
53 193
53 201
53 204
53 210
53 218
54 57
54 64
54 69
54 77
54 79
54 81
54 88
54 96
54 109
54 113
54 114
54 125
54 131
54 136
54 140
54 188
54 200
54 206
55 74
55 85
55 93
55 96
55 100
55 102
55 105
55 145
55 179
55 195
55 202
55 217
56 74
56 84
56 89
56 92
56 131
56 134
56 145
56 164
56 177
56 200
56 224
56 237
57 84
57 93
57 98
57 102
57 128
57 135
57 171
57 191
57 215
57 239
58 91
58 117
58 139
58 142
58 148
58 166
58 169
58 185
58 195
58 205
58 207
58 228
58 241
59 61
59 70
59 72
59 74
59 78
59 82
59 85
59 98
59 119
59 157
59 175
59 240
60 104
60 126
60 168
60 172
60 188
60 208
60 239
60 246
61 63
61 75
61 93
61 106
61 107
61 116
61 149
61 188
61 231
61 237
61 238
61 245
62 68
62 82
62 116
62 127
62 153
62 176
62 200
62 217
62 237
63 69
63 78
63 83
63 89
63 91
63 102
63 105
63 112
63 130
63 145
63 171
63 216
63 230
64 65
64 75
64 82
64 86
64 93
64 113
64 136
64 162
64 192
64 198
64 223
64 228
65 118
65 128
65 138
65 179
65 214
65 218
65 234
66 69
66 72
66 75
66 86
66 88
66 102
66 104
66 146
66 157
66 165
66 182
66 190
66 248
67 73
67 87
67 96
67 98
67 106
67 107
67 128
67 133
67 155
67 169
67 202
67 234
68 71
68 85
68 96
68 107
68 109
68 112
68 124
68 133
68 139
68 153
68 168
68 170
68 181
68 216
68 226
69 72
69 73
69 101
69 248
70 91
70 103
70 109
70 111
70 121
70 140
70 162
70 163
70 166
70 184
70 185
70 186
70 209
71 109
71 132
71 148
71 175
71 178
71 183
71 248
72 78
72 88
72 102
72 104
72 107
72 111
72 145
72 155
72 178
72 187
72 191
72 194
72 195
72 197
72 202
72 221
72 232
73 74
73 93
73 107
73 120
73 148
73 205
74 85
74 89
74 95
74 106
74 132
74 151
74 156
74 160
74 167
74 176
74 183
74 194
74 218
74 219
74 241
74 244
75 76
75 77
75 78
75 88
75 97
75 112
75 119
75 161
75 172
75 204
75 217
75 240
75 245
76 87
76 97
76 115
76 142
76 143
76 149
76 221
76 228
77 84
77 100
77 134
77 137
77 168
77 207
78 96
78 100
78 113
78 201
79 101
79 122
79 124
79 183
79 198
79 211
79 230
79 237
80 86
80 88
80 108
80 118
80 125
80 128
80 133
80 162
80 217
80 225
81 99
81 118
81 174
82 84
82 92
82 102
82 114
82 118
82 121
82 152
82 165
82 169
82 174
82 180
82 186
82 195
82 221
82 237
83 85
83 87
83 88
83 94
83 119
83 123
83 125
83 140
83 149
83 150
83 157
83 164
83 172
83 175
83 186
83 188
83 193
83 212
83 226
83 229
83 233
83 238
83 248
84 97
84 148
85 92
85 104
85 112
85 121
85 125
85 147
85 175
85 209
85 213
85 232
85 248
86 87
86 99
86 101
86 111
86 125
86 146
87 103
87 110
87 112
87 133
87 144
87 145
87 158
87 166
87 190
87 202
87 213
87 218
87 225
88 120
88 165
89 170
89 196
89 209
90 103
90 123
90 131
90 133
90 145
90 157
90 177
90 192
90 200
90 206
90 230
91 113
91 137
91 177
91 209
91 245
92 98
92 105
92 112
92 113
92 120
92 144
92 150
92 161
92 191
92 194
93 105
93 114
93 132
93 147
93 155
93 157
93 161
93 183
93 241
94 138
94 143
94 166
94 189
94 199
94 203
94 209
94 216
94 247
95 108
95 179
95 232
95 239
96 101
96 156
96 178
96 189
96 219
96 222
96 244
97 101
97 122
97 152
97 163
97 177
97 178
97 199
97 237
97 246
98 159
98 176
98 223
99 116
99 169
99 200
99 212
99 213
100 103
100 116
100 144
100 188
100 207
101 125
101 131
101 135
101 139
101 171
101 189
101 191
101 222
102 103
102 108
102 112
102 115
102 118
102 137
102 169
102 196
102 197
102 228
103 126
103 198
103 213
103 237
104 126
105 107
105 109
105 126
105 150
105 151
105 216
105 224
105 231
105 235
106 115
106 129
106 139
106 141
106 143
106 161
106 194
107 160
107 164
108 111
108 136
108 137
108 244
109 146
109 195
109 205
109 208
109 219
110 119
110 125
110 153
110 162
110 166
110 172
110 233
110 234
111 116
111 121
111 174
111 207
111 212
112 133
112 134
112 151
112 167
112 222
113 117
113 122
113 124
113 140
113 142
113 199
113 201
113 203
113 207
114 116
114 130
114 180
115 123
115 141
115 166
115 180
116 131
116 150
116 154
116 184
116 193
116 216
116 247
117 182
117 190
117 212
118 138
118 187
118 203
118 215
118 228
118 230
119 136
119 156
119 160
119 191
119 220
119 226
119 238
120 126
120 127
120 150
120 225
120 246
120 249
121 128
121 129
121 146
121 155
121 159
121 194
121 195
121 207
121 223
121 228
121 232
121 239
121 244
122 133
122 234
122 247
123 147
123 159
123 175
123 184
123 235
123 246
123 248
124 132
124 164
124 185
124 198
125 142
125 149
125 157
125 170
125 191
125 194
125 211
125 236
125 246
126 139
126 148
126 154
126 171
127 206
128 140
128 147
128 167
128 170
128 186
128 187
128 208
128 223
128 225
128 234
128 239
129 227
130 137
131 132
131 147
131 246
132 163
132 181
132 202
132 226
133 143
133 188
133 206
133 211
134 157
134 182
134 224
134 243
135 221
135 227
136 159
136 170
136 196
136 202
137 156
137 171
137 195
137 222
138 153
138 177
138 212
138 242
139 181
140 227
140 240
141 145
141 151
141 152
141 161
141 200
141 215
141 218
142 190
142 230
143 147
145 153
145 178
145 229
145 232
146 173
146 181
146 233
146 238
147 157
147 210
147 216
147 247
148 149
148 170
148 173
148 189
149 221
149 235
150 169
150 226
151 172
151 177
151 243
152 190
152 220
152 223
152 237
152 240
153 160
153 173
154 210
155 159
155 209
155 233
156 159
156 185
156 224
157 199
157 214
158 169
158 196
158 225
158 229
159 160
159 188
160 165
160 171
160 176
160 210
160 216
160 228
160 236
161 230
161 238
161 249
162 181
162 200
162 203
163 186
163 187
163 211
163 224
163 239
163 244
164 197
164 198
164 202
164 211
164 233
165 181
166 199
167 188
167 204
167 226
167 238
168 221
170 179
170 183
171 179
171 223
171 226
171 236
172 198
172 218
172 230
173 174
173 241
174 214
175 206
175 213
176 192
176 204
176 215
177 228
177 231
178 191
178 215
178 229
178 231
179 192
179 219
180 186
180 246
181 243
183 236
183 240
183 249
184 214
184 231
184 235
185 187
185 210
185 245
186 240
187 198
187 236
188 191
188 198
188 236
188 246
189 229
190 214
190 238
191 244
193 198
194 201
194 223
198 210
198 242
199 215
199 241
200 223
200 233
200 234
201 211
203 209
203 212
205 221
207 209
207 224
207 246
208 230
209 219
211 237
212 224
212 229
212 244
216 219
216 229
218 242
220 234
221 233
221 234
221 240
221 249
222 245
223 242
226 232
228 249
229 232
230 247
246 247
