0 1
0 2
0 3
0 4
0 5
0 6
0 7
0 8
0 9
0 10
0 11
0 13
0 16
0 17
0 18
0 24
0 28
0 30
0 38
0 40
0 43
0 44
0 50
0 53
0 56
0 64
0 75
0 77
0 80
0 86
0 93
0 98
0 99
0 104
0 107
0 119
0 122
0 124
0 144
0 162
0 168
0 197
0 199
0 208
0 210
0 224
0 245
0 247
1 7
1 8
1 10
1 11
1 13
1 14
1 20
1 21
1 26
1 28
1 33
1 34
1 37
1 39
1 40
1 45
1 54
1 69
1 75
1 78
1 86
1 95
1 101
1 105
1 108
1 121
1 142
1 151
1 156
1 163
1 169
1 176
1 181
1 187
1 190
1 193
1 204
1 206
1 213
1 221
1 236
2 8
2 9
2 12
2 16
2 17
2 20
2 27
2 49
2 52
2 53
2 62
2 63
2 64
2 65
2 87
2 100
2 123
2 133
2 141
2 149
2 161
2 165
2 187
2 189
2 193
2 216
2 233
2 247
3 7
3 8
3 9
3 10
3 11
3 12
3 13
3 14
3 19
3 20
3 21
3 23
3 27
3 33
3 34
3 35
3 36
3 42
3 44
3 46
3 55
3 57
3 58
3 59
3 61
3 63
3 66
3 71
3 72
3 74
3 81
3 83
3 88
3 90
3 96
3 108
3 110
3 117
3 123
3 125
3 128
3 134
3 136
3 145
3 149
3 162
3 175
3 179
3 180
3 182
3 195
3 209
3 221
3 225
3 227
3 240
4 7
4 9
4 12
4 13
4 23
4 26
4 27
4 29
4 32
4 33
4 35
4 37
4 38
4 40
4 46
4 54
4 56
4 63
4 71
4 72
4 87
4 106
4 130
4 184
4 194
4 226
4 241
5 7
5 8
5 10
5 12
5 21
5 27
5 39
5 48
5 49
5 70
5 105
5 109
5 114
5 125
5 146
5 154
5 158
5 173
5 187
5 202
5 207
5 227
6 7
6 11
6 16
6 18
6 20
6 23
6 25
6 37
6 47
6 57
6 58
6 64
6 67
6 87
6 101
6 109
6 117
6 122
6 130
6 141
6 152
6 173
6 188
6 190
6 203
6 219
6 226
6 230
6 231
6 248
7 8
7 9
7 10
7 11
7 12
7 14
7 18
7 19
7 21
7 22
7 26
7 28
7 29
7 31
7 38
7 40
7 45
7 49
7 50
7 59
7 61
7 65
7 70
7 77
7 88
7 99
7 108
7 110
7 116
7 122
7 126
7 129
7 142
7 176
7 189
7 210
7 215
7 224
7 226
7 229
7 241
7 245
8 9
8 15
8 17
8 19
8 20
8 23
8 31
8 34
8 55
8 82
8 90
8 95
8 111
8 120
8 121
8 125
8 132
8 135
8 140
8 162
8 167
8 168
8 181
8 186
8 197
8 214
8 223
8 229
9 10
9 12
9 14
9 15
9 18
9 19
9 22
9 25
9 26
9 32
9 34
9 41
9 82
9 85
9 115
9 118
9 131
9 134
9 141
9 150
9 167
9 179
9 188
9 205
9 223
10 11
10 13
10 14
10 15
10 16
10 21
10 22
10 23
10 29
10 33
10 38
10 40
10 41
10 43
10 45
10 51
10 52
10 62
10 73
10 75
10 76
10 79
10 83
10 85
10 88
10 91
10 95
10 96
10 100
10 108
10 117
10 128
10 133
10 147
10 157
10 169
10 173
10 176
10 178
10 189
10 193
10 202
10 210
10 221
10 229
10 246
11 13
11 15
11 17
11 24
11 25
11 37
11 40
11 68
11 69
11 80
11 85
11 91
11 110
11 118
11 121
11 127
11 128
11 129
11 135
11 137
11 144
11 151
11 164
11 172
11 177
11 189
11 190
11 203
11 221
11 230
12 14
12 19
12 25
12 33
12 39
12 44
12 51
12 57
12 66
12 92
12 110
12 115
12 134
12 184
13 15
13 16
13 27
13 35
13 52
13 74
13 127
13 133
13 155
13 187
13 202
13 234
13 239
14 15
14 16
14 18
14 24
14 27
14 29
14 31
14 33
14 36
14 37
14 39
14 46
14 47
14 49
14 52
14 53
14 55
14 58
14 59
14 61
14 96
14 99
14 103
14 115
14 119
14 124
14 134
14 158
14 174
14 183
14 184
14 190
14 199
14 201
14 203
14 221
15 17
15 19
15 21
15 24
15 28
15 31
15 32
15 35
15 36
15 45
15 50
15 51
15 58
15 71
15 72
15 73
15 85
15 87
15 93
15 94
15 97
15 98
15 104
15 120
15 156
15 160
15 174
15 198
15 200
15 201
15 207
15 211
15 214
15 230
15 231
15 235
16 17
16 18
16 20
16 23
16 25
16 26
16 28
16 30
16 31
16 32
16 36
16 38
16 42
16 43
16 45
16 47
16 48
16 50
16 51
16 54
16 62
16 66
16 67
16 73
16 74
16 79
16 95
16 99
16 102
16 107
16 120
16 127
16 129
16 130
16 136
16 157
16 168
16 202
16 204
16 228
16 245
17 24
17 28
17 34
17 36
17 47
17 56
17 60
17 88
17 97
17 100
17 120
17 126
17 171
17 187
17 193
18 22
18 181
18 246
19 29
19 35
19 44
19 63
19 84
19 99
19 111
19 119
19 136
19 146
19 151
19 242
20 22
20 42
20 59
20 68
20 73
20 90
20 94
20 110
20 124
20 135
20 138
20 141
20 144
20 177
20 193
20 198
20 210
20 217
20 243
21 22
21 24
21 34
21 36
21 43
21 46
21 55
21 84
21 92
21 107
21 122
21 152
21 170
21 208
21 213
21 235
22 30
22 32
22 41
22 55
22 59
22 69
22 73
22 90
22 169
22 175
22 186
22 217
22 228
22 244
23 25
23 26
23 41
23 43
23 44
23 47
23 62
23 69
23 80
23 81
23 83
23 89
23 92
23 94
23 104
23 109
23 117
23 127
23 142
23 144
23 145
23 159
23 161
23 165
23 174
23 177
23 183
23 186
23 197
23 198
23 204
23 212
23 218
23 230
23 245
24 30
24 39
24 41
24 42
24 69
24 70
24 79
24 94
24 96
24 107
24 109
24 111
24 112
24 114
24 116
24 119
24 152
24 166
24 199
24 214
24 216
24 224
24 236
25 32
25 38
25 52
25 74
25 77
25 83
25 90
25 100
25 116
25 119
25 167
25 183
25 198
25 228
26 29
26 30
26 53
26 65
26 66
26 78
26 80
26 82
26 91
26 94
26 101
26 102
26 105
26 137
26 146
26 156
26 194
26 213
26 232
26 236
27 30
27 51
27 132
27 134
27 185
27 236
28 42
28 54
28 89
28 98
28 140
29 31
29 37
29 83
29 138
29 151
29 173
29 179
29 194
30 55
30 96
30 109
30 133
30 143
30 150
31 45
31 47
31 60
31 68
31 75
31 87
31 92
31 139
31 161
31 211
31 220
31 221
31 240
32 61
32 81
32 85
32 93
32 138
32 157
32 165
32 174
32 180
32 195
32 196
32 216
32 218
32 233
32 248
33 35
33 62
33 72
33 104
33 111
33 118
33 130
33 215
34 41
34 43
34 48
34 52
34 60
34 65
34 72
34 93
34 103
34 106
34 110
34 112
34 133
34 158
34 163
34 181
34 206
34 212
34 222
34 224
34 232
34 249
35 39
35 59
35 63
35 81
35 153
35 160
35 164
35 178
35 179
35 183
35 223
36 68
36 106
36 112
36 128
36 138
36 161
36 243
37 67
37 78
37 104
37 118
37 132
37 160
37 164
37 166
37 176
37 205
38 80
38 123
38 135
38 160
39 42
39 44
39 48
39 49
39 57
39 60
39 61
39 64
39 68
39 104
39 114
39 125
39 153
39 170
39 204
39 246
40 46
40 48
40 64
40 65
40 140
40 189
40 191
40 197
40 234
41 50
41 54
41 64
41 66
41 74
41 77
41 83
41 101
41 116
41 125
41 149
41 164
41 179
41 229
42 56
42 78
42 85
42 97
42 131
42 167
42 194
42 208
42 214
42 228
43 46
43 60
43 70
43 87
43 88
43 96
43 113
43 114
43 143
43 146
43 148
43 166
43 171
43 235
44 49
44 53
44 56
44 57
44 67
44 69
44 70
44 71
44 77
44 81
44 84
44 108
44 118
44 127
44 131
44 162
44 172
44 177
44 191
44 196
44 197
44 199
44 200
44 233
45 53
45 71
45 81
45 82
45 113
45 117
45 192
45 232
45 238
46 65
46 115
46 151
46 153
46 220
47 48
47 54
47 56
47 60
47 68
47 103
47 106
47 131
47 133
47 137
47 170
47 173
47 175
47 191
47 194
47 225
47 231
47 237
48 50
48 61
48 70
48 106
48 135
48 154
48 158
48 163
48 185
48 193
48 246
49 57
49 75
49 76
49 79
49 91
49 95
49 100
49 101
49 105
49 147
49 155
49 160
49 174
49 178
49 192
49 210
50 51
50 58
50 86
50 142
50 214
50 218
50 220
51 93
51 129
51 166
51 202
52 97
52 141
52 147
52 157
52 168
52 170
52 249
53 58
53 67
53 113
53 148
53 226
54 79
54 82
54 111
54 130
54 143
54 160
54 165
54 188
54 219
54 237
55 76
55 98
55 112
55 143
55 152
55 154
55 178
55 198
55 207
55 234
55 244
56 79
56 227
57 75
57 84
57 89
57 92
57 99
57 112
57 231
58 155
59 63
59 76
59 86
59 91
59 115
59 137
59 159
59 182
59 206
59 245
60 62
60 66
60 67
60 72
60 80
60 124
60 139
60 148
60 153
60 174
60 175
60 223
60 225
60 234
61 71
61 82
61 84
61 114
61 123
61 140
61 146
61 171
61 189
61 207
61 218
61 230
62 76
62 88
62 90
62 142
62 150
62 178
62 190
62 203
62 217
63 97
63 154
63 172
63 240
64 184
64 208
65 73
65 119
65 172
65 192
66 100
66 122
66 129
66 132
66 231
66 235
67 76
67 89
67 115
67 116
67 130
67 144
67 158
67 170
67 171
67 175
67 200
67 224
68 101
68 136
69 106
69 113
69 116
69 120
69 136
69 142
69 164
69 183
69 188
69 222
69 233
70 74
70 78
70 124
70 126
70 132
70 134
71 123
71 139
71 157
71 182
71 246
72 78
72 177
73 77
73 86
73 102
73 152
73 161
73 186
73 239
73 241
74 89
74 98
74 102
74 139
74 227
74 235
75 92
75 168
75 171
75 196
75 205
76 84
76 95
76 120
76 121
76 149
76 159
76 172
78 184
79 145
79 148
79 156
79 188
80 107
80 143
80 226
80 243
81 105
81 200
81 206
81 223
81 247
82 89
82 181
82 190
82 217
82 236
83 145
83 176
83 187
83 194
84 86
84 128
84 145
84 185
84 216
84 239
85 93
85 103
85 148
85 154
85 164
85 176
85 191
85 205
85 220
86 97
86 103
86 105
86 125
86 208
87 94
87 127
87 138
87 158
87 169
87 219
88 98
88 117
88 122
88 155
88 180
88 192
88 210
88 228
89 91
89 102
89 103
89 112
89 128
89 147
89 167
89 182
89 201
89 204
89 211
89 214
89 215
90 136
91 147
91 243
92 222
93 113
93 178
94 171
95 154
95 155
95 224
96 107
96 195
96 209
97 102
97 109
97 121
97 211
97 219
97 237
97 242
98 111
98 143
98 144
98 156
99 114
99 123
100 238
101 153
101 159
101 191
102 121
102 199
102 228
102 238
103 153
103 162
103 188
103 196
103 222
104 232
105 108
105 126
106 140
107 113
107 124
107 139
107 195
107 239
107 247
107 248
109 129
109 159
109 167
109 220
110 118
110 131
110 150
111 126
111 138
111 163
111 177
111 240
112 157
112 162
112 185
112 203
113 126
113 163
113 191
113 195
113 216
114 137
114 149
115 229
116 165
117 242
118 132
118 238
118 244
119 137
120 192
121 139
121 169
121 204
121 215
121 236
123 140
123 201
123 205
124 141
124 197
126 161
126 233
126 242
127 216
127 218
128 131
128 135
128 146
128 147
129 149
129 150
129 152
129 155
129 241
131 173
132 244
132 248
133 145
133 249
134 168
134 205
135 172
135 182
136 180
136 184
136 196
136 240
136 248
138 165
138 207
138 219
138 220
139 217
140 163
140 223
140 225
141 151
141 180
141 229
144 148
145 156
145 166
145 169
145 203
145 212
147 150
147 159
147 181
154 170
154 180
154 199
156 175
157 212
158 241
159 166
159 206
159 209
159 226
161 186
162 211
162 215
163 225
164 208
166 213
166 234
166 243
168 185
168 186
168 201
169 182
170 242
171 218
171 239
172 196
173 192
174 179
174 249
175 237
178 183
178 241
180 242
181 195
182 247
183 185
183 201
183 209
183 246
184 198
186 202
186 206
186 213
186 239
189 200
190 200
190 217
191 212
193 235
195 211
195 232
195 244
196 209
199 243
200 238
202 222
202 227
203 207
203 219
203 225
203 230
205 209
205 213
205 237
206 215
207 232
210 212
210 234
211 245
215 227
215 244
217 231
221 222
222 240
227 233
228 248
229 238
232 247
234 237
236 249
241 249
