0 1
0 2
0 3
0 4
0 5
0 6
0 7
0 8
0 9
0 10
0 11
0 12
0 13
0 15
0 16
0 17
0 21
0 24
0 32
0 37
0 38
0 46
0 47
0 50
0 51
0 53
0 56
0 64
0 69
0 72
0 73
0 75
0 78
0 93
0 95
0 99
0 102
0 106
0 111
0 113
0 127
0 128
0 129
0 130
0 134
0 137
0 141
0 143
0 155
0 160
0 164
0 168
0 185
0 200
0 202
0 220
0 225
0 226
0 232
0 242
0 249
1 7
1 8
1 9
1 14
1 15
1 25
1 46
1 49
1 54
1 61
1 75
1 97
1 100
1 105
1 132
1 137
1 173
1 221
1 248
2 7
2 9
2 10
2 11
2 12
2 14
2 15
2 18
2 19
2 25
2 26
2 27
2 32
2 43
2 51
2 53
2 58
2 64
2 96
2 117
2 157
2 170
2 197
2 199
2 208
2 224
2 230
3 7
3 19
3 25
3 27
3 44
3 52
3 84
3 85
3 140
3 143
3 152
3 162
3 188
3 191
3 209
3 216
4 8
4 10
4 13
4 18
4 20
4 22
4 27
4 30
4 32
4 33
4 36
4 40
4 45
4 55
4 62
4 71
4 81
4 90
4 99
4 102
4 118
4 128
4 131
4 154
4 156
4 166
4 173
4 175
4 180
4 186
4 193
4 214
4 218
4 222
4 238
4 243
4 248
5 7
5 8
5 9
5 10
5 11
5 12
5 14
5 19
5 21
5 24
5 28
5 30
5 36
5 37
5 39
5 40
5 41
5 45
5 54
5 57
5 63
5 70
5 72
5 74
5 78
5 80
5 85
5 91
5 94
5 104
5 107
5 114
5 120
5 121
5 123
5 132
5 135
5 136
5 139
5 143
5 155
5 172
5 175
5 179
5 185
5 200
5 205
5 214
5 231
5 245
6 7
6 8
6 9
6 11
6 13
6 16
6 19
6 20
6 21
6 27
6 28
6 29
6 31
6 35
6 36
6 37
6 39
6 41
6 44
6 52
6 53
6 58
6 60
6 65
6 75
6 82
6 85
6 90
6 104
6 110
6 111
6 116
6 137
6 154
6 177
6 179
6 201
6 210
6 232
6 236
7 8
7 10
7 20
7 23
7 26
7 30
7 38
7 49
7 58
7 72
7 74
7 79
7 81
7 83
7 88
7 101
7 102
7 112
7 117
7 121
7 125
7 126
7 133
7 145
7 151
7 173
7 187
7 210
7 226
8 9
8 10
8 11
8 12
8 13
8 14
8 15
8 16
8 17
8 18
8 21
8 22
8 23
8 25
8 28
8 30
8 31
8 32
8 36
8 37
8 39
8 45
8 47
8 50
8 55
8 56
8 57
8 60
8 61
8 69
8 74
8 76
8 82
8 84
8 87
8 89
8 106
8 110
8 112
8 117
8 118
8 126
8 132
8 137
8 138
8 146
8 167
8 169
8 176
8 184
8 186
8 188
8 209
8 211
8 219
8 220
8 223
8 225
8 229
8 231
8 232
8 237
8 239
8 245
9 12
9 15
9 16
9 17
9 18
9 19
9 20
9 23
9 26
9 28
9 29
9 31
9 32
9 34
9 37
9 38
9 39
9 48
9 49
9 52
9 66
9 78
9 81
9 104
9 107
9 109
9 115
9 119
9 124
9 129
9 143
9 145
9 147
9 156
9 178
9 193
9 237
10 11
10 12
10 17
10 23
10 26
10 38
10 43
10 51
10 65
10 71
10 73
10 89
10 92
10 95
10 98
10 112
10 119
10 132
10 138
10 146
10 155
10 157
10 214
10 229
11 13
11 14
11 28
11 29
11 30
11 35
11 38
11 40
11 43
11 50
11 86
11 101
11 110
11 112
11 170
11 185
11 199
11 204
11 208
11 226
11 229
12 13
12 14
12 17
12 21
12 24
12 26
12 44
12 45
12 48
12 49
12 60
12 63
12 75
12 80
12 83
12 97
12 109
12 111
12 118
12 123
12 125
12 126
12 129
12 151
12 190
12 201
12 205
12 211
12 236
12 238
12 243
13 16
13 18
13 21
13 29
13 35
13 40
13 41
13 42
13 43
13 45
13 46
13 56
13 63
13 66
13 75
13 86
13 90
13 114
13 134
13 135
13 139
13 144
13 150
13 156
13 158
13 159
13 168
13 178
13 183
13 193
13 234
13 239
13 243
14 15
14 17
14 22
14 23
14 24
14 34
14 45
14 46
14 48
14 49
14 50
14 57
14 58
14 59
14 76
14 89
14 108
14 116
14 130
14 135
14 139
14 142
14 153
14 171
14 179
14 217
14 237
15 16
15 20
15 42
15 44
15 47
15 50
15 76
15 79
15 84
15 91
15 104
15 126
15 127
15 168
15 179
15 190
15 211
15 227
16 20
16 25
16 26
16 27
16 32
16 35
16 41
16 43
16 47
16 57
16 64
16 90
16 97
16 117
16 124
16 127
16 140
16 156
16 161
16 169
16 176
16 195
16 198
17 18
17 19
17 22
17 35
17 56
17 71
17 100
17 111
17 168
17 174
17 176
17 194
17 213
17 223
17 226
17 227
17 233
17 240
17 249
18 22
18 23
18 24
18 25
18 34
18 39
18 42
18 62
18 94
18 98
18 123
18 133
18 145
18 152
18 181
18 187
18 196
18 197
18 210
18 212
18 225
18 228
18 249
19 22
19 24
19 33
19 35
19 79
19 85
19 111
19 114
19 140
19 142
19 160
19 164
19 172
19 174
19 182
19 191
19 207
19 227
20 33
20 95
20 149
20 167
20 175
20 241
21 44
21 51
21 52
21 64
21 82
21 83
21 91
21 115
21 116
21 123
21 132
21 141
21 166
21 172
21 192
21 216
21 225
21 248
22 27
22 181
23 31
23 34
23 37
23 48
23 65
23 77
23 87
23 101
23 108
23 118
23 141
23 142
23 165
23 171
23 182
23 185
23 197
23 215
23 218
23 246
24 41
24 54
24 59
24 65
24 68
24 96
24 105
24 106
24 107
24 119
24 136
24 183
24 196
24 215
24 220
24 246
25 29
25 36
25 40
25 47
25 52
25 67
25 73
25 88
25 100
25 102
25 114
25 115
25 152
25 170
25 173
25 193
25 230
25 234
25 244
26 30
26 31
26 33
26 44
26 48
26 51
26 66
26 80
26 83
26 88
26 93
26 125
26 145
26 158
26 181
26 191
26 201
26 210
26 216
26 222
26 235
26 241
27 28
27 33
27 34
27 49
27 54
27 58
27 76
27 81
27 92
27 103
27 124
27 128
27 139
27 141
27 143
27 146
27 184
27 221
27 224
27 240
27 246
28 29
28 53
28 59
28 97
28 105
28 121
28 129
28 148
28 165
28 178
28 180
28 223
28 227
28 244
28 249
29 31
29 33
29 48
29 64
29 67
29 79
29 96
29 105
29 122
29 144
29 154
29 159
29 160
29 166
29 189
29 203
29 209
29 212
29 242
30 43
30 67
30 71
30 75
30 99
30 127
30 151
30 159
30 176
30 186
30 242
31 46
31 51
31 53
31 54
31 57
31 58
31 60
31 62
31 66
31 68
31 69
31 72
31 80
31 99
31 127
31 131
31 134
31 148
31 157
31 186
31 192
31 196
31 212
31 217
31 221
31 222
31 223
31 228
31 233
31 234
31 242
32 34
32 54
32 62
32 66
32 73
32 85
32 92
32 93
32 153
32 164
32 185
32 191
32 199
32 247
33 39
33 42
33 59
33 68
33 115
33 136
33 142
33 163
33 182
33 208
34 38
34 41
34 56
34 73
34 82
34 86
34 100
34 105
34 106
34 112
34 116
34 119
34 122
34 152
34 166
34 181
34 189
34 205
34 222
35 36
35 91
35 103
35 165
35 202
36 42
36 110
36 121
36 124
36 156
36 162
36 164
36 167
36 221
37 40
37 42
37 64
37 70
37 71
37 78
37 99
37 102
37 109
37 117
37 120
37 179
37 189
37 204
37 207
37 223
37 235
37 236
37 248
38 52
38 57
38 61
38 83
38 85
38 125
38 141
38 171
38 213
38 235
38 240
39 62
39 77
39 79
39 89
39 90
39 122
39 125
40 47
40 61
40 68
40 87
40 88
40 99
40 136
40 146
40 149
40 163
40 208
41 55
41 65
41 69
41 101
41 160
41 190
41 195
42 46
42 55
42 71
42 72
42 74
42 161
42 174
42 177
42 179
42 184
42 187
42 209
42 220
43 55
43 66
43 98
43 107
43 109
43 148
43 161
43 171
43 188
43 205
43 217
43 237
44 50
44 70
44 82
44 83
44 92
44 96
44 140
44 150
44 198
44 239
45 60
45 81
45 111
45 178
45 194
45 200
45 224
46 69
46 95
46 96
46 198
46 208
47 53
47 59
47 70
47 77
48 113
48 160
48 174
48 195
48 229
49 60
49 63
49 76
49 81
49 82
49 86
49 110
49 127
49 128
49 152
49 157
49 176
49 180
49 212
49 215
49 242
49 245
49 249
50 79
50 80
50 136
50 178
50 190
51 55
51 74
51 129
51 131
51 165
51 180
51 203
51 205
51 224
52 61
52 98
52 149
52 170
52 203
52 210
52 228
53 56
53 59
53 95
53 131
53 147
53 192
53 201
53 217
54 62
54 63
54 68
54 78
54 84
54 94
54 98
54 110
54 122
54 135
54 137
54 149
54 151
54 171
54 219
54 232
54 246
55 74
55 116
55 170
55 213
55 239
55 240
56 63
56 67
56 86
56 88
56 94
56 169
56 172
57 67
57 78
57 206
57 228
57 247
58 61
58 77
58 84
58 88
58 93
58 100
58 108
58 113
58 128
58 176
59 65
59 70
59 77
59 100
59 108
59 133
59 134
59 150
59 161
59 172
59 186
59 202
59 211
59 228
59 241
60 68
60 89
60 117
60 126
60 144
60 147
60 150
60 162
60 167
60 177
60 185
60 192
60 245
60 248
61 69
61 70
61 73
61 102
61 106
61 194
62 108
62 193
63 142
63 143
63 183
63 187
63 209
63 221
63 222
64 67
64 72
64 89
64 91
64 97
64 103
64 134
64 149
64 173
64 227
64 238
64 249
65 91
65 106
65 157
65 161
65 169
65 204
65 247
66 77
66 113
66 133
66 134
66 138
66 162
66 187
66 225
66 248
68 84
68 86
68 95
68 98
68 139
68 184
68 188
68 220
68 239
69 105
69 113
69 120
69 133
69 146
69 167
69 184
69 222
69 224
69 244
70 130
70 215
70 216
71 96
71 216
72 80
72 87
72 94
72 103
72 104
72 116
72 146
72 187
72 202
72 235
73 164
73 168
73 174
74 108
74 148
75 76
75 93
75 158
75 177
75 230
76 97
78 131
78 137
78 195
79 87
79 136
79 195
80 107
80 118
80 147
80 149
80 178
81 90
81 103
81 123
81 140
81 155
81 192
81 203
82 131
82 175
82 207
83 93
83 114
83 153
83 175
83 226
83 239
84 94
84 145
84 163
84 243
85 87
85 103
85 107
85 135
85 166
85 192
85 215
86 120
86 173
87 118
87 120
87 152
87 237
87 245
88 101
88 104
88 126
88 240
89 138
90 92
90 233
91 92
91 132
91 217
91 234
91 240
92 121
92 162
92 204
92 230
92 244
93 119
94 154
95 120
96 144
96 151
97 122
97 130
97 206
98 101
98 125
98 147
98 153
99 109
99 190
99 213
100 115
100 121
100 130
101 109
101 133
101 165
103 114
103 162
104 128
104 188
104 232
104 238
106 112
106 141
106 196
107 217
108 115
108 148
108 181
108 213
109 165
110 122
111 113
111 147
111 199
111 214
111 233
112 119
112 124
112 130
112 153
112 198
112 219
112 229
112 230
113 151
113 158
113 226
114 142
114 189
114 231
115 124
115 169
115 174
115 182
115 198
115 210
115 212
115 224
116 135
116 140
116 144
116 188
116 234
116 235
117 164
117 182
117 197
118 123
118 155
120 139
121 129
121 153
121 214
123 158
123 175
124 161
124 191
125 138
125 159
126 194
126 197
127 144
128 177
129 150
129 189
129 233
131 138
131 145
131 154
131 159
131 167
131 201
131 236
132 148
132 166
132 184
132 244
133 183
133 198
136 159
136 194
137 158
138 163
138 172
138 202
138 241
139 156
139 202
139 209
140 200
140 238
141 200
141 206
142 168
142 207
142 227
144 233
144 247
145 186
146 200
146 221
148 150
148 160
148 204
148 231
148 232
148 244
149 154
149 203
150 155
150 157
150 163
151 206
152 211
155 163
155 169
155 238
156 183
159 237
159 245
160 191
160 207
160 247
161 206
161 216
162 171
162 180
165 177
165 182
166 170
167 183
167 199
171 180
173 218
174 203
174 219
175 181
175 196
175 219
178 196
178 211
178 218
179 189
179 194
179 213
179 223
180 208
180 225
180 231
182 190
183 212
183 235
185 197
185 199
185 241
186 214
186 241
189 195
189 206
191 215
191 219
191 234
192 193
193 205
193 246
194 230
196 218
196 220
196 228
196 236
198 201
201 218
202 207
203 204
209 247
214 231
216 229
218 243
226 236
230 243
231 242
238 246
