0 1
0 2
0 3
0 4
0 5
0 6
0 7
0 8
0 9
0 10
0 11
0 12
0 13
0 14
0 15
0 16
0 17
0 18
0 19
0 20
0 21
0 22
0 23
0 24
0 25
0 26
0 27
0 28
0 29
0 30
0 31
0 32
0 33
0 34
0 35
0 36
0 38
0 39
0 41
0 43
0 45
0 46
0 47
0 48
0 49
0 50
0 51
0 52
0 53
0 54
0 55
0 56
0 57
0 59
0 66
0 68
0 70
0 71
0 76
0 81
0 82
0 85
0 92
0 93
0 95
0 97
0 99
0 101
0 104
0 106
0 107
0 111
0 112
0 114
0 117
0 120
0 121
0 125
0 126
0 127
0 128
0 131
0 132
0 137
0 142
0 146
0 148
0 149
0 151
0 155
0 156
0 157
0 158
0 160
0 163
0 166
0 168
0 171
0 172
0 173
0 174
0 175
0 178
0 180
0 181
0 183
0 184
0 185
0 186
0 190
0 191
0 194
0 200
0 203
0 206
0 212
0 217
0 218
0 220
0 223
0 224
0 227
0 231
0 232
0 237
0 242
0 244
0 247
0 249
1 21
1 22
1 23
1 24
1 25
1 26
1 27
1 28
1 30
1 33
1 34
1 37
1 40
1 41
1 42
1 45
1 46
1 49
1 52
1 63
1 75
1 84
1 114
1 121
1 129
1 137
1 143
1 145
1 147
1 149
1 151
1 152
1 168
1 213
1 231
1 233
1 234
1 241
2 21
2 22
2 24
2 25
2 26
2 28
2 31
2 32
2 33
2 34
2 37
2 39
2 42
2 44
2 45
2 47
2 48
2 49
2 54
2 82
2 98
2 110
2 118
2 119
2 121
2 123
2 130
2 136
2 139
2 142
2 143
2 146
2 153
2 165
2 170
2 180
2 194
2 195
2 203
2 215
2 226
2 231
2 233
3 21
3 22
3 23
3 24
3 25
3 26
3 28
3 30
3 32
3 35
3 36
3 41
3 42
3 47
3 49
3 50
3 51
3 52
3 55
3 58
3 60
3 71
3 76
3 81
3 89
3 106
3 107
3 110
3 112
3 114
3 117
3 126
3 141
3 146
3 150
3 152
3 183
3 185
3 189
3 206
3 226
3 227
3 244
4 21
4 22
4 23
4 24
4 27
4 30
4 31
4 32
4 34
4 37
4 38
4 42
4 43
4 48
4 56
4 58
4 69
4 78
4 105
4 117
4 119
4 120
4 134
4 142
4 150
4 159
4 163
4 165
4 166
4 171
4 195
4 214
4 225
4 228
4 244
5 21
5 22
5 23
5 24
5 26
5 27
5 28
5 29
5 30
5 31
5 32
5 33
5 34
5 35
5 37
5 38
5 40
5 44
5 47
5 49
5 50
5 51
5 52
5 53
5 57
5 62
5 63
5 72
5 78
5 79
5 89
5 92
5 94
5 111
5 113
5 116
5 152
5 154
5 155
5 156
5 160
5 167
5 182
5 186
5 202
5 218
5 228
5 229
5 243
6 21
6 22
6 23
6 25
6 26
6 27
6 28
6 29
6 31
6 32
6 33
6 34
6 48
6 49
6 50
6 51
6 70
6 82
6 97
6 106
6 107
6 112
6 113
6 118
6 122
6 128
6 131
6 165
6 174
6 178
6 180
6 188
6 189
6 191
6 212
6 214
7 21
7 22
7 23
7 24
7 25
7 26
7 27
7 28
7 30
7 33
7 34
7 37
7 38
7 41
7 42
7 44
7 45
7 47
7 48
7 49
7 53
7 55
7 59
7 61
7 67
7 71
7 74
7 76
7 82
7 85
7 89
7 94
7 103
7 115
7 120
7 130
7 135
7 137
7 144
7 168
7 170
7 203
7 223
7 224
7 242
7 243
7 245
8 21
8 22
8 23
8 24
8 25
8 26
8 28
8 29
8 35
8 36
8 40
8 46
8 48
8 53
8 54
8 55
8 57
8 59
8 60
8 62
8 67
8 75
8 90
8 93
8 98
8 104
8 123
8 129
8 139
8 145
8 151
8 156
8 160
8 166
8 179
8 184
8 185
8 188
8 220
8 228
8 229
8 233
8 241
9 21
9 22
9 23
9 24
9 25
9 26
9 27
9 29
9 31
9 33
9 38
9 45
9 51
9 53
9 60
9 61
9 63
9 64
9 71
9 88
9 89
9 90
9 93
9 96
9 97
9 114
9 118
9 131
9 132
9 135
9 145
9 146
9 157
9 161
9 167
9 168
9 182
9 187
9 193
9 203
9 211
9 223
9 236
9 237
9 238
10 21
10 22
10 23
10 24
10 25
10 29
10 31
10 33
10 35
10 36
10 37
10 44
10 45
10 53
10 64
10 72
10 83
10 89
10 106
10 109
10 120
10 142
10 144
10 159
10 161
10 170
10 182
10 183
10 188
10 209
10 213
10 218
10 237
10 245
11 21
11 22
11 23
11 24
11 25
11 27
11 29
11 31
11 32
11 34
11 37
11 43
11 45
11 46
11 48
11 53
11 56
11 57
11 58
11 63
11 66
11 68
11 72
11 76
11 77
11 78
11 80
11 81
11 84
11 87
11 89
11 90
11 94
11 104
11 108
11 109
11 110
11 113
11 114
11 122
11 123
11 124
11 125
11 128
11 129
11 130
11 131
11 144
11 159
11 160
11 161
11 176
11 178
11 182
11 184
11 187
11 197
11 205
11 214
11 227
11 233
11 242
12 21
12 22
12 24
12 25
12 26
12 27
12 28
12 29
12 30
12 31
12 32
12 33
12 35
12 37
12 40
12 42
12 43
12 44
12 45
12 53
12 54
12 58
12 61
12 64
12 65
12 69
12 75
12 80
12 84
12 89
12 91
12 95
12 108
12 109
12 113
12 114
12 120
12 121
12 123
12 125
12 130
12 132
12 140
12 144
12 150
12 153
12 157
12 159
12 167
12 176
12 185
12 189
12 192
12 205
12 211
12 212
12 215
12 227
12 234
12 241
12 247
12 249
13 21
13 22
13 23
13 24
13 25
13 26
13 27
13 29
13 30
13 42
13 50
13 51
13 54
13 65
13 75
13 77
13 78
13 80
13 82
13 88
13 99
13 112
13 118
13 119
13 133
13 141
13 163
13 165
13 168
13 174
13 182
13 196
13 201
13 222
13 234
13 241
13 247
14 21
14 23
14 24
14 25
14 26
14 28
14 29
14 30
14 32
14 34
14 36
14 37
14 38
14 39
14 41
14 43
14 44
14 46
14 47
14 48
14 50
14 52
14 58
14 59
14 63
14 68
14 69
14 75
14 77
14 78
14 81
14 83
14 84
14 85
14 90
14 101
14 104
14 105
14 110
14 117
14 119
14 121
14 122
14 123
14 124
14 132
14 135
14 141
14 142
14 143
14 158
14 169
14 177
14 188
14 190
14 191
14 204
14 211
14 212
14 228
14 229
14 234
14 237
14 239
15 21
15 22
15 23
15 24
15 25
15 26
15 27
15 28
15 29
15 30
15 31
15 33
15 35
15 36
15 37
15 38
15 39
15 40
15 41
15 44
15 48
15 49
15 52
15 54
15 55
15 59
15 60
15 62
15 66
15 72
15 73
15 77
15 83
15 90
15 91
15 105
15 107
15 110
15 133
15 148
15 149
15 158
15 162
15 167
15 171
15 176
15 183
15 189
15 192
15 193
15 201
15 204
15 207
15 209
15 219
15 222
15 230
15 231
15 235
16 21
16 22
16 23
16 24
16 25
16 30
16 31
16 35
16 36
16 37
16 38
16 41
16 50
16 57
16 60
16 70
16 76
16 85
16 87
16 88
16 91
16 93
16 95
16 96
16 98
16 125
16 131
16 143
16 151
16 153
16 164
16 165
16 174
16 176
16 180
16 182
16 185
16 227
16 234
17 21
17 22
17 23
17 26
17 27
17 28
17 29
17 35
17 36
17 39
17 40
17 50
17 52
17 53
17 57
17 65
17 72
17 74
17 102
17 113
17 116
17 118
17 132
17 133
17 135
17 137
17 140
17 150
17 152
17 206
17 208
17 234
17 236
17 237
18 21
18 22
18 23
18 24
18 25
18 26
18 27
18 28
18 34
18 39
18 42
18 46
18 66
18 68
18 69
18 71
18 74
18 76
18 77
18 86
18 96
18 99
18 101
18 102
18 107
18 112
18 118
18 122
18 129
18 137
18 138
18 151
18 156
18 158
18 168
18 172
18 177
18 193
18 201
18 204
18 215
18 238
19 71
19 137
19 147
20 21
20 22
20 23
20 27
20 30
20 32
20 33
20 34
20 36
20 40
20 41
20 44
20 46
20 58
20 60
20 61
20 85
20 90
20 91
20 94
20 95
20 100
20 108
20 117
20 130
20 134
20 145
20 149
20 159
20 160
20 179
20 225
21 22
21 23
21 24
21 25
21 26
21 27
21 28
21 29
21 30
21 31
21 35
21 36
21 38
21 39
21 40
21 42
21 43
21 45
21 46
21 49
21 55
21 56
21 59
21 61
21 62
21 64
21 70
21 75
21 77
21 79
21 80
21 81
21 82
21 86
21 88
21 98
21 100
21 102
21 108
21 111
21 113
21 126
21 130
21 139
21 145
21 150
21 152
21 154
21 168
21 170
21 176
21 177
21 178
21 185
21 187
21 188
21 201
21 203
21 207
21 208
21 209
21 210
21 211
21 220
21 224
21 231
21 233
21 235
21 243
21 245
22 23
22 24
22 25
22 26
22 27
22 28
22 29
22 30
22 31
22 32
22 33
22 34
22 36
22 37
22 38
22 39
22 41
22 42
22 43
22 44
22 46
22 47
22 48
22 49
22 53
22 55
22 56
22 59
22 60
22 62
22 64
22 68
22 69
22 70
22 72
22 73
22 74
22 75
22 77
22 81
22 83
22 84
22 86
22 90
22 92
22 95
22 96
22 100
22 104
22 107
22 108
22 110
22 115
22 116
22 117
22 118
22 122
22 123
22 127
22 131
22 138
22 140
22 142
22 146
22 148
22 149
22 152
22 153
22 155
22 156
22 159
22 162
22 168
22 171
22 172
22 178
22 180
22 182
22 185
22 186
22 188
22 189
22 190
22 200
22 202
22 204
22 208
22 209
22 217
22 219
22 228
22 234
22 240
22 246
22 249
23 24
23 25
23 26
23 27
23 28
23 29
23 30
23 31
23 32
23 33
23 35
23 38
23 39
23 40
23 41
23 42
23 43
23 44
23 45
23 47
23 48
23 53
23 54
23 56
23 58
23 62
23 64
23 65
23 69
23 71
23 73
23 74
23 76
23 77
23 79
23 80
23 82
23 83
23 84
23 87
23 91
23 94
23 97
23 99
23 103
23 107
23 111
23 114
23 120
23 126
23 127
23 129
23 132
23 133
23 135
23 136
23 138
23 141
23 142
23 151
23 152
23 153
23 156
23 157
23 159
23 160
23 161
23 162
23 163
23 173
23 176
23 180
23 181
23 184
23 185
23 189
23 195
23 196
23 197
23 202
23 213
23 214
23 215
23 217
23 226
23 229
23 237
23 239
23 240
23 242
23 243
24 25
24 26
24 27
24 28
24 29
24 30
24 32
24 33
24 34
24 35
24 36
24 37
24 38
24 39
24 40
24 41
24 43
24 44
24 45
24 46
24 47
24 48
24 50
24 52
24 55
24 57
24 59
24 60
24 61
24 62
24 63
24 65
24 66
24 67
24 70
24 71
24 72
24 73
24 75
24 85
24 88
24 91
24 104
24 108
24 110
24 111
24 112
24 115
24 116
24 119
24 123
24 129
24 130
24 132
24 133
24 138
24 141
24 144
24 148
24 152
24 156
24 158
24 160
24 165
24 173
24 174
24 181
24 182
24 186
24 187
24 188
24 192
24 194
24 201
24 202
24 204
24 211
24 217
24 241
24 248
25 26
25 27
25 28
25 29
25 31
25 32
25 33
25 34
25 35
25 36
25 38
25 39
25 41
25 42
25 43
25 44
25 45
25 47
25 50
25 51
25 53
25 57
25 59
25 63
25 65
25 66
25 69
25 73
25 74
25 75
25 78
25 79
25 80
25 81
25 83
25 84
25 87
25 88
25 89
25 91
25 93
25 94
25 96
25 104
25 106
25 107
25 109
25 110
25 111
25 116
25 118
25 121
25 126
25 127
25 129
25 132
25 139
25 140
25 143
25 145
25 148
25 150
25 151
25 152
25 153
25 158
25 162
25 168
25 169
25 170
25 171
25 172
25 174
25 181
25 184
25 189
25 192
25 193
25 197
25 204
25 216
25 218
25 219
25 220
25 223
25 225
25 226
25 227
25 231
25 238
25 241
25 249
26 27
26 28
26 29
26 30
26 31
26 32
26 34
26 35
26 36
26 37
26 38
26 39
26 41
26 44
26 45
26 47
26 48
26 49
26 50
26 52
26 53
26 55
26 56
26 57
26 58
26 61
26 62
26 63
26 66
26 69
26 70
26 71
26 72
26 74
26 75
26 78
26 79
26 80
26 82
26 85
26 86
26 88
26 91
26 96
26 98
26 104
26 105
26 107
26 108
26 109
26 110
26 118
26 119
26 121
26 125
26 126
26 129
26 133
26 136
26 140
26 142
26 147
26 150
26 151
26 153
26 157
26 159
26 163
26 171
26 175
26 176
26 178
26 182
26 183
26 189
26 194
26 198
26 200
26 202
26 203
26 205
26 206
26 212
26 215
26 217
26 218
26 220
26 221
26 232
26 233
26 235
26 238
26 242
26 246
26 248
26 249
27 28
27 29
27 30
27 31
27 32
27 33
27 34
27 38
27 39
27 40
27 43
27 45
27 47
27 48
27 51
27 55
27 60
27 61
27 65
27 66
27 67
27 68
27 71
27 74
27 78
27 79
27 83
27 90
27 92
27 99
27 100
27 108
27 109
27 114
27 120
27 122
27 125
27 136
27 146
27 169
27 176
27 178
27 180
27 185
27 188
27 195
27 196
27 200
27 202
27 209
27 214
27 219
27 221
27 222
27 224
27 225
27 229
27 236
27 246
27 248
28 29
28 30
28 31
28 32
28 33
28 34
28 35
28 38
28 39
28 40
28 41
28 42
28 43
28 44
28 45
28 46
28 47
28 48
28 50
28 51
28 54
28 55
28 56
28 57
28 60
28 64
28 65
28 67
28 69
28 70
28 71
28 72
28 75
28 81
28 82
28 83
28 84
28 87
28 91
28 92
28 93
28 96
28 97
28 98
28 102
28 107
28 109
28 113
28 115
28 127
28 128
28 130
28 132
28 134
28 136
28 138
28 149
28 150
28 153
28 166
28 171
28 179
28 184
28 199
28 200
28 201
28 209
28 211
28 215
28 217
28 227
28 228
28 231
28 233
28 238
28 239
28 240
28 245
28 247
29 30
29 31
29 32
29 35
29 37
29 42
29 46
29 47
29 52
29 53
29 63
29 64
29 65
29 67
29 68
29 69
29 70
29 73
29 77
29 86
29 88
29 89
29 98
29 101
29 117
29 119
29 120
29 124
29 127
29 132
29 135
29 136
29 137
29 138
29 150
29 160
29 170
29 175
29 177
29 179
29 186
29 189
29 210
29 214
29 219
29 225
29 227
29 229
29 234
29 235
29 243
29 247
29 249
30 31
30 32
30 33
30 34
30 35
30 36
30 37
30 38
30 39
30 40
30 41
30 42
30 44
30 46
30 47
30 49
30 52
30 53
30 54
30 55
30 56
30 57
30 58
30 61
30 62
30 65
30 66
30 67
30 82
30 85
30 92
30 93
30 94
30 98
30 99
30 100
30 102
30 105
30 118
30 120
30 121
30 123
30 126
30 128
30 139
30 140
30 145
30 157
30 158
30 161
30 162
30 179
30 180
30 181
30 186
30 187
30 193
30 209
30 210
30 212
30 214
30 221
30 225
30 229
30 235
31 32
31 33
31 34
31 35
31 36
31 37
31 38
31 39
31 40
31 41
31 43
31 46
31 47
31 49
31 51
31 52
31 55
31 58
31 62
31 64
31 66
31 69
31 70
31 73
31 78
31 81
31 94
31 95
31 99
31 100
31 101
31 117
31 118
31 120
31 123
31 135
31 146
31 158
31 159
31 162
31 169
31 183
31 188
31 192
31 197
31 206
31 208
31 212
31 224
31 233
31 239
31 246
32 33
32 34
32 36
32 37
32 38
32 40
32 43
32 47
32 50
32 51
32 52
32 55
32 56
32 58
32 59
32 61
32 63
32 64
32 67
32 74
32 75
32 76
32 77
32 79
32 81
32 87
32 88
32 90
32 91
32 92
32 95
32 97
32 103
32 105
32 107
32 109
32 111
32 112
32 121
32 122
32 124
32 131
32 140
32 142
32 144
32 145
32 146
32 147
32 149
32 152
32 154
32 182
32 187
32 199
32 200
32 214
32 224
32 230
32 232
32 244
33 35
33 36
33 38
33 40
33 41
33 42
33 43
33 44
33 51
33 52
33 54
33 55
33 61
33 62
33 64
33 65
33 66
33 67
33 68
33 69
33 70
33 71
33 72
33 73
33 77
33 78
33 87
33 91
33 92
33 94
33 96
33 97
33 98
33 99
33 101
33 102
33 111
33 117
33 122
33 123
33 124
33 126
33 131
33 133
33 141
33 147
33 149
33 150
33 155
33 157
33 163
33 165
33 171
33 174
33 185
33 196
33 199
33 201
33 202
33 207
33 209
33 210
33 216
33 222
33 229
33 230
33 235
33 248
34 35
34 36
34 37
34 40
34 41
34 42
34 43
34 49
34 50
34 51
34 57
34 58
34 60
34 61
34 67
34 69
34 76
34 79
34 82
34 83
34 84
34 92
34 93
34 95
34 98
34 99
34 100
34 101
34 103
34 112
34 116
34 117
34 120
34 128
34 129
34 130
34 134
34 136
34 138
34 139
34 141
34 143
34 144
34 148
34 153
34 158
34 161
34 167
34 171
34 175
34 177
34 189
34 205
34 214
34 241
34 242
34 246
34 249
35 36
35 37
35 39
35 40
35 42
35 44
35 45
35 48
35 50
35 51
35 54
35 56
35 62
35 64
35 67
35 68
35 69
35 76
35 80
35 81
35 83
35 85
35 92
35 99
35 103
35 104
35 105
35 106
35 108
35 117
35 118
35 125
35 133
35 135
35 136
35 148
35 151
35 154
35 155
35 167
35 179
35 180
35 181
35 191
35 198
35 199
35 213
35 216
35 220
35 224
36 39
36 40
36 41
36 43
36 49
36 50
36 53
36 56
36 57
36 59
36 60
36 61
36 62
36 63
36 64
36 67
36 72
36 73
36 77
36 85
36 87
36 92
36 100
36 102
36 110
36 111
36 113
36 124
36 133
36 134
36 140
36 141
36 145
36 153
36 155
36 171
36 172
36 174
36 175
36 203
36 208
36 211
36 216
36 219
36 221
36 222
36 242
36 246
37 39
37 42
37 45
37 46
37 48
37 51
37 52
37 54
37 57
37 63
37 64
37 68
37 70
37 71
37 72
37 75
37 79
37 80
37 84
37 86
37 97
37 99
37 103
37 104
37 110
37 114
37 116
37 117
37 137
37 139
37 162
37 169
37 170
37 173
37 194
37 201
37 205
37 215
37 218
37 227
37 228
37 235
38 39
38 43
38 44
38 46
38 53
38 56
38 62
38 65
38 68
38 69
38 72
38 77
38 83
38 101
38 102
38 105
38 114
38 115
38 126
38 128
38 138
38 143
38 147
38 150
38 162
38 163
38 180
38 181
38 198
38 205
38 206
38 217
38 225
38 240
39 40
39 43
39 46
39 47
39 48
39 49
39 50
39 51
39 53
39 54
39 55
39 57
39 58
39 61
39 63
39 65
39 66
39 67
39 70
39 72
39 80
39 81
39 84
39 89
39 95
39 97
39 100
39 102
39 104
39 105
39 107
39 110
39 111
39 113
39 115
39 124
39 127
39 136
39 138
39 146
39 151
39 152
39 164
39 166
39 172
39 174
39 183
39 184
39 185
39 186
39 188
39 194
39 199
39 213
39 215
39 216
39 223
39 231
39 232
39 246
40 41
40 42
40 45
40 46
40 48
40 50
40 56
40 57
40 58
40 61
40 62
40 65
40 68
40 74
40 77
40 79
40 84
40 87
40 93
40 94
40 95
40 98
40 102
40 109
40 133
40 143
40 144
40 145
40 162
40 175
40 179
40 186
40 191
40 194
40 204
40 206
40 211
40 216
40 221
40 231
40 237
41 46
41 47
41 48
41 51
41 52
41 57
41 58
41 59
41 60
41 61
41 64
41 65
41 68
41 74
41 85
41 97
41 101
41 104
41 112
41 115
41 118
41 122
41 124
41 125
41 132
41 137
41 143
41 147
41 157
41 158
41 162
41 167
41 172
41 179
41 190
41 199
41 200
41 210
41 241
41 245
41 248
42 43
42 44
42 45
42 49
42 52
42 54
42 56
42 59
42 64
42 67
42 71
42 73
42 76
42 82
42 83
42 88
42 90
42 95
42 97
42 100
42 103
42 106
42 107
42 114
42 121
42 127
42 128
42 130
42 133
42 136
42 139
42 142
42 172
42 193
42 195
42 197
42 207
42 215
42 236
42 237
42 244
43 44
43 47
43 49
43 50
43 51
43 53
43 55
43 58
43 59
43 65
43 74
43 75
43 76
43 77
43 81
43 82
43 83
43 93
43 94
43 100
43 104
43 109
43 114
43 116
43 122
43 128
43 153
43 158
43 162
43 166
43 173
43 178
43 183
43 189
43 203
43 206
43 211
43 219
43 222
43 226
43 227
43 229
43 230
43 239
44 45
44 49
44 50
44 54
44 55
44 56
44 60
44 62
44 63
44 64
44 73
44 80
44 84
44 87
44 89
44 91
44 92
44 94
44 98
44 103
44 111
44 119
44 124
44 129
44 153
44 158
44 160
44 162
44 163
44 164
44 165
44 172
44 177
44 179
44 182
44 208
44 209
44 211
44 221
44 222
44 248
45 46
45 51
45 52
45 54
45 55
45 56
45 62
45 71
45 73
45 76
45 79
45 85
45 87
45 90
45 95
45 98
45 100
45 103
45 104
45 105
45 109
45 110
45 115
45 125
45 127
45 138
45 140
45 145
45 157
45 170
45 187
45 194
45 235
45 240
46 54
46 60
46 63
46 69
46 73
46 78
46 80
46 84
46 85
46 88
46 89
46 95
46 97
46 99
46 100
46 105
46 106
46 115
46 120
46 129
46 131
46 139
46 159
46 165
46 166
46 169
46 173
46 177
46 179
46 184
46 191
46 194
46 198
46 199
46 206
46 208
46 210
46 230
46 236
46 240
47 51
47 53
47 59
47 62
47 63
47 76
47 77
47 84
47 86
47 89
47 97
47 106
47 107
47 114
47 115
47 130
47 149
47 156
47 167
47 181
47 188
47 195
47 199
47 207
47 208
47 219
47 226
47 228
47 232
47 234
47 247
48 49
48 54
48 67
48 69
48 72
48 75
48 78
48 79
48 81
48 87
48 88
48 89
48 90
48 92
48 94
48 100
48 102
48 104
48 106
48 111
48 114
48 123
48 130
48 160
48 165
48 175
48 183
48 188
48 193
48 195
48 197
48 201
48 211
48 217
48 219
48 220
48 222
48 223
48 224
48 233
48 234
48 235
48 239
48 249
49 52
49 55
49 56
49 61
49 63
49 65
49 67
49 68
49 86
49 92
49 96
49 97
49 108
49 109
49 110
49 116
49 117
49 124
49 135
49 143
49 144
49 147
49 154
49 156
49 167
49 177
49 184
49 185
49 190
49 192
49 195
49 201
49 207
49 210
49 212
49 214
49 215
49 217
49 220
49 224
49 241
49 243
50 52
50 56
50 59
50 66
50 67
50 68
50 73
50 84
50 85
50 86
50 95
50 99
50 104
50 105
50 111
50 123
50 125
50 127
50 129
50 133
50 139
50 140
50 141
50 148
50 163
50 164
50 166
50 173
50 176
50 183
50 188
50 190
50 192
50 199
50 200
50 206
50 222
50 235
51 54
51 57
51 60
51 69
51 76
51 77
51 78
51 83
51 89
51 90
51 91
51 96
51 102
51 108
51 117
51 119
51 124
51 127
51 131
51 134
51 135
51 136
51 141
51 146
51 161
51 166
51 168
51 175
51 177
51 181
51 190
51 191
51 211
51 238
51 244
51 245
52 54
52 57
52 59
52 60
52 61
52 64
52 68
52 74
52 82
52 87
52 90
52 94
52 96
52 114
52 116
52 120
52 123
52 137
52 142
52 145
52 147
52 150
52 156
52 160
52 174
52 177
52 189
52 197
52 198
52 200
52 202
52 207
52 219
52 220
52 223
52 224
52 230
52 231
52 233
52 238
52 244
52 248
52 249
53 58
53 60
53 65
53 71
53 74
53 76
53 78
53 79
53 81
53 85
53 87
53 88
53 93
53 96
53 97
53 100
53 101
53 105
53 106
53 109
53 112
53 117
53 119
53 121
53 127
53 128
53 130
53 138
53 144
53 148
53 152
53 153
53 159
53 170
53 172
53 177
53 194
53 197
53 199
53 204
53 207
53 222
53 223
53 232
53 247
53 248
54 56
54 59
54 63
54 66
54 74
54 77
54 78
54 80
54 84
54 85
54 86
54 89
54 90
54 97
54 101
54 103
54 104
54 108
54 109
54 112
54 113
54 119
54 128
54 134
54 139
54 143
54 144
54 149
54 155
54 161
54 164
54 170
54 172
54 176
54 184
54 191
54 193
54 196
54 201
54 214
54 216
54 221
54 223
54 237
54 238
55 58
55 63
55 71
55 73
55 78
55 82
55 90
55 92
55 93
55 96
55 110
55 112
55 119
55 124
55 132
55 136
55 139
55 142
55 145
55 148
55 151
55 162
55 167
55 177
55 178
55 180
55 182
55 184
55 187
55 203
55 207
55 209
55 215
55 219
55 221
55 223
55 239
55 242
56 57
56 58
56 60
56 61
56 65
56 66
56 70
56 71
56 72
56 75
56 80
56 92
56 98
56 106
56 114
56 118
56 138
56 145
56 147
56 149
56 150
56 156
56 157
56 166
56 181
56 187
56 194
56 199
56 210
56 216
56 221
56 228
56 237
56 242
57 58
57 59
57 62
57 65
57 66
57 70
57 75
57 76
57 78
57 79
57 81
57 82
57 87
57 89
57 90
57 91
57 100
57 103
57 112
57 116
57 122
57 128
57 151
57 173
57 176
57 184
57 185
57 198
57 208
57 214
57 230
57 231
57 239
58 59
58 66
58 69
58 70
58 73
58 75
58 77
58 81
58 86
58 88
58 98
58 101
58 109
58 121
58 129
58 132
58 134
58 135
58 136
58 137
58 138
58 144
58 145
58 160
58 175
58 181
58 185
58 193
58 194
58 200
58 208
58 213
58 224
58 225
58 233
58 240
59 60
59 61
59 62
59 63
59 64
59 66
59 67
59 68
59 76
59 79
59 80
59 91
59 94
59 97
59 102
59 103
59 111
59 112
59 116
59 123
59 127
59 140
59 143
59 149
59 151
59 163
59 164
59 171
59 184
59 186
59 192
59 194
59 197
59 206
59 207
59 231
59 239
59 249
60 66
60 67
60 68
60 69
60 72
60 75
60 81
60 84
60 86
60 89
60 91
60 101
60 102
60 108
60 109
60 126
60 134
60 144
60 150
60 154
60 161
60 164
60 166
60 175
60 188
60 193
60 206
60 208
60 212
60 217
60 232
60 243
61 67
61 72
61 73
61 76
61 80
61 83
61 86
61 96
61 107
61 113
61 123
61 135
61 140
61 144
61 146
61 155
61 157
61 176
61 177
61 181
61 184
61 198
61 200
61 224
61 227
61 246
61 248
62 70
62 78
62 80
62 89
62 90
62 101
62 102
62 103
62 107
62 110
62 111
62 115
62 120
62 124
62 125
62 128
62 131
62 135
62 140
62 144
62 149
62 150
62 151
62 154
62 155
62 158
62 159
62 182
62 186
62 190
62 191
62 194
62 211
62 236
62 246
63 64
63 68
63 70
63 73
63 74
63 84
63 93
63 95
63 104
63 113
63 114
63 116
63 117
63 123
63 125
63 131
63 135
63 160
63 163
63 169
63 191
63 204
63 221
63 224
63 225
63 227
63 243
64 66
64 75
64 83
64 89
64 92
64 95
64 96
64 101
64 112
64 116
64 142
64 156
64 163
64 164
64 168
64 172
64 179
64 194
64 220
64 223
64 244
65 71
65 77
65 79
65 80
65 87
65 88
65 92
65 116
65 121
65 139
65 172
65 177
65 209
65 210
65 212
65 215
65 218
66 68
66 71
66 72
66 74
66 76
66 79
66 96
66 100
66 103
66 110
66 116
66 122
66 124
66 129
66 131
66 140
66 153
66 158
66 164
66 188
66 199
66 211
66 218
66 234
66 247
67 70
67 81
67 91
67 92
67 99
67 102
67 103
67 105
67 106
67 115
67 125
67 133
67 137
67 144
67 158
67 164
67 165
67 173
67 189
67 196
67 205
67 212
68 70
68 73
68 78
68 79
68 90
68 93
68 94
68 95
68 105
68 108
68 110
68 113
68 117
68 118
68 127
68 149
68 157
68 167
68 180
68 185
68 207
68 213
68 219
68 221
68 243
68 248
69 72
69 73
69 74
69 79
69 81
69 82
69 83
69 86
69 88
69 105
69 106
69 119
69 122
69 127
69 131
69 140
69 143
69 146
69 161
69 163
69 168
69 171
69 185
69 200
69 222
69 231
69 233
69 241
69 247
70 85
70 88
70 99
70 111
70 121
70 124
70 125
70 128
70 133
70 147
70 149
70 152
70 153
70 154
70 157
70 160
70 179
70 192
70 193
70 200
70 217
70 230
70 239
71 74
71 79
71 82
71 83
71 98
71 106
71 110
71 117
71 126
71 129
71 137
71 141
71 144
71 150
71 170
71 207
71 210
71 225
71 236
71 237
71 242
72 74
72 80
72 86
72 88
72 90
72 94
72 116
72 118
72 129
72 131
72 132
72 156
72 157
72 160
72 166
72 170
72 171
72 173
72 176
72 183
72 198
72 227
72 232
72 235
72 242
73 87
73 93
73 98
73 99
73 103
73 105
73 106
73 112
73 118
73 121
73 126
73 128
73 131
73 133
73 138
73 141
73 151
73 158
73 174
73 178
73 179
73 183
73 184
73 187
73 204
73 222
73 225
73 245
74 78
74 83
74 88
74 113
74 115
74 134
74 145
74 156
74 158
74 164
74 169
74 170
74 174
74 181
74 211
74 228
74 244
75 86
75 93
75 94
75 95
75 97
75 101
75 102
75 113
75 118
75 126
75 139
75 152
75 161
75 174
75 197
75 213
75 222
75 230
76 80
76 87
76 91
76 92
76 109
76 110
76 113
76 126
76 131
76 132
76 136
76 147
76 157
76 166
76 167
76 171
76 175
76 188
76 195
76 198
76 203
76 208
76 218
76 224
76 239
76 242
77 84
77 86
77 102
77 103
77 120
77 121
77 130
77 150
77 201
77 221
77 228
77 233
77 235
77 245
77 247
78 85
78 87
78 88
78 93
78 95
78 96
78 101
78 105
78 130
78 134
78 159
78 169
78 181
78 200
78 203
78 213
78 214
78 218
78 223
78 228
78 234
78 238
78 240
79 94
79 113
79 115
79 120
79 125
79 138
79 145
79 152
79 156
79 175
79 177
79 202
79 203
79 207
79 222
79 238
80 82
80 98
80 103
80 113
80 132
80 137
80 138
80 149
80 164
80 172
80 175
80 179
80 199
80 213
80 224
80 225
80 232
80 238
81 82
81 83
81 86
81 87
81 99
81 105
81 107
81 120
81 124
81 128
81 130
81 147
81 148
81 150
81 153
81 154
81 166
81 168
81 186
81 213
81 215
81 220
81 227
81 229
82 85
82 86
82 118
82 119
82 121
82 136
82 141
82 162
82 173
82 195
82 196
82 202
83 85
83 99
83 108
83 125
83 129
83 153
83 155
83 172
83 183
83 196
83 202
83 206
83 217
83 231
83 245
84 86
84 96
84 99
84 111
84 118
84 120
84 164
84 168
84 173
84 201
84 243
84 244
85 93
85 126
85 127
85 137
85 142
85 144
85 148
85 178
85 180
85 186
85 202
85 226
85 227
86 121
86 122
86 126
86 137
86 144
86 154
86 160
86 175
86 190
86 195
86 206
86 207
86 209
86 214
86 231
87 91
87 94
87 108
87 122
87 147
87 148
87 159
87 165
87 170
87 196
87 208
87 228
87 236
88 100
88 101
88 102
88 103
88 125
88 127
88 129
88 136
88 164
88 178
88 196
88 210
88 213
88 235
88 238
89 91
89 93
89 113
89 120
89 134
89 135
89 138
89 158
89 162
89 168
89 175
89 181
89 185
89 191
89 197
89 198
89 208
89 216
89 230
89 246
90 97
90 102
90 105
90 106
90 115
90 124
90 134
90 136
90 162
90 169
90 216
90 232
90 236
90 247
91 93
91 96
91 115
91 116
91 126
91 131
91 134
91 148
91 155
91 159
91 163
91 170
91 176
91 199
91 226
91 240
92 95
92 97
92 98
92 99
92 101
92 104
92 106
92 107
92 114
92 119
92 136
92 141
92 145
92 157
92 170
92 175
92 177
92 186
92 187
92 190
92 193
92 195
92 198
92 203
92 206
92 211
92 215
92 222
92 234
92 242
93 96
93 119
93 134
93 139
93 157
93 162
93 183
93 186
93 197
93 217
93 230
93 233
93 245
93 249
94 104
94 107
94 108
94 117
94 119
94 135
94 143
94 171
94 174
94 178
94 179
94 191
94 198
94 205
94 206
94 218
94 229
94 240
94 246
95 100
95 103
95 107
95 121
95 123
95 124
95 127
95 129
95 132
95 133
95 143
95 147
95 151
95 159
95 178
95 184
95 185
95 186
95 187
95 190
95 193
95 216
95 217
95 220
95 228
95 230
95 241
96 108
96 109
96 112
96 133
96 157
96 165
96 182
96 248
97 98
97 100
97 113
97 115
97 123
97 128
97 152
97 156
97 158
97 161
97 169
97 172
97 173
97 185
97 209
97 218
97 244
98 101
98 106
98 111
98 116
98 119
98 121
98 130
98 133
98 138
98 140
98 141
98 147
98 161
98 177
98 187
98 188
98 193
98 199
98 201
98 229
98 230
98 236
98 244
99 115
99 116
99 119
99 132
99 138
99 140
99 169
99 182
99 187
99 200
99 212
99 219
99 225
99 240
100 111
100 122
100 130
100 152
100 154
100 161
100 176
100 203
100 236
100 239
101 106
101 137
101 141
101 151
101 165
101 169
101 182
101 195
101 218
101 244
101 245
101 247
102 109
102 139
102 148
102 149
102 153
102 169
102 174
102 197
102 204
102 206
102 223
102 233
103 108
103 119
103 126
103 142
103 148
103 154
103 155
103 156
103 161
103 173
103 182
103 186
103 190
103 192
103 195
103 203
103 226
104 108
104 125
104 126
104 127
104 128
104 163
104 165
104 199
104 201
104 220
105 124
105 125
105 154
105 189
105 201
105 228
105 240
105 244
106 123
106 133
106 140
106 142
106 155
106 165
106 192
106 199
106 205
106 214
106 219
106 220
106 240
106 246
107 109
107 112
107 114
107 155
107 165
107 183
107 204
107 206
107 216
107 229
107 241
108 115
108 133
108 154
108 182
108 188
108 196
108 197
108 202
108 218
108 249
109 111
109 112
109 115
109 130
109 150
109 169
109 179
109 186
109 204
109 220
109 227
109 244
109 246
110 112
110 114
110 117
110 120
110 135
110 141
110 142
110 176
110 177
110 187
110 202
110 235
110 239
111 122
111 136
111 141
111 152
111 154
111 195
111 196
111 237
111 239
112 122
112 158
112 160
112 164
112 168
112 172
112 173
112 210
112 226
113 122
113 127
113 145
113 146
113 177
113 196
113 230
113 243
114 134
114 137
114 139
114 171
114 174
114 176
114 200
114 235
114 242
115 146
115 153
115 154
115 228
115 233
115 236
115 242
116 122
116 124
116 128
116 129
116 141
116 166
116 205
117 125
117 128
117 132
117 139
117 146
117 148
117 169
117 191
117 193
117 224
117 232
117 237
117 247
117 248
118 132
118 137
118 149
118 151
118 163
118 168
118 174
118 175
118 182
118 193
118 212
118 221
118 228
118 243
119 135
119 154
119 155
119 159
119 173
119 174
119 187
119 191
119 215
119 216
119 243
120 123
120 205
120 209
120 217
120 231
120 240
121 155
121 179
121 213
122 126
122 138
122 141
122 154
122 155
122 160
122 162
122 196
122 205
122 224
122 242
123 131
123 134
123 136
123 142
123 170
123 200
123 218
123 226
123 233
123 239
123 240
123 241
124 146
124 167
124 177
124 182
124 189
124 206
124 209
124 234
125 131
125 135
125 150
125 178
125 183
125 190
125 193
125 196
125 209
125 213
125 218
125 221
125 248
126 134
126 137
126 139
126 143
126 146
126 151
126 156
126 170
126 179
126 181
126 189
126 191
126 203
126 207
126 213
126 233
127 143
127 164
127 183
127 202
127 219
127 229
127 245
128 130
128 161
128 165
128 167
128 168
128 171
128 178
128 192
128 215
128 225
128 226
128 227
128 232
129 134
129 143
129 147
129 152
129 153
129 161
129 170
129 176
129 208
129 234
129 235
130 134
130 148
130 151
130 163
130 166
130 171
130 184
130 196
130 198
130 199
130 207
130 220
130 246
131 139
131 140
131 142
131 181
131 194
131 240
131 248
132 135
132 143
132 162
132 176
132 194
132 210
132 223
132 226
132 246
133 163
133 170
133 172
133 181
133 191
133 192
133 195
133 207
133 214
133 215
133 238
134 146
134 178
134 201
134 225
135 140
135 143
135 157
135 162
135 187
135 190
135 216
135 231
135 237
135 247
136 147
136 164
136 183
136 186
136 210
136 213
136 225
136 231
136 239
136 243
137 148
137 168
137 188
137 190
137 223
137 238
138 142
138 167
138 179
138 192
138 212
138 213
138 216
138 226
138 228
138 236
138 245
139 148
139 155
139 167
139 185
139 195
139 197
139 208
139 218
139 235
140 145
140 147
140 180
140 203
140 227
140 232
141 144
141 161
141 180
141 183
141 210
141 239
142 147
142 154
142 180
142 184
142 186
142 197
142 202
142 232
142 243
142 247
143 146
143 149
143 154
143 156
143 160
143 163
143 167
143 169
143 189
143 204
143 217
143 222
144 149
144 155
144 161
144 168
144 190
144 196
144 198
144 217
144 234
144 238
145 146
145 159
145 164
145 175
145 184
145 194
145 218
145 249
146 155
146 167
146 190
146 197
146 207
146 210
146 232
146 235
146 236
146 237
146 241
147 210
147 229
148 167
148 178
148 196
148 198
148 220
148 242
149 157
149 159
149 160
149 190
149 222
149 232
149 234
149 249
150 152
150 169
150 187
150 192
150 195
150 203
150 204
150 212
150 227
150 246
151 164
151 171
151 172
151 175
151 229
152 156
152 161
152 165
152 167
152 173
152 197
152 230
152 242
153 178
153 193
153 195
153 204
153 229
153 236
154 166
154 181
154 200
154 232
154 236
155 164
155 175
155 202
155 207
155 218
155 223
155 230
155 237
155 241
155 243
155 246
155 248
156 159
156 179
156 181
156 219
156 236
156 247
157 169
157 190
157 232
157 244
157 248
158 173
158 192
158 210
158 219
158 226
158 249
159 192
159 197
159 207
159 213
159 230
160 163
160 173
160 174
160 180
160 191
160 208
160 241
160 243
160 245
161 165
161 194
161 212
161 226
161 228
161 236
161 246
162 166
162 205
162 225
162 227
164 166
164 191
164 192
164 198
164 205
164 214
164 220
164 223
164 241
164 242
164 243
165 166
165 176
165 186
165 231
165 240
165 244
165 248
166 180
166 210
167 208
167 214
167 247
168 169
168 187
168 209
168 220
168 236
168 241
168 247
169 171
169 174
169 180
169 225
169 226
170 172
170 180
170 195
170 219
171 178
171 202
171 219
171 221
171 222
171 225
171 240
172 173
172 189
172 213
172 216
172 221
173 196
173 219
173 238
174 198
174 204
174 205
174 221
174 246
175 233
176 187
176 194
176 201
176 205
176 218
176 224
177 212
177 214
177 217
177 239
178 192
178 193
178 232
179 199
179 203
179 215
179 217
179 226
179 247
180 183
180 205
180 229
180 234
181 188
181 209
181 223
181 244
182 184
182 189
182 190
182 216
182 245
183 189
183 192
183 198
183 202
183 208
183 209
183 212
184 191
184 201
184 215
185 193
185 201
185 204
185 210
187 228
188 198
188 211
189 191
189 237
190 197
190 244
191 249
192 196
192 199
192 203
192 204
192 205
192 248
193 200
194 211
194 229
194 241
194 247
195 205
195 206
195 222
196 198
196 204
196 216
197 200
197 212
197 216
197 217
197 226
197 230
197 249
198 205
198 232
198 239
199 235
200 202
200 208
200 211
200 214
200 215
200 221
200 230
200 237
200 238
202 212
202 220
202 226
203 211
204 209
204 224
204 245
204 249
205 216
205 221
205 234
205 242
206 213
206 221
206 225
207 239
208 222
208 238
209 236
210 233
210 238
210 246
211 224
211 245
213 249
215 231
216 223
216 229
216 245
217 230
217 234
217 237
218 240
219 235
219 238
220 243
221 223
227 245
227 248
228 240
232 245
233 241
233 248
235 237
237 243
240 244
243 249
