0 1
0 2
0 3
0 4
0 5
0 6
0 7
0 8
0 9
0 10
0 11
0 12
0 13
0 14
0 15
0 16
0 17
0 18
0 19
0 20
0 21
0 22
0 24
0 25
0 26
0 27
0 28
0 29
0 31
0 32
0 33
0 34
0 35
0 36
0 38
0 40
0 41
0 43
0 45
0 46
0 47
0 48
0 49
0 51
0 53
0 58
0 60
0 61
0 63
0 66
0 67
0 69
0 72
0 74
0 75
0 76
0 78
0 80
0 87
0 89
0 92
0 94
0 97
0 100
0 107
0 113
0 119
0 121
0 122
0 124
0 126
0 127
0 132
0 137
0 138
0 141
0 143
0 144
0 152
0 153
0 160
0 166
0 168
0 169
0 173
0 176
0 177
0 179
0 184
0 198
0 200
0 206
0 208
0 215
0 221
0 223
0 226
0 227
0 247
1 13
1 14
1 15
1 16
1 18
1 21
1 23
1 24
1 25
1 27
1 32
1 34
1 35
1 39
1 45
1 47
1 58
1 61
1 62
1 71
1 74
1 83
1 88
1 90
1 97
1 98
1 102
1 128
1 133
1 152
1 154
1 157
1 163
1 180
1 185
1 233
1 248
2 13
2 14
2 17
2 19
2 21
2 23
2 30
2 36
2 37
2 38
2 47
2 52
2 56
2 97
2 99
2 100
2 105
2 127
2 129
2 144
2 168
2 173
2 234
2 235
2 239
3 13
3 14
3 15
3 18
3 24
3 25
3 48
3 52
3 60
3 142
3 202
3 204
3 213
3 226
3 237
3 240
4 13
4 15
4 16
4 17
4 18
4 20
4 22
4 23
4 24
4 26
4 28
4 29
4 31
4 33
4 34
4 38
4 41
4 43
4 46
4 50
4 51
4 52
4 56
4 57
4 61
4 68
4 76
4 79
4 82
4 94
4 95
4 98
4 102
4 104
4 105
4 111
4 118
4 124
4 125
4 140
4 141
4 142
4 145
4 157
4 160
4 179
4 187
4 210
4 212
4 216
4 223
4 224
4 234
5 13
5 14
5 15
5 19
5 20
5 21
5 22
5 23
5 25
5 30
5 32
5 35
5 47
5 54
5 56
5 64
5 71
5 72
5 77
5 82
5 87
5 91
5 108
5 111
5 118
5 121
5 136
5 140
5 149
5 158
5 169
5 178
5 183
5 188
5 190
5 203
5 207
5 215
5 219
5 233
5 241
5 247
6 13
6 14
6 15
6 16
6 17
6 18
6 19
6 20
6 21
6 24
6 25
6 39
6 51
6 57
6 58
6 73
6 78
6 79
6 80
6 117
6 141
6 161
6 198
6 233
6 239
6 244
6 249
7 13
7 14
7 15
7 16
7 17
7 18
7 19
7 23
7 24
7 26
7 27
7 28
7 29
7 32
7 36
7 40
7 42
7 44
7 45
7 46
7 48
7 49
7 55
7 70
7 73
7 75
7 82
7 94
7 104
7 111
7 121
7 156
7 162
7 169
7 192
7 214
7 236
8 13
8 14
8 15
8 16
8 17
8 19
8 22
8 33
8 46
8 55
8 64
8 70
8 84
8 89
8 90
8 95
8 117
8 126
8 129
8 137
8 140
8 144
8 145
8 170
8 202
8 209
8 212
8 231
8 248
9 13
9 16
9 17
9 18
9 20
9 23
9 26
9 27
9 28
9 35
9 36
9 38
9 42
9 44
9 49
9 60
9 66
9 71
9 76
9 87
9 107
9 111
9 112
9 113
9 117
9 139
9 169
9 172
9 175
9 177
9 185
9 187
9 195
9 199
9 205
9 211
9 245
10 13
10 14
10 15
10 16
10 17
10 20
10 21
10 26
10 33
10 34
10 37
10 46
10 47
10 48
10 62
10 75
10 96
10 100
10 123
10 147
10 171
10 175
10 184
10 187
10 195
10 231
10 246
11 14
11 16
11 65
11 127
11 190
12 13
12 14
12 15
12 17
12 19
12 21
12 22
12 24
12 25
12 28
12 37
12 60
12 67
12 77
12 78
12 80
12 84
12 91
12 93
12 104
12 108
12 118
12 120
12 134
12 135
12 137
12 142
12 143
12 165
12 172
12 174
12 179
12 191
12 203
12 217
13 14
13 15
13 16
13 18
13 19
13 20
13 21
13 22
13 23
13 25
13 27
13 29
13 30
13 31
13 32
13 33
13 35
13 36
13 37
13 38
13 39
13 40
13 41
13 43
13 44
13 46
13 49
13 50
13 51
13 53
13 54
13 55
13 57
13 62
13 65
13 66
13 68
13 70
13 75
13 76
13 80
13 83
13 85
13 88
13 90
13 92
13 101
13 103
13 106
13 108
13 110
13 114
13 118
13 120
13 122
13 123
13 135
13 145
13 149
13 150
13 156
13 158
13 165
13 178
13 181
13 191
13 193
13 210
13 213
13 222
13 232
13 246
14 15
14 16
14 17
14 18
14 19
14 21
14 22
14 24
14 25
14 26
14 27
14 30
14 33
14 35
14 36
14 44
14 47
14 56
14 63
14 69
14 70
14 71
14 73
14 74
14 76
14 77
14 79
14 83
14 85
14 86
14 94
14 97
14 102
14 107
14 115
14 116
14 139
14 145
14 146
14 152
14 154
14 156
14 159
14 167
14 175
14 182
14 187
14 190
14 191
14 194
14 196
14 199
14 201
14 202
14 225
14 232
14 234
14 235
14 239
14 240
14 247
15 16
15 17
15 18
15 19
15 20
15 21
15 22
15 23
15 25
15 26
15 28
15 30
15 31
15 32
15 35
15 38
15 39
15 40
15 41
15 42
15 44
15 49
15 52
15 53
15 54
15 58
15 68
15 69
15 70
15 72
15 75
15 78
15 81
15 83
15 85
15 87
15 89
15 91
15 95
15 101
15 102
15 103
15 104
15 106
15 114
15 119
15 120
15 121
15 122
15 125
15 131
15 134
15 138
15 141
15 144
15 147
15 148
15 149
15 150
15 164
15 172
15 175
15 178
15 186
15 188
15 190
15 192
15 195
15 198
15 199
15 201
15 225
15 233
15 237
16 17
16 18
16 19
16 20
16 22
16 23
16 25
16 26
16 27
16 28
16 29
16 30
16 33
16 35
16 41
16 51
16 56
16 61
16 65
16 66
16 75
16 86
16 91
16 103
16 108
16 111
16 121
16 122
16 125
16 128
16 129
16 140
16 142
16 147
16 148
16 152
16 154
16 156
16 161
16 165
16 180
16 205
16 207
16 217
16 228
16 230
16 239
16 247
17 18
17 20
17 22
17 23
17 24
17 28
17 32
17 33
17 40
17 45
17 49
17 51
17 54
17 64
17 66
17 70
17 71
17 75
17 90
17 95
17 103
17 110
17 119
17 129
17 145
17 151
17 152
17 156
17 166
17 170
17 183
17 186
17 209
17 248
18 19
18 20
18 21
18 24
18 26
18 27
18 28
18 29
18 30
18 32
18 34
18 36
18 38
18 39
18 44
18 45
18 47
18 50
18 52
18 55
18 56
18 58
18 62
18 63
18 64
18 73
18 74
18 75
18 84
18 85
18 91
18 96
18 100
18 103
18 107
18 109
18 110
18 112
18 116
18 124
18 126
18 139
18 142
18 146
18 149
18 159
18 160
18 164
18 174
18 180
18 181
18 191
18 192
18 196
18 204
18 207
18 218
18 220
18 223
18 236
18 243
19 20
19 21
19 22
19 23
19 24
19 25
19 26
19 29
19 31
19 32
19 38
19 40
19 41
19 42
19 51
19 53
19 60
19 65
19 66
19 67
19 75
19 83
19 84
19 86
19 88
19 89
19 92
19 96
19 99
19 100
19 101
19 102
19 105
19 106
19 120
19 126
19 127
19 130
19 138
19 141
19 149
19 150
19 151
19 156
19 158
19 159
19 167
19 174
19 175
19 177
19 187
19 194
19 204
19 232
20 24
20 27
20 29
20 30
20 31
20 35
20 36
20 37
20 39
20 40
20 42
20 47
20 48
20 50
20 52
20 53
20 57
20 65
20 66
20 69
20 70
20 73
20 74
20 76
20 80
20 86
20 88
20 92
20 94
20 98
20 100
20 103
20 105
20 106
20 112
20 113
20 124
20 131
20 138
20 148
20 164
20 172
20 176
20 180
20 191
20 192
20 210
20 215
20 219
20 223
20 233
20 242
20 244
20 246
20 247
20 249
21 22
21 27
21 28
21 29
21 30
21 31
21 32
21 34
21 35
21 36
21 37
21 40
21 42
21 47
21 49
21 53
21 55
21 56
21 60
21 68
21 71
21 73
21 76
21 85
21 89
21 94
21 98
21 108
21 114
21 123
21 124
21 125
21 127
21 128
21 129
21 132
21 151
21 162
21 165
21 168
21 185
21 190
21 193
21 197
21 206
21 218
21 221
21 225
21 229
21 231
21 235
21 238
21 247
22 23
22 26
22 27
22 28
22 30
22 31
22 34
22 36
22 39
22 41
22 45
22 48
22 49
22 51
22 53
22 58
22 59
22 61
22 69
22 74
22 86
22 96
22 97
22 118
22 127
22 129
22 134
22 136
22 138
22 142
22 146
22 154
22 157
22 169
22 179
22 183
22 194
22 205
22 214
22 216
22 218
22 224
22 228
22 230
23 25
23 26
23 27
23 28
23 29
23 30
23 31
23 33
23 42
23 44
23 48
23 49
23 52
23 54
23 61
23 63
23 67
23 81
23 85
23 90
23 105
23 108
23 114
23 116
23 120
23 132
23 144
23 145
23 158
23 169
23 180
23 191
23 196
23 198
23 201
23 206
23 226
24 30
24 32
24 33
24 34
24 38
24 43
24 44
24 46
24 48
24 50
24 56
24 57
24 60
24 61
24 62
24 63
24 67
24 68
24 69
24 72
24 82
24 83
24 85
24 93
24 111
24 115
24 120
24 121
24 126
24 132
24 139
24 146
24 157
24 160
24 161
24 184
24 193
24 194
24 212
24 215
24 217
24 222
24 227
24 229
24 230
24 235
24 237
24 242
25 33
25 34
25 37
25 40
25 41
25 45
25 52
25 54
25 55
25 58
25 62
25 68
25 83
25 93
25 96
25 100
25 102
25 115
25 143
25 147
25 152
25 154
25 180
25 209
25 210
26 33
26 35
26 37
26 38
26 39
26 45
26 47
26 58
26 59
26 60
26 79
26 86
26 114
26 129
26 131
26 134
26 135
26 136
26 144
26 148
26 153
26 166
26 169
26 172
26 175
26 182
26 184
26 186
26 189
26 194
26 195
26 207
26 219
26 221
26 226
26 228
26 233
26 234
26 241
27 29
27 31
27 39
27 41
27 46
27 59
27 64
27 68
27 76
27 77
27 81
27 92
27 97
27 105
27 106
27 108
27 155
27 161
27 164
27 165
27 166
27 176
27 186
27 206
27 207
27 211
27 221
27 226
27 241
27 245
28 29
28 31
28 32
28 34
28 36
28 41
28 43
28 45
28 46
28 47
28 50
28 55
28 59
28 61
28 63
28 64
28 66
28 68
28 71
28 81
28 94
28 95
28 96
28 97
28 104
28 105
28 114
28 116
28 118
28 119
28 125
28 128
28 130
28 133
28 134
28 136
28 138
28 144
28 145
28 146
28 151
28 152
28 154
28 173
28 178
28 189
28 200
28 203
28 209
28 216
28 217
28 220
28 234
28 236
28 245
29 31
29 48
29 51
29 52
29 54
29 57
29 77
29 93
29 99
29 107
29 110
29 130
29 135
29 137
29 151
29 153
29 155
29 159
29 208
29 209
29 212
29 219
29 230
29 235
30 37
30 42
30 46
30 58
30 62
30 63
30 65
30 67
30 71
30 72
30 79
30 81
30 82
30 86
30 87
30 89
30 90
30 92
30 93
30 97
30 110
30 117
30 119
30 122
30 125
30 127
30 128
30 130
30 138
30 148
30 155
30 174
30 178
30 179
30 183
30 189
30 195
30 201
30 206
30 216
30 223
30 238
31 34
31 37
31 39
31 43
31 46
31 47
31 54
31 61
31 67
31 71
31 75
31 77
31 82
31 84
31 87
31 100
31 104
31 109
31 116
31 121
31 130
31 135
31 137
31 140
31 143
31 149
31 150
31 167
31 176
31 178
31 179
31 189
31 192
31 201
31 207
31 208
31 214
31 222
31 223
31 239
32 34
32 40
32 41
32 42
32 43
32 51
32 56
32 57
32 59
32 64
32 65
32 71
32 73
32 79
32 80
32 90
32 94
32 98
32 101
32 115
32 116
32 121
32 130
32 131
32 133
32 137
32 140
32 148
32 154
32 157
32 163
32 165
32 177
32 185
32 197
32 200
32 216
32 219
32 222
32 224
32 239
32 244
33 43
33 44
33 45
33 48
33 57
33 64
33 66
33 68
33 70
33 82
33 102
33 125
33 128
33 132
33 135
33 143
33 151
33 160
33 163
33 167
33 185
33 190
33 193
33 202
33 209
33 234
33 240
33 241
33 243
33 244
34 35
34 36
34 37
34 38
34 39
34 40
34 41
34 43
34 44
34 64
34 66
34 69
34 82
34 89
34 93
34 98
34 99
34 100
34 102
34 103
34 110
34 123
34 124
34 133
34 134
34 137
34 140
34 153
34 155
34 160
34 162
34 173
34 186
34 192
34 199
34 206
34 213
34 228
34 231
34 242
35 40
35 42
35 54
35 67
35 84
35 86
35 89
35 102
35 116
35 128
35 162
35 164
35 166
35 169
35 185
35 196
35 197
35 198
35 202
35 242
36 37
36 38
36 44
36 46
36 50
36 52
36 69
36 74
36 81
36 85
36 89
36 102
36 106
36 128
36 143
36 159
36 169
36 172
36 176
36 188
36 195
36 196
36 204
36 210
36 231
37 45
37 49
37 50
37 70
37 72
37 81
37 87
37 99
37 101
37 105
37 132
37 141
37 145
37 165
37 220
37 229
37 240
38 39
38 43
38 54
38 55
38 60
38 63
38 70
38 73
38 78
38 90
38 103
38 111
38 112
38 116
38 117
38 127
38 166
38 192
38 201
38 217
38 230
38 236
38 237
39 42
39 43
39 48
39 49
39 50
39 51
39 53
39 55
39 57
39 59
39 64
39 67
39 69
39 87
39 88
39 91
39 92
39 124
39 130
39 131
39 141
39 154
39 179
39 189
39 191
39 194
39 207
39 224
39 225
39 227
39 240
40 44
40 53
40 59
40 60
40 62
40 77
40 99
40 101
40 104
40 108
40 113
40 126
40 136
40 154
40 171
40 173
40 196
40 208
40 211
40 229
40 236
41 42
41 43
41 58
41 59
41 65
41 72
41 75
41 78
41 84
41 138
41 152
41 156
41 157
41 181
41 243
42 48
42 56
42 60
42 69
42 74
42 80
42 106
42 137
42 139
42 144
42 145
42 150
42 161
42 171
42 179
42 207
42 220
42 225
43 69
43 73
43 97
43 109
43 112
43 113
43 120
43 168
43 181
43 187
44 45
44 49
44 50
44 55
44 63
44 67
44 69
44 77
44 79
44 80
44 103
44 107
44 109
44 113
44 127
44 133
44 140
44 169
44 184
44 186
44 188
44 196
44 198
44 204
44 206
44 222
44 244
45 51
45 52
45 53
45 55
45 61
45 72
45 88
45 89
45 101
45 110
45 112
45 115
45 131
45 134
45 143
45 150
45 153
45 156
45 158
45 181
45 203
45 232
46 61
46 65
46 75
46 79
46 83
46 91
46 96
46 102
46 104
46 109
46 121
46 137
46 152
46 159
46 176
46 180
46 182
46 189
46 190
46 193
46 207
46 211
47 63
47 112
47 123
47 124
47 153
47 175
47 222
47 243
48 50
48 53
48 56
48 57
48 59
48 62
48 66
48 70
48 86
48 91
48 92
48 93
48 96
48 103
48 106
48 113
48 117
48 125
48 126
48 143
48 150
48 162
48 174
48 188
48 189
48 194
48 200
48 205
48 222
48 224
48 225
48 241
49 50
49 57
49 62
49 72
49 83
49 87
49 90
49 97
49 117
49 123
49 125
49 129
49 136
49 138
49 142
49 160
49 168
49 177
49 196
49 211
49 220
50 53
50 55
50 58
50 78
50 79
50 93
50 101
50 117
50 124
50 146
50 161
50 170
50 193
50 198
50 214
50 218
50 243
50 244
50 246
50 249
51 52
51 54
51 78
51 79
51 81
51 98
51 104
51 112
51 121
51 126
51 134
51 140
51 155
51 156
51 176
51 218
51 224
51 227
52 59
52 67
52 79
52 82
52 120
52 134
52 176
52 178
52 182
52 183
52 198
52 205
52 211
52 221
52 248
53 54
53 56
53 58
53 61
53 63
53 64
53 67
53 80
53 112
53 147
53 157
53 170
53 182
53 185
53 191
53 199
53 249
54 59
54 64
54 73
54 84
54 93
54 98
54 109
54 111
54 122
54 127
54 128
54 131
54 139
54 140
54 163
54 201
54 214
54 227
54 235
54 243
55 89
55 97
55 104
55 119
55 155
55 183
55 195
55 200
55 208
55 214
55 225
55 235
56 57
56 62
56 88
56 91
56 117
56 132
56 160
56 193
56 195
56 227
56 231
56 235
56 244
56 246
57 60
57 76
57 79
57 85
57 87
57 91
57 98
57 103
57 110
57 111
57 115
57 123
57 132
57 141
57 195
57 227
57 232
58 59
58 63
58 65
58 81
58 107
58 124
58 126
58 135
58 162
58 189
58 201
58 213
58 216
58 221
58 238
58 246
58 249
59 62
59 68
59 72
59 73
59 76
59 81
59 84
59 91
59 94
59 96
59 97
59 99
59 116
59 120
59 135
59 141
59 144
59 149
59 153
59 155
59 160
59 163
59 171
59 172
59 193
59 203
59 212
59 215
59 217
59 241
60 73
60 74
60 77
60 98
60 105
60 123
60 130
60 138
60 146
60 153
60 160
60 164
60 236
61 65
61 66
61 71
61 80
61 95
61 120
61 151
61 174
61 205
61 229
62 81
62 82
62 110
62 114
62 159
62 165
62 209
62 245
63 65
63 68
63 74
63 77
63 80
63 86
63 92
63 95
63 99
63 101
63 129
63 149
63 157
63 163
63 185
63 210
63 214
63 225
63 242
64 72
64 77
64 78
64 80
64 88
64 90
64 93
64 94
64 95
64 101
64 108
64 116
64 138
64 163
64 164
64 182
64 195
64 221
64 235
64 249
65 74
65 76
65 82
65 86
65 87
65 90
65 145
65 151
65 152
65 162
65 179
65 203
65 218
65 238
66 88
66 99
66 127
66 132
66 137
66 158
66 166
66 177
66 228
67 68
67 76
67 77
67 85
67 104
67 135
67 136
67 142
67 164
67 166
67 168
67 190
67 202
67 209
67 236
67 242
68 83
68 86
68 96
68 98
68 113
68 115
68 119
68 145
68 167
68 178
68 215
68 219
68 237
69 70
69 124
69 134
69 139
69 161
69 210
69 240
70 71
70 92
70 93
70 104
70 109
70 114
70 123
70 149
70 184
70 185
70 189
70 193
70 218
70 245
71 72
71 78
71 85
71 88
71 95
71 117
71 128
71 144
71 182
71 183
71 230
71 240
71 242
71 245
72 74
72 78
72 99
72 118
72 132
72 136
72 148
72 158
72 163
72 197
72 232
73 96
73 107
73 163
73 167
73 194
73 203
73 211
73 212
73 223
73 234
73 240
74 84
74 92
74 93
74 113
74 115
74 118
74 122
74 133
74 139
74 150
74 171
74 192
74 222
74 226
74 232
75 78
75 82
75 84
75 92
75 108
75 128
75 136
75 146
75 151
75 155
75 166
75 170
75 173
75 185
75 190
75 206
76 83
76 89
76 100
76 112
76 123
76 156
76 157
76 158
76 181
76 224
77 100
77 123
77 130
77 133
77 172
77 209
77 231
78 81
78 85
78 87
78 94
78 101
78 109
78 111
78 131
78 133
78 139
78 143
78 156
78 201
78 203
78 212
78 228
78 235
78 237
78 238
78 248
79 110
79 116
79 126
79 136
79 164
79 170
80 84
80 94
80 95
80 108
80 110
80 111
80 117
80 122
80 142
80 168
80 226
81 90
81 107
81 119
81 136
81 170
81 199
81 226
82 83
82 91
82 105
82 126
82 141
82 162
82 208
82 238
82 244
82 245
83 107
83 110
83 122
83 134
83 137
83 144
83 154
83 167
83 169
83 234
84 88
84 121
84 130
84 143
84 147
84 163
84 188
84 201
84 213
84 216
84 223
84 247
85 106
85 128
85 136
85 137
85 141
85 146
85 168
85 171
85 181
85 188
85 204
86 131
86 141
86 150
86 193
86 213
86 244
86 246
87 88
87 155
87 157
87 205
87 229
87 236
88 95
88 102
88 107
88 117
88 129
88 135
88 143
88 147
88 168
88 171
88 206
88 239
89 106
89 109
89 160
89 161
89 167
89 175
89 185
89 188
90 98
90 118
90 143
90 151
90 153
90 162
90 212
90 219
90 231
90 248
91 103
91 118
91 129
91 147
91 158
91 161
91 170
91 187
91 203
91 205
91 208
92 111
92 112
92 116
92 122
92 134
92 166
92 170
92 197
93 99
93 100
93 105
93 112
93 113
93 182
93 196
93 197
93 199
93 219
94 95
94 96
94 106
94 108
94 114
94 115
94 140
94 164
94 168
94 173
94 187
94 202
94 219
94 227
95 99
95 119
95 154
95 167
95 190
96 107
96 114
96 135
96 147
96 158
96 163
96 174
96 183
96 216
96 218
96 232
96 239
97 101
97 105
97 119
97 181
97 190
97 211
97 225
98 119
98 120
98 148
98 150
98 152
98 186
98 191
98 212
98 220
98 230
99 109
99 114
99 139
99 199
99 231
100 109
100 120
100 125
100 146
100 156
100 186
100 197
100 214
101 115
101 180
101 186
101 197
102 159
102 178
102 195
102 206
102 209
102 222
102 243
103 106
103 113
103 133
103 172
103 173
103 178
103 191
103 193
104 130
104 148
104 177
104 212
105 118
105 119
105 121
105 125
105 149
105 175
105 206
105 225
105 242
105 245
106 109
106 155
106 176
106 177
106 199
106 208
106 236
106 237
106 241
107 127
107 132
107 180
107 203
107 205
108 113
108 114
108 146
108 153
108 192
108 223
108 228
109 118
109 158
109 167
109 205
109 220
109 226
109 246
110 133
110 174
110 175
110 198
110 232
111 115
111 122
111 171
111 177
111 186
112 125
112 201
113 115
113 159
113 187
113 195
113 207
113 208
113 215
114 123
114 208
114 234
114 244
115 129
115 173
115 182
115 227
115 236
116 124
116 133
116 150
116 165
116 192
116 209
116 226
116 229
117 132
117 154
117 162
117 180
117 192
117 216
117 243
118 178
118 184
118 188
118 209
118 229
119 159
119 172
119 235
120 144
120 204
120 225
121 122
121 142
121 171
121 179
121 200
121 219
121 248
122 131
122 153
122 157
122 181
122 201
123 151
123 169
123 173
123 182
123 183
123 184
124 126
124 152
124 161
124 204
124 223
124 238
125 130
125 131
125 142
125 147
125 149
125 166
125 179
125 205
125 211
125 217
126 148
126 172
126 189
126 208
126 238
126 245
127 133
127 135
127 138
127 159
127 172
127 184
127 207
127 232
128 139
128 148
128 165
128 171
128 177
128 183
128 196
128 213
128 225
129 146
129 148
129 167
129 213
129 238
129 239
130 131
130 147
130 171
130 182
130 190
130 214
131 227
132 160
132 174
132 194
132 211
132 217
133 155
133 162
133 182
134 150
134 178
134 200
134 245
135 139
135 140
135 181
135 226
135 247
136 153
136 204
136 229
136 233
136 241
137 142
137 147
137 176
137 249
138 145
138 151
138 206
138 249
139 168
139 173
139 197
140 249
141 218
141 220
141 221
142 246
143 161
143 192
143 212
143 224
144 210
144 232
145 171
145 202
145 217
145 222
145 244
146 155
146 168
146 170
146 197
147 149
147 170
147 200
147 214
147 217
147 238
148 163
148 177
149 189
149 249
150 158
150 159
150 173
150 175
150 220
151 166
151 194
151 197
151 198
151 238
152 161
152 162
152 165
152 224
152 247
153 157
153 214
153 230
154 193
154 198
154 199
154 237
154 246
155 164
155 198
155 219
155 240
155 243
155 247
156 187
157 174
157 229
157 240
158 174
158 179
158 197
159 170
159 199
159 210
159 245
160 165
160 180
160 185
160 214
160 220
160 235
161 175
161 176
161 215
161 242
162 164
162 181
162 204
162 237
163 167
163 184
163 213
164 233
164 234
164 239
164 246
164 248
165 176
165 183
165 202
166 188
166 202
166 217
166 223
167 196
167 210
167 242
168 194
168 248
169 186
169 203
170 203
171 174
171 187
171 188
171 208
171 218
171 228
172 180
172 200
172 202
172 233
173 177
173 183
173 184
173 186
173 220
173 228
173 239
174 200
175 229
177 181
177 187
177 188
177 207
177 216
177 230
177 231
178 224
178 227
179 218
179 224
179 228
179 233
179 237
180 184
180 240
181 191
181 215
181 242
182 194
182 220
183 189
183 226
185 191
185 243
185 249
187 211
188 221
188 227
188 228
189 210
189 213
189 215
189 216
189 221
189 230
189 232
190 210
190 215
191 196
191 222
192 200
192 218
192 233
193 200
193 204
193 213
193 224
194 248
195 202
196 231
197 204
197 215
197 236
197 238
198 199
198 212
199 211
199 216
199 221
200 205
200 229
200 241
200 242
202 241
203 233
203 240
206 221
207 217
207 219
207 228
209 243
210 213
210 237
210 247
212 234
212 241
215 234
215 241
217 248
219 222
219 223
221 230
221 248
223 230
223 237
224 231
224 239
224 243
230 244
233 236
236 246
237 247
239 245
242 249
