0 1
0 2
0 3
0 4
0 5
0 6
0 7
0 8
0 9
0 10
0 11
0 12
0 13
0 14
0 15
0 16
0 17
0 18
0 19
0 20
0 21
0 22
0 23
0 24
0 25
0 27
0 28
0 29
0 30
0 31
0 34
0 35
0 36
0 38
0 39
0 40
0 42
0 45
0 47
0 49
0 53
0 56
0 57
0 59
0 60
0 62
0 64
0 65
0 66
0 69
0 72
0 74
0 75
0 77
0 78
0 82
0 84
0 85
0 87
0 89
0 91
0 92
0 93
0 94
0 98
0 99
0 100
0 102
0 106
0 107
0 110
0 111
0 116
0 117
0 121
0 122
0 125
0 127
0 149
0 154
0 155
0 156
0 159
0 161
0 164
0 168
0 169
0 171
0 175
0 181
0 182
0 187
0 199
0 201
0 210
0 212
0 214
0 218
0 224
0 234
0 236
0 237
0 238
0 242
0 244
0 246
0 247
1 15
1 16
1 18
1 21
1 25
1 30
1 35
1 41
1 43
1 51
1 70
1 89
1 97
1 102
1 111
1 128
1 137
1 139
1 143
1 145
1 146
1 180
1 243
2 15
2 16
2 17
2 18
2 19
2 22
2 24
2 25
2 26
2 28
2 29
2 32
2 34
2 35
2 41
2 44
2 46
2 49
2 57
2 64
2 73
2 76
2 77
2 78
2 89
2 96
2 110
2 114
2 119
2 130
2 131
2 185
2 190
2 199
2 207
2 209
2 216
2 236
3 15
3 16
3 17
3 18
3 19
3 21
3 35
3 38
3 41
3 42
3 43
3 44
3 58
3 68
3 71
3 83
3 92
3 99
3 103
3 109
3 114
3 145
3 146
3 148
3 175
3 181
3 191
3 224
3 226
4 15
4 16
4 17
4 19
4 24
4 31
4 40
4 41
4 50
4 57
4 61
4 65
4 67
4 92
4 94
4 127
4 129
4 131
4 150
4 160
4 203
4 217
4 236
4 240
4 249
5 15
5 16
5 17
5 18
5 20
5 21
5 22
5 28
5 32
5 38
5 39
5 45
5 50
5 56
5 67
5 70
5 76
5 79
5 81
5 95
5 111
5 122
5 139
5 140
5 185
5 188
5 196
5 197
5 206
5 208
5 209
5 225
5 231
5 244
5 247
6 15
6 17
6 18
6 19
6 21
6 22
6 23
6 25
6 26
6 27
6 28
6 29
6 30
6 31
6 32
6 33
6 36
6 37
6 39
6 42
6 44
6 50
6 51
6 55
6 56
6 72
6 77
6 78
6 82
6 86
6 95
6 105
6 116
6 117
6 123
6 125
6 128
6 133
6 134
6 143
6 146
6 152
6 158
6 161
6 163
6 164
6 166
6 167
6 170
6 172
6 173
6 178
6 198
6 199
6 226
6 242
7 15
7 16
7 18
7 20
7 22
7 28
7 29
7 34
7 37
7 47
7 52
7 57
7 62
7 64
7 144
7 147
7 153
7 165
7 182
7 186
7 194
7 216
7 220
7 225
7 239
7 249
8 15
8 16
8 19
8 20
8 21
8 23
8 24
8 25
8 28
8 32
8 36
8 39
8 42
8 44
8 54
8 55
8 56
8 57
8 66
8 69
8 72
8 81
8 85
8 90
8 105
8 112
8 113
8 115
8 120
8 124
8 126
8 130
8 152
8 154
8 155
8 173
8 178
8 183
8 187
8 191
8 205
8 208
9 16
9 17
9 18
9 22
9 25
9 26
9 29
9 39
9 44
9 54
9 55
9 66
9 90
9 109
9 123
9 125
9 143
9 155
9 177
9 189
9 214
9 216
9 221
10 15
10 16
10 17
10 18
10 19
10 20
10 21
10 22
10 25
10 26
10 27
10 31
10 34
10 38
10 41
10 43
10 45
10 48
10 52
10 58
10 59
10 62
10 91
10 95
10 106
10 113
10 115
10 123
10 124
10 126
10 128
10 134
10 135
10 143
10 159
10 172
10 181
10 189
10 199
10 201
10 206
10 217
10 218
10 243
11 15
11 16
11 17
11 19
11 20
11 23
11 24
11 25
11 28
11 32
11 33
11 34
11 37
11 39
11 40
11 47
11 61
11 65
11 66
11 73
11 74
11 78
11 81
11 111
11 112
11 114
11 156
11 164
11 165
11 172
11 198
11 203
11 211
11 212
11 225
11 229
11 238
11 243
11 244
12 15
12 17
12 18
12 20
12 23
12 24
12 25
12 27
12 28
12 29
12 32
12 33
12 34
12 35
12 52
12 53
12 61
12 64
12 68
12 74
12 79
12 80
12 82
12 91
12 98
12 99
12 116
12 118
12 121
12 136
12 139
12 150
12 156
12 160
12 161
12 162
12 169
12 170
12 177
12 190
12 194
12 196
12 198
12 201
12 202
12 210
12 218
12 234
12 243
13 15
13 16
13 17
13 19
13 20
13 21
13 27
13 30
13 31
13 33
13 37
13 39
13 53
13 56
13 66
13 68
13 76
13 88
13 96
13 98
13 101
13 111
13 141
13 144
13 151
13 153
13 158
13 165
13 180
13 192
13 205
13 206
13 212
13 214
13 221
13 226
13 230
14 15
14 16
14 17
14 18
14 19
14 20
14 21
14 23
14 24
14 26
14 27
14 28
14 29
14 34
14 37
14 41
14 49
14 54
14 55
14 56
14 61
14 69
14 70
14 71
14 75
14 83
14 86
14 88
14 90
14 93
14 106
14 109
14 129
14 146
14 162
14 168
14 176
14 177
14 183
14 194
14 195
14 200
14 211
14 215
14 223
14 225
14 228
14 231
14 246
15 16
15 17
15 18
15 19
15 20
15 21
15 22
15 23
15 24
15 25
15 26
15 27
15 29
15 30
15 31
15 32
15 33
15 35
15 36
15 37
15 38
15 40
15 41
15 42
15 43
15 46
15 47
15 54
15 55
15 58
15 59
15 61
15 62
15 63
15 65
15 67
15 69
15 76
15 79
15 83
15 90
15 93
15 95
15 98
15 99
15 110
15 114
15 124
15 125
15 126
15 127
15 130
15 134
15 139
15 143
15 144
15 145
15 151
15 153
15 155
15 157
15 160
15 162
15 163
15 164
15 167
15 174
15 177
15 179
15 180
15 184
15 187
15 196
15 198
15 202
15 218
15 226
15 228
15 233
15 240
15 248
16 17
16 18
16 19
16 20
16 21
16 22
16 23
16 25
16 26
16 27
16 29
16 30
16 31
16 32
16 35
16 36
16 37
16 38
16 40
16 41
16 44
16 46
16 51
16 54
16 57
16 66
16 68
16 72
16 75
16 79
16 82
16 85
16 89
16 90
16 93
16 96
16 102
16 103
16 104
16 109
16 116
16 132
16 141
16 142
16 143
16 145
16 148
16 154
16 156
16 158
16 159
16 163
16 164
16 172
16 174
16 175
16 177
16 180
16 182
16 187
16 188
16 191
16 193
16 195
16 205
16 206
16 218
16 227
16 229
16 233
16 234
16 236
16 239
16 241
16 246
16 249
17 18
17 19
17 20
17 22
17 23
17 24
17 25
17 26
17 27
17 28
17 29
17 30
17 31
17 32
17 34
17 39
17 40
17 41
17 42
17 43
17 44
17 45
17 46
17 49
17 50
17 51
17 53
17 54
17 56
17 57
17 58
17 59
17 60
17 63
17 64
17 67
17 68
17 71
17 74
17 75
17 76
17 77
17 80
17 81
17 82
17 86
17 87
17 88
17 90
17 92
17 97
17 99
17 101
17 102
17 104
17 105
17 107
17 109
17 114
17 119
17 120
17 124
17 135
17 140
17 149
17 156
17 161
17 163
17 166
17 175
17 181
17 186
17 191
17 192
17 194
17 195
17 197
17 198
17 199
17 204
17 205
17 208
17 210
17 214
17 220
17 228
17 229
17 232
17 240
17 249
18 19
18 20
18 21
18 22
18 23
18 24
18 25
18 27
18 28
18 30
18 34
18 35
18 37
18 38
18 42
18 48
18 63
18 65
18 66
18 70
18 74
18 75
18 80
18 81
18 82
18 83
18 85
18 89
18 94
18 98
18 99
18 104
18 107
18 110
18 120
18 126
18 131
18 145
18 147
18 175
18 181
18 182
18 192
18 195
18 199
18 206
18 210
18 224
18 230
18 231
18 239
18 243
19 20
19 21
19 22
19 23
19 24
19 26
19 27
19 28
19 29
19 30
19 34
19 35
19 38
19 39
19 47
19 49
19 50
19 52
19 53
19 55
19 56
19 59
19 60
19 66
19 69
19 73
19 76
19 79
19 80
19 84
19 85
19 87
19 95
19 97
19 100
19 102
19 104
19 106
19 108
19 109
19 119
19 122
19 124
19 128
19 135
19 146
19 155
19 157
19 159
19 162
19 163
19 165
19 171
19 173
19 177
19 188
19 195
19 210
19 213
19 223
19 228
19 240
19 246
20 21
20 22
20 23
20 24
20 26
20 29
20 31
20 32
20 33
20 36
20 37
20 39
20 41
20 42
20 43
20 46
20 51
20 55
20 57
20 61
20 73
20 74
20 79
20 81
20 85
20 91
20 93
20 94
20 95
20 98
20 105
20 107
20 108
20 113
20 115
20 120
20 122
20 126
20 127
20 129
20 134
20 135
20 137
20 141
20 153
20 154
20 162
20 166
20 167
20 171
20 180
20 186
20 191
20 198
20 202
20 206
20 213
20 214
20 217
20 219
20 220
20 221
20 222
20 225
20 229
20 236
20 245
20 246
20 247
20 249
21 22
21 23
21 24
21 25
21 27
21 28
21 29
21 30
21 31
21 32
21 34
21 35
21 36
21 38
21 40
21 41
21 42
21 43
21 46
21 47
21 48
21 49
21 51
21 52
21 53
21 55
21 58
21 59
21 65
21 66
21 70
21 71
21 72
21 73
21 77
21 78
21 80
21 81
21 82
21 88
21 89
21 90
21 93
21 95
21 97
21 98
21 101
21 104
21 107
21 108
21 113
21 114
21 127
21 128
21 130
21 134
21 139
21 141
21 142
21 144
21 146
21 153
21 155
21 158
21 159
21 164
21 170
21 173
21 176
21 180
21 182
21 183
21 186
21 192
21 200
21 212
21 222
21 223
21 224
21 228
21 230
21 241
21 247
22 23
22 26
22 27
22 30
22 31
22 33
22 36
22 38
22 62
22 64
22 67
22 68
22 69
22 72
22 74
22 77
22 79
22 81
22 97
22 101
22 104
22 124
22 145
22 157
22 159
22 174
22 178
22 189
22 194
22 227
22 241
22 249
23 24
23 26
23 30
23 33
23 35
23 36
23 39
23 42
23 44
23 69
23 71
23 85
23 93
23 96
23 113
23 133
23 137
23 140
23 144
23 145
23 150
23 151
23 159
23 162
23 178
23 197
23 206
23 218
23 226
23 227
23 229
23 232
23 236
23 237
24 26
24 27
24 28
24 31
24 33
24 34
24 35
24 36
24 38
24 40
24 48
24 49
24 51
24 53
24 54
24 55
24 60
24 62
24 63
24 64
24 68
24 72
24 79
24 80
24 88
24 89
24 91
24 92
24 93
24 94
24 96
24 97
24 99
24 103
24 108
24 110
24 118
24 123
24 127
24 130
24 133
24 136
24 137
24 143
24 148
24 149
24 154
24 155
24 162
24 163
24 167
24 178
24 181
24 185
24 190
24 192
24 198
24 199
24 204
24 205
24 207
24 211
24 213
24 217
24 218
24 222
24 237
24 245
24 249
25 26
25 32
25 34
25 35
25 39
25 41
25 43
25 47
25 48
25 52
25 55
25 60
25 61
25 72
25 73
25 75
25 79
25 82
25 94
25 106
25 108
25 111
25 115
25 128
25 159
25 162
25 169
25 181
25 200
25 202
25 203
25 224
25 227
25 234
26 33
26 44
26 45
26 47
26 52
26 58
26 59
26 62
26 66
26 68
26 72
26 73
26 76
26 78
26 83
26 86
26 91
26 93
26 96
26 99
26 120
26 127
26 128
26 132
26 138
26 141
26 143
26 149
26 154
26 166
26 168
26 175
26 178
26 179
26 186
26 187
26 188
26 189
26 191
26 205
26 212
26 228
26 229
26 231
26 236
27 30
27 31
27 32
27 40
27 43
27 44
27 46
27 48
27 49
27 50
27 52
27 57
27 60
27 61
27 64
27 67
27 72
27 79
27 81
27 93
27 94
27 97
27 109
27 115
27 117
27 118
27 121
27 122
27 124
27 130
27 134
27 143
27 149
27 153
27 174
27 176
27 182
27 183
27 192
27 196
27 199
27 204
27 209
27 225
27 226
27 231
27 233
27 237
27 244
27 245
27 248
28 29
28 30
28 33
28 37
28 44
28 45
28 48
28 55
28 61
28 62
28 65
28 69
28 71
28 74
28 78
28 84
28 85
28 91
28 92
28 100
28 101
28 112
28 124
28 136
28 137
28 144
28 150
28 156
28 169
28 177
28 199
28 205
28 227
28 237
29 31
29 33
29 37
29 38
29 39
29 40
29 43
29 45
29 48
29 50
29 56
29 59
29 60
29 63
29 67
29 70
29 78
29 84
29 92
29 97
29 101
29 115
29 121
29 126
29 131
29 156
29 163
29 173
29 176
29 180
29 211
29 224
29 225
29 231
29 238
30 33
30 36
30 39
30 40
30 45
30 46
30 53
30 54
30 70
30 71
30 73
30 78
30 83
30 93
30 96
30 105
30 118
30 128
30 129
30 131
30 132
30 137
30 141
30 150
30 158
30 165
30 174
30 192
30 200
30 201
30 203
30 207
30 221
30 231
30 234
30 237
31 32
31 36
31 42
31 43
31 45
31 47
31 53
31 57
31 59
31 60
31 65
31 67
31 72
31 75
31 83
31 84
31 86
31 91
31 92
31 95
31 105
31 108
31 109
31 115
31 116
31 123
31 129
31 131
31 132
31 135
31 137
31 138
31 140
31 144
31 147
31 155
31 159
31 180
31 193
31 194
31 197
31 200
31 202
31 223
31 244
31 245
32 33
32 35
32 37
32 42
32 45
32 48
32 50
32 57
32 63
32 65
32 67
32 68
32 73
32 80
32 82
32 87
32 92
32 96
32 104
32 107
32 110
32 112
32 116
32 123
32 128
32 144
32 157
32 161
32 167
32 172
32 175
32 181
32 193
32 201
32 203
32 208
32 209
32 210
32 213
32 220
32 223
32 242
32 244
32 247
32 249
33 34
33 36
33 42
33 47
33 57
33 59
33 63
33 73
33 76
33 78
33 82
33 84
33 85
33 91
33 97
33 100
33 108
33 109
33 118
33 119
33 122
33 123
33 129
33 132
33 133
33 134
33 138
33 144
33 149
33 157
33 159
33 164
33 170
33 178
33 181
33 213
33 218
33 228
33 233
33 239
33 248
34 37
34 38
34 46
34 48
34 49
34 50
34 51
34 52
34 54
34 60
34 87
34 102
34 103
34 110
34 114
34 116
34 120
34 126
34 127
34 137
34 164
34 165
34 168
34 169
34 183
35 36
35 41
35 43
35 44
35 45
35 46
35 51
35 54
35 56
35 58
35 60
35 65
35 74
35 81
35 82
35 83
35 87
35 88
35 93
35 99
35 100
35 106
35 110
35 113
35 117
35 125
35 133
35 142
35 158
35 163
35 173
35 184
35 189
35 193
35 197
35 203
35 208
35 225
35 231
35 232
35 239
36 37
36 38
36 40
36 41
36 43
36 46
36 47
36 49
36 51
36 52
36 54
36 63
36 68
36 71
36 77
36 78
36 85
36 89
36 93
36 96
36 99
36 100
36 133
36 140
36 146
36 167
36 185
36 187
36 197
36 226
37 40
37 47
37 49
37 50
37 55
37 59
37 65
37 68
37 69
37 87
37 93
37 94
37 97
37 99
37 100
37 102
37 118
37 133
37 156
37 158
37 167
37 176
37 180
37 189
37 195
37 204
37 211
37 233
38 42
38 44
38 46
38 52
38 58
38 63
38 66
38 75
38 86
38 87
38 101
38 102
38 116
38 122
38 136
38 138
38 139
38 141
38 149
38 154
38 170
38 181
38 184
38 196
38 198
38 199
38 207
38 228
38 235
38 245
39 40
39 44
39 46
39 47
39 48
39 50
39 52
39 53
39 54
39 64
39 66
39 72
39 75
39 79
39 81
39 88
39 90
39 97
39 98
39 100
39 106
39 115
39 118
39 119
39 120
39 125
39 129
39 133
39 136
39 147
39 148
39 150
39 151
39 155
39 156
39 167
39 171
39 175
39 182
39 190
39 196
39 200
39 208
39 209
39 222
39 235
39 242
40 45
40 49
40 50
40 51
40 53
40 54
40 61
40 64
40 78
40 87
40 88
40 94
40 103
40 111
40 112
40 113
40 121
40 122
40 126
40 131
40 150
40 155
40 164
40 172
40 174
40 183
40 196
40 205
40 208
40 222
40 240
40 241
41 48
41 49
41 52
41 58
41 60
41 63
41 83
41 87
41 90
41 110
41 113
41 115
41 125
41 132
41 133
41 142
41 145
41 147
41 151
41 166
41 168
41 172
41 192
41 195
41 212
41 233
41 240
42 43
42 46
42 47
42 50
42 55
42 56
42 61
42 62
42 71
42 100
42 108
42 115
42 119
42 121
42 130
42 151
42 155
42 160
42 184
42 197
42 203
42 219
42 222
43 45
43 51
43 64
43 70
43 72
43 75
43 76
43 78
43 84
43 86
43 96
43 105
43 106
43 108
43 117
43 119
43 146
43 147
43 148
43 166
43 184
43 187
43 199
43 201
43 213
43 217
43 223
43 234
44 45
44 54
44 60
44 70
44 73
44 74
44 75
44 94
44 113
44 114
44 126
44 132
44 167
44 169
44 178
44 188
44 194
44 196
44 216
44 221
44 239
44 243
45 48
45 50
45 51
45 53
45 60
45 76
45 77
45 84
45 86
45 90
45 100
45 117
45 121
45 122
45 149
45 151
45 170
45 200
45 202
45 215
45 227
46 48
46 51
46 59
46 61
46 62
46 63
46 83
46 105
46 110
46 117
46 124
46 125
46 138
46 164
46 171
46 176
46 194
46 202
46 207
46 213
46 240
46 244
47 49
47 63
47 65
47 66
47 70
47 73
47 84
47 85
47 88
47 91
47 96
47 100
47 101
47 102
47 108
47 109
47 112
47 114
47 117
47 131
47 148
47 152
47 163
47 176
47 179
47 181
47 184
47 211
47 213
47 243
47 246
48 58
48 59
48 76
48 80
48 83
48 85
48 88
48 97
48 134
48 152
48 157
48 159
48 175
48 183
48 201
48 210
48 217
48 225
48 227
48 232
49 52
49 53
49 57
49 58
49 62
49 66
49 67
49 82
49 86
49 92
49 94
49 99
49 101
49 105
49 112
49 132
49 140
49 141
49 146
49 147
49 148
49 161
49 162
49 172
49 174
49 190
49 207
49 215
49 226
49 241
49 247
50 70
50 81
50 87
50 98
50 106
50 111
50 112
50 124
50 127
50 128
50 132
50 147
50 154
50 158
50 160
50 168
50 184
50 221
50 235
50 244
51 53
51 56
51 58
51 62
51 65
51 71
51 80
51 94
51 95
51 102
51 123
51 126
51 130
51 136
51 138
51 139
51 152
51 153
51 154
51 161
51 169
51 174
51 209
51 210
51 220
51 224
51 233
51 238
51 240
51 241
51 243
52 55
52 56
52 67
52 80
52 81
52 85
52 91
52 95
52 109
52 111
52 121
52 123
52 126
52 132
52 134
52 141
52 148
52 158
52 177
52 188
52 192
52 212
52 215
52 224
53 58
53 59
53 64
53 69
53 71
53 74
53 80
53 82
53 86
53 89
53 90
53 103
53 105
53 112
53 115
53 116
53 118
53 127
53 128
53 142
53 178
53 186
53 189
53 196
53 204
53 213
53 230
53 236
53 238
53 240
53 243
54 56
54 57
54 58
54 61
54 68
54 71
54 77
54 81
54 82
54 107
54 117
54 119
54 125
54 149
54 170
54 174
54 181
54 200
54 224
54 248
55 60
55 63
55 67
55 75
55 77
55 84
55 86
55 95
55 103
55 104
55 108
55 111
55 121
55 123
55 134
55 137
55 148
55 149
55 155
55 168
55 173
55 186
55 189
55 190
55 196
55 232
55 241
56 77
56 88
56 102
56 151
56 159
56 162
56 176
56 202
56 219
56 223
56 229
57 62
57 69
57 72
57 86
57 91
57 96
57 98
57 152
57 154
57 171
57 174
57 197
58 61
58 64
58 74
58 75
58 84
58 104
58 107
58 116
58 117
58 121
58 129
58 137
58 140
58 164
58 177
58 182
58 191
58 222
58 223
58 224
58 242
59 65
59 79
59 86
59 89
59 103
59 122
59 133
59 134
59 136
59 143
59 146
59 151
59 154
59 157
59 184
59 226
60 62
60 69
60 84
60 89
60 90
60 92
60 100
60 108
60 112
60 125
60 143
60 148
60 155
60 175
60 189
60 239
61 64
61 67
61 68
61 98
61 122
61 132
61 139
61 140
61 141
61 176
61 198
61 210
61 219
61 236
61 244
62 63
62 67
62 71
62 74
62 79
62 94
62 104
62 117
62 125
62 130
62 142
62 174
62 185
62 187
62 194
62 204
62 216
62 242
63 69
63 101
63 117
63 148
63 151
63 160
63 166
63 168
63 184
63 193
63 207
63 208
63 248
64 69
64 76
64 103
64 129
64 131
64 134
64 157
64 171
64 182
64 183
64 186
64 208
64 234
65 68
65 70
65 71
65 83
65 89
65 96
65 98
65 105
65 109
65 110
65 118
65 135
65 147
65 161
65 211
65 219
65 222
65 247
66 75
66 97
66 102
66 117
66 244
66 247
67 70
67 73
67 87
67 90
67 107
67 147
67 156
67 168
67 186
67 202
67 205
67 214
67 216
67 222
67 238
67 242
68 70
68 74
68 77
68 101
68 145
68 153
68 163
68 171
68 178
68 182
68 198
68 210
68 249
69 77
69 80
69 96
69 169
69 192
69 203
69 237
70 76
70 100
70 107
70 108
70 116
70 117
70 125
70 129
70 132
70 140
70 164
70 176
70 180
70 185
70 187
70 193
70 215
70 217
70 220
70 233
70 235
71 84
71 100
71 102
71 106
71 111
71 114
71 115
71 118
71 120
71 126
71 138
71 144
71 146
71 151
71 174
71 178
71 183
71 188
71 190
71 221
71 233
71 246
72 73
72 76
72 88
72 104
72 177
72 180
72 187
72 191
72 225
72 228
72 232
72 237
73 80
73 91
73 98
73 104
73 106
73 114
73 122
73 128
73 133
73 135
73 139
73 141
73 146
73 148
73 150
73 206
73 249
74 79
74 85
74 87
74 88
74 121
74 124
74 125
74 163
74 206
74 213
74 235
75 77
75 84
75 90
75 92
75 103
75 111
75 119
75 140
75 143
75 152
75 161
75 205
75 221
75 231
75 249
76 91
76 106
76 109
76 111
76 113
76 136
76 169
76 170
76 182
76 196
76 201
76 227
76 228
76 243
76 245
77 78
77 114
77 119
77 135
77 153
77 171
77 191
77 207
77 217
77 218
77 229
78 80
78 104
78 107
78 112
78 113
78 127
78 163
78 179
79 103
79 105
79 107
79 120
79 123
79 145
79 160
79 161
79 166
79 177
79 186
79 200
80 83
80 135
80 139
80 153
80 174
80 179
80 183
80 221
81 88
81 92
81 98
81 101
81 133
81 141
81 147
81 150
81 153
81 165
81 184
81 206
81 209
81 214
81 226
81 238
82 83
82 86
82 97
82 130
82 131
82 144
82 176
82 180
82 181
82 187
82 210
82 231
82 233
82 235
82 239
83 94
83 120
83 129
83 203
83 213
83 216
84 87
84 95
84 103
84 113
84 119
84 131
84 135
84 147
84 156
84 157
84 160
84 169
84 193
84 216
84 226
84 230
85 92
85 122
85 138
85 142
85 143
85 167
85 178
85 189
85 222
86 89
86 110
86 114
86 116
86 132
86 137
86 139
86 152
86 161
86 169
86 175
86 183
86 186
86 193
86 195
86 228
86 232
87 89
87 95
87 142
87 207
87 216
88 102
88 109
88 120
88 185
89 104
89 119
89 161
89 165
89 200
89 248
90 101
90 106
90 123
90 138
90 156
90 158
90 182
90 184
90 202
90 219
91 95
91 118
91 124
91 125
91 136
91 170
91 193
91 195
91 214
91 249
92 116
92 124
92 127
92 137
92 139
92 152
92 165
92 170
92 226
93 119
93 120
93 123
93 126
93 140
93 142
93 147
93 152
93 172
93 190
93 221
93 225
94 103
94 115
94 158
94 162
94 169
94 208
94 224
95 105
95 107
95 142
95 154
95 167
95 204
95 216
95 223
95 231
96 101
96 103
96 110
96 112
96 115
96 141
96 142
96 166
96 172
96 179
96 187
96 195
96 201
96 242
97 99
97 112
97 142
97 190
97 193
97 197
97 212
97 214
97 220
98 99
98 113
98 114
98 137
98 138
98 142
98 159
98 169
98 172
98 173
99 108
99 111
99 128
99 152
99 153
99 171
99 185
99 200
99 209
99 217
99 221
100 113
100 118
100 135
100 146
100 165
100 170
100 191
100 231
100 233
101 106
101 123
101 146
101 183
101 194
101 210
101 211
101 237
102 120
102 121
102 131
102 136
102 156
102 172
102 177
102 190
102 215
102 218
103 105
103 107
103 140
103 157
103 160
103 166
103 179
103 196
103 197
103 223
103 235
104 112
104 130
104 144
104 188
104 204
104 205
104 239
104 241
105 121
105 131
105 137
105 186
105 188
105 229
105 235
106 149
106 193
106 195
106 208
106 212
106 227
106 233
107 129
107 136
107 218
107 220
107 244
107 245
108 110
108 150
108 166
108 171
108 214
108 215
109 118
109 135
109 168
110 120
110 202
110 223
110 228
110 245
111 148
112 153
112 160
112 162
112 168
112 206
112 208
112 248
113 122
113 124
113 130
113 133
113 140
113 145
113 151
113 156
113 187
113 197
113 199
113 203
113 211
113 237
113 247
114 118
114 128
114 136
114 138
114 139
114 145
114 173
114 239
115 116
115 129
115 138
115 193
115 245
116 160
116 167
116 179
116 181
116 190
116 217
116 232
116 235
116 245
117 119
117 142
117 144
117 170
118 121
118 145
118 158
118 164
118 171
118 178
118 206
119 126
119 127
119 132
119 134
119 136
119 203
119 217
119 244
120 135
120 157
120 164
120 195
120 204
120 219
120 230
121 149
121 150
121 158
121 177
121 238
122 127
122 131
122 135
122 138
122 145
122 151
122 152
122 165
122 173
122 194
122 195
122 201
122 203
122 205
122 220
122 229
122 230
123 136
123 157
123 163
123 171
123 173
123 179
123 185
123 188
123 196
123 197
123 198
123 209
123 217
123 247
124 163
124 176
124 185
124 195
124 209
124 230
124 235
124 239
125 129
125 130
125 147
125 161
125 179
125 186
125 218
125 232
125 238
126 130
126 158
126 233
126 248
127 134
127 205
127 222
127 239
127 243
128 152
128 160
128 167
128 184
128 201
128 211
129 184
129 199
129 206
129 229
129 241
130 148
130 149
130 162
130 182
130 210
130 219
130 240
130 246
131 133
131 150
131 160
131 183
131 226
131 229
132 160
133 207
133 232
134 138
134 140
134 144
134 157
134 168
134 185
134 220
135 152
135 154
135 165
135 189
135 190
135 209
135 215
135 236
135 238
136 168
136 213
137 141
137 190
137 192
137 193
137 232
138 139
138 153
138 189
138 194
138 207
138 211
138 214
138 215
138 222
138 232
138 246
138 249
139 143
139 162
139 189
139 230
140 149
140 172
140 175
140 217
141 170
141 208
141 248
143 166
143 204
143 212
143 235
144 171
144 184
144 186
144 188
144 224
144 234
145 150
145 151
145 155
145 166
145 176
145 205
145 215
146 180
146 212
146 223
146 224
146 242
147 150
147 157
147 166
147 218
147 221
147 230
148 154
148 178
148 191
148 220
148 240
148 243
149 169
149 173
149 179
149 212
149 219
150 159
150 165
150 212
151 173
151 191
151 192
151 202
151 207
151 211
151 225
151 228
151 230
151 237
152 167
152 210
153 161
153 207
154 170
154 180
154 239
155 175
155 191
155 230
156 168
156 200
156 204
157 165
157 215
158 172
158 175
158 211
158 225
158 227
158 230
159 187
159 201
160 219
161 202
161 204
161 224
161 228
161 238
161 247
162 233
162 234
162 236
164 185
164 202
164 240
165 215
165 217
166 179
166 185
166 240
166 243
167 174
167 177
167 182
167 237
167 241
168 176
168 179
168 188
169 173
169 192
169 198
170 183
170 198
170 209
170 236
171 222
171 243
171 248
172 245
173 194
173 200
173 220
173 231
173 244
174 179
174 188
174 194
174 215
175 227
175 235
176 241
176 246
177 216
177 238
178 193
178 247
180 207
181 189
181 204
181 227
181 238
182 246
183 185
183 188
183 190
183 191
185 212
185 219
185 220
186 216
186 222
187 209
188 204
189 192
189 209
190 223
191 196
191 197
191 198
191 201
191 216
191 221
191 237
191 248
192 199
192 203
193 197
193 216
193 242
194 214
195 201
195 206
196 208
196 213
196 234
197 245
198 200
198 237
199 234
199 239
200 203
200 226
201 215
202 220
204 229
204 248
205 236
205 242
207 214
208 211
208 213
208 223
210 214
211 219
212 225
212 249
213 241
214 218
214 219
214 227
214 241
215 248
216 232
216 242
216 247
217 219
218 227
218 234
218 238
219 221
219 236
219 241
219 247
220 234
220 246
221 242
223 235
224 231
224 246
224 248
225 232
225 240
226 229
227 230
227 235
228 234
229 244
239 246
240 242
241 245
243 245
