0 1
0 2
0 3
0 4
0 5
0 6
0 7
0 8
0 9
0 10
0 11
0 12
0 13
0 14
0 15
0 16
0 17
0 18
0 19
0 20
0 21
0 22
0 24
0 25
0 26
0 27
0 28
0 29
0 30
0 31
0 32
0 33
0 35
0 37
0 38
0 39
0 40
0 41
0 44
0 45
0 46
0 49
0 50
0 51
0 52
0 56
0 57
0 58
0 60
0 62
0 64
0 65
0 69
0 73
0 78
0 82
0 83
0 89
0 95
0 99
0 107
0 108
0 109
0 127
0 135
0 145
0 151
0 163
0 164
0 165
0 170
0 172
0 174
0 179
0 180
0 189
0 206
0 213
0 217
0 218
0 224
0 228
1 17
1 18
1 19
1 20
1 21
1 22
1 23
1 24
1 27
1 31
1 32
1 33
1 38
1 39
1 42
1 44
1 46
1 48
1 51
1 52
1 54
1 55
1 57
1 60
1 64
1 71
1 75
1 76
1 88
1 89
1 90
1 92
1 102
1 103
1 111
1 113
1 120
1 121
1 123
1 129
1 131
1 134
1 139
1 142
1 143
1 145
1 146
1 151
1 158
1 160
1 161
1 168
1 171
1 172
1 178
1 182
1 184
1 186
1 187
1 194
1 199
1 206
1 211
1 214
1 221
1 222
1 224
1 225
1 235
1 246
1 247
2 17
2 18
2 19
2 20
2 21
2 22
2 23
2 25
2 27
2 28
2 29
2 30
2 32
2 35
2 36
2 39
2 44
2 57
2 62
2 63
2 70
2 71
2 73
2 82
2 88
2 101
2 109
2 111
2 116
2 120
2 134
2 137
2 154
2 158
2 160
2 169
2 173
2 190
2 196
2 206
2 221
2 230
2 232
3 17
3 18
3 19
3 20
3 22
3 25
3 29
3 31
3 36
3 39
3 42
3 43
3 47
3 48
3 49
3 51
3 52
3 53
3 54
3 55
3 56
3 58
3 61
3 66
3 68
3 69
3 70
3 71
3 72
3 74
3 79
3 84
3 88
3 89
3 97
3 98
3 99
3 114
3 118
3 125
3 131
3 134
3 141
3 143
3 144
3 149
3 178
3 186
3 193
3 201
3 206
3 211
3 217
3 231
3 232
3 243
3 248
4 17
4 18
4 19
4 20
4 21
4 23
4 24
4 25
4 26
4 31
4 32
4 33
4 35
4 37
4 38
4 40
4 42
4 43
4 46
4 49
4 59
4 63
4 67
4 69
4 77
4 79
4 83
4 87
4 99
4 100
4 103
4 104
4 126
4 128
4 150
4 163
4 168
4 178
4 179
4 194
4 223
4 224
4 225
4 230
4 234
4 243
4 249
5 17
5 18
5 19
5 20
5 22
5 24
5 26
5 27
5 31
5 33
5 37
5 41
5 46
5 48
5 49
5 59
5 74
5 76
5 78
5 85
5 88
5 104
5 108
5 110
5 112
5 121
5 142
5 166
5 173
5 191
5 192
5 231
6 17
6 18
6 19
6 20
6 21
6 22
6 23
6 24
6 25
6 26
6 27
6 28
6 30
6 31
6 41
6 42
6 43
6 45
6 51
6 70
6 72
6 73
6 75
6 78
6 79
6 92
6 106
6 118
6 120
6 122
6 130
6 140
6 147
6 160
6 164
6 171
6 176
6 180
6 186
6 203
6 220
6 226
6 228
6 249
7 17
7 18
7 21
7 22
7 23
7 25
7 26
7 28
7 32
7 33
7 37
7 38
7 43
7 44
7 48
7 51
7 56
7 57
7 61
7 66
7 70
7 72
7 103
7 106
7 107
7 121
7 129
7 134
7 135
7 164
7 165
7 170
7 173
7 186
7 194
7 201
7 228
7 230
7 235
7 239
7 244
8 17
8 19
8 23
8 31
8 36
8 45
8 54
8 58
8 66
8 106
8 108
8 115
8 120
8 155
8 212
8 217
9 17
9 18
9 19
9 20
9 21
9 22
9 23
9 24
9 26
9 27
9 28
9 29
9 34
9 43
9 45
9 61
9 68
9 75
9 81
9 84
9 86
9 94
9 98
9 117
9 127
9 132
9 139
9 161
9 165
9 166
9 171
9 180
9 196
9 211
9 238
9 241
10 19
10 20
10 30
10 34
10 42
10 44
10 47
10 62
10 65
10 70
10 71
10 75
10 84
10 94
10 134
10 135
10 141
10 187
10 211
10 236
11 17
11 18
11 19
11 20
11 21
11 22
11 23
11 24
11 25
11 26
11 28
11 30
11 33
11 36
11 38
11 39
11 40
11 43
11 45
11 48
11 50
11 52
11 57
11 59
11 61
11 62
11 64
11 70
11 71
11 74
11 78
11 87
11 92
11 96
11 106
11 111
11 113
11 121
11 122
11 125
11 131
11 133
11 148
11 152
11 167
11 182
11 198
11 229
11 248
11 249
12 17
12 18
12 19
12 20
12 21
12 22
12 24
12 28
12 30
12 32
12 36
12 48
12 51
12 55
12 57
12 60
12 62
12 75
12 85
12 98
12 105
12 108
12 115
12 139
12 156
12 168
12 189
12 196
12 197
12 241
12 242
13 17
13 18
13 26
13 29
13 34
13 35
13 36
13 85
13 88
13 96
13 98
13 105
13 120
13 123
13 124
13 126
13 146
13 148
13 161
13 182
13 185
14 17
14 18
14 21
14 27
14 34
14 37
14 39
14 41
14 44
14 45
14 69
14 80
14 101
14 102
14 108
14 129
14 173
14 242
15 17
15 18
15 19
15 20
15 21
15 22
15 23
15 24
15 25
15 27
15 30
15 36
15 42
15 44
15 46
15 50
15 52
15 54
15 55
15 58
15 61
15 66
15 67
15 68
15 75
15 82
15 84
15 85
15 88
15 95
15 109
15 111
15 112
15 113
15 122
15 123
15 143
15 144
15 145
15 146
15 154
15 161
15 178
15 180
15 181
15 184
15 192
15 195
15 196
15 205
15 207
15 215
15 217
15 221
15 223
15 234
15 241
15 245
15 248
16 17
16 18
16 19
16 20
16 21
16 23
16 25
16 26
16 32
16 33
16 35
16 39
16 42
16 44
16 46
16 54
16 57
16 59
16 63
16 77
16 86
16 95
16 96
16 98
16 108
16 160
16 166
16 178
16 192
16 205
16 206
16 208
16 213
16 234
16 246
17 18
17 19
17 20
17 21
17 22
17 23
17 24
17 25
17 26
17 28
17 29
17 30
17 31
17 32
17 33
17 34
17 35
17 36
17 37
17 38
17 39
17 40
17 41
17 42
17 43
17 46
17 48
17 49
17 50
17 51
17 53
17 54
17 57
17 61
17 68
17 72
17 74
17 76
17 79
17 80
17 87
17 89
17 90
17 98
17 101
17 102
17 106
17 108
17 115
17 121
17 123
17 138
17 140
17 142
17 144
17 145
17 146
17 147
17 155
17 156
17 157
17 170
17 172
17 181
17 182
17 190
17 194
17 198
17 199
17 203
17 204
17 205
17 206
17 208
17 211
17 213
17 214
17 220
17 221
17 226
17 233
17 240
17 245
18 19
18 20
18 21
18 22
18 23
18 24
18 25
18 26
18 27
18 29
18 30
18 33
18 34
18 35
18 36
18 38
18 41
18 43
18 44
18 46
18 47
18 50
18 55
18 58
18 59
18 61
18 62
18 68
18 71
18 78
18 80
18 81
18 87
18 93
18 97
18 107
18 119
18 120
18 122
18 127
18 128
18 130
18 132
18 136
18 138
18 140
18 141
18 142
18 144
18 145
18 146
18 165
18 168
18 177
18 179
18 193
18 196
18 203
18 204
18 209
18 212
18 214
18 218
18 219
18 237
18 248
19 20
19 21
19 22
19 23
19 24
19 25
19 26
19 27
19 28
19 29
19 30
19 31
19 32
19 35
19 36
19 37
19 40
19 41
19 43
19 46
19 47
19 49
19 50
19 54
19 56
19 59
19 60
19 65
19 66
19 70
19 71
19 72
19 73
19 74
19 77
19 79
19 80
19 82
19 83
19 85
19 89
19 91
19 93
19 94
19 99
19 101
19 104
19 105
19 109
19 112
19 113
19 114
19 122
19 124
19 129
19 136
19 139
19 145
19 152
19 158
19 174
19 184
19 190
19 192
19 194
19 196
19 201
19 203
19 207
19 208
19 209
19 213
19 218
19 219
19 220
19 226
20 21
20 22
20 23
20 24
20 25
20 26
20 27
20 28
20 29
20 30
20 32
20 33
20 34
20 35
20 37
20 38
20 39
20 40
20 42
20 43
20 44
20 48
20 50
20 51
20 57
20 58
20 59
20 61
20 62
20 68
20 69
20 70
20 72
20 78
20 81
20 82
20 84
20 87
20 89
20 94
20 95
20 102
20 104
20 107
20 108
20 111
20 113
20 117
20 119
20 127
20 133
20 134
20 135
20 137
20 141
20 144
20 146
20 149
20 155
20 156
20 157
20 162
20 171
20 174
20 175
20 177
20 178
20 190
20 191
20 192
20 194
20 195
20 206
20 210
20 212
20 219
20 220
20 222
20 233
20 236
20 239
20 240
21 22
21 23
21 24
21 25
21 27
21 28
21 29
21 30
21 31
21 32
21 33
21 34
21 35
21 38
21 44
21 45
21 47
21 52
21 53
21 55
21 56
21 57
21 58
21 59
21 64
21 65
21 66
21 70
21 75
21 79
21 80
21 81
21 83
21 88
21 91
21 92
21 97
21 100
21 103
21 117
21 119
21 124
21 125
21 127
21 135
21 146
21 148
21 156
21 159
21 162
21 185
21 192
21 193
21 208
21 214
21 217
21 219
21 231
21 235
22 23
22 24
22 26
22 27
22 28
22 29
22 31
22 32
22 33
22 34
22 35
22 37
22 39
22 40
22 41
22 42
22 45
22 46
22 49
22 50
22 51
22 52
22 54
22 55
22 58
22 60
22 61
22 62
22 64
22 66
22 67
22 68
22 71
22 76
22 77
22 78
22 79
22 86
22 88
22 95
22 102
22 117
22 118
22 119
22 135
22 141
22 148
22 151
22 154
22 164
22 170
22 181
22 193
22 195
22 198
22 204
22 210
22 212
22 217
22 222
22 227
22 228
22 232
22 241
22 245
22 249
23 24
23 25
23 26
23 28
23 29
23 30
23 31
23 32
23 34
23 35
23 36
23 39
23 40
23 41
23 42
23 45
23 46
23 47
23 48
23 52
23 53
23 54
23 57
23 59
23 62
23 64
23 66
23 68
23 74
23 78
23 79
23 82
23 83
23 86
23 87
23 89
23 92
23 93
23 97
23 99
23 100
23 102
23 104
23 105
23 108
23 112
23 113
23 115
23 116
23 120
23 124
23 125
23 126
23 127
23 132
23 133
23 134
23 135
23 139
23 140
23 141
23 142
23 143
23 144
23 145
23 148
23 151
23 154
23 161
23 167
23 168
23 170
23 173
23 176
23 178
23 190
23 191
23 193
23 204
23 205
23 213
23 216
23 223
23 224
23 225
23 228
23 234
23 238
23 243
24 25
24 26
24 27
24 28
24 29
24 31
24 33
24 34
24 37
24 39
24 42
24 47
24 48
24 49
24 58
24 64
24 66
24 67
24 69
24 70
24 71
24 72
24 75
24 79
24 82
24 83
24 90
24 94
24 98
24 99
24 103
24 105
24 109
24 115
24 116
24 123
24 124
24 126
24 136
24 143
24 152
24 160
24 168
24 175
24 176
24 177
24 180
24 181
24 187
24 200
24 209
24 219
24 223
24 231
24 234
24 237
24 241
25 27
25 28
25 30
25 31
25 32
25 33
25 34
25 36
25 38
25 39
25 40
25 41
25 43
25 46
25 48
25 51
25 53
25 58
25 59
25 62
25 64
25 74
25 75
25 77
25 78
25 80
25 84
25 86
25 91
25 96
25 97
25 99
25 101
25 110
25 111
25 112
25 113
25 115
25 126
25 127
25 129
25 131
25 132
25 135
25 144
25 156
25 157
25 159
25 164
25 167
25 176
25 180
25 184
25 193
25 205
25 208
25 209
25 214
25 216
25 218
25 230
25 242
25 244
25 245
26 27
26 28
26 29
26 30
26 31
26 32
26 34
26 35
26 36
26 37
26 40
26 41
26 43
26 44
26 51
26 52
26 53
26 59
26 65
26 68
26 81
26 84
26 90
26 93
26 94
26 98
26 103
26 105
26 107
26 111
26 112
26 128
26 131
26 136
26 139
26 156
26 163
26 166
26 167
26 174
26 175
26 177
26 181
26 185
26 187
26 188
26 196
26 197
26 198
26 199
26 201
26 202
26 206
26 215
26 218
26 229
26 232
26 237
26 238
27 29
27 35
27 41
27 42
27 46
27 47
27 48
27 49
27 51
27 52
27 53
27 55
27 59
27 60
27 63
27 64
27 67
27 76
27 82
27 84
27 85
27 86
27 89
27 90
27 91
27 94
27 97
27 100
27 101
27 102
27 103
27 106
27 107
27 111
27 113
27 115
27 116
27 117
27 120
27 121
27 124
27 128
27 133
27 137
27 149
27 150
27 162
27 166
27 175
27 188
27 189
27 200
27 207
27 214
27 218
27 224
27 225
27 227
27 229
27 234
27 240
27 242
27 248
28 29
28 30
28 31
28 35
28 38
28 40
28 50
28 53
28 55
28 60
28 61
28 62
28 63
28 68
28 79
28 81
28 88
28 93
28 95
28 99
28 114
28 124
28 131
28 132
28 133
28 137
28 138
28 145
28 147
28 152
28 156
28 163
28 166
28 167
28 174
28 175
28 179
28 183
28 191
28 194
28 202
28 208
28 227
28 235
28 236
28 238
28 243
29 32
29 34
29 37
29 41
29 42
29 49
29 50
29 52
29 54
29 56
29 58
29 70
29 72
29 73
29 80
29 81
29 84
29 85
29 86
29 91
29 102
29 104
29 135
29 151
29 153
29 170
29 182
29 184
29 193
29 203
29 207
29 208
29 217
29 240
30 37
30 43
30 50
30 51
30 56
30 65
30 66
30 73
30 80
30 87
30 96
30 99
30 109
30 113
30 126
30 130
30 147
30 152
30 161
30 162
30 176
30 199
30 200
30 213
30 220
31 33
31 36
31 40
31 45
31 47
31 48
31 53
31 55
31 56
31 65
31 66
31 68
31 69
31 77
31 85
31 87
31 96
31 99
31 103
31 112
31 113
31 115
31 166
31 187
31 195
31 201
31 209
31 211
31 219
31 220
31 228
31 233
31 242
32 33
32 34
32 36
32 39
32 43
32 44
32 45
32 47
32 49
32 56
32 57
32 58
32 61
32 65
32 69
32 70
32 71
32 72
32 73
32 78
32 81
32 84
32 85
32 86
32 87
32 90
32 91
32 93
32 99
32 101
32 106
32 119
32 124
32 131
32 132
32 139
32 156
32 157
32 168
32 172
32 175
32 183
32 184
32 185
32 190
32 203
32 208
32 222
32 229
32 231
33 34
33 36
33 37
33 38
33 40
33 47
33 48
33 49
33 71
33 72
33 74
33 77
33 81
33 83
33 84
33 85
33 86
33 91
33 94
33 96
33 110
33 121
33 122
33 124
33 130
33 152
33 155
33 157
33 167
33 195
33 197
33 215
33 220
33 223
33 233
33 244
33 248
33 249
34 35
34 38
34 40
34 45
34 46
34 49
34 50
34 51
34 54
34 58
34 59
34 60
34 65
34 70
34 73
34 74
34 75
34 86
34 89
34 92
34 96
34 108
34 110
34 112
34 118
34 123
34 127
34 135
34 136
34 146
34 148
34 155
34 181
34 182
34 186
34 202
34 215
34 216
34 226
34 239
34 247
35 37
35 38
35 39
35 41
35 43
35 44
35 46
35 47
35 53
35 56
35 58
35 59
35 61
35 64
35 71
35 72
35 73
35 78
35 80
35 85
35 90
35 91
35 93
35 94
35 96
35 97
35 107
35 109
35 110
35 136
35 138
35 140
35 144
35 145
35 157
35 164
35 173
35 179
35 182
35 191
35 192
35 193
35 198
35 199
35 200
35 203
35 224
35 233
35 241
35 244
36 37
36 38
36 40
36 41
36 50
36 54
36 56
36 64
36 65
36 67
36 73
36 76
36 80
36 87
36 90
36 91
36 103
36 117
36 119
36 135
36 143
36 159
36 163
36 171
36 172
36 187
36 196
36 230
36 231
36 233
36 241
36 245
36 247
37 38
37 42
37 47
37 49
37 53
37 63
37 64
37 65
37 75
37 76
37 93
37 101
37 103
37 108
37 113
37 121
37 153
37 162
37 171
37 172
37 175
37 183
37 185
37 194
37 227
37 242
37 244
38 39
38 40
38 45
38 48
38 57
38 65
38 73
38 88
38 95
38 98
38 106
38 114
38 116
38 119
38 123
38 126
38 127
38 130
38 142
38 144
38 151
38 155
38 166
38 198
38 202
38 215
38 218
38 223
38 226
38 239
38 241
39 42
39 44
39 53
39 54
39 55
39 56
39 60
39 63
39 67
39 69
39 75
39 76
39 81
39 95
39 102
39 105
39 115
39 128
39 135
39 136
39 139
39 151
39 154
39 155
39 158
39 162
39 166
39 168
39 172
39 175
39 177
39 179
39 182
39 184
39 188
39 202
39 205
39 210
39 214
39 223
39 230
39 237
39 247
40 41
40 45
40 46
40 51
40 52
40 54
40 55
40 56
40 66
40 67
40 68
40 69
40 77
40 83
40 84
40 88
40 92
40 94
40 106
40 109
40 111
40 121
40 126
40 132
40 137
40 139
40 140
40 144
40 150
40 151
40 157
40 159
40 163
40 168
40 177
40 180
40 186
40 195
40 201
40 204
40 206
40 213
40 221
40 226
40 230
40 231
40 234
40 238
40 241
40 245
41 43
41 45
41 57
41 61
41 67
41 75
41 78
41 79
41 90
41 96
41 108
41 116
41 131
41 133
41 134
41 148
41 154
41 156
41 158
41 170
41 178
41 188
41 211
41 227
42 45
42 47
42 49
42 50
42 51
42 53
42 55
42 61
42 64
42 69
42 73
42 74
42 76
42 79
42 82
42 88
42 97
42 98
42 105
42 107
42 119
42 121
42 122
42 124
42 125
42 126
42 129
42 130
42 132
42 137
42 138
42 142
42 151
42 153
42 155
42 164
42 168
42 169
42 173
42 191
42 197
42 200
42 214
42 235
42 236
42 245
43 44
43 47
43 48
43 50
43 52
43 65
43 71
43 72
43 74
43 105
43 106
43 120
43 123
43 128
43 141
43 151
43 152
43 169
43 170
43 172
43 219
43 224
43 234
44 50
44 54
44 55
44 59
44 60
44 63
44 66
44 67
44 68
44 69
44 72
44 76
44 89
44 91
44 92
44 96
44 99
44 104
44 119
44 130
44 152
44 154
44 157
44 167
44 180
44 182
44 188
44 192
44 199
44 204
44 212
44 213
44 235
45 47
45 53
45 56
45 58
45 70
45 76
45 77
45 80
45 85
45 87
45 95
45 96
45 102
45 106
45 121
45 128
45 136
45 147
45 154
45 163
45 166
45 175
45 214
45 241
46 62
46 67
46 69
46 71
46 75
46 78
46 83
46 84
46 92
46 93
46 122
46 152
46 171
46 186
46 214
46 215
46 216
46 226
47 52
47 55
47 60
47 61
47 62
47 63
47 65
47 69
47 72
47 76
47 79
47 82
47 83
47 89
47 90
47 92
47 95
47 101
47 102
47 103
47 111
47 113
47 116
47 118
47 135
47 148
47 159
47 160
47 162
47 163
47 165
47 191
47 200
47 202
47 207
47 215
47 227
48 49
48 52
48 53
48 54
48 60
48 63
48 65
48 68
48 70
48 84
48 90
48 91
48 94
48 100
48 104
48 107
48 117
48 120
48 129
48 143
48 147
48 154
48 163
48 172
48 181
48 190
48 204
48 212
49 60
49 63
49 64
49 66
49 77
49 81
49 106
49 107
49 118
49 121
49 126
49 133
49 164
49 169
49 207
49 220
49 225
49 228
49 236
50 52
50 55
50 77
50 87
50 94
50 95
50 97
50 110
50 126
50 128
50 134
50 143
50 173
50 180
50 181
50 196
50 197
50 198
50 213
50 245
51 53
51 60
51 62
51 63
51 71
51 93
51 100
51 111
51 115
51 116
51 149
51 157
51 165
51 167
51 175
51 177
51 179
51 189
51 239
51 240
52 58
52 59
52 67
52 86
52 98
52 108
52 117
52 118
52 130
52 160
52 182
52 183
53 57
53 84
53 88
53 91
53 92
53 100
53 104
53 111
53 115
53 116
53 136
53 137
53 138
53 165
53 192
53 236
53 240
54 56
54 61
54 62
54 67
54 74
54 80
54 96
54 99
54 100
54 104
54 124
54 132
54 153
54 155
54 157
54 181
54 185
54 193
54 201
54 210
54 211
54 221
55 56
55 57
55 62
55 63
55 66
55 73
55 85
55 86
55 105
55 116
55 117
55 128
55 138
55 151
55 155
55 161
55 166
55 168
55 169
55 173
55 177
55 181
55 182
55 193
55 196
55 199
55 202
55 247
56 60
56 63
56 69
56 70
56 72
56 75
56 87
56 91
56 93
56 95
56 98
56 101
56 106
56 113
56 118
56 120
56 123
56 126
56 138
56 145
56 146
56 148
56 152
56 154
56 160
56 183
56 186
56 189
56 191
56 202
56 212
56 216
56 222
56 230
56 233
56 243
56 244
57 68
57 81
57 86
57 90
57 97
57 98
57 100
57 111
57 119
57 139
57 140
57 142
57 163
57 175
57 212
57 216
57 223
57 227
57 237
58 73
58 74
58 78
58 89
58 92
58 93
58 96
58 110
58 120
58 131
58 138
58 150
58 158
58 162
58 184
58 188
58 203
58 208
58 230
58 239
58 242
59 60
59 66
59 77
59 78
59 82
59 83
59 89
59 93
59 104
59 125
59 130
59 143
59 146
59 151
59 154
59 163
59 165
59 168
59 207
59 219
59 233
59 245
60 63
60 64
60 76
60 79
60 80
60 84
60 86
60 91
60 93
60 97
60 105
60 106
60 124
60 125
60 142
60 144
60 150
60 151
60 153
60 159
60 168
60 176
60 187
60 189
60 226
60 237
60 243
60 247
61 63
61 64
61 67
61 78
61 80
61 82
61 92
61 105
61 109
61 112
61 118
61 128
61 131
61 137
61 141
61 149
61 150
61 152
61 159
61 164
61 171
61 185
61 187
61 188
61 193
61 194
61 203
61 205
61 211
61 212
61 241
61 245
62 83
62 103
62 120
62 121
62 128
62 132
62 141
62 144
62 178
62 186
62 190
62 198
62 202
62 216
62 218
62 228
62 246
62 249
63 65
63 74
63 75
63 77
63 82
63 83
63 87
63 92
63 98
63 110
63 116
63 118
63 122
63 125
63 131
63 132
63 147
63 157
63 164
63 172
63 183
63 188
63 211
63 212
63 215
63 221
63 235
64 67
64 68
64 73
64 74
64 90
64 92
64 111
64 112
64 113
64 114
64 122
64 123
64 128
64 137
64 144
64 155
64 184
64 199
64 210
64 218
64 223
64 225
64 232
64 244
65 97
65 100
65 118
65 126
65 147
65 165
65 199
65 201
66 67
66 71
66 80
66 94
66 97
66 99
66 100
66 105
66 133
66 149
66 158
66 167
66 177
66 180
66 194
66 207
66 217
67 69
67 74
67 83
67 85
67 86
67 89
67 93
67 110
67 112
67 139
67 147
67 155
67 160
67 178
67 189
67 191
67 222
67 224
67 236
67 246
68 72
68 77
68 79
68 87
68 89
68 90
68 97
68 100
68 101
68 108
68 110
68 114
68 117
68 122
68 133
68 158
68 197
68 200
68 208
68 214
68 221
68 222
69 76
69 77
69 101
69 113
69 114
69 130
69 141
69 144
69 159
69 162
69 179
69 226
69 236
70 80
70 83
70 101
70 132
70 134
70 135
70 141
70 147
70 151
70 161
70 177
70 186
70 205
70 212
70 215
70 229
70 232
70 237
71 73
71 81
71 85
71 88
71 102
71 103
71 146
71 176
71 183
71 196
71 244
72 90
72 102
72 146
72 158
72 159
72 160
72 183
73 76
73 81
73 82
73 86
73 116
73 134
73 142
73 153
73 157
73 166
73 189
73 198
73 200
73 207
73 216
73 219
73 222
73 227
73 233
73 239
73 244
74 76
74 81
74 100
74 104
74 114
74 122
74 125
74 133
74 145
74 147
74 161
74 184
74 195
74 241
75 77
75 81
75 82
75 97
75 109
75 110
75 117
75 119
75 150
75 155
75 161
75 176
75 177
75 199
75 211
75 213
75 230
75 246
76 87
76 95
76 107
76 110
76 112
76 114
76 118
76 141
76 149
76 172
76 187
76 191
76 199
76 202
76 237
76 239
76 240
76 243
77 96
77 105
77 114
77 115
77 117
77 118
77 125
77 131
77 145
77 146
77 200
77 204
77 242
77 247
78 79
78 94
78 99
78 100
78 102
78 104
78 109
78 110
78 112
78 114
78 119
78 137
78 138
78 145
78 150
78 161
78 165
78 189
78 224
78 236
79 83
79 85
79 88
79 117
79 122
79 133
79 163
79 170
79 171
79 206
79 209
79 217
79 228
79 229
79 235
79 249
80 92
80 95
80 106
80 116
80 129
80 161
80 183
80 214
80 219
81 82
81 91
81 93
81 94
81 107
81 109
81 117
81 133
81 140
81 149
81 155
81 157
81 179
81 180
81 189
81 212
81 217
81 235
81 240
81 249
82 90
82 105
82 106
82 111
82 115
82 117
82 123
82 131
82 134
82 136
82 142
82 147
82 153
82 155
82 156
82 159
82 161
82 167
82 171
82 174
82 175
82 186
82 188
82 200
82 203
82 227
82 248
83 89
83 103
83 108
83 118
83 123
83 126
83 127
83 129
83 142
83 149
83 154
83 166
83 169
83 171
83 187
83 207
83 213
83 215
83 218
83 221
83 226
83 230
83 237
83 238
83 240
84 88
84 91
84 103
84 107
84 114
84 116
84 123
84 126
84 149
84 158
84 169
84 183
84 193
84 197
84 211
84 226
85 101
85 104
85 140
85 153
85 174
85 183
85 184
85 221
85 229
85 237
85 239
86 97
86 98
86 102
86 112
86 120
86 127
86 128
86 130
86 133
86 153
86 159
86 173
86 176
86 209
86 210
86 220
86 247
86 248
87 100
87 101
87 112
87 119
87 127
87 128
87 129
87 134
87 177
87 186
87 196
87 213
87 246
88 95
88 115
88 120
88 136
88 143
88 150
88 160
88 174
88 180
88 208
88 209
88 225
88 227
88 234
88 235
89 94
89 100
89 101
89 110
89 117
89 118
89 137
89 164
89 168
89 188
89 195
89 201
89 212
89 221
89 227
89 243
89 244
90 109
90 110
90 115
90 132
90 138
90 154
90 177
90 198
90 225
90 235
90 243
91 104
91 140
91 150
91 156
91 166
91 180
91 187
91 205
91 224
91 225
92 98
92 114
92 115
92 135
92 156
92 160
92 167
92 174
92 188
92 225
92 248
93 109
93 136
93 145
93 146
93 169
93 172
93 178
93 181
93 206
93 226
93 230
93 231
93 247
94 95
94 109
94 125
94 130
94 131
94 135
94 136
94 179
94 195
94 203
94 224
95 96
95 107
95 129
95 154
95 159
95 175
95 202
95 246
96 109
96 123
96 124
96 131
96 137
96 140
96 147
96 171
96 176
96 178
96 245
97 103
97 104
97 114
97 125
97 138
97 157
97 174
97 184
97 190
97 220
97 222
97 233
98 99
98 108
98 110
98 137
98 142
98 188
98 204
98 224
98 228
98 232
99 119
99 122
99 138
99 139
99 150
99 168
99 174
99 196
99 202
99 208
99 209
99 217
99 223
99 229
99 232
100 102
100 105
100 107
100 114
100 118
100 125
100 141
100 159
100 165
100 170
100 191
100 201
100 203
100 210
100 219
100 247
101 114
101 121
101 129
101 130
101 133
101 143
101 146
101 154
101 218
101 243
102 123
102 142
102 148
102 183
102 205
102 210
102 212
102 215
102 229
102 234
102 238
102 239
103 119
103 140
103 149
103 150
103 160
103 164
103 170
103 171
103 184
103 194
103 207
103 208
103 230
103 234
103 237
103 246
104 107
104 116
104 128
104 130
104 140
104 145
104 150
104 154
104 201
104 209
104 228
105 120
105 139
105 180
105 237
106 111
106 121
106 125
106 129
106 182
106 189
106 211
106 216
106 238
106 239
106 240
106 246
107 121
107 129
107 134
107 147
107 174
107 184
107 192
107 199
107 200
107 226
107 228
108 113
108 140
108 144
108 149
108 150
108 153
108 193
108 195
108 204
108 210
108 227
108 231
108 236
108 241
108 249
109 112
109 124
109 137
109 162
109 192
109 232
110 116
110 123
110 131
110 146
110 187
110 225
111 119
111 125
111 127
111 130
111 132
111 144
111 148
111 173
111 185
111 229
111 238
112 152
112 185
112 188
112 230
113 147
113 152
113 172
113 183
113 215
113 238
113 242
114 122
114 124
114 126
114 128
114 160
114 191
114 246
115 132
115 143
115 149
115 162
115 206
115 242
116 122
116 124
116 130
116 169
116 185
116 192
116 193
116 194
116 199
116 212
116 224
116 239
117 137
117 138
117 141
117 148
117 155
117 163
117 174
117 179
117 184
117 191
118 170
118 176
118 178
118 179
118 186
118 192
118 202
118 207
118 217
118 221
118 222
119 129
119 133
119 134
119 136
119 140
119 141
119 153
119 156
119 162
119 170
119 183
119 185
119 209
119 221
119 226
119 229
119 233
119 234
119 240
120 134
120 138
120 145
120 147
120 158
120 160
120 176
120 180
120 192
120 200
121 127
121 137
121 150
121 205
121 241
122 129
122 133
122 139
122 142
122 158
122 210
122 222
123 125
123 153
123 158
123 162
123 167
123 169
123 233
123 249
124 169
124 176
124 186
124 193
124 202
124 209
124 215
124 225
124 231
124 242
124 247
125 127
125 143
125 161
125 165
126 127
126 153
126 159
126 160
126 172
126 179
126 184
126 190
126 198
126 229
127 143
127 149
127 171
127 195
127 209
127 237
128 148
128 167
128 182
128 200
128 211
128 224
128 246
129 132
129 165
129 185
129 186
129 201
129 205
130 153
130 202
130 203
130 236
130 238
131 138
131 140
131 149
131 177
131 183
131 188
131 222
131 230
132 164
132 165
132 169
132 171
132 194
132 196
132 208
132 218
132 223
133 139
133 156
133 157
133 158
133 180
133 191
133 195
133 198
133 204
133 217
133 237
134 136
134 142
134 148
134 152
134 159
134 185
134 198
134 216
134 221
135 136
135 139
135 143
135 167
135 175
135 186
135 229
135 231
135 233
136 143
136 158
136 182
136 204
136 215
136 236
137 148
138 150
138 151
138 166
138 170
138 188
138 204
138 206
138 214
139 166
140 141
140 148
140 152
140 157
140 168
140 173
140 221
140 228
141 152
141 156
141 162
141 169
141 179
141 187
141 195
141 207
141 216
141 217
141 224
141 231
141 239
142 181
142 197
142 239
142 240
143 185
143 189
143 220
144 149
144 162
144 170
144 171
144 177
144 210
144 223
144 236
145 158
145 163
145 164
145 165
145 179
145 182
145 188
145 201
145 247
146 153
146 159
146 169
146 170
146 176
146 178
146 190
146 191
146 219
147 169
147 190
147 232
148 151
148 153
148 161
148 163
148 164
148 173
148 181
148 198
148 220
148 244
149 162
149 167
149 179
149 204
150 189
150 196
150 212
150 243
150 246
150 247
151 195
151 208
151 220
151 223
151 238
151 249
152 161
152 165
152 176
153 181
153 183
154 163
154 167
154 227
154 233
154 234
154 242
154 247
155 156
155 174
155 201
155 225
155 235
155 241
156 164
156 172
156 197
156 199
156 205
156 216
157 173
157 178
157 189
157 196
157 210
157 223
157 225
157 246
158 175
158 197
158 228
159 177
159 237
160 181
160 203
160 229
161 169
161 173
161 192
162 176
162 197
162 206
162 213
162 248
163 174
163 226
163 232
163 235
164 214
164 243
164 248
165 197
165 221
165 243
166 192
166 213
166 216
166 218
166 238
167 220
168 173
168 174
168 181
168 201
168 226
168 232
169 190
169 194
169 237
169 245
170 204
170 206
170 210
170 227
171 172
171 182
171 208
171 220
171 225
171 242
172 217
172 218
172 220
172 248
173 178
173 189
173 213
173 249
174 175
174 185
175 203
175 216
175 225
175 228
175 231
176 187
176 189
176 197
176 198
176 199
176 200
176 218
176 232
176 240
176 245
177 190
177 209
177 213
177 219
177 232
177 246
178 198
178 234
179 197
179 200
179 205
179 206
179 227
179 245
180 185
180 231
180 235
180 240
180 245
181 187
181 190
181 202
181 209
181 241
181 243
182 187
182 209
182 215
182 219
182 235
183 194
183 216
184 205
184 238
184 248
186 199
186 246
187 207
188 194
188 201
188 207
188 210
188 211
189 190
189 242
190 191
190 195
190 219
190 224
190 246
190 248
191 214
191 223
191 230
192 193
192 200
193 207
194 195
194 197
194 211
194 231
194 232
194 236
195 197
195 204
195 217
195 218
195 234
196 239
196 249
197 216
198 215
199 203
199 205
199 235
200 219
200 242
201 249
203 222
205 222
205 227
205 249
207 244
208 210
208 229
208 236
208 244
209 210
209 243
210 222
210 223
212 214
214 240
215 244
216 222
216 240
217 229
217 242
218 233
219 228
219 233
220 238
222 231
223 245
223 248
224 243
225 248
228 249
230 232
231 234
231 239
233 236
233 238
234 244
237 247
240 244
241 247
