0 1
0 2
0 3
0 4
0 5
0 6
0 7
0 8
0 9
0 10
0 11
0 12
0 13
0 14
0 15
0 16
0 18
0 19
0 21
0 22
0 23
0 24
0 25
0 28
0 29
0 30
0 41
0 42
0 43
0 44
0 45
0 46
0 48
0 51
0 52
0 53
0 56
0 57
0 60
0 63
0 64
0 69
0 70
0 76
0 77
0 84
0 86
0 87
0 89
0 90
0 91
0 94
0 95
0 99
0 100
0 109
0 111
0 112
0 124
0 138
0 139
0 140
0 141
0 149
0 153
0 160
0 161
0 165
0 173
0 174
0 179
0 186
0 192
0 193
0 194
0 199
0 201
0 202
0 205
0 206
0 207
0 209
0 210
0 214
0 215
0 217
0 221
0 230
0 233
0 244
1 11
1 14
1 15
1 16
1 17
1 18
1 19
1 20
1 22
1 23
1 24
1 30
1 31
1 34
1 35
1 37
1 39
1 43
1 46
1 49
1 50
1 55
1 59
1 60
1 67
1 88
1 90
1 105
1 108
1 132
1 151
1 166
1 172
1 190
1 238
1 249
2 11
2 12
2 13
2 15
2 16
2 17
2 21
2 22
2 36
2 46
2 55
2 66
2 90
2 91
2 106
2 111
2 114
2 136
2 140
2 178
2 183
2 216
3 27
3 32
3 41
3 97
4 11
4 12
4 13
4 18
4 19
4 22
4 28
4 29
4 34
4 37
4 41
4 51
4 54
4 59
4 60
4 66
4 69
4 74
4 75
4 82
4 85
4 94
4 96
4 101
4 103
4 110
4 119
4 122
4 124
4 127
4 128
4 129
4 132
4 145
4 160
4 162
4 163
4 167
4 174
4 175
4 183
4 187
4 192
4 206
4 217
4 223
4 240
4 243
4 247
5 11
5 12
5 13
5 14
5 16
5 17
5 19
5 20
5 22
5 23
5 31
5 32
5 45
5 46
5 48
5 53
5 65
5 66
5 75
5 78
5 80
5 83
5 85
5 106
5 110
5 131
5 148
5 161
5 171
5 182
5 185
5 204
5 222
6 11
6 12
6 13
6 14
6 16
6 19
6 20
6 21
6 23
6 25
6 31
6 33
6 34
6 37
6 39
6 40
6 41
6 42
6 50
6 51
6 54
6 57
6 60
6 62
6 63
6 70
6 73
6 79
6 82
6 85
6 88
6 90
6 91
6 96
6 100
6 101
6 124
6 127
6 129
6 131
6 134
6 135
6 139
6 151
6 177
6 178
6 179
6 196
6 201
6 208
6 216
6 229
6 231
6 233
7 11
7 12
7 14
7 15
7 18
7 19
7 20
7 21
7 24
7 32
7 35
7 40
7 46
7 47
7 53
7 58
7 59
7 65
7 69
7 70
7 74
7 75
7 76
7 96
7 121
7 124
7 143
7 175
7 176
7 226
8 11
8 12
8 13
8 14
8 15
8 17
8 29
8 40
8 43
8 45
8 54
8 90
8 95
8 98
8 114
8 129
8 156
8 159
8 203
8 205
8 207
9 11
9 12
9 13
9 14
9 15
9 16
9 17
9 25
9 26
9 27
9 30
9 35
9 37
9 38
9 42
9 48
9 49
9 55
9 61
9 63
9 103
9 109
9 118
9 136
9 204
9 223
10 11
10 12
10 13
10 18
10 20
10 26
10 31
10 33
10 34
10 36
10 38
10 43
10 58
10 59
10 61
10 62
10 71
10 79
10 80
10 81
10 84
10 86
10 87
10 105
10 117
10 122
10 145
10 147
10 156
10 162
10 165
10 167
10 168
10 171
10 174
10 175
10 189
10 224
10 233
10 234
10 237
11 12
11 13
11 14
11 15
11 16
11 17
11 18
11 19
11 20
11 21
11 22
11 23
11 24
11 25
11 26
11 27
11 29
11 30
11 33
11 40
11 43
11 45
11 49
11 57
11 58
11 61
11 62
11 77
11 80
11 88
11 93
11 94
11 107
11 113
11 114
11 121
11 122
11 125
11 130
11 140
11 143
11 147
11 149
11 158
11 163
11 172
11 183
11 190
11 195
11 216
11 227
11 233
11 235
11 236
11 239
11 248
11 249
12 13
12 14
12 15
12 17
12 18
12 19
12 20
12 21
12 22
12 23
12 24
12 25
12 27
12 28
12 29
12 30
12 31
12 33
12 36
12 37
12 38
12 39
12 44
12 47
12 48
12 52
12 55
12 57
12 65
12 66
12 68
12 69
12 73
12 76
12 79
12 80
12 81
12 87
12 88
12 91
12 93
12 102
12 107
12 115
12 120
12 124
12 126
12 128
12 135
12 142
12 146
12 147
12 148
12 153
12 158
12 161
12 163
12 169
12 176
12 181
12 186
12 187
12 188
12 191
12 203
12 208
12 209
12 214
12 215
12 232
12 233
12 236
12 247
13 14
13 15
13 16
13 17
13 21
13 26
13 27
13 30
13 31
13 32
13 36
13 37
13 38
13 39
13 42
13 43
13 45
13 46
13 48
13 51
13 57
13 60
13 65
13 67
13 74
13 76
13 77
13 78
13 82
13 93
13 97
13 98
13 99
13 116
13 121
13 124
13 126
13 127
13 128
13 130
13 138
13 142
13 148
13 153
13 154
13 156
13 159
13 164
13 170
13 171
13 181
13 228
13 231
13 243
13 244
14 15
14 16
14 17
14 21
14 24
14 25
14 26
14 27
14 28
14 39
14 42
14 52
14 69
14 77
14 94
14 96
14 102
14 119
14 127
14 131
14 134
14 138
14 141
14 142
14 166
14 174
14 190
14 191
14 200
14 205
14 206
14 225
14 239
14 243
15 16
15 18
15 19
15 21
15 22
15 23
15 29
15 30
15 32
15 33
15 35
15 37
15 44
15 45
15 47
15 53
15 56
15 58
15 68
15 71
15 78
15 79
15 104
15 106
15 111
15 125
15 128
15 134
15 151
15 191
15 197
15 202
15 203
15 209
15 220
15 222
15 237
15 249
16 17
16 18
16 19
16 20
16 22
16 25
16 26
16 34
16 37
16 39
16 42
16 43
16 44
16 48
16 59
16 61
16 64
16 65
16 66
16 67
16 71
16 72
16 76
16 87
16 88
16 92
16 104
16 105
16 109
16 111
16 113
16 117
16 120
16 128
16 136
16 144
16 150
16 176
16 180
16 195
16 205
16 213
16 215
16 218
16 219
16 226
16 229
16 231
16 239
16 248
17 18
17 20
17 21
17 22
17 23
17 24
17 25
17 26
17 27
17 28
17 31
17 34
17 39
17 40
17 41
17 47
17 50
17 53
17 54
17 55
17 61
17 70
17 74
17 77
17 78
17 81
17 82
17 83
17 84
17 88
17 93
17 95
17 98
17 107
17 108
17 110
17 115
17 116
17 122
17 126
17 131
17 135
17 137
17 140
17 141
17 143
17 163
17 164
17 170
17 178
17 179
17 188
17 195
17 198
17 218
17 220
17 221
17 223
17 224
17 226
17 231
17 235
17 240
17 243
17 245
18 20
18 23
18 24
18 28
18 30
18 33
18 34
18 40
18 57
18 65
18 67
18 68
18 78
18 97
18 114
18 119
18 144
18 145
18 146
18 148
18 161
18 175
18 199
18 218
18 219
18 229
18 238
18 241
19 25
19 32
19 42
19 43
19 44
19 48
19 49
19 62
19 63
19 68
19 83
19 105
19 112
19 120
19 124
19 142
19 146
19 150
19 169
19 180
19 186
19 210
19 212
20 24
20 26
20 29
20 32
20 34
20 35
20 36
20 39
20 41
20 51
20 53
20 54
20 55
20 59
20 65
20 66
20 67
20 83
20 85
20 95
20 106
20 128
20 129
20 131
20 133
20 141
20 150
20 153
20 156
20 181
20 184
20 208
20 214
21 27
21 29
21 30
21 31
21 33
21 35
21 37
21 40
21 41
21 45
21 56
21 57
21 58
21 62
21 63
21 70
21 83
21 86
21 87
21 95
21 101
21 104
21 115
21 119
21 127
21 128
21 132
21 171
21 177
21 199
21 219
21 223
21 225
21 240
21 244
22 23
22 24
22 26
22 27
22 28
22 30
22 32
22 38
22 40
22 47
22 50
22 54
22 64
22 65
22 71
22 74
22 79
22 81
22 83
22 84
22 92
22 97
22 101
22 104
22 119
22 123
22 134
22 142
22 145
22 147
22 155
22 164
22 174
22 181
22 182
22 183
22 199
22 201
22 208
22 222
22 228
22 242
22 243
23 28
23 31
23 36
23 38
23 45
23 46
23 49
23 51
23 53
23 54
23 56
23 58
23 65
23 84
23 98
23 100
23 102
23 104
23 106
23 110
23 116
23 137
23 157
23 165
23 187
23 201
23 215
23 216
23 222
23 224
23 225
24 25
24 28
24 31
24 32
24 33
24 38
24 50
24 62
24 63
24 69
24 76
24 85
24 103
24 106
24 125
24 126
24 130
24 132
24 136
24 138
24 140
24 147
24 159
24 163
24 166
24 167
24 187
24 198
24 227
25 26
25 28
25 32
25 35
25 38
25 41
25 44
25 47
25 53
25 56
25 57
25 59
25 60
25 75
25 79
25 80
25 89
25 93
25 103
25 105
25 109
25 110
25 119
25 130
25 132
25 133
25 137
25 140
25 142
25 144
25 151
25 155
25 156
25 159
25 176
25 181
25 184
25 191
25 204
25 211
25 220
25 249
26 27
26 29
26 35
26 36
26 37
26 41
26 48
26 52
26 66
26 69
26 72
26 74
26 75
26 82
26 83
26 86
26 101
26 108
26 137
26 142
26 148
26 150
26 156
26 162
26 175
26 179
26 181
26 190
26 194
26 207
26 212
26 219
26 229
27 33
27 40
27 51
27 52
27 55
27 56
27 57
27 62
27 63
27 64
27 66
27 68
27 74
27 77
27 82
27 84
27 87
27 93
27 100
27 107
27 110
27 124
27 157
27 160
27 198
27 207
27 218
27 223
27 228
27 237
27 244
27 246
28 29
28 34
28 38
28 45
28 50
28 52
28 58
28 69
28 75
28 95
28 108
28 118
28 125
28 130
28 142
28 162
28 165
28 166
28 169
28 170
28 183
28 219
28 231
28 246
29 36
29 39
29 40
29 41
29 44
29 47
29 49
29 50
29 64
29 68
29 71
29 77
29 79
29 90
29 91
29 93
29 95
29 111
29 112
29 115
29 125
29 169
29 170
29 172
29 177
29 184
29 200
29 217
29 223
29 238
29 239
29 246
30 34
30 35
30 53
30 58
30 61
30 64
30 71
30 73
30 74
30 80
30 100
30 101
30 103
30 109
30 125
30 143
30 146
30 149
30 161
30 199
30 212
30 228
30 243
31 46
31 63
31 64
31 70
31 78
31 86
31 89
31 92
31 98
31 106
31 108
31 118
31 152
31 153
31 154
31 162
31 168
31 174
31 175
31 177
31 182
31 200
31 206
31 214
31 224
31 231
31 234
31 243
31 246
32 33
32 36
32 53
32 60
32 68
32 73
32 81
32 104
32 107
32 117
32 131
32 137
32 138
32 144
32 188
32 198
32 249
33 35
33 42
33 44
33 47
33 56
33 60
33 68
33 77
33 96
33 109
33 113
33 120
33 122
33 130
33 144
33 150
33 172
33 193
33 196
33 205
33 246
34 36
34 38
34 51
34 52
34 56
34 62
34 64
34 83
34 86
34 102
34 112
34 153
34 168
34 178
34 190
34 191
34 196
34 197
34 203
34 210
34 216
34 220
34 221
34 232
34 233
34 242
35 39
35 42
35 49
35 54
35 55
35 59
35 68
35 80
35 97
35 118
35 119
35 140
35 161
35 197
35 221
35 231
35 236
35 245
36 43
36 45
36 71
36 73
36 75
36 78
36 81
36 114
36 126
36 149
36 156
36 163
36 168
36 173
36 199
36 206
36 209
36 227
36 237
37 48
37 49
37 59
37 82
37 83
37 90
37 109
37 124
37 138
37 141
37 204
37 212
37 217
37 228
37 240
37 249
38 42
38 46
38 50
38 57
38 64
38 69
38 74
38 81
38 89
38 92
38 94
38 111
38 153
38 154
38 158
38 161
38 162
38 163
38 179
38 197
38 206
38 225
38 234
38 242
39 47
39 55
39 56
39 73
39 96
39 98
39 99
39 107
39 122
39 163
39 164
39 174
39 186
39 187
39 189
39 194
39 222
39 244
39 247
40 43
40 44
40 52
40 58
40 78
40 84
40 92
40 99
40 113
40 115
40 118
40 139
40 160
40 176
40 185
40 204
40 210
40 240
41 46
41 80
41 139
41 153
41 169
41 172
41 193
41 212
42 48
42 50
42 52
42 56
42 114
42 116
42 132
42 165
42 175
42 235
43 44
43 49
43 51
43 55
43 64
43 67
43 75
43 82
43 84
43 89
43 99
43 114
43 123
43 134
43 145
43 158
43 167
43 175
43 176
43 188
43 193
43 195
43 199
43 200
43 210
44 47
44 50
44 61
44 70
44 85
44 93
44 94
44 108
44 114
44 133
44 149
44 165
44 186
44 198
44 201
44 211
44 214
44 236
44 239
44 245
45 72
45 85
45 91
45 103
45 128
45 138
45 144
45 146
45 152
45 155
45 156
45 192
45 193
45 204
45 212
45 213
45 214
45 216
45 219
45 232
45 246
46 54
46 60
46 66
46 68
46 70
46 80
46 91
46 124
46 142
46 145
46 152
46 154
46 173
46 232
46 234
47 49
47 51
47 52
47 58
47 61
47 71
47 73
47 76
47 77
47 81
47 88
47 104
47 120
47 126
47 148
47 152
47 161
47 162
47 180
47 243
48 62
48 66
48 69
48 82
48 89
48 103
48 107
48 109
48 134
48 135
48 144
48 181
48 233
49 71
49 94
49 95
49 108
49 109
49 125
49 136
49 149
49 184
49 191
49 244
50 67
50 72
50 79
50 90
50 92
50 98
50 100
50 105
50 111
50 115
50 135
50 147
50 160
51 77
51 90
51 112
51 113
51 143
51 162
51 180
51 187
51 218
51 227
52 60
52 62
52 72
52 79
52 87
52 96
52 110
52 115
52 123
52 145
52 153
52 167
52 186
52 189
52 207
52 242
53 54
53 75
53 85
53 113
53 117
53 126
53 127
53 133
53 168
53 173
53 223
54 70
54 72
54 86
54 88
54 92
54 93
54 122
54 135
54 139
54 173
54 186
54 205
54 206
54 226
54 242
55 59
55 71
55 72
55 73
55 92
55 93
55 100
55 101
55 110
55 113
55 119
55 125
55 132
55 135
55 144
55 157
55 178
55 187
55 189
55 214
55 217
55 220
55 227
55 239
56 72
56 76
56 82
56 147
56 151
56 160
56 166
56 181
56 184
56 190
56 193
56 196
56 206
56 212
56 225
57 70
57 87
57 117
57 121
57 133
57 137
57 141
57 151
57 173
57 188
57 195
57 216
57 220
57 221
57 233
57 235
57 238
58 61
58 79
58 89
58 97
58 99
58 105
58 119
58 141
58 152
58 158
58 178
58 202
58 221
58 227
58 240
58 246
59 61
59 73
59 81
59 84
59 96
59 97
59 132
59 143
59 154
59 172
59 174
59 202
59 219
59 221
59 233
59 246
60 63
60 81
60 92
60 100
60 102
60 103
60 112
60 120
60 135
60 145
60 158
60 171
60 182
60 202
60 211
60 231
60 235
61 63
61 65
61 67
61 72
61 89
61 133
61 189
61 191
61 225
61 226
61 229
61 247
62 67
62 88
62 94
62 100
62 139
62 183
62 210
62 213
62 242
63 78
63 87
63 89
63 94
63 123
63 137
63 152
63 154
63 171
63 173
63 180
63 192
63 194
64 73
64 78
64 95
64 96
64 106
64 108
64 129
64 150
64 153
64 157
65 67
65 72
65 95
65 117
65 131
65 158
65 170
65 183
65 190
65 203
65 218
65 227
65 245
66 86
66 113
66 120
66 123
66 125
66 159
66 169
66 193
66 241
66 242
67 76
67 91
67 94
67 104
67 134
67 140
67 146
67 155
67 158
67 168
67 179
67 196
67 202
67 216
67 222
67 236
68 85
68 103
68 112
68 117
68 132
68 163
68 165
68 178
68 200
69 80
69 86
69 99
69 103
69 104
69 135
69 136
69 152
69 157
69 170
69 178
69 182
69 186
69 217
69 232
70 76
70 92
70 97
70 117
70 230
71 75
71 105
71 121
71 123
71 139
71 163
71 164
71 190
71 208
72 113
72 136
72 223
73 74
73 101
73 102
73 108
73 156
73 173
73 178
73 180
73 196
73 211
73 244
74 100
74 114
74 120
74 126
74 154
74 183
74 184
74 187
74 248
75 90
75 130
75 141
75 149
75 180
75 184
76 89
76 131
76 134
76 159
76 167
76 169
76 185
76 226
77 84
77 87
77 117
77 198
77 203
77 204
77 224
77 228
77 245
78 122
78 141
78 172
78 188
78 194
79 88
79 98
79 101
79 113
79 134
79 139
79 144
79 151
79 160
79 197
80 83
80 86
80 105
80 180
80 198
80 208
80 217
80 245
81 85
81 107
81 112
81 129
81 130
81 228
81 233
81 238
82 115
82 133
82 157
82 188
82 192
82 204
82 209
82 217
82 240
82 243
83 98
83 114
83 116
83 119
83 138
83 150
83 190
83 194
83 197
83 224
83 236
84 91
84 99
84 102
84 116
84 135
84 145
84 166
84 170
84 177
84 185
84 221
84 246
85 91
85 99
85 111
85 131
85 147
85 149
85 207
85 236
85 241
86 111
86 190
86 192
86 213
87 107
87 118
87 125
87 133
87 136
87 137
87 140
87 146
87 167
87 248
88 140
88 211
89 129
89 130
89 200
89 201
89 237
90 116
90 170
90 181
90 193
90 249
91 97
91 104
91 141
91 143
91 198
91 207
92 96
92 101
92 118
92 152
92 182
93 97
93 106
93 121
93 127
93 150
93 240
94 99
94 112
94 118
94 139
94 196
94 199
94 211
94 231
95 102
95 105
95 110
95 126
95 152
95 171
95 188
95 193
95 207
95 215
95 220
95 232
96 115
96 123
96 137
96 164
96 173
97 98
97 102
97 106
97 121
97 128
97 129
97 133
97 186
97 192
97 235
97 241
97 245
98 116
98 205
98 230
99 108
99 118
99 146
99 152
99 155
99 181
99 182
99 200
99 219
99 238
99 245
100 102
100 127
100 129
100 142
100 155
100 171
100 194
100 218
100 232
101 120
101 122
101 128
101 164
101 170
102 107
102 110
102 112
102 127
102 162
102 176
102 209
102 227
103 121
103 137
103 146
103 149
103 168
103 182
103 187
103 195
103 220
103 227
103 235
104 158
104 164
104 180
104 240
105 154
105 178
105 179
105 194
105 216
106 109
106 115
106 117
106 136
106 144
106 148
106 155
106 167
106 197
106 213
107 139
107 180
108 116
108 122
108 157
108 212
108 217
108 229
108 235
108 236
108 241
109 111
109 123
109 145
109 147
109 149
109 150
109 192
109 196
109 212
109 218
109 237
110 138
110 222
111 126
111 159
111 160
111 195
111 205
111 211
112 116
112 121
112 133
112 166
112 204
112 230
113 161
113 177
113 179
113 200
113 229
113 245
114 148
114 155
114 225
114 242
115 118
115 127
115 169
115 185
115 202
115 215
115 225
116 123
116 130
116 136
116 165
116 174
116 177
116 185
117 120
117 151
117 155
117 237
118 167
119 123
119 146
119 164
119 177
119 203
120 121
120 159
120 160
120 166
121 207
121 210
121 230
121 237
121 243
122 168
122 211
122 234
123 143
123 151
123 157
123 165
123 169
123 201
123 213
123 234
124 226
124 245
124 247
125 129
125 131
125 143
125 184
125 205
125 220
125 230
127 184
127 199
127 208
127 218
128 143
128 151
128 168
128 172
129 134
129 138
129 166
129 194
129 213
129 238
130 132
130 159
130 172
130 200
131 185
131 210
131 238
132 158
132 195
133 192
133 228
134 148
134 179
134 186
134 191
135 191
136 176
136 189
136 224
137 171
138 182
138 195
138 226
138 232
139 202
140 197
141 147
141 168
141 203
141 213
142 154
142 173
142 205
142 215
142 216
142 219
142 249
143 148
143 150
144 156
144 166
144 221
144 222
144 230
145 175
146 154
146 171
146 183
146 185
146 196
146 198
146 209
147 160
147 188
147 196
147 209
147 215
148 189
148 237
149 197
149 224
149 234
150 159
150 164
150 185
150 192
150 247
151 155
151 157
151 185
151 189
151 210
151 211
151 218
152 161
152 172
152 197
152 213
152 223
153 201
153 203
153 213
154 244
155 157
155 162
155 217
155 221
156 199
156 202
156 214
156 224
156 249
157 174
157 177
157 230
158 210
160 165
162 170
162 209
162 226
162 234
163 169
163 176
163 189
163 198
164 194
165 167
165 248
166 188
167 184
167 246
168 239
169 175
169 211
169 240
170 187
170 201
170 214
170 222
170 247
171 177
171 191
171 203
171 228
172 204
173 206
174 176
174 179
174 208
174 229
175 201
175 202
175 229
176 231
176 247
178 182
178 193
178 212
178 214
178 219
178 234
178 235
178 241
178 244
179 222
180 232
182 183
182 248
184 189
185 208
187 195
187 241
187 247
188 235
190 241
192 208
192 241
193 200
193 206
194 238
195 229
196 209
198 207
198 215
198 241
198 242
198 248
201 239
201 248
202 230
202 234
203 238
204 230
209 237
210 225
210 228
210 232
211 236
213 215
217 220
217 224
217 226
217 239
217 242
218 236
218 244
218 249
219 223
219 225
220 227
223 248
226 248
233 247
237 239
