0 1
0 2
0 3
0 4
0 5
0 6
0 7
0 8
0 9
0 10
0 11
0 12
0 13
0 14
0 15
0 16
0 17
0 18
0 19
0 20
0 21
0 22
0 23
0 24
0 25
0 26
0 27
0 28
0 29
0 30
0 31
0 32
0 33
0 34
0 35
0 36
0 37
0 38
0 39
0 40
0 42
0 43
0 45
0 49
0 51
0 55
0 56
0 60
0 63
0 64
0 71
0 75
0 77
0 78
0 79
0 80
0 82
0 84
0 86
0 88
0 90
0 92
0 93
0 95
0 99
0 100
0 103
0 104
0 106
0 107
0 108
0 110
0 114
0 116
0 120
0 124
0 128
0 131
0 138
0 139
0 143
0 144
0 145
0 147
0 148
0 153
0 154
0 157
0 159
0 162
0 164
0 171
0 174
0 182
0 189
0 192
0 209
0 213
0 215
0 228
0 231
0 244
0 246
0 247
1 19
1 20
1 21
1 22
1 23
1 25
1 26
1 27
1 28
1 29
1 31
1 36
1 38
1 43
1 47
1 51
1 53
1 64
1 68
1 71
1 81
1 88
1 91
1 109
1 110
1 122
1 133
1 138
1 140
1 143
1 167
1 174
1 178
1 184
1 203
1 208
1 209
1 212
1 224
1 236
1 245
2 19
2 20
2 21
2 22
2 27
2 28
2 29
2 30
2 31
2 32
2 36
2 41
2 43
2 51
2 52
2 67
2 86
2 87
2 98
2 101
2 109
2 123
2 136
2 153
2 170
2 194
2 202
2 205
2 209
2 234
3 19
3 21
3 23
3 25
3 27
3 30
3 33
3 65
3 94
3 103
3 124
3 132
3 133
3 140
3 149
3 187
3 189
3 195
3 218
3 235
3 240
3 245
3 247
4 19
4 20
4 22
4 23
4 24
4 26
4 27
4 28
4 30
4 31
4 33
4 34
4 35
4 37
4 40
4 41
4 46
4 49
4 52
4 56
4 57
4 58
4 59
4 61
4 68
4 72
4 76
4 77
4 78
4 79
4 80
4 85
4 90
4 94
4 96
4 109
4 112
4 114
4 115
4 119
4 155
4 163
4 166
4 172
4 179
4 182
4 184
4 202
4 203
4 216
4 239
5 19
5 20
5 21
5 22
5 23
5 25
5 30
5 34
5 35
5 40
5 41
5 45
5 46
5 48
5 55
5 76
5 79
5 80
5 84
5 87
5 120
5 122
5 126
5 142
5 156
5 160
5 165
5 168
5 170
5 174
5 184
5 187
5 202
5 228
5 239
5 249
6 19
6 20
6 21
6 22
6 23
6 24
6 28
6 33
6 37
6 41
6 42
6 44
6 47
6 54
6 59
6 60
6 63
6 77
6 79
6 81
6 90
6 94
6 109
6 110
6 118
6 127
6 141
6 155
6 188
6 190
6 194
6 209
6 235
7 20
7 23
7 27
7 28
7 39
7 60
7 98
7 99
7 135
7 144
7 155
7 183
7 192
7 200
7 232
8 19
8 20
8 21
8 22
8 23
8 24
8 25
8 26
8 29
8 32
8 34
8 42
8 43
8 44
8 46
8 47
8 51
8 53
8 55
8 56
8 59
8 60
8 62
8 63
8 73
8 77
8 79
8 80
8 82
8 85
8 89
8 99
8 102
8 105
8 112
8 118
8 129
8 133
8 136
8 143
8 155
8 163
8 164
8 166
8 169
8 172
8 206
8 209
8 212
8 218
8 226
8 241
8 249
9 19
9 20
9 22
9 24
9 27
9 28
9 29
9 30
9 31
9 32
9 33
9 36
9 39
9 42
9 44
9 45
9 48
9 54
9 55
9 58
9 63
9 64
9 66
9 68
9 75
9 92
9 94
9 97
9 98
9 101
9 103
9 119
9 120
9 131
9 143
9 148
9 149
9 150
9 151
9 155
9 158
9 159
9 167
9 177
9 183
9 186
9 191
9 195
9 206
9 242
9 249
10 19
10 20
10 21
10 22
10 23
10 24
10 25
10 26
10 33
10 34
10 38
10 44
10 45
10 46
10 53
10 67
10 70
10 71
10 73
10 77
10 80
10 81
10 84
10 85
10 92
10 94
10 104
10 112
10 122
10 132
10 138
10 143
10 150
10 153
10 154
10 157
10 172
10 174
10 176
10 200
10 202
10 216
10 222
10 228
10 232
10 240
11 19
11 20
11 21
11 23
11 24
11 25
11 26
11 27
11 28
11 29
11 30
11 31
11 33
11 34
11 35
11 36
11 38
11 40
11 44
11 47
11 50
11 52
11 56
11 62
11 69
11 70
11 74
11 79
11 82
11 85
11 89
11 93
11 94
11 101
11 104
11 107
11 109
11 119
11 129
11 130
11 132
11 144
11 149
11 151
11 154
11 155
11 159
11 168
11 185
11 188
11 192
11 199
11 207
11 208
11 214
11 216
11 219
11 222
11 225
11 228
11 230
11 238
11 243
11 244
12 19
12 20
12 21
12 22
12 23
12 24
12 26
12 27
12 32
12 37
12 42
12 44
12 46
12 47
12 49
12 50
12 51
12 53
12 56
12 63
12 66
12 70
12 71
12 75
12 78
12 90
12 104
12 106
12 117
12 121
12 122
12 123
12 128
12 133
12 134
12 137
12 138
12 168
12 183
12 185
12 188
12 202
12 207
12 238
12 242
13 19
13 20
13 21
13 22
13 24
13 27
13 31
13 35
13 36
13 40
13 44
13 45
13 52
13 54
13 64
13 79
13 80
13 97
13 98
13 101
13 102
13 105
13 112
13 136
13 154
13 168
13 202
13 211
13 213
13 222
13 230
13 232
13 234
13 242
13 245
14 19
14 20
14 21
14 22
14 23
14 24
14 25
14 26
14 27
14 29
14 30
14 32
14 36
14 37
14 38
14 40
14 41
14 45
14 46
14 50
14 53
14 55
14 56
14 57
14 58
14 62
14 69
14 73
14 81
14 85
14 86
14 87
14 88
14 97
14 101
14 114
14 130
14 134
14 148
14 151
14 156
14 164
14 167
14 180
14 186
14 195
14 198
14 203
14 205
14 207
14 211
14 221
14 222
14 248
15 19
15 20
15 21
15 24
15 25
15 26
15 28
15 30
15 32
15 33
15 35
15 40
15 41
15 45
15 46
15 48
15 50
15 53
15 56
15 62
15 66
15 81
15 83
15 88
15 90
15 100
15 103
15 118
15 123
15 134
15 138
15 170
15 174
15 177
15 189
15 199
15 200
15 221
15 227
15 229
15 230
16 19
16 20
16 21
16 22
16 23
16 24
16 25
16 26
16 29
16 31
16 35
16 37
16 39
16 49
16 50
16 51
16 60
16 95
16 112
16 113
16 128
16 136
16 148
16 167
16 183
16 184
16 199
16 201
16 209
16 225
16 226
16 231
16 232
16 245
17 19
17 21
17 22
17 23
17 24
17 25
17 29
17 31
17 34
17 35
17 36
17 37
17 41
17 47
17 48
17 52
17 60
17 72
17 74
17 78
17 79
17 97
17 105
17 107
17 116
17 117
17 120
17 142
17 146
17 159
17 163
17 188
17 198
17 206
17 223
17 228
17 243
18 19
18 20
18 21
18 22
18 25
18 26
18 27
18 28
18 29
18 31
18 35
18 39
18 40
18 42
18 43
18 44
18 45
18 49
18 54
18 61
18 69
18 71
18 73
18 77
18 83
18 90
18 95
18 100
18 101
18 102
18 103
18 118
18 124
18 129
18 150
18 169
18 182
18 185
18 196
18 202
18 211
18 218
18 226
18 249
19 20
19 21
19 22
19 23
19 24
19 25
19 26
19 28
19 29
19 30
19 31
19 32
19 33
19 34
19 37
19 38
19 39
19 41
19 42
19 43
19 45
19 46
19 50
19 53
19 54
19 55
19 57
19 59
19 60
19 61
19 62
19 63
19 65
19 66
19 67
19 73
19 75
19 82
19 88
19 89
19 91
19 93
19 98
19 99
19 106
19 107
19 108
19 112
19 113
19 114
19 116
19 121
19 122
19 123
19 124
19 130
19 132
19 133
19 136
19 141
19 145
19 149
19 150
19 151
19 158
19 161
19 163
19 169
19 170
19 183
19 185
19 186
19 206
19 208
19 212
19 216
19 222
19 227
19 236
19 240
19 242
19 245
19 248
20 21
20 22
20 23
20 24
20 25
20 26
20 27
20 28
20 29
20 31
20 32
20 34
20 35
20 36
20 38
20 40
20 41
20 42
20 43
20 48
20 50
20 54
20 55
20 58
20 63
20 64
20 65
20 66
20 67
20 69
20 70
20 72
20 73
20 74
20 75
20 78
20 81
20 82
20 83
20 84
20 85
20 86
20 87
20 89
20 95
20 96
20 98
20 100
20 105
20 106
20 112
20 113
20 116
20 119
20 121
20 122
20 123
20 127
20 129
20 130
20 131
20 135
20 138
20 140
20 141
20 147
20 151
20 154
20 156
20 159
20 161
20 166
20 172
20 175
20 178
20 182
20 189
20 190
20 197
20 203
20 207
20 208
20 210
20 213
20 216
20 219
20 220
20 227
20 228
20 235
20 238
20 243
20 244
21 22
21 23
21 24
21 25
21 26
21 27
21 28
21 29
21 30
21 31
21 32
21 33
21 35
21 36
21 37
21 38
21 39
21 41
21 42
21 43
21 44
21 45
21 47
21 48
21 49
21 50
21 51
21 53
21 54
21 57
21 58
21 60
21 62
21 70
21 72
21 74
21 81
21 84
21 85
21 86
21 87
21 89
21 94
21 96
21 97
21 100
21 101
21 110
21 111
21 112
21 121
21 126
21 128
21 130
21 137
21 139
21 140
21 145
21 146
21 151
21 158
21 160
21 162
21 167
21 169
21 170
21 171
21 172
21 178
21 179
21 180
21 182
21 183
21 189
21 195
21 200
21 202
21 203
21 209
21 213
21 214
21 215
21 218
21 219
21 222
21 227
21 239
21 240
22 23
22 24
22 25
22 26
22 27
22 28
22 29
22 30
22 31
22 32
22 33
22 34
22 35
22 38
22 39
22 41
22 42
22 43
22 44
22 45
22 47
22 49
22 52
22 54
22 60
22 64
22 66
22 68
22 69
22 70
22 72
22 75
22 76
22 78
22 79
22 80
22 81
22 82
22 83
22 84
22 85
22 92
22 93
22 96
22 98
22 102
22 105
22 106
22 108
22 110
22 115
22 117
22 122
22 124
22 132
22 135
22 137
22 140
22 144
22 147
22 150
22 153
22 155
22 156
22 158
22 161
22 165
22 166
22 167
22 175
22 184
22 185
22 188
22 192
22 196
22 198
22 200
22 201
22 220
22 224
22 244
22 247
23 24
23 25
23 26
23 27
23 28
23 30
23 32
23 33
23 35
23 36
23 37
23 42
23 43
23 45
23 47
23 50
23 52
23 53
23 55
23 56
23 61
23 65
23 68
23 69
23 71
23 89
23 90
23 95
23 97
23 100
23 101
23 102
23 108
23 109
23 114
23 121
23 137
23 144
23 147
23 149
23 156
23 157
23 165
23 168
23 170
23 171
23 174
23 178
23 187
23 193
23 194
23 196
23 199
23 200
23 204
23 209
23 217
23 222
23 230
23 242
23 244
23 245
24 25
24 26
24 27
24 28
24 29
24 31
24 32
24 36
24 38
24 40
24 42
24 43
24 44
24 47
24 48
24 50
24 52
24 55
24 58
24 63
24 67
24 68
24 69
24 71
24 73
24 74
24 76
24 77
24 86
24 89
24 99
24 119
24 123
24 125
24 127
24 129
24 140
24 146
24 147
24 154
24 157
24 159
24 169
24 172
24 179
24 181
24 186
24 203
24 217
24 221
24 238
24 240
24 241
24 247
24 249
25 26
25 27
25 29
25 30
25 32
25 33
25 34
25 35
25 36
25 37
25 38
25 39
25 46
25 49
25 51
25 52
25 54
25 55
25 56
25 58
25 65
25 66
25 72
25 75
25 76
25 80
25 81
25 84
25 86
25 88
25 89
25 90
25 91
25 92
25 102
25 105
25 108
25 110
25 114
25 118
25 120
25 121
25 127
25 128
25 129
25 132
25 141
25 154
25 157
25 159
25 161
25 162
25 167
25 173
25 175
25 178
25 189
25 192
25 193
25 212
25 215
25 223
25 224
25 234
25 235
25 238
25 239
25 244
26 28
26 29
26 30
26 33
26 34
26 35
26 36
26 39
26 40
26 43
26 45
26 47
26 48
26 49
26 50
26 51
26 56
26 57
26 58
26 59
26 61
26 63
26 64
26 67
26 69
26 72
26 76
26 77
26 82
26 84
26 87
26 90
26 100
26 115
26 120
26 129
26 131
26 134
26 139
26 144
26 171
26 173
26 191
26 193
26 194
26 195
26 197
26 198
26 206
26 233
27 28
27 29
27 30
27 31
27 32
27 33
27 34
27 35
27 36
27 37
27 38
27 40
27 41
27 44
27 46
27 47
27 49
27 51
27 53
27 54
27 55
27 59
27 60
27 61
27 62
27 64
27 66
27 67
27 71
27 74
27 75
27 79
27 80
27 82
27 88
27 92
27 97
27 98
27 99
27 101
27 106
27 113
27 117
27 119
27 125
27 132
27 141
27 144
27 145
27 147
27 149
27 163
27 170
27 177
27 178
27 183
27 186
27 193
27 196
27 198
27 199
27 201
27 202
27 203
27 205
27 210
27 213
27 217
27 218
27 221
27 223
27 224
27 226
27 230
27 236
27 242
28 30
28 31
28 32
28 34
28 37
28 38
28 39
28 40
28 42
28 43
28 46
28 49
28 52
28 54
28 57
28 61
28 62
28 65
28 68
28 69
28 74
28 75
28 78
28 79
28 89
28 90
28 91
28 94
28 95
28 107
28 108
28 110
28 119
28 127
28 131
28 136
28 137
28 139
28 153
28 155
28 158
28 167
28 169
28 184
28 190
28 193
28 194
28 196
28 207
28 217
28 219
28 220
28 225
28 231
28 244
28 245
29 30
29 31
29 32
29 33
29 34
29 39
29 40
29 41
29 42
29 46
29 48
29 50
29 51
29 52
29 54
29 55
29 56
29 58
29 59
29 62
29 66
29 68
29 69
29 72
29 74
29 76
29 77
29 78
29 81
29 84
29 86
29 88
29 90
29 91
29 92
29 93
29 94
29 95
29 99
29 105
29 106
29 107
29 108
29 110
29 121
29 123
29 124
29 128
29 132
29 143
29 147
29 150
29 154
29 157
29 165
29 166
29 171
29 187
29 189
29 193
29 197
29 198
29 205
29 206
29 211
29 215
29 221
29 243
29 248
29 249
30 33
30 35
30 37
30 39
30 42
30 44
30 45
30 48
30 49
30 51
30 52
30 54
30 57
30 58
30 61
30 63
30 65
30 67
30 70
30 72
30 74
30 83
30 85
30 89
30 94
30 96
30 101
30 104
30 105
30 106
30 107
30 111
30 117
30 118
30 121
30 125
30 128
30 131
30 135
30 140
30 141
30 145
30 159
30 173
30 178
30 183
30 186
30 188
30 190
30 192
30 196
30 197
30 199
30 200
30 201
30 205
30 208
30 209
30 212
30 215
30 224
30 228
30 232
30 242
30 244
31 32
31 34
31 36
31 38
31 41
31 43
31 47
31 49
31 55
31 56
31 61
31 64
31 65
31 66
31 68
31 69
31 74
31 77
31 78
31 79
31 86
31 89
31 93
31 100
31 108
31 109
31 110
31 111
31 113
31 115
31 118
31 121
31 128
31 130
31 136
31 142
31 153
31 158
31 161
31 163
31 164
31 187
31 199
31 200
31 207
31 214
31 216
31 237
31 248
32 33
32 34
32 39
32 41
32 43
32 44
32 49
32 51
32 53
32 61
32 62
32 64
32 65
32 70
32 72
32 73
32 86
32 88
32 93
32 96
32 99
32 101
32 108
32 117
32 118
32 119
32 126
32 128
32 135
32 142
32 144
32 148
32 154
32 157
32 166
32 168
32 170
32 172
32 185
32 186
32 187
32 189
32 200
32 211
32 222
32 223
32 229
32 238
32 241
32 248
33 34
33 36
33 37
33 38
33 39
33 40
33 47
33 53
33 56
33 58
33 59
33 60
33 62
33 64
33 77
33 85
33 93
33 95
33 98
33 106
33 111
33 115
33 116
33 117
33 119
33 124
33 125
33 126
33 127
33 129
33 131
33 137
33 138
33 139
33 142
33 145
33 149
33 155
33 156
33 162
33 164
33 176
33 177
33 182
33 187
33 191
33 204
33 209
33 223
33 229
33 230
33 239
33 241
33 244
33 246
34 35
34 36
34 37
34 38
34 41
34 42
34 46
34 48
34 49
34 50
34 53
34 55
34 59
34 60
34 61
34 63
34 68
34 71
34 73
34 79
34 81
34 82
34 83
34 90
34 93
34 97
34 99
34 104
34 105
34 106
34 108
34 112
34 138
34 146
34 150
34 165
34 166
34 169
34 172
34 178
34 180
34 182
34 189
34 202
34 208
34 221
34 224
34 226
34 227
34 234
34 240
35 37
35 41
35 43
35 46
35 49
35 51
35 55
35 57
35 59
35 62
35 64
35 67
35 73
35 74
35 75
35 79
35 82
35 88
35 91
35 94
35 99
35 100
35 112
35 114
35 115
35 124
35 127
35 148
35 151
35 168
35 175
35 188
35 210
35 217
35 231
35 233
35 234
35 235
36 37
36 38
36 39
36 40
36 41
36 43
36 45
36 48
36 49
36 52
36 59
36 61
36 63
36 70
36 74
36 76
36 79
36 83
36 84
36 92
36 97
36 102
36 104
36 106
36 109
36 116
36 122
36 133
36 134
36 153
36 158
36 159
36 160
36 167
36 168
36 170
36 175
36 187
36 190
36 194
36 198
36 204
36 207
36 214
36 223
36 228
36 230
36 236
36 243
36 247
37 38
37 39
37 40
37 44
37 45
37 48
37 50
37 52
37 54
37 55
37 57
37 58
37 61
37 65
37 68
37 71
37 74
37 76
37 77
37 80
37 83
37 85
37 87
37 89
37 90
37 92
37 95
37 97
37 98
37 102
37 118
37 123
37 125
37 127
37 140
37 142
37 143
37 145
37 150
37 152
37 153
37 156
37 157
37 160
37 169
37 179
37 182
37 185
37 199
37 202
37 204
37 209
37 212
37 215
37 220
37 230
37 234
37 248
37 249
38 39
38 40
38 42
38 44
38 45
38 46
38 47
38 52
38 57
38 59
38 62
38 66
38 71
38 72
38 77
38 78
38 81
38 83
38 84
38 93
38 95
38 102
38 103
38 104
38 108
38 126
38 143
38 147
38 149
38 150
38 152
38 170
38 176
38 199
38 201
38 203
38 208
38 225
38 229
38 232
38 246
39 42
39 44
39 47
39 50
39 53
39 54
39 66
39 73
39 78
39 83
39 84
39 86
39 88
39 92
39 96
39 97
39 98
39 122
39 123
39 130
39 132
39 138
39 148
39 149
39 153
39 162
39 165
39 169
39 174
39 177
39 179
39 195
39 205
39 216
39 218
39 219
39 227
39 238
40 43
40 44
40 46
40 47
40 48
40 57
40 64
40 74
40 78
40 91
40 97
40 100
40 102
40 105
40 108
40 114
40 125
40 126
40 127
40 128
40 138
40 144
40 146
40 148
40 160
40 163
40 164
40 180
40 186
40 190
40 194
40 197
40 200
40 201
40 210
40 214
40 217
40 236
41 45
41 51
41 53
41 65
41 66
41 68
41 70
41 84
41 100
41 104
41 105
41 107
41 133
41 134
41 135
41 139
41 140
41 178
41 184
41 186
41 200
41 202
41 208
41 222
41 224
41 226
41 233
41 239
41 247
42 46
42 48
42 50
42 51
42 57
42 59
42 61
42 62
42 67
42 71
42 86
42 91
42 95
42 99
42 103
42 105
42 107
42 110
42 115
42 118
42 120
42 124
42 127
42 130
42 136
42 141
42 146
42 156
42 158
42 161
42 169
42 193
42 195
42 208
42 210
42 214
42 221
42 224
42 231
42 246
43 47
43 57
43 58
43 59
43 65
43 69
43 80
43 82
43 88
43 98
43 102
43 103
43 158
43 172
43 175
43 178
43 180
43 188
43 224
43 231
43 245
44 48
44 50
44 52
44 54
44 58
44 63
44 68
44 76
44 80
44 96
44 108
44 111
44 112
44 113
44 124
44 126
44 142
44 154
44 161
44 168
44 170
44 173
44 180
44 185
44 186
44 190
44 196
44 214
44 218
44 219
44 226
44 238
44 243
44 246
44 248
45 46
45 50
45 53
45 54
45 55
45 59
45 60
45 61
45 64
45 65
45 67
45 70
45 73
45 75
45 80
45 82
45 88
45 89
45 92
45 94
45 105
45 108
45 109
45 110
45 112
45 114
45 117
45 129
45 134
45 138
45 139
45 145
45 148
45 154
45 155
45 158
45 173
45 174
45 182
45 186
45 195
45 199
45 212
45 214
45 233
45 234
45 246
46 48
46 51
46 52
46 56
46 57
46 60
46 63
46 64
46 68
46 69
46 72
46 77
46 78
46 80
46 85
46 89
46 92
46 93
46 95
46 99
46 100
46 110
46 113
46 115
46 116
46 117
46 121
46 124
46 127
46 137
46 151
46 184
46 187
46 190
46 203
46 210
46 213
46 241
46 244
46 249
47 48
47 49
47 51
47 58
47 61
47 62
47 63
47 64
47 65
47 67
47 69
47 73
47 76
47 77
47 83
47 88
47 93
47 125
47 136
47 140
47 144
47 149
47 172
47 181
47 182
47 206
47 208
47 224
47 247
48 52
48 62
48 64
48 69
48 70
48 73
48 75
48 76
48 78
48 82
48 83
48 92
48 98
48 110
48 111
48 116
48 118
48 119
48 134
48 145
48 150
48 154
48 176
48 179
48 194
48 196
48 203
48 206
48 213
48 228
48 229
48 230
48 237
49 57
49 66
49 67
49 71
49 76
49 86
49 94
49 97
49 101
49 104
49 110
49 114
49 125
49 130
49 131
49 133
49 142
49 144
49 151
49 157
49 159
49 160
49 164
49 165
49 166
49 167
49 170
49 178
49 180
49 182
49 186
49 201
49 213
49 215
49 216
49 221
49 222
49 225
49 235
49 242
50 53
50 59
50 65
50 67
50 68
50 73
50 74
50 75
50 77
50 80
50 97
50 99
50 110
50 112
50 118
50 125
50 140
50 149
50 153
50 156
50 159
50 168
50 175
50 179
50 183
50 197
50 213
50 217
50 226
50 227
50 238
50 245
50 249
51 54
51 63
51 66
51 67
51 72
51 76
51 83
51 87
51 91
51 95
51 99
51 114
51 121
51 133
51 134
51 148
51 158
51 160
51 163
51 165
51 166
51 167
51 175
51 177
51 179
51 181
51 190
51 205
51 208
51 216
51 226
51 227
51 230
51 240
51 247
51 248
52 53
52 56
52 59
52 60
52 62
52 67
52 75
52 82
52 85
52 89
52 99
52 113
52 121
52 129
52 136
52 146
52 148
52 166
52 179
52 180
52 191
52 196
52 204
52 207
53 55
53 56
53 58
53 60
53 65
53 66
53 70
53 72
53 75
53 81
53 82
53 85
53 87
53 89
53 96
53 104
53 105
53 110
53 115
53 116
53 122
53 123
53 130
53 136
53 146
53 148
53 150
53 157
53 161
53 175
53 184
53 188
53 194
53 197
53 200
53 209
53 216
53 220
53 224
53 233
53 243
54 56
54 57
54 58
54 63
54 69
54 70
54 71
54 76
54 86
54 87
54 91
54 92
54 94
54 102
54 108
54 109
54 120
54 122
54 147
54 151
54 152
54 153
54 157
54 163
54 166
54 173
54 174
54 176
54 177
54 196
54 201
54 209
54 212
54 236
54 238
54 244
55 56
55 57
55 60
55 80
55 98
55 102
55 112
55 116
55 123
55 159
55 164
55 174
55 188
55 191
55 193
55 208
55 210
55 220
55 228
55 237
55 247
56 57
56 58
56 71
56 72
56 78
56 82
56 87
56 94
56 96
56 109
56 120
56 124
56 127
56 131
56 134
56 135
56 136
56 141
56 146
56 162
56 183
56 184
56 185
56 192
56 199
56 206
56 213
56 217
56 233
56 238
56 246
56 248
56 249
57 59
57 60
57 63
57 65
57 71
57 77
57 78
57 90
57 93
57 96
57 103
57 111
57 113
57 117
57 136
57 139
57 175
57 176
57 184
57 186
57 205
57 241
58 61
58 62
58 82
58 83
58 90
58 91
58 94
58 95
58 99
58 104
58 105
58 107
58 109
58 111
58 113
58 129
58 138
58 139
58 159
58 172
58 174
58 175
58 181
58 183
58 184
58 190
58 191
58 197
58 198
58 204
58 205
58 209
58 221
58 228
58 233
58 247
59 61
59 67
59 70
59 75
59 85
59 86
59 92
59 111
59 122
59 123
59 124
59 133
59 156
59 180
59 191
59 229
60 66
60 68
60 70
60 72
60 73
60 74
60 78
60 79
60 85
60 91
60 93
60 96
60 104
60 113
60 114
60 120
60 125
60 126
60 128
60 132
60 151
60 152
60 169
60 175
60 182
60 187
60 189
60 195
60 199
60 207
60 211
60 216
60 219
60 221
60 232
60 235
60 239
60 241
61 64
61 69
61 81
61 87
61 88
61 93
61 96
61 101
61 106
61 108
61 111
61 114
61 119
61 135
61 136
61 146
61 149
61 166
61 169
61 170
61 173
61 181
61 185
61 189
61 196
61 202
61 235
61 237
61 240
62 68
62 71
62 82
62 115
62 134
62 140
62 149
62 162
62 168
62 180
62 182
62 198
62 223
62 236
62 240
62 243
63 67
63 80
63 84
63 93
63 95
63 111
63 113
63 122
63 126
63 134
63 146
63 150
63 167
63 171
63 174
63 211
63 236
64 65
64 66
64 70
64 72
64 77
64 87
64 95
64 98
64 101
64 111
64 121
64 126
64 131
64 135
64 137
64 140
64 141
64 200
64 201
64 208
64 213
64 231
64 242
65 87
65 95
65 96
65 100
65 103
65 109
65 117
65 120
65 151
65 156
65 160
65 189
65 191
65 193
65 197
65 204
65 216
65 219
65 230
65 241
66 69
66 70
66 74
66 78
66 86
66 87
66 97
66 100
66 103
66 121
66 125
66 128
66 144
66 145
66 147
66 163
66 173
66 176
66 181
66 198
66 203
66 209
66 219
67 68
67 71
67 74
67 76
67 80
67 100
67 103
67 109
67 115
67 131
67 133
67 143
67 144
67 158
67 161
67 162
67 164
67 216
67 231
67 240
68 72
68 73
68 114
68 116
68 119
68 132
68 137
68 139
68 150
68 168
68 179
68 190
68 195
68 198
68 216
68 243
69 79
69 116
69 126
69 132
69 156
69 165
69 172
69 173
69 188
69 201
69 216
69 236
69 238
70 76
70 81
70 84
70 106
70 107
70 109
70 111
70 116
70 118
70 149
70 150
70 152
70 159
70 165
70 169
70 174
70 177
70 181
70 200
70 202
70 213
70 214
70 234
70 243
70 248
71 91
71 107
71 114
71 129
71 130
71 139
71 154
71 170
71 171
71 174
71 193
71 217
71 220
71 227
72 73
72 75
72 83
72 86
72 90
72 94
72 100
72 101
72 102
72 103
72 125
72 133
72 146
72 150
72 159
72 165
72 183
72 206
72 227
72 243
73 76
73 81
73 84
73 88
73 89
73 103
73 104
73 114
73 138
73 178
73 191
73 192
73 246
74 75
74 83
74 85
74 88
74 97
74 119
74 141
74 160
74 179
74 181
74 191
74 204
74 212
74 227
74 231
74 232
74 233
74 239
75 81
75 87
75 93
75 110
75 115
75 120
75 140
75 141
75 142
75 147
75 151
75 161
75 164
75 171
75 175
75 181
75 182
75 191
75 206
75 210
75 217
75 218
75 222
75 223
75 225
75 232
75 239
75 241
75 246
76 92
76 102
76 103
76 109
76 122
76 125
76 126
76 131
76 137
76 156
76 161
76 162
76 163
76 168
76 176
76 186
76 190
76 191
76 212
76 227
76 233
77 81
77 84
77 86
77 87
77 90
77 92
77 107
77 118
77 123
77 128
77 137
77 139
77 141
77 147
77 189
77 214
77 222
77 223
77 225
78 79
78 83
78 88
78 99
78 113
78 124
78 128
78 137
78 161
78 164
78 165
78 174
78 196
78 197
78 207
78 216
78 233
78 237
79 83
79 94
79 156
79 184
79 189
79 229
79 241
80 84
80 91
80 107
80 112
80 120
80 130
80 131
80 141
80 152
80 157
80 162
80 171
80 176
80 179
80 188
80 198
80 227
80 235
80 248
81 87
81 97
81 102
81 116
81 117
81 119
81 124
81 130
81 135
81 145
81 146
81 147
81 167
81 177
81 195
81 219
81 221
81 223
81 243
82 96
82 104
82 108
82 113
82 125
82 133
82 147
82 150
82 162
82 167
82 171
82 178
82 190
82 197
82 247
83 100
83 106
83 115
83 116
83 120
83 161
83 163
83 165
83 172
83 173
83 178
83 186
83 214
83 224
84 85
84 90
84 97
84 104
84 106
84 117
84 126
84 127
84 133
84 143
84 156
84 205
84 213
84 214
84 217
84 245
84 247
85 93
85 96
85 101
85 102
85 103
85 107
85 111
85 142
85 143
85 152
85 200
85 211
85 249
86 91
86 100
86 121
86 122
86 139
86 140
86 143
86 152
86 155
86 158
86 170
86 179
86 180
86 181
86 183
86 237
86 240
87 91
87 104
87 107
87 111
87 115
87 123
87 124
87 128
87 130
87 135
87 138
87 144
87 152
87 154
87 194
87 217
87 223
87 225
87 231
87 245
87 246
88 89
88 91
88 158
88 162
88 165
88 166
88 202
88 206
88 225
88 243
88 246
89 96
89 112
89 132
89 158
89 162
89 172
89 186
89 222
89 228
89 243
90 91
90 92
90 101
90 109
90 121
90 132
90 147
90 163
90 171
90 173
90 174
90 175
90 215
90 220
90 224
90 225
90 228
90 237
90 240
91 104
91 106
91 110
91 131
91 133
91 135
91 145
91 147
91 148
91 152
91 185
91 187
92 96
92 98
92 117
92 118
92 120
92 126
92 130
92 134
92 139
92 145
92 146
92 148
92 168
92 186
92 190
92 191
92 204
92 229
92 233
92 245
93 98
93 103
93 106
93 114
93 115
93 131
93 164
93 179
93 198
93 201
93 208
93 209
93 218
93 221
93 223
94 95
94 111
94 118
94 120
94 123
94 124
94 126
94 140
94 154
94 157
94 169
94 202
94 210
94 231
95 127
95 133
95 158
95 183
95 195
95 202
95 211
95 219
96 99
96 102
96 103
96 106
96 113
96 119
96 164
96 179
96 187
96 211
96 224
97 98
97 105
97 135
97 145
97 167
97 201
97 203
97 222
98 105
98 113
98 116
98 117
98 125
98 129
98 136
98 139
98 141
98 145
98 148
98 157
98 161
98 180
98 205
98 211
98 212
98 217
98 219
98 221
98 223
98 241
99 101
99 107
99 115
99 117
99 125
99 141
99 146
99 155
99 165
99 179
99 219
99 222
99 225
99 232
100 148
100 151
100 153
100 155
100 171
100 176
100 177
100 181
100 182
100 221
100 222
100 229
101 111
101 116
101 119
101 120
101 123
101 130
101 131
101 141
101 143
101 156
101 160
101 180
101 193
101 199
101 236
101 244
102 105
102 122
102 128
102 163
102 164
102 171
102 172
102 173
102 210
102 220
102 230
103 108
103 109
103 129
103 131
103 134
103 162
103 163
103 165
103 166
103 168
103 171
103 180
103 185
103 242
104 107
104 112
104 115
104 121
104 131
104 137
104 152
104 160
104 171
104 183
104 185
104 193
104 247
105 119
105 123
105 132
105 135
105 141
105 143
105 150
105 152
105 158
105 176
105 198
105 207
105 221
106 112
106 137
106 153
106 160
106 176
106 191
106 196
106 200
106 201
106 205
106 218
106 247
107 128
107 148
107 157
107 215
107 229
107 239
108 113
108 115
108 117
108 122
108 125
108 138
108 141
108 142
108 152
108 154
108 161
108 168
108 192
108 197
108 208
108 218
108 236
108 237
109 113
109 126
109 129
109 135
109 142
109 173
109 182
109 188
109 218
109 227
109 248
110 111
110 116
110 120
110 126
110 130
110 135
110 142
110 161
110 166
110 173
110 181
110 182
110 189
110 209
110 211
110 212
110 220
110 226
110 229
110 231
110 237
110 239
111 118
111 119
111 127
111 137
111 143
111 161
111 166
111 168
111 171
111 177
111 184
111 196
111 205
111 225
111 226
111 235
111 240
111 246
112 144
112 157
112 172
112 185
112 192
112 207
112 217
112 222
113 114
113 129
113 133
113 136
113 246
114 127
114 132
114 143
114 161
114 180
114 185
114 188
114 234
114 236
114 247
115 118
115 125
115 129
115 137
115 140
115 151
115 159
115 184
115 215
115 226
116 117
116 127
116 139
116 153
116 181
116 194
116 212
116 237
116 249
117 121
117 134
117 135
117 160
117 163
117 205
117 218
117 223
117 236
117 248
118 122
118 123
118 127
118 130
118 134
118 137
118 138
118 149
118 155
118 190
118 201
118 212
118 214
118 228
118 237
118 242
118 243
118 248
119 124
119 135
119 137
119 142
119 144
119 152
119 160
119 169
119 186
119 188
119 192
119 225
119 234
119 240
119 242
120 151
120 170
120 173
120 193
120 199
120 210
120 214
120 220
120 233
121 134
121 139
121 151
121 174
121 187
121 194
121 201
121 204
121 215
121 232
121 235
121 239
121 247
122 136
122 145
122 168
122 176
122 178
122 182
122 205
122 224
122 231
122 243
123 126
123 144
123 215
123 239
123 241
124 128
124 187
124 193
124 225
124 229
125 133
125 144
125 159
125 176
125 180
125 188
125 195
125 196
125 228
125 238
125 241
126 129
126 139
126 140
126 152
126 157
126 159
126 163
126 173
126 197
126 203
126 212
126 225
126 232
127 138
127 149
127 156
127 167
127 177
127 184
127 194
127 204
127 209
127 223
127 226
128 136
128 138
128 143
128 160
128 175
128 176
128 183
128 207
128 235
129 153
129 166
129 173
129 180
129 203
129 223
129 232
129 242
130 132
130 148
130 158
130 164
130 172
130 189
130 215
130 216
130 219
130 233
131 132
131 134
131 152
131 176
131 177
131 185
131 206
131 233
131 244
132 142
132 146
132 167
132 181
132 197
132 199
132 210
132 213
132 233
132 235
133 146
133 147
133 150
133 184
133 187
133 191
133 226
134 142
134 149
134 152
134 153
134 155
134 197
134 244
135 165
135 172
135 203
135 246
136 149
136 198
136 207
136 220
136 228
136 234
136 237
136 239
137 142
137 179
137 203
137 230
138 151
138 177
138 179
138 194
138 225
138 244
138 245
139 143
139 181
139 188
139 208
139 219
139 229
139 232
139 237
140 142
140 145
140 146
140 154
140 156
140 165
140 166
140 169
140 171
140 181
140 218
140 228
140 233
141 153
141 194
141 216
141 220
141 235
141 246
142 178
142 190
142 211
142 212
142 219
142 229
142 242
142 245
143 160
143 162
143 195
143 246
144 145
144 147
144 177
144 189
144 211
144 220
144 226
145 162
145 167
145 175
145 180
145 199
145 230
145 238
145 239
145 243
146 153
146 154
146 162
146 221
146 224
146 234
146 249
147 155
147 162
147 169
147 170
147 171
147 195
147 215
147 222
147 232
147 240
148 160
148 192
148 196
148 217
148 227
148 229
148 234
148 237
149 152
149 157
149 163
149 183
149 185
149 206
149 211
150 175
150 203
150 211
150 218
150 237
151 160
151 198
151 218
152 164
152 173
152 190
152 202
152 214
152 215
152 221
152 245
153 155
153 164
153 177
153 230
153 231
154 155
154 211
154 223
154 230
155 164
155 192
155 199
155 205
155 212
155 231
155 249
156 177
156 200
156 207
156 208
156 231
157 220
157 227
158 204
158 212
158 238
159 181
159 188
159 194
159 195
159 204
160 176
160 184
160 217
161 169
161 183
161 192
161 210
162 192
162 195
162 197
163 197
163 207
164 201
164 213
164 230
164 244
165 215
166 175
166 187
167 187
167 193
167 217
167 219
167 223
167 234
167 249
168 170
168 178
168 185
168 187
168 191
168 220
168 231
168 237
169 176
169 177
169 226
170 195
170 201
170 204
170 210
170 238
170 248
171 174
171 178
171 181
171 191
171 196
172 248
173 192
173 194
173 206
173 242
174 236
175 210
175 235
176 193
176 220
176 238
176 245
177 217
178 190
178 194
178 206
179 204
179 241
180 192
180 229
181 232
181 237
182 198
182 203
182 207
182 213
182 241
183 189
183 199
183 200
183 230
184 214
184 218
184 219
184 236
184 237
185 204
185 221
185 224
185 233
185 235
186 193
186 239
187 191
187 198
187 201
188 204
188 207
188 210
188 225
188 228
188 245
188 247
189 193
190 192
191 214
191 218
191 227
192 197
192 204
192 241
193 214
194 206
195 196
195 234
196 240
197 213
197 220
198 246
199 206
201 205
201 213
201 215
201 225
201 240
202 210
202 241
203 210
203 233
203 244
204 205
204 215
204 249
205 238
206 208
206 243
206 245
208 232
209 231
209 234
210 211
210 229
211 242
212 224
212 226
212 239
212 241
213 235
214 227
214 232
214 242
214 244
215 226
216 236
218 248
220 234
221 240
221 249
222 229
222 248
223 236
224 234
224 236
228 242
228 246
230 249
232 235
232 239
232 247
