0 1
0 2
0 3
0 4
0 5
0 6
0 7
0 8
0 9
0 10
0 11
0 12
0 13
0 14
0 15
0 17
0 18
0 19
0 20
0 21
0 22
0 24
0 28
0 29
0 31
0 33
0 34
0 38
0 39
0 41
0 42
0 43
0 46
0 52
0 60
0 66
0 67
0 68
0 71
0 73
0 74
0 80
0 83
0 84
0 91
0 92
0 95
0 96
0 98
0 102
0 106
0 131
0 135
0 136
0 137
0 144
0 147
0 152
0 162
0 166
0 167
0 181
0 182
0 188
0 190
0 193
0 205
0 213
0 214
0 216
0 218
0 222
0 230
0 233
0 234
0 244
0 245
1 9
1 10
1 11
1 12
1 13
1 15
1 20
1 23
1 26
1 33
1 47
1 52
1 57
1 59
1 66
1 71
1 77
1 85
1 104
1 109
1 116
1 150
1 167
1 169
1 172
1 178
1 191
1 204
1 205
2 11
2 15
2 18
2 21
2 22
2 24
2 25
2 28
2 32
2 37
2 38
2 52
2 59
2 60
2 65
2 66
2 70
2 73
2 76
2 87
2 92
2 101
2 104
2 108
2 111
2 112
2 121
2 122
2 125
2 131
2 137
2 138
2 143
2 149
2 171
2 177
2 179
2 199
2 204
2 212
2 218
2 244
3 9
3 10
3 14
3 16
3 17
3 18
3 19
3 22
3 28
3 29
3 31
3 32
3 34
3 38
3 50
3 51
3 54
3 61
3 64
3 66
3 82
3 106
3 115
3 117
3 124
3 128
3 133
3 138
3 139
3 160
3 162
3 163
3 186
3 244
4 9
4 10
4 11
4 12
4 13
4 14
4 15
4 17
4 18
4 19
4 21
4 27
4 38
4 42
4 43
4 45
4 46
4 53
4 59
4 62
4 65
4 70
4 71
4 72
4 79
4 84
4 85
4 97
4 99
4 100
4 104
4 110
4 111
4 144
4 168
4 172
4 183
4 209
4 218
4 230
4 231
4 242
5 9
5 10
5 11
5 13
5 14
5 15
5 17
5 19
5 20
5 21
5 29
5 30
5 33
5 35
5 38
5 40
5 44
5 54
5 58
5 74
5 93
5 97
5 110
5 111
5 114
5 125
5 149
5 168
5 178
5 194
5 197
5 202
5 203
5 221
5 244
6 9
6 10
6 12
6 13
6 16
6 25
6 26
6 27
6 36
6 37
6 44
6 45
6 50
6 53
6 57
6 61
6 62
6 64
6 76
6 78
6 88
6 92
6 94
6 96
6 99
6 116
6 118
6 126
6 158
6 170
6 172
6 179
6 183
6 185
6 193
6 198
6 199
6 209
6 211
6 235
6 236
6 239
6 245
7 9
7 12
7 13
7 14
7 17
7 41
7 89
7 100
7 150
7 176
7 235
8 9
8 10
8 11
8 12
8 13
8 16
8 22
8 23
8 24
8 28
8 29
8 31
8 33
8 34
8 36
8 37
8 38
8 39
8 41
8 44
8 45
8 46
8 54
8 66
8 74
8 79
8 81
8 82
8 83
8 86
8 88
8 91
8 94
8 95
8 97
8 123
8 124
8 141
8 145
8 149
8 187
8 190
8 200
8 211
8 227
8 228
8 229
8 242
9 10
9 11
9 12
9 14
9 15
9 16
9 17
9 18
9 20
9 24
9 25
9 26
9 29
9 30
9 32
9 34
9 35
9 37
9 39
9 49
9 50
9 53
9 57
9 58
9 62
9 64
9 65
9 99
9 100
9 108
9 115
9 119
9 126
9 127
9 138
9 149
9 153
9 163
9 164
9 178
9 180
9 192
9 194
9 207
9 208
9 216
9 219
9 223
9 229
9 244
10 11
10 12
10 13
10 14
10 16
10 18
10 19
10 20
10 21
10 23
10 24
10 25
10 26
10 30
10 31
10 32
10 33
10 34
10 35
10 36
10 40
10 43
10 44
10 47
10 50
10 53
10 60
10 61
10 63
10 64
10 65
10 66
10 80
10 84
10 87
10 88
10 89
10 96
10 109
10 111
10 112
10 118
10 128
10 130
10 140
10 141
10 152
10 154
10 159
10 164
10 165
10 174
10 180
10 203
10 205
10 210
10 219
10 220
10 230
10 234
10 242
10 244
10 246
11 15
11 16
11 17
11 19
11 23
11 25
11 26
11 28
11 29
11 34
11 36
11 42
11 43
11 48
11 50
11 51
11 55
11 56
11 57
11 62
11 71
11 73
11 77
11 81
11 82
11 97
11 101
11 106
11 114
11 128
11 130
11 136
11 142
11 147
11 151
11 156
11 161
11 170
11 177
11 221
11 222
11 234
11 236
11 238
11 241
11 243
11 244
12 21
12 24
12 32
12 73
12 82
12 83
12 101
12 138
12 145
12 151
12 152
12 165
12 184
12 207
12 232
12 237
13 14
13 15
13 19
13 27
13 28
13 30
13 33
13 34
13 36
13 39
13 41
13 42
13 45
13 48
13 49
13 64
13 69
13 80
13 87
13 101
13 105
13 112
13 118
13 119
13 131
13 148
13 156
13 165
13 169
13 171
13 186
13 195
13 215
13 228
13 230
13 237
14 16
14 18
14 19
14 20
14 22
14 24
14 26
14 27
14 30
14 31
14 33
14 37
14 40
14 47
14 48
14 49
14 51
14 52
14 61
14 62
14 82
14 85
14 86
14 89
14 90
14 95
14 102
14 105
14 107
14 116
14 117
14 123
14 132
14 135
14 142
14 171
14 180
14 204
14 228
15 16
15 17
15 21
15 22
15 23
15 27
15 32
15 37
15 40
15 42
15 47
15 49
15 77
15 79
15 81
15 94
15 96
15 99
15 100
15 123
15 127
15 131
15 142
15 160
15 162
15 183
15 185
15 186
15 207
16 18
16 20
16 23
16 26
16 46
16 48
16 51
16 68
16 76
16 87
16 98
16 110
16 115
16 121
16 163
16 188
16 206
16 218
16 229
16 241
17 23
17 24
17 25
17 26
17 27
17 34
17 35
17 37
17 42
17 59
17 66
17 69
17 72
17 75
17 77
17 79
17 84
17 110
17 125
17 128
17 133
17 137
17 153
17 177
17 187
17 193
17 201
17 217
17 225
17 234
17 236
17 237
18 22
18 27
18 28
18 29
18 31
18 38
18 40
18 54
18 55
18 64
18 92
18 100
18 116
18 117
18 121
18 135
18 138
18 151
18 168
18 171
18 221
18 222
18 225
18 239
18 247
19 20
19 21
19 22
19 23
19 41
19 46
19 52
19 55
19 67
19 72
19 75
19 82
19 84
19 88
19 89
19 97
19 104
19 129
19 136
19 141
19 147
19 150
19 152
19 160
19 162
19 169
19 173
19 181
19 189
19 219
19 232
19 239
19 247
20 42
20 51
20 52
20 63
20 74
20 88
20 90
20 91
20 109
20 110
20 111
20 124
20 142
20 148
20 154
20 195
20 213
20 238
20 240
20 242
21 25
21 35
21 47
21 63
21 65
21 67
21 69
21 72
21 92
21 117
21 172
21 186
21 204
21 205
21 214
21 235
22 25
22 30
22 31
22 49
22 56
22 85
22 86
22 87
22 100
22 116
22 118
22 120
22 132
22 143
22 148
22 153
22 159
22 166
22 190
23 27
23 28
23 40
23 43
23 46
23 50
23 51
23 60
23 76
23 78
23 80
23 86
23 96
23 120
23 122
23 125
23 133
23 135
23 143
23 144
23 173
23 178
23 180
23 190
23 214
23 219
23 223
23 248
23 249
24 29
24 32
24 35
24 36
24 54
24 58
24 69
24 70
24 77
24 102
24 109
24 113
24 136
24 137
24 139
24 148
24 161
24 172
24 239
25 40
25 44
25 67
25 86
25 110
25 119
25 140
25 144
25 155
25 225
25 245
26 30
26 31
26 35
26 41
26 44
26 57
26 59
26 68
26 73
26 75
26 84
26 123
26 141
26 157
26 202
26 206
26 241
27 39
27 44
27 69
27 75
27 89
27 116
27 140
27 144
27 150
27 168
27 174
27 196
27 223
27 237
28 32
28 38
28 39
28 43
28 45
28 48
28 56
28 60
28 62
28 65
28 79
28 82
28 84
28 87
28 94
28 105
28 109
28 130
28 143
28 146
28 149
28 174
28 240
28 242
29 30
29 39
29 40
29 70
29 79
29 83
29 90
29 125
29 126
29 134
29 150
29 155
29 161
29 169
29 211
29 238
29 248
29 249
30 41
30 56
30 60
30 66
30 68
30 69
30 71
30 75
30 104
30 108
30 109
30 130
30 183
30 188
30 194
30 210
30 220
30 246
31 42
31 94
31 107
31 170
31 198
31 226
32 33
32 36
32 37
32 43
32 45
32 47
32 53
32 54
32 55
32 56
32 58
32 63
32 67
32 68
32 75
32 76
32 80
32 81
32 95
32 98
32 114
32 134
32 137
32 167
32 182
32 189
32 191
32 223
32 227
32 229
32 235
32 239
33 35
33 36
33 49
33 60
33 61
33 106
33 134
33 142
33 154
33 157
33 188
33 199
34 41
34 45
34 92
34 102
34 106
34 111
34 127
34 140
34 178
34 192
34 197
35 46
35 47
35 48
35 49
35 53
35 55
35 63
35 71
35 72
35 74
35 76
35 77
35 93
35 95
35 98
35 100
35 101
35 105
35 109
35 121
35 131
35 141
35 145
35 154
35 157
35 173
35 176
35 191
35 198
35 199
35 212
35 218
35 245
36 50
36 62
36 69
36 129
36 138
36 148
36 149
36 158
36 163
36 185
36 202
37 46
37 51
37 54
37 57
37 58
37 59
37 63
37 64
37 67
37 73
37 88
37 90
37 93
37 96
37 97
37 100
37 108
37 129
37 134
37 136
37 171
37 173
37 175
37 195
37 196
37 207
37 209
37 217
37 231
37 233
37 247
38 39
38 45
38 57
38 61
38 81
38 170
38 182
38 187
38 201
38 213
39 48
39 56
39 61
39 64
39 67
39 69
39 78
39 82
39 88
39 89
39 90
39 93
39 103
39 106
39 107
39 108
39 120
39 124
39 130
39 139
39 144
39 163
39 170
39 194
39 198
39 199
39 201
39 220
39 221
39 222
39 238
39 246
39 249
40 48
40 50
40 52
40 58
40 71
40 73
40 116
40 164
40 228
40 233
41 43
41 52
41 54
41 55
41 63
41 96
41 112
41 114
41 132
41 134
41 141
41 144
41 164
41 173
41 216
41 227
42 44
42 53
42 56
42 57
42 61
42 65
42 72
42 93
42 103
42 119
42 155
42 158
42 174
42 199
42 212
42 216
42 222
43 49
43 74
43 83
43 99
43 102
43 121
43 157
43 169
43 174
43 192
43 196
43 207
43 218
43 236
43 249
44 47
44 53
44 58
44 67
44 71
44 85
44 91
44 132
44 140
44 161
44 164
44 171
44 179
45 75
45 90
45 98
45 122
45 134
45 142
45 144
45 147
45 201
46 51
46 85
46 102
46 132
46 161
46 226
46 240
47 93
47 165
47 190
47 243
48 59
48 70
48 111
48 115
48 154
48 197
48 204
48 244
49 59
49 62
49 68
49 72
49 107
49 125
49 133
49 187
49 225
49 243
50 55
50 83
50 133
50 157
50 167
50 227
51 74
51 83
51 91
51 121
51 139
51 146
51 183
52 86
52 98
52 126
52 128
52 157
52 165
52 169
52 182
52 201
52 212
53 55
53 56
53 101
53 103
53 123
53 179
53 181
53 210
54 81
54 84
54 95
54 103
54 153
54 185
54 219
55 58
55 74
55 75
55 83
55 96
55 106
55 128
55 145
55 162
55 188
55 202
55 215
55 233
55 235
56 60
56 70
56 78
56 86
56 114
56 127
56 155
56 184
56 195
57 63
57 76
57 80
57 85
57 105
57 115
57 122
57 123
57 126
57 135
57 151
57 183
57 185
57 218
58 68
58 91
58 97
58 107
58 127
58 132
58 183
59 70
59 103
59 160
59 165
59 175
59 192
59 200
59 229
60 72
60 86
60 90
60 98
60 112
60 120
60 126
60 170
60 191
60 231
61 65
61 101
61 108
61 145
61 153
61 185
61 187
62 70
62 104
62 113
62 117
62 129
62 176
62 189
62 196
62 219
62 238
63 120
63 131
63 132
63 174
63 192
63 213
64 78
64 94
64 103
64 139
64 146
64 179
64 181
64 197
64 198
64 200
64 205
64 206
64 215
64 220
65 104
65 105
65 112
65 115
65 121
65 134
65 192
65 224
66 68
66 73
66 80
66 162
66 166
66 191
66 198
66 203
66 226
66 239
66 241
66 249
67 78
67 79
67 85
67 95
67 113
67 137
68 120
68 184
68 195
68 208
69 77
69 78
69 124
69 129
69 143
69 156
69 175
69 217
70 193
70 204
70 210
70 217
71 76
71 80
71 90
71 91
71 119
71 123
71 136
71 143
71 157
71 159
71 168
71 180
71 226
72 92
72 107
72 114
72 117
72 175
72 189
72 208
73 79
73 81
73 87
73 199
74 77
74 87
74 94
74 113
74 116
74 118
74 159
74 176
74 197
74 200
74 227
74 234
74 237
74 243
74 249
75 78
75 81
75 93
75 103
75 107
75 122
75 133
75 164
75 189
75 212
75 215
75 225
76 95
76 105
76 110
76 125
76 133
76 148
76 150
76 152
76 156
76 163
76 164
76 171
76 186
76 200
76 209
76 228
76 232
77 88
77 118
77 122
77 139
77 167
77 217
78 89
78 126
78 129
78 248
79 99
79 146
79 161
79 183
79 187
79 221
80 110
80 130
80 166
80 206
82 92
82 94
82 113
82 145
82 158
82 159
82 176
82 182
82 204
82 212
83 101
83 109
83 166
83 178
83 180
83 181
83 193
83 194
84 89
84 91
84 107
84 108
84 124
84 127
84 145
84 156
84 159
84 177
84 179
84 181
84 184
84 190
84 205
84 228
84 232
84 234
85 104
85 119
85 138
85 184
85 191
85 240
86 130
86 139
86 149
86 163
86 193
86 211
87 93
87 123
87 155
87 161
87 226
88 114
88 147
88 148
88 189
88 208
89 113
89 118
89 119
89 188
90 102
90 112
90 120
90 143
90 146
90 154
90 159
90 177
90 182
90 203
91 223
91 245
91 246
92 99
92 190
92 224
93 135
93 159
93 179
93 189
93 212
93 216
93 217
94 97
94 103
94 158
95 98
95 108
95 150
95 152
95 173
95 194
95 196
95 197
95 223
96 168
96 196
96 217
97 99
97 114
97 115
97 151
97 207
97 246
98 102
98 132
98 192
99 130
99 149
99 210
100 113
100 122
100 152
100 162
100 167
100 169
100 173
100 176
101 113
101 141
101 174
102 136
102 142
102 206
102 219
102 226
103 115
103 124
103 146
103 154
103 158
103 185
103 229
104 105
104 106
104 112
104 140
104 172
104 178
104 190
104 210
104 225
104 247
105 118
105 153
105 229
106 155
106 171
106 188
106 243
107 120
107 137
107 139
107 205
107 231
108 111
108 124
108 140
108 166
108 178
108 240
109 125
109 137
109 214
110 186
111 117
111 119
111 128
111 151
113 133
113 193
113 197
113 200
114 117
114 147
114 155
114 165
114 186
115 152
115 169
115 182
116 215
116 222
116 239
116 241
117 128
117 129
117 140
117 146
117 150
117 205
117 210
117 230
118 127
118 131
118 143
118 146
118 158
118 162
118 203
118 219
118 230
119 135
119 164
119 226
119 243
120 121
120 122
120 177
121 134
121 135
121 224
121 242
122 202
122 247
122 249
123 127
123 129
123 176
123 191
124 172
124 206
124 209
124 220
125 126
125 136
125 157
125 160
125 224
125 227
125 243
126 155
126 192
126 197
127 153
127 242
128 238
129 153
129 177
130 131
130 166
130 216
130 234
131 138
131 175
131 200
131 214
131 228
131 232
131 236
132 156
132 207
132 247
133 170
133 206
133 209
133 212
133 220
133 230
134 179
134 187
134 206
135 172
135 182
135 208
135 227
136 151
136 185
136 186
136 214
136 240
136 248
138 141
138 147
138 188
138 215
139 142
139 145
139 147
139 161
139 210
139 213
139 220
140 175
140 198
140 231
141 163
141 176
141 215
141 230
143 148
143 151
143 160
143 166
143 167
143 203
143 225
144 248
146 170
146 177
146 248
147 154
147 200
147 216
148 160
148 201
148 209
149 202
149 234
149 235
149 240
150 195
150 235
151 235
152 231
153 156
153 221
153 232
153 233
153 236
154 156
154 184
155 160
155 201
155 214
157 158
157 168
157 180
157 247
158 204
158 241
158 249
159 184
160 181
161 175
161 181
161 194
161 218
161 221
162 165
162 167
162 174
163 198
163 241
164 168
164 233
165 245
166 173
166 196
167 223
170 175
170 180
170 214
170 242
171 189
172 195
172 202
173 209
175 193
175 194
175 196
175 203
175 208
175 211
175 223
175 224
175 248
176 191
176 216
176 231
178 203
179 227
180 187
183 184
184 201
184 211
185 195
187 215
187 231
190 199
190 202
190 208
192 221
192 240
193 213
193 224
193 237
194 225
197 208
197 232
198 220
199 211
201 247
203 207
203 248
205 238
206 217
206 224
206 229
206 245
207 232
208 211
208 236
209 213
210 224
211 213
212 226
213 222
214 238
215 228
215 237
215 246
216 236
217 222
217 233
218 233
224 239
224 245
224 246
227 243
228 241
232 246
235 237
