0 1
0 2
0 3
0 4
0 5
0 6
0 7
0 8
0 9
0 10
0 11
0 12
0 13
0 14
0 15
0 16
0 17
0 19
0 20
0 21
0 22
0 24
0 26
0 27
0 32
0 35
0 37
0 39
0 41
0 44
0 51
0 54
0 59
0 63
0 67
0 69
0 72
0 75
0 85
0 87
0 104
0 105
0 111
0 112
0 120
0 126
0 129
0 131
0 133
0 138
0 162
0 169
0 172
0 175
0 197
0 200
0 214
0 224
0 231
0 235
0 244
0 246
0 249
1 14
1 16
1 26
1 31
1 40
1 67
1 87
1 106
1 115
1 118
1 122
1 130
1 137
1 171
1 197
1 204
1 209
1 221
1 236
1 245
2 11
2 12
2 13
2 15
2 18
2 19
2 23
2 25
2 27
2 45
2 69
2 73
2 83
2 96
2 107
2 109
2 110
2 124
2 127
2 133
2 137
2 140
2 152
2 171
2 173
2 177
2 186
2 188
2 194
2 199
2 202
2 210
2 216
2 238
2 247
3 11
3 12
3 13
3 15
3 17
3 18
3 20
3 21
3 25
3 27
3 32
3 34
3 41
3 42
3 45
3 51
3 52
3 61
3 68
3 69
3 89
3 95
3 107
3 126
3 137
3 173
3 182
3 185
3 186
3 192
3 195
3 226
4 11
4 12
4 13
4 14
4 15
4 17
4 18
4 21
4 22
4 27
4 36
4 42
4 46
4 54
4 57
4 63
4 71
4 73
4 74
4 75
4 76
4 77
4 82
4 103
4 105
4 116
4 134
4 145
4 164
4 169
4 170
4 178
4 190
4 204
4 205
4 211
4 216
4 218
4 245
5 11
5 12
5 13
5 14
5 16
5 17
5 20
5 22
5 25
5 31
5 39
5 41
5 44
5 46
5 47
5 48
5 49
5 54
5 56
5 57
5 62
5 69
5 78
5 82
5 83
5 92
5 106
5 108
5 110
5 111
5 112
5 128
5 133
5 141
5 152
5 160
5 163
5 165
5 169
5 194
5 218
5 239
5 244
5 247
6 11
6 12
6 14
6 15
6 17
6 21
6 22
6 27
6 28
6 32
6 65
6 79
6 80
6 102
6 123
6 124
6 137
6 139
6 142
6 144
6 169
6 178
6 195
6 198
6 211
7 11
7 12
7 14
7 15
7 16
7 17
7 18
7 19
7 20
7 30
7 37
7 42
7 49
7 77
7 79
7 87
7 97
7 101
7 113
7 114
7 115
7 130
7 144
7 146
7 163
7 202
7 209
7 241
7 248
8 11
8 12
8 13
8 14
8 17
8 19
8 23
8 28
8 35
8 48
8 62
8 75
8 116
8 153
8 156
8 158
8 177
8 179
8 184
8 211
8 232
9 11
9 13
9 16
9 18
9 19
9 22
9 25
9 28
9 29
9 31
9 36
9 38
9 43
9 56
9 58
9 63
9 71
9 86
9 97
9 111
9 131
9 143
9 166
9 203
9 233
9 235
9 239
10 11
10 12
10 13
10 16
10 17
10 19
10 24
10 26
10 27
10 29
10 32
10 34
10 39
10 40
10 41
10 43
10 46
10 49
10 52
10 69
10 73
10 82
10 84
10 92
10 105
10 106
10 107
10 109
10 110
10 115
10 120
10 129
10 140
10 152
10 158
10 164
10 166
10 167
10 213
10 214
10 221
10 233
10 236
11 12
11 13
11 14
11 15
11 16
11 17
11 18
11 19
11 20
11 21
11 23
11 26
11 28
11 29
11 31
11 33
11 36
11 38
11 41
11 42
11 43
11 47
11 48
11 55
11 56
11 57
11 59
11 63
11 66
11 67
11 69
11 70
11 71
11 73
11 80
11 92
11 100
11 106
11 107
11 117
11 118
11 121
11 127
11 129
11 131
11 137
11 139
11 143
11 144
11 152
11 155
11 161
11 175
11 177
11 178
11 191
11 196
11 197
11 206
11 211
11 215
11 222
11 223
11 230
11 233
11 238
11 244
12 13
12 14
12 15
12 18
12 19
12 21
12 22
12 23
12 24
12 27
12 28
12 30
12 31
12 32
12 38
12 40
12 42
12 46
12 47
12 50
12 52
12 53
12 56
12 58
12 60
12 66
12 71
12 72
12 73
12 74
12 76
12 78
12 82
12 83
12 87
12 89
12 96
12 98
12 106
12 111
12 113
12 118
12 120
12 121
12 125
12 130
12 134
12 138
12 143
12 148
12 153
12 155
12 167
12 168
12 169
12 170
12 178
12 182
12 184
12 187
12 189
12 192
12 197
12 199
12 200
12 202
12 208
12 209
12 214
12 229
12 242
12 243
12 245
13 14
13 15
13 16
13 18
13 19
13 20
13 22
13 23
13 24
13 25
13 32
13 38
13 41
13 42
13 46
13 48
13 53
13 58
13 59
13 60
13 62
13 64
13 65
13 66
13 70
13 76
13 79
13 89
13 90
13 91
13 94
13 100
13 106
13 115
13 118
13 120
13 139
13 149
13 165
13 179
13 197
13 200
13 214
13 225
13 234
13 238
14 15
14 16
14 21
14 23
14 24
14 25
14 26
14 28
14 30
14 31
14 33
14 35
14 37
14 38
14 39
14 40
14 43
14 45
14 46
14 50
14 52
14 55
14 62
14 64
14 72
14 77
14 78
14 83
14 86
14 92
14 93
14 97
14 98
14 105
14 108
14 111
14 124
14 130
14 138
14 144
14 146
14 161
14 164
14 182
14 187
14 188
14 190
14 191
14 204
14 208
14 210
14 217
14 219
14 229
14 249
15 16
15 17
15 18
15 21
15 22
15 23
15 24
15 28
15 30
15 31
15 33
15 34
15 35
15 36
15 38
15 43
15 49
15 51
15 52
15 58
15 61
15 63
15 67
15 73
15 74
15 75
15 76
15 78
15 82
15 84
15 85
15 87
15 88
15 92
15 93
15 94
15 98
15 99
15 102
15 103
15 104
15 112
15 113
15 119
15 122
15 128
15 133
15 142
15 146
15 147
15 150
15 153
15 157
15 162
15 174
15 176
15 192
15 210
15 216
15 218
15 234
15 242
16 20
16 23
16 24
16 32
16 33
16 37
16 40
16 56
16 64
16 67
16 79
16 80
16 86
16 91
16 93
16 94
16 96
16 97
16 110
16 114
16 120
16 121
16 122
16 125
16 128
16 133
16 134
16 137
16 143
16 153
16 179
16 183
16 220
16 221
16 224
16 248
16 249
17 18
17 19
17 20
17 21
17 22
17 25
17 29
17 30
17 31
17 33
17 34
17 37
17 43
17 46
17 47
17 49
17 50
17 55
17 64
17 69
17 73
17 82
17 86
17 95
17 100
17 103
17 104
17 118
17 121
17 124
17 129
17 133
17 136
17 138
17 145
17 152
17 154
17 156
17 159
17 172
17 185
17 193
17 227
17 229
17 230
17 237
17 243
17 248
18 20
18 21
18 22
18 23
18 24
18 26
18 27
18 29
18 34
18 37
18 40
18 46
18 47
18 53
18 56
18 61
18 76
18 79
18 91
18 102
18 104
18 108
18 109
18 113
18 123
18 124
18 130
18 138
18 139
18 151
18 152
18 157
18 160
18 161
18 162
18 180
18 181
18 185
18 202
18 217
18 239
19 20
19 23
19 24
19 26
19 27
19 30
19 33
19 35
19 36
19 37
19 40
19 44
19 51
19 54
19 56
19 58
19 60
19 61
19 63
19 65
19 66
19 72
19 77
19 80
19 83
19 90
19 92
19 93
19 96
19 102
19 109
19 138
19 157
19 159
19 166
19 179
19 183
19 191
19 193
19 196
19 199
19 202
19 227
19 233
19 237
19 239
19 241
19 243
19 244
19 247
20 25
20 28
20 29
20 30
20 33
20 36
20 37
20 44
20 45
20 48
20 54
20 64
20 70
20 80
20 83
20 88
20 101
20 103
20 104
20 112
20 117
20 132
20 154
20 158
20 169
20 171
20 184
20 215
20 232
20 243
21 25
21 28
21 29
21 34
21 35
21 36
21 37
21 41
21 57
21 59
21 63
21 74
21 87
21 103
21 121
21 124
21 140
21 142
21 148
21 157
21 158
21 163
21 165
21 170
21 173
21 187
21 196
21 197
21 200
21 201
21 223
21 225
21 237
21 249
22 26
22 38
22 39
22 41
22 46
22 49
22 52
22 55
22 57
22 61
22 64
22 66
22 68
22 69
22 71
22 72
22 79
22 84
22 88
22 91
22 94
22 101
22 112
22 116
22 143
22 168
22 184
22 187
22 189
22 218
22 223
22 228
23 24
23 25
23 26
23 27
23 29
23 30
23 33
23 34
23 36
23 41
23 44
23 47
23 52
23 56
23 58
23 67
23 70
23 75
23 78
23 79
23 83
23 89
23 97
23 105
23 111
23 113
23 122
23 123
23 141
23 145
23 146
23 159
23 167
23 168
23 171
23 176
23 188
23 201
23 243
23 245
23 246
23 247
24 30
24 35
24 36
24 47
24 51
24 52
24 53
24 70
24 81
24 85
24 87
24 119
24 127
24 145
24 159
24 160
24 162
24 176
24 193
24 207
24 208
24 235
24 240
25 26
25 31
25 32
25 34
25 35
25 42
25 44
25 49
25 50
25 65
25 71
25 74
25 80
25 81
25 92
25 98
25 103
25 105
25 110
25 115
25 117
25 118
25 125
25 141
25 157
25 164
25 166
25 193
25 199
25 200
25 219
25 221
25 224
25 228
25 231
25 236
25 248
26 29
26 30
26 33
26 34
26 38
26 39
26 42
26 43
26 50
26 57
26 65
26 70
26 72
26 85
26 86
26 88
26 93
26 108
26 109
26 114
26 115
26 116
26 119
26 128
26 132
26 141
26 148
26 158
26 160
26 165
26 167
26 187
26 196
26 198
26 217
26 240
27 28
27 29
27 32
27 39
27 42
27 44
27 45
27 47
27 51
27 53
27 55
27 65
27 78
27 85
27 86
27 93
27 121
27 127
27 129
27 133
27 139
27 142
27 154
27 161
27 167
27 173
27 174
27 181
27 186
27 188
27 196
27 216
27 222
27 231
27 234
27 237
28 31
28 35
28 37
28 38
28 39
28 48
28 50
28 55
28 61
28 78
28 80
28 83
28 84
28 85
28 86
28 88
28 97
28 99
28 100
28 106
28 110
28 116
28 125
28 134
28 149
28 156
28 172
28 180
28 182
28 216
28 231
28 236
29 32
29 43
29 47
29 49
29 50
29 56
29 88
29 135
29 138
29 148
29 164
29 195
29 215
29 216
29 229
29 231
29 239
30 39
30 48
30 67
30 68
30 91
30 112
30 132
30 146
30 147
30 156
30 165
30 174
30 177
30 202
30 217
31 33
31 34
31 36
31 40
31 41
31 51
31 52
31 55
31 58
31 59
31 60
31 63
31 65
31 66
31 67
31 74
31 75
31 81
31 82
31 84
31 90
31 95
31 96
31 129
31 144
31 145
31 148
31 160
31 167
31 180
31 210
31 215
31 218
31 228
32 38
32 45
32 53
32 56
32 71
32 76
32 77
32 80
32 99
32 124
32 127
32 137
32 167
32 195
32 199
32 210
32 219
32 225
33 35
33 59
33 77
33 105
33 113
33 119
33 131
33 135
33 137
33 141
33 164
33 165
33 166
33 168
33 173
33 195
33 208
33 220
33 236
33 238
34 53
34 55
34 57
34 62
34 72
34 83
34 84
34 85
34 89
34 94
34 104
34 111
34 115
34 133
34 151
34 153
34 161
34 183
34 192
34 197
34 218
34 227
34 234
34 246
35 39
35 40
35 90
35 123
35 126
35 143
35 150
35 176
35 187
35 213
35 215
36 46
36 50
36 54
36 58
36 67
36 68
36 75
36 77
36 99
36 119
36 153
36 154
36 157
36 168
36 188
36 190
36 201
36 211
36 216
36 232
36 240
36 241
36 245
36 249
37 40
37 45
37 52
37 58
37 61
37 62
37 68
37 81
37 87
37 98
37 101
37 123
37 127
37 128
37 136
37 137
37 142
37 145
37 151
37 155
37 163
37 169
37 170
37 175
37 182
38 43
38 44
38 50
38 53
38 54
38 62
38 64
38 72
38 80
38 94
38 95
38 96
38 99
38 105
38 114
38 132
38 143
38 180
38 191
38 198
38 210
38 230
38 237
38 244
39 43
39 45
39 59
39 60
39 70
39 78
39 89
39 94
39 128
39 134
39 140
39 156
39 158
39 164
39 180
39 203
39 213
40 42
40 44
40 51
40 61
40 68
40 88
40 96
40 98
40 122
40 132
40 135
40 146
40 176
40 187
40 198
40 203
40 242
41 48
41 54
41 60
41 62
41 64
41 76
41 77
41 95
41 99
41 100
41 115
41 116
41 126
41 141
41 142
41 151
41 168
41 211
41 233
41 241
42 48
42 53
42 68
42 69
42 87
42 90
42 101
42 112
42 125
42 137
42 150
42 156
42 214
42 228
43 44
43 45
43 59
43 66
43 100
43 102
43 103
43 106
43 117
43 125
43 132
43 135
43 136
43 150
43 155
43 162
43 184
43 185
43 190
43 198
43 217
43 232
44 45
44 49
44 55
44 57
44 66
44 71
44 79
44 82
44 89
44 94
44 107
44 140
44 142
44 206
44 207
44 211
44 216
45 47
45 50
45 88
45 91
45 94
45 102
45 113
45 115
45 145
45 157
45 159
45 185
45 215
45 229
45 233
46 48
46 49
46 53
46 55
46 57
46 76
46 78
46 95
46 96
46 114
46 136
46 146
46 149
46 185
46 203
46 211
47 51
47 60
47 62
47 68
47 74
47 80
47 83
47 86
47 120
47 173
47 191
47 192
47 222
47 241
48 81
48 82
48 85
48 97
48 102
48 115
48 118
48 123
48 130
48 135
48 151
48 157
48 170
48 191
48 211
48 236
48 241
49 59
49 65
49 127
49 135
49 143
49 145
49 150
49 164
49 180
49 194
49 203
49 234
49 235
49 241
50 51
50 57
50 61
50 71
50 73
50 89
50 93
50 108
50 109
50 125
50 126
50 140
50 152
50 155
50 162
50 183
50 186
50 194
50 201
50 206
50 207
50 213
50 223
50 224
50 227
50 232
50 238
50 246
50 249
51 54
51 63
51 72
51 75
51 84
51 85
51 88
51 93
51 111
51 159
51 181
51 186
51 193
51 199
51 214
51 243
52 54
52 59
52 66
52 84
52 90
52 96
52 110
52 111
52 122
52 136
52 154
52 155
52 169
52 171
52 194
52 207
52 241
53 60
53 74
53 91
53 117
53 156
53 175
53 184
53 212
54 68
54 92
54 99
54 128
54 147
54 214
55 60
55 62
55 79
55 92
55 93
55 112
55 119
55 151
55 152
55 173
55 190
55 204
55 220
56 60
56 63
56 68
56 69
56 70
56 73
56 102
56 144
56 191
56 195
56 200
56 206
56 209
56 210
56 217
56 224
56 233
56 240
57 58
57 66
57 75
57 89
57 104
57 107
57 108
57 114
57 147
57 156
57 171
57 174
57 193
57 198
57 209
57 219
58 61
58 64
58 74
58 77
58 90
58 91
58 98
58 101
58 103
58 110
58 135
58 139
58 171
58 174
58 190
58 201
58 209
58 215
58 219
58 224
59 65
59 82
59 145
59 147
59 150
59 153
59 154
59 163
59 174
59 175
59 178
59 184
59 222
59 233
59 242
60 72
60 81
60 132
60 139
60 154
60 170
60 172
60 174
61 65
61 104
61 109
61 120
61 138
61 166
61 188
61 206
61 215
61 223
62 64
62 71
62 81
62 92
62 163
62 188
62 190
62 197
62 221
62 225
62 226
62 230
63 73
63 85
63 88
63 100
63 116
63 139
63 164
63 173
63 189
63 208
64 70
64 86
64 146
64 162
64 176
65 84
65 106
65 107
65 135
65 163
65 166
65 176
65 177
65 212
65 216
66 67
66 81
66 89
66 100
66 101
66 108
66 184
66 205
66 208
66 213
66 223
67 76
67 87
67 99
67 121
67 123
67 150
67 151
67 156
67 176
67 222
67 226
67 228
68 70
68 77
68 95
68 107
68 119
68 121
68 171
68 197
68 205
68 225
68 232
68 233
68 244
69 74
69 104
69 109
69 112
69 131
69 139
69 143
69 154
69 182
69 239
69 244
70 76
70 78
70 81
70 99
70 121
70 157
70 172
70 190
70 217
70 247
71 75
71 91
71 113
71 127
71 147
72 81
72 95
72 99
72 101
72 104
72 108
72 110
72 160
72 170
72 219
73 79
73 93
73 95
73 97
73 122
73 125
73 161
73 240
74 84
74 86
74 109
74 136
74 139
74 151
74 177
74 198
74 200
74 222
75 102
75 114
75 154
75 175
75 178
75 194
75 208
75 224
75 226
75 246
76 117
76 119
76 150
76 172
76 189
77 100
77 107
77 135
77 148
77 168
77 180
77 226
77 240
78 91
78 126
78 132
78 136
78 179
78 188
79 113
79 117
79 128
79 135
79 151
79 191
79 212
79 226
79 228
80 98
80 103
80 237
81 111
81 114
81 187
81 217
81 222
82 98
82 106
82 149
82 159
82 220
82 227
82 245
83 90
83 116
83 133
83 134
83 152
83 166
83 179
83 202
84 119
84 140
84 195
84 213
84 236
84 238
85 90
85 134
85 159
85 186
85 199
85 224
85 235
85 248
86 155
86 209
86 232
87 90
87 94
87 96
87 105
87 107
87 113
87 117
87 124
87 130
87 153
87 169
87 171
88 95
88 98
88 131
88 160
88 201
89 120
89 148
89 192
89 203
89 229
89 235
90 97
90 118
90 129
90 163
90 214
90 222
90 225
90 240
91 100
91 108
91 145
91 147
91 166
91 181
91 212
91 222
91 235
91 247
92 116
92 119
92 123
92 149
92 180
92 244
93 101
93 126
93 129
93 148
93 170
93 179
93 194
94 97
94 103
94 124
94 203
94 214
95 102
95 114
95 144
95 186
95 212
95 213
96 131
96 178
96 198
96 240
97 118
97 125
97 132
97 142
97 200
98 110
98 112
98 116
98 128
98 165
98 226
99 101
99 117
99 120
99 141
99 152
99 159
99 202
99 207
100 122
100 148
100 167
100 174
100 206
100 209
100 249
101 105
101 125
101 131
101 141
101 144
101 175
101 236
102 114
102 132
102 203
102 243
102 248
103 177
103 182
103 225
103 244
104 159
104 162
104 165
104 176
104 178
104 196
104 206
105 131
105 141
105 196
106 108
106 120
106 122
106 127
106 149
106 161
106 181
106 183
106 188
106 204
106 207
106 225
106 227
106 245
107 109
107 144
107 147
107 153
107 168
107 178
107 180
107 197
107 201
107 202
107 212
107 231
107 243
108 121
108 123
108 128
108 150
108 155
108 188
109 123
109 134
109 141
109 177
109 203
110 136
110 189
110 192
110 194
110 229
111 131
111 142
111 165
111 179
111 205
112 161
112 171
112 205
112 234
113 122
113 134
113 165
113 179
114 117
114 144
114 175
114 195
114 210
114 212
114 227
114 243
115 118
115 126
115 149
115 173
115 189
115 213
115 237
116 166
116 167
116 168
116 173
116 177
116 182
116 220
116 229
116 239
116 248
117 154
117 203
117 229
117 232
118 130
118 136
118 227
118 246
119 134
119 136
119 146
119 160
119 167
119 207
119 208
119 235
119 237
120 124
120 126
120 129
120 140
120 172
120 175
120 181
120 184
120 198
120 227
121 127
121 130
121 183
121 190
121 199
121 201
122 149
122 153
122 168
122 185
122 205
122 212
122 215
123 126
123 191
123 218
124 140
124 148
124 160
124 161
125 221
126 129
126 214
126 216
126 219
126 225
126 239
127 130
127 133
127 206
128 138
128 157
128 158
128 219
129 155
129 172
129 175
130 149
130 181
130 210
130 231
132 142
132 147
132 185
132 221
133 155
133 213
133 229
134 151
134 193
135 138
135 162
135 195
135 246
136 143
136 146
136 181
136 183
136 230
136 240
137 186
137 196
137 230
137 231
138 140
138 158
138 199
139 205
140 150
140 189
140 190
141 239
142 169
142 215
142 220
143 176
143 180
143 202
143 234
144 147
144 161
144 163
144 187
144 212
145 149
145 156
145 158
145 226
145 231
145 242
145 246
145 247
147 158
147 170
147 220
148 163
148 186
148 223
148 248
149 164
149 204
149 208
149 223
150 232
150 249
151 182
151 192
152 183
152 200
152 218
152 227
153 242
154 170
154 245
155 160
155 172
155 248
156 201
156 226
156 241
157 172
157 174
157 184
158 223
158 228
158 242
159 162
159 174
159 182
159 191
159 204
159 247
160 204
160 235
160 240
161 220
162 211
162 230
163 195
164 207
164 218
164 224
164 228
164 231
165 212
166 204
166 206
166 237
167 242
168 181
169 189
169 230
170 192
170 193
170 194
170 245
171 183
171 205
171 245
173 178
174 177
174 179
174 249
175 186
175 243
176 221
176 238
176 244
176 247
177 185
177 196
178 181
178 183
178 189
178 194
178 217
178 238
179 221
180 192
180 213
181 185
181 237
184 201
184 217
184 234
185 187
185 193
185 207
186 189
187 196
187 220
188 206
188 209
188 242
189 193
189 205
189 234
190 223
190 236
191 198
191 199
191 204
193 205
193 220
193 242
194 210
194 228
195 224
195 225
197 207
198 200
198 239
198 246
200 238
201 222
201 232
202 230
204 209
206 230
207 208
210 248
211 219
212 226
214 219
216 218
216 221
216 241
216 246
219 234
226 228
227 247
229 233
229 236
229 238
232 249
234 235
