0 1
0 2
0 3
0 4
0 5
0 6
0 7
0 8
0 9
0 10
0 11
0 12
0 13
0 14
0 15
0 16
0 17
0 18
0 19
0 20
0 21
0 22
0 23
0 24
0 25
0 26
0 27
0 28
0 29
0 31
0 32
0 34
0 36
0 37
0 38
0 40
0 41
0 42
0 44
0 45
0 46
0 47
0 50
0 52
0 53
0 55
0 57
0 58
0 60
0 63
0 67
0 71
0 72
0 74
0 76
0 80
0 82
0 84
0 90
0 92
0 94
0 99
0 101
0 103
0 107
0 116
0 117
0 119
0 122
0 124
0 125
0 127
0 130
0 135
0 136
0 139
0 144
0 145
0 148
0 149
0 151
0 152
0 154
0 155
0 162
0 164
0 167
0 174
0 175
0 177
0 183
0 192
0 193
0 195
0 197
0 198
0 206
0 212
0 217
0 220
0 229
0 234
0 236
0 237
0 243
1 13
1 14
1 16
1 17
1 21
1 23
1 24
1 26
1 29
1 30
1 31
1 36
1 41
1 51
1 57
1 59
1 61
1 76
1 83
1 88
1 95
1 96
1 101
1 104
1 112
1 114
1 119
1 120
1 122
1 124
1 127
1 138
1 139
1 153
1 159
1 160
1 161
1 172
1 194
1 195
1 199
1 200
1 201
1 218
1 220
1 222
1 234
1 244
2 13
2 14
2 15
2 16
2 17
2 19
2 20
2 23
2 26
2 27
2 30
2 32
2 36
2 40
2 52
2 57
2 61
2 63
2 66
2 67
2 71
2 75
2 85
2 94
2 97
2 101
2 108
2 112
2 128
2 150
2 184
2 185
2 189
2 205
2 207
2 215
2 217
2 245
2 248
3 13
3 14
3 15
3 16
3 21
3 22
3 24
3 25
3 27
3 35
3 40
3 45
3 51
3 53
3 56
3 61
3 62
3 70
3 76
3 79
3 91
3 97
3 98
3 100
3 106
3 132
3 133
3 140
3 142
3 145
3 148
3 161
3 166
3 170
3 175
3 180
3 183
3 202
3 208
3 214
3 231
4 13
4 14
4 15
4 16
4 17
4 18
4 19
4 20
4 31
4 36
4 39
4 46
4 48
4 51
4 52
4 55
4 59
4 63
4 71
4 72
4 74
4 75
4 76
4 93
4 94
4 100
4 115
4 126
4 135
4 138
4 139
4 151
4 156
4 172
4 175
4 178
4 184
4 193
4 210
4 212
4 214
4 219
5 14
5 15
5 16
5 17
5 18
5 19
5 20
5 21
5 23
5 24
5 26
5 28
5 31
5 35
5 42
5 48
5 49
5 50
5 54
5 64
5 77
5 116
5 123
5 158
5 170
5 180
5 189
5 216
5 232
5 233
5 234
6 13
6 14
6 17
6 18
6 19
6 26
6 28
6 36
6 51
6 56
6 57
6 66
6 73
6 82
6 84
6 86
6 93
6 102
6 105
6 110
6 111
6 114
6 141
6 143
6 153
6 154
6 163
6 167
6 176
6 187
6 195
6 203
6 206
6 235
6 242
6 247
7 13
7 15
7 16
7 18
7 20
7 22
7 24
7 42
7 43
7 53
7 63
7 73
7 76
7 81
7 98
7 99
7 102
7 109
7 125
7 131
7 135
7 136
7 166
7 188
7 213
7 232
7 241
7 244
8 13
8 14
8 15
8 18
8 21
8 25
8 27
8 28
8 29
8 37
8 38
8 39
8 42
8 43
8 44
8 45
8 50
8 57
8 58
8 62
8 65
8 69
8 70
8 72
8 76
8 78
8 108
8 113
8 121
8 126
8 139
8 147
8 154
8 160
8 166
8 168
8 169
8 173
8 182
8 183
8 196
8 202
8 213
8 222
8 236
9 13
9 14
9 15
9 17
9 18
9 28
9 63
9 69
9 90
9 121
9 187
9 214
9 241
9 243
10 13
10 14
10 15
10 16
10 21
10 22
10 30
10 31
10 34
10 41
10 47
10 49
10 53
10 57
10 77
10 104
10 110
10 123
10 128
10 133
10 138
10 171
10 197
10 210
10 212
10 223
10 229
10 235
10 240
11 13
11 15
11 16
11 18
11 19
11 22
11 23
11 33
11 35
11 45
11 46
11 48
11 70
11 71
11 73
11 99
11 130
11 142
11 166
11 187
11 208
11 210
11 219
12 13
12 14
12 17
12 19
12 21
12 23
12 26
12 30
12 34
12 38
12 45
12 47
12 58
12 73
12 83
12 87
12 95
12 104
12 142
12 149
12 152
12 169
12 179
12 181
12 191
12 198
12 199
12 204
12 206
12 207
12 214
12 247
12 249
13 14
13 15
13 16
13 17
13 18
13 19
13 20
13 21
13 22
13 24
13 25
13 26
13 27
13 28
13 29
13 30
13 31
13 32
13 35
13 37
13 40
13 43
13 44
13 46
13 47
13 48
13 49
13 55
13 56
13 57
13 60
13 61
13 62
13 63
13 66
13 67
13 69
13 70
13 72
13 73
13 74
13 75
13 76
13 80
13 85
13 87
13 92
13 93
13 96
13 99
13 101
13 103
13 105
13 108
13 111
13 112
13 115
13 120
13 125
13 126
13 129
13 130
13 131
13 135
13 136
13 137
13 141
13 144
13 145
13 146
13 149
13 150
13 161
13 168
13 170
13 177
13 180
13 183
13 186
13 190
13 191
13 193
13 194
13 196
13 198
13 199
13 203
13 205
13 206
13 213
13 218
13 221
13 226
13 231
13 245
14 15
14 16
14 17
14 18
14 19
14 20
14 22
14 24
14 25
14 26
14 28
14 29
14 30
14 32
14 37
14 38
14 42
14 46
14 48
14 49
14 50
14 52
14 64
14 67
14 68
14 73
14 74
14 80
14 81
14 84
14 91
14 94
14 103
14 118
14 119
14 129
14 133
14 139
14 149
14 151
14 154
14 164
14 167
14 168
14 177
14 179
14 193
14 215
14 221
15 16
15 17
15 19
15 20
15 21
15 22
15 25
15 27
15 28
15 29
15 30
15 32
15 33
15 34
15 36
15 38
15 42
15 44
15 46
15 48
15 49
15 51
15 54
15 55
15 56
15 57
15 59
15 60
15 61
15 69
15 76
15 82
15 83
15 89
15 90
15 91
15 92
15 93
15 94
15 95
15 96
15 98
15 100
15 112
15 114
15 116
15 118
15 121
15 122
15 124
15 128
15 130
15 134
15 138
15 143
15 145
15 146
15 149
15 151
15 152
15 155
15 159
15 163
15 164
15 169
15 181
15 186
15 195
15 197
15 201
15 205
15 212
15 221
15 226
15 228
15 231
15 233
15 239
15 242
15 243
15 248
16 17
16 18
16 19
16 20
16 21
16 22
16 23
16 24
16 25
16 28
16 29
16 33
16 38
16 39
16 40
16 42
16 45
16 50
16 51
16 56
16 58
16 59
16 67
16 71
16 73
16 74
16 75
16 77
16 79
16 86
16 90
16 93
16 94
16 99
16 101
16 112
16 113
16 119
16 132
16 133
16 146
16 152
16 168
16 171
16 172
16 173
16 178
16 182
16 185
16 199
16 207
16 209
16 211
16 224
16 239
17 18
17 20
17 21
17 22
17 23
17 24
17 25
17 26
17 27
17 36
17 37
17 41
17 42
17 46
17 47
17 50
17 53
17 56
17 57
17 68
17 72
17 79
17 81
17 84
17 88
17 90
17 92
17 97
17 102
17 103
17 105
17 107
17 115
17 123
17 125
17 127
17 135
17 137
17 142
17 144
17 149
17 150
17 179
17 187
17 189
17 204
17 227
17 228
17 235
18 19
18 20
18 21
18 22
18 23
18 27
18 29
18 30
18 31
18 32
18 33
18 37
18 41
18 42
18 43
18 45
18 49
18 54
18 58
18 66
18 68
18 81
18 87
18 89
18 91
18 92
18 93
18 96
18 100
18 102
18 109
18 115
18 117
18 118
18 125
18 126
18 128
18 145
18 146
18 158
18 162
18 174
18 180
18 192
18 193
18 197
18 200
18 204
18 211
18 221
18 222
18 231
18 232
18 236
18 243
19 20
19 30
19 31
19 34
19 35
19 37
19 38
19 48
19 50
19 58
19 60
19 62
19 71
19 74
19 80
19 86
19 88
19 89
19 97
19 110
19 112
19 120
19 124
19 143
19 153
19 168
19 178
19 179
19 181
19 186
19 187
19 191
19 198
19 201
19 207
19 215
19 217
19 226
19 234
19 238
20 22
20 23
20 25
20 26
20 30
20 34
20 37
20 47
20 48
20 55
20 56
20 58
20 64
20 67
20 71
20 72
20 79
20 88
20 95
20 100
20 116
20 117
20 121
20 127
20 144
20 156
20 190
20 209
20 212
20 224
20 235
20 248
21 23
21 24
21 25
21 26
21 27
21 31
21 32
21 34
21 35
21 39
21 41
21 60
21 62
21 65
21 67
21 73
21 92
21 100
21 108
21 112
21 114
21 115
21 116
21 128
21 133
21 142
21 150
21 153
21 158
21 161
21 190
21 191
21 198
21 227
21 233
21 247
22 23
22 24
22 25
22 26
22 27
22 28
22 29
22 30
22 32
22 43
22 44
22 45
22 47
22 49
22 54
22 56
22 60
22 65
22 67
22 68
22 79
22 85
22 87
22 89
22 94
22 104
22 107
22 109
22 118
22 123
22 130
22 133
22 136
22 155
22 166
22 179
22 182
22 194
22 201
22 204
22 210
22 211
22 216
22 223
22 225
22 230
22 233
22 234
22 239
23 24
23 27
23 28
23 29
23 32
23 33
23 35
23 37
23 38
23 40
23 41
23 42
23 44
23 51
23 52
23 54
23 59
23 69
23 70
23 77
23 78
23 83
23 91
23 93
23 97
23 103
23 110
23 117
23 121
23 123
23 130
23 141
23 146
23 152
23 157
23 160
23 163
23 173
23 176
23 181
23 186
23 187
23 192
23 210
23 235
24 25
24 27
24 28
24 32
24 36
24 39
24 40
24 44
24 46
24 55
24 56
24 62
24 67
24 74
24 78
24 81
24 82
24 90
24 92
24 96
24 98
24 104
24 111
24 114
24 115
24 116
24 141
24 143
24 150
24 156
24 167
24 195
24 210
24 215
24 225
24 233
24 241
24 248
25 33
25 34
25 49
25 70
25 74
25 81
25 87
25 88
25 110
25 111
25 119
25 126
25 129
25 152
25 156
25 161
25 167
25 178
25 180
25 196
25 216
25 217
25 236
25 242
26 29
26 31
26 33
26 36
26 43
26 45
26 51
26 52
26 65
26 66
26 72
26 75
26 88
26 110
26 126
26 129
26 131
26 133
26 140
26 144
26 146
26 154
26 161
26 167
26 169
26 173
26 178
26 185
26 192
26 199
26 201
26 209
26 214
26 222
26 237
26 241
27 29
27 30
27 33
27 34
27 35
27 37
27 38
27 39
27 40
27 41
27 47
27 54
27 64
27 68
27 70
27 71
27 75
27 76
27 89
27 100
27 102
27 104
27 120
27 123
27 134
27 137
27 148
27 157
27 160
27 162
27 168
27 180
27 181
27 199
27 202
27 203
27 209
27 224
27 244
27 245
28 33
28 35
28 39
28 50
28 54
28 57
28 61
28 62
28 64
28 65
28 66
28 67
28 69
28 70
28 72
28 74
28 76
28 77
28 78
28 79
28 80
28 82
28 111
28 129
28 134
28 140
28 156
28 166
28 168
28 170
28 174
28 178
28 180
28 206
28 215
28 228
28 247
29 31
29 33
29 34
29 35
29 39
29 55
29 63
29 64
29 69
29 70
29 75
29 78
29 79
29 82
29 83
29 84
29 85
29 115
29 150
29 154
29 176
29 182
29 191
29 220
29 231
29 236
30 31
30 32
30 33
30 34
30 36
30 41
30 44
30 47
30 50
30 51
30 53
30 59
30 62
30 66
30 76
30 82
30 86
30 89
30 96
30 105
30 106
30 108
30 121
30 134
30 136
30 144
30 147
30 157
30 160
30 180
30 184
30 186
30 192
30 201
30 202
30 215
30 216
30 228
30 234
30 236
30 239
31 32
31 35
31 36
31 37
31 38
31 41
31 48
31 56
31 57
31 58
31 69
31 75
31 77
31 78
31 79
31 81
31 82
31 87
31 99
31 104
31 124
31 126
31 160
31 208
31 220
31 247
32 33
32 34
32 35
32 38
32 40
32 41
32 47
32 64
32 68
32 89
32 93
32 95
32 117
32 120
32 132
32 135
32 139
32 142
32 144
32 145
32 148
32 153
32 164
32 181
32 208
32 220
32 226
32 227
32 242
32 247
33 37
33 39
33 40
33 41
33 51
33 55
33 63
33 64
33 80
33 81
33 84
33 85
33 86
33 98
33 103
33 108
33 109
33 148
33 150
33 160
33 161
33 169
33 190
33 201
33 208
33 235
33 240
33 241
34 36
34 39
34 43
34 44
34 46
34 51
34 64
34 65
34 66
34 92
34 96
34 99
34 101
34 108
34 109
34 114
34 122
34 129
34 146
34 147
34 149
34 159
34 163
34 165
34 168
34 173
34 200
34 205
34 209
34 211
34 223
34 235
34 237
35 42
35 43
35 46
35 63
35 70
35 73
35 74
35 80
35 83
35 84
35 86
35 96
35 102
35 106
35 130
35 132
35 166
35 169
35 190
35 194
35 195
35 200
35 208
35 211
35 213
35 226
35 245
36 43
36 45
36 46
36 48
36 49
36 51
36 52
36 53
36 59
36 65
36 75
36 88
36 93
36 94
36 99
36 103
36 106
36 109
36 113
36 121
36 122
36 124
36 129
36 131
36 135
36 137
36 139
36 141
36 146
36 156
36 161
36 162
36 165
36 175
36 180
36 182
36 186
36 208
36 212
36 232
36 240
36 242
36 246
36 248
37 38
37 39
37 40
37 47
37 49
37 55
37 61
37 65
37 68
37 73
37 87
37 98
37 101
37 106
37 117
37 152
37 169
37 177
37 187
37 191
37 196
37 197
37 200
37 210
37 216
37 220
37 230
38 39
38 43
38 45
38 48
38 57
38 58
38 59
38 60
38 62
38 65
38 67
38 69
38 78
38 90
38 92
38 97
38 98
38 108
38 109
38 117
38 131
38 134
38 143
38 151
38 156
38 163
38 168
38 172
38 173
38 182
38 184
38 185
38 189
38 192
38 200
38 208
38 209
38 227
38 234
38 236
39 40
39 46
39 50
39 53
39 58
39 60
39 62
39 81
39 94
39 96
39 114
39 118
39 129
39 132
39 135
39 149
39 157
39 163
39 174
39 179
39 189
39 212
39 218
39 225
39 231
40 42
40 61
40 66
40 77
40 90
40 91
40 97
40 101
40 107
40 108
40 115
40 117
40 129
40 130
40 140
40 158
40 161
40 164
40 169
40 185
40 210
40 211
40 225
41 43
41 44
41 45
41 52
41 55
41 59
41 60
41 62
41 65
41 78
41 99
41 106
41 107
41 114
41 115
41 129
41 152
41 168
41 171
41 178
41 199
41 215
41 217
42 43
42 44
42 53
42 54
42 56
42 76
42 79
42 88
42 91
42 93
42 101
42 122
42 133
42 141
42 143
42 157
42 159
42 187
42 198
42 206
42 220
42 237
43 44
43 55
43 58
43 67
43 71
43 72
43 74
43 77
43 78
43 87
43 95
43 103
43 105
43 113
43 115
43 122
43 123
43 138
43 145
43 171
43 190
43 200
43 224
43 234
43 237
43 245
44 50
44 69
44 85
44 91
44 94
44 105
44 110
44 113
44 119
44 133
44 170
44 183
44 184
44 188
44 196
44 219
44 229
44 230
44 239
45 47
45 48
45 49
45 82
45 101
45 105
45 132
45 141
45 147
45 160
45 209
45 216
45 218
45 223
45 237
46 52
46 59
46 68
46 77
46 80
46 88
46 111
46 116
46 117
46 126
46 138
46 150
46 227
46 235
46 238
46 242
46 245
47 54
47 61
47 78
47 82
47 92
47 95
47 105
47 128
47 131
47 150
47 174
47 203
47 232
47 239
48 49
48 50
48 52
48 63
48 68
48 79
48 84
48 93
48 100
48 109
48 110
48 140
48 143
48 151
48 155
48 168
48 173
48 176
48 178
48 189
48 190
48 192
48 200
48 203
48 214
48 225
48 244
49 52
49 53
49 55
49 59
49 66
49 69
49 85
49 86
49 106
49 113
49 122
49 131
49 132
49 134
49 137
49 144
49 153
49 154
49 157
49 168
49 172
49 177
49 179
49 191
50 52
50 54
50 60
50 63
50 65
50 80
50 87
50 108
50 112
50 122
50 132
50 137
50 144
50 145
50 159
50 169
50 196
50 203
50 204
50 206
50 236
51 53
51 66
51 80
51 84
51 85
51 98
51 122
51 131
51 135
51 138
51 154
51 156
51 165
51 170
51 210
51 222
51 224
51 233
52 53
52 54
52 61
52 64
52 78
52 82
52 113
52 114
52 125
52 128
52 139
52 140
52 143
52 145
52 147
52 178
52 194
52 211
52 230
53 54
53 56
53 63
53 64
53 97
53 105
53 110
53 113
53 114
53 115
53 131
53 134
53 141
53 191
53 204
53 220
53 223
53 232
53 246
54 68
54 100
54 105
54 116
54 119
54 133
54 174
54 188
54 201
54 209
54 227
54 238
55 58
55 68
55 81
55 114
55 126
55 128
55 141
55 189
55 194
55 197
55 203
55 246
56 72
56 73
56 75
56 124
56 126
56 134
56 148
56 162
56 181
56 208
56 216
56 221
57 59
57 60
57 61
57 74
57 96
57 97
57 118
57 120
57 124
57 125
57 132
57 138
57 140
57 145
57 150
57 183
57 193
57 198
57 222
57 241
57 246
57 249
58 70
58 77
58 88
58 90
58 103
58 111
58 118
58 126
58 141
58 149
58 155
58 158
58 163
58 165
58 167
58 170
58 188
58 195
59 60
59 62
59 73
59 89
59 95
59 102
59 131
59 146
59 149
59 158
59 186
59 197
59 207
60 61
60 68
60 69
60 72
60 80
60 82
60 87
60 88
60 98
60 99
60 111
60 118
60 125
60 132
60 142
60 159
60 166
60 167
60 170
60 186
60 188
60 189
60 191
60 196
60 198
60 200
60 208
60 211
60 230
60 231
60 233
60 249
61 65
61 66
61 71
61 75
61 99
61 106
61 113
61 115
61 120
61 139
61 165
61 231
61 246
62 64
62 72
62 93
62 101
62 107
62 109
62 134
62 155
62 165
62 167
62 218
62 232
62 243
63 80
63 83
63 86
63 89
63 90
63 121
63 156
63 180
63 183
63 188
63 223
63 230
63 231
63 233
63 246
64 71
64 79
64 118
64 119
64 122
64 198
64 220
65 78
65 91
65 97
65 108
65 120
65 125
65 132
65 136
65 137
65 147
65 155
65 164
65 183
65 187
65 196
66 86
66 92
66 104
66 106
66 134
66 143
66 144
66 164
66 194
66 218
66 226
66 227
66 240
66 244
66 248
67 71
67 83
67 102
67 104
67 107
67 125
67 133
67 175
67 183
68 70
68 89
68 98
68 207
68 214
69 77
69 107
69 113
69 120
69 130
69 135
69 172
69 220
69 222
70 75
70 77
70 84
70 85
70 109
70 127
70 154
70 157
70 217
70 229
70 249
71 81
71 85
71 87
71 102
71 116
71 119
71 156
71 165
71 172
71 206
71 211
71 216
71 219
71 223
71 224
71 242
72 79
72 81
72 89
72 97
72 104
72 106
72 136
72 137
72 139
72 148
72 153
72 158
72 177
72 191
72 194
72 204
72 214
72 225
72 229
72 237
73 107
73 137
73 146
73 185
73 205
73 220
74 83
74 86
74 95
74 97
74 119
74 122
74 123
74 126
74 127
74 136
74 170
74 179
74 202
74 217
74 219
74 241
75 90
75 92
75 95
75 96
75 102
75 124
75 147
75 152
75 159
75 164
75 199
75 201
76 85
76 86
76 88
76 91
76 95
76 106
76 116
76 117
76 118
76 120
76 135
76 137
76 139
76 151
76 164
76 166
76 178
76 184
76 197
76 225
76 226
76 246
77 83
77 84
77 111
77 133
77 137
77 156
77 174
77 175
77 176
77 182
77 184
77 194
77 201
77 230
78 87
78 90
79 89
79 105
79 107
79 127
79 129
79 130
79 140
79 148
79 158
79 165
79 176
79 183
79 227
79 238
79 242
79 249
80 83
80 85
80 100
80 113
80 132
80 136
80 170
80 216
80 229
80 231
81 143
81 149
81 154
81 172
81 176
81 223
81 228
82 83
82 84
82 94
82 111
82 147
82 171
82 205
83 86
83 91
83 99
83 100
83 131
83 143
83 158
83 177
83 192
83 198
83 203
83 224
84 94
84 103
84 113
84 128
84 153
84 156
84 158
84 171
84 182
84 196
84 201
84 206
84 207
84 210
84 249
85 95
85 101
85 124
85 153
85 155
85 239
86 91
86 98
86 104
86 105
86 140
86 170
86 175
86 176
86 178
86 182
86 197
86 204
86 206
86 209
86 215
86 218
86 219
86 234
87 107
87 109
87 175
87 190
87 212
87 230
87 239
88 98
88 112
88 147
88 150
88 162
88 188
88 220
89 96
89 117
89 130
89 181
89 215
90 103
90 112
90 123
90 125
90 142
90 171
90 173
90 215
90 222
90 243
90 247
91 114
91 145
91 185
91 193
92 108
92 116
92 119
92 120
92 161
92 162
92 179
92 212
92 218
92 229
92 234
93 102
93 110
93 124
93 144
93 158
93 181
93 203
93 204
93 230
93 235
94 110
94 117
94 131
94 148
94 218
94 221
95 106
95 127
95 128
95 129
95 130
95 213
95 238
95 246
96 173
96 213
96 216
96 222
96 230
96 237
96 240
97 102
97 119
97 136
97 155
97 233
97 246
98 100
98 110
98 121
98 165
98 197
98 207
98 233
99 104
99 239
100 109
100 111
100 123
100 125
100 136
100 147
100 150
100 183
100 185
100 193
100 199
100 202
100 203
101 103
101 121
101 123
101 124
101 135
101 157
101 184
101 189
101 210
101 232
101 237
102 140
102 159
102 183
102 192
102 203
103 118
103 138
103 140
103 162
103 202
103 241
104 112
104 141
104 184
104 196
104 199
104 214
104 240
104 249
105 118
105 145
105 151
105 160
105 167
105 245
106 107
106 141
106 142
106 151
106 179
106 190
106 240
106 244
107 112
107 121
107 138
107 165
107 184
107 193
107 205
107 221
108 127
108 138
108 169
108 207
108 222
109 111
109 121
109 128
109 231
110 151
110 152
110 163
110 176
110 195
110 208
110 238
111 154
111 171
111 238
112 151
112 192
113 123
114 116
114 134
114 140
114 155
114 175
114 191
114 203
114 208
115 162
115 164
115 177
115 185
115 189
115 193
115 228
115 249
116 128
116 146
116 171
117 120
117 148
117 154
117 161
117 173
117 202
117 225
118 157
118 165
118 185
118 197
118 219
118 238
119 136
120 155
120 187
120 199
120 204
120 226
120 233
121 127
121 159
121 166
121 179
121 181
121 236
122 157
122 172
122 232
123 134
123 142
123 160
123 164
123 171
123 173
123 221
123 228
124 127
124 169
124 174
124 190
124 200
124 201
124 222
124 229
125 177
126 127
126 142
126 149
126 162
126 167
126 186
126 187
126 194
126 199
126 221
126 223
126 226
127 138
127 147
127 152
127 159
127 175
127 176
127 181
127 207
127 226
127 241
128 137
128 171
128 174
128 179
128 189
128 217
128 227
128 233
128 240
128 244
129 218
129 223
129 229
130 139
130 151
130 169
130 186
131 153
131 163
131 176
131 185
131 244
132 174
132 177
132 192
132 195
132 207
132 227
132 241
132 242
133 144
133 148
133 152
133 157
133 158
133 228
134 162
134 163
134 182
135 148
135 153
135 180
135 190
135 215
135 245
136 173
136 221
136 240
137 195
138 142
138 162
138 164
138 195
138 246
139 205
140 153
140 160
140 178
140 202
140 228
140 238
140 243
140 245
141 159
141 177
141 247
142 143
142 188
142 217
143 163
143 172
143 175
143 198
143 206
144 146
144 147
144 165
144 167
144 184
144 196
145 184
145 225
145 247
146 172
146 187
146 209
147 249
148 157
148 174
148 188
148 205
148 219
148 247
149 213
149 223
150 155
150 161
150 210
150 214
150 218
150 244
152 186
152 232
153 172
153 175
153 219
153 237
153 248
154 202
154 207
154 216
154 223
154 239
155 159
155 166
155 174
155 176
155 193
156 181
156 189
156 204
156 236
156 244
157 166
157 182
157 213
157 226
158 205
158 245
159 160
160 163
160 216
160 217
160 224
160 237
161 192
161 214
162 209
163 186
163 188
163 202
163 244
164 213
164 217
164 224
164 234
165 170
165 188
165 202
166 249
167 204
167 219
167 232
168 193
168 195
169 171
169 224
169 225
170 190
170 205
170 209
170 242
171 185
171 243
171 244
171 247
171 248
173 188
173 211
173 236
174 219
174 224
175 241
176 177
178 180
178 249
179 191
179 226
180 182
182 212
182 243
184 212
184 229
185 245
186 222
187 230
188 194
188 198
188 217
188 239
189 194
189 249
190 197
191 200
191 246
192 221
192 229
192 235
192 239
193 211
193 219
194 218
195 196
196 212
196 232
196 246
197 237
199 200
199 229
200 205
200 214
201 225
203 206
203 231
204 225
204 228
204 238
204 240
205 227
205 228
205 238
206 213
207 235
207 243
208 211
208 215
208 221
209 228
210 213
211 213
214 247
220 224
223 227
223 235
223 245
225 236
225 241
226 240
227 234
228 230
228 248
230 243
232 242
232 243
234 240
234 242
234 248
236 238
238 248
245 248
