0 1
0 2
0 3
0 4
0 5
0 6
0 7
0 8
0 9
0 10
0 11
0 13
0 15
0 17
0 18
0 19
0 20
0 23
0 24
0 25
0 34
0 36
0 38
0 42
0 45
0 47
0 56
0 61
0 62
0 64
0 68
0 70
0 74
0 80
0 97
0 101
0 112
0 117
0 126
0 127
0 131
0 134
0 135
0 169
0 188
0 189
0 200
0 203
0 206
0 211
0 215
0 225
0 227
0 240
1 8
1 10
1 13
1 15
1 20
1 22
1 28
1 41
1 46
1 52
1 75
1 89
1 98
1 108
1 110
1 123
1 128
1 129
1 137
1 142
1 161
1 175
1 185
1 189
1 192
1 194
1 215
2 5
2 6
2 7
2 11
2 16
2 19
2 28
2 31
2 34
2 38
2 52
2 70
2 77
2 79
2 93
2 95
2 99
2 103
2 116
2 125
2 131
2 138
2 140
2 143
2 147
2 149
2 150
2 157
2 183
2 206
2 222
3 5
3 6
3 29
3 75
3 102
3 123
3 212
4 5
4 11
4 16
4 27
4 50
4 65
4 88
4 119
4 122
4 128
4 139
4 169
4 171
4 178
4 219
5 6
5 7
5 8
5 9
5 11
5 12
5 14
5 18
5 19
5 21
5 26
5 30
5 32
5 34
5 42
5 43
5 48
5 51
5 54
5 59
5 60
5 65
5 75
5 81
5 85
5 86
5 90
5 94
5 96
5 99
5 103
5 109
5 110
5 111
5 118
5 125
5 127
5 136
5 140
5 148
5 157
5 159
5 162
5 169
5 180
5 196
5 205
5 212
5 218
5 223
5 229
5 230
6 7
6 8
6 9
6 17
6 18
6 20
6 23
6 28
6 32
6 33
6 35
6 41
6 55
6 57
6 59
6 67
6 73
6 76
6 90
6 96
6 97
6 107
6 132
6 142
6 146
6 165
6 167
6 168
6 177
6 183
6 191
6 209
6 222
6 247
7 20
7 33
7 74
7 168
7 200
7 208
7 209
7 224
8 9
8 10
8 12
8 15
8 17
8 21
8 27
8 30
8 31
8 41
8 43
8 47
8 51
8 52
8 53
8 73
8 74
8 88
8 92
8 97
8 102
8 129
8 130
8 137
8 165
8 180
8 185
8 211
8 245
9 10
9 12
9 13
9 14
9 19
9 35
9 66
9 87
9 103
9 172
9 177
9 203
9 241
10 16
10 18
10 21
10 22
10 25
10 27
10 29
10 30
10 35
10 37
10 39
10 44
10 51
10 75
10 77
10 84
10 93
10 113
10 135
10 150
10 153
10 193
10 194
11 12
11 13
11 14
11 15
11 24
11 25
11 28
11 32
11 39
11 41
11 46
11 47
11 49
11 50
11 54
11 79
11 80
11 89
11 91
11 95
11 105
11 106
11 108
11 111
11 115
11 118
11 124
11 130
11 145
11 147
11 148
11 166
11 200
11 201
11 224
12 23
12 25
12 38
12 40
12 44
12 47
12 67
12 68
12 72
12 87
12 93
12 124
12 140
12 154
12 208
12 241
13 14
13 16
13 24
13 29
13 31
13 44
13 45
13 61
13 64
13 65
13 69
13 104
13 109
13 119
13 132
13 133
13 144
13 149
13 156
13 162
13 163
13 173
13 193
13 196
13 205
13 217
13 223
14 48
14 90
14 120
14 235
14 243
15 117
15 160
15 176
15 182
16 17
16 24
16 27
16 29
16 36
16 43
16 57
16 65
16 68
16 83
16 100
16 113
16 117
16 138
16 139
16 166
16 173
16 179
16 187
16 210
16 217
16 222
16 234
17 23
17 49
17 61
17 63
17 71
17 120
17 126
17 132
17 143
17 146
17 158
17 167
17 192
17 202
17 214
18 21
18 22
18 26
18 35
18 40
18 69
18 71
18 79
18 92
18 142
18 143
18 170
18 188
18 204
18 222
18 225
19 22
19 58
19 84
19 87
19 129
19 142
19 145
19 157
19 193
19 195
19 232
20 26
20 76
20 82
20 84
20 119
20 126
20 236
21 66
21 181
22 91
22 114
23 26
23 30
23 36
23 50
23 53
23 74
23 100
23 103
23 117
23 155
23 156
23 172
23 208
23 213
23 242
23 245
24 33
24 48
24 49
24 63
24 67
24 85
24 154
24 205
24 249
25 37
25 40
25 56
25 112
25 121
25 128
25 133
25 134
25 151
25 157
25 166
25 200
25 215
25 230
26 31
26 32
26 58
26 89
26 94
26 95
26 105
26 126
26 154
26 175
26 190
26 202
26 204
27 53
27 109
27 116
27 121
27 163
27 236
28 76
28 101
28 190
29 33
29 37
29 44
29 45
29 57
29 123
29 129
29 147
29 161
29 177
29 179
29 184
29 226
29 230
30 37
30 51
30 58
30 71
30 73
30 77
30 116
30 135
30 239
30 244
31 42
31 59
31 63
31 66
31 112
31 122
31 135
31 144
31 160
31 190
31 199
31 214
32 43
32 48
32 60
32 98
32 100
32 155
32 181
33 34
33 38
33 46
33 81
33 86
33 100
33 137
33 145
33 165
33 184
33 191
33 198
33 210
33 232
33 245
34 36
34 39
34 40
34 52
34 72
34 115
34 130
34 159
34 182
34 235
35 46
35 62
35 63
35 67
35 76
35 132
35 158
35 199
35 231
35 234
36 39
36 60
36 107
36 147
36 192
36 197
36 198
36 240
37 42
37 59
37 78
37 165
37 195
37 231
38 56
38 86
38 225
38 228
39 55
39 199
39 238
40 45
40 61
40 164
40 194
40 247
41 70
41 82
41 105
41 221
41 229
42 62
42 98
42 173
43 53
43 55
43 114
43 168
43 170
43 187
43 196
43 217
43 218
43 235
44 50
44 54
44 55
44 62
44 99
44 160
44 191
44 249
45 49
45 102
45 238
46 119
46 138
46 149
46 240
47 70
47 71
47 78
47 141
47 197
47 205
47 206
48 81
48 84
49 54
49 60
49 68
49 78
49 83
49 127
49 175
49 180
49 190
49 219
50 113
50 136
50 171
50 204
50 246
51 69
51 72
51 133
52 56
52 58
52 87
52 137
52 153
52 156
53 64
53 96
53 104
53 139
53 146
53 197
54 57
54 97
54 110
54 118
54 122
54 141
54 149
54 154
54 187
54 229
55 94
55 130
56 66
56 69
56 72
56 91
56 105
56 148
56 202
56 206
56 220
56 223
57 112
57 114
57 116
57 145
57 158
57 160
57 237
58 81
58 95
58 111
58 121
58 136
58 163
58 175
59 73
59 77
59 191
60 80
60 110
60 134
60 141
60 155
60 216
60 233
61 92
61 101
61 155
61 170
62 64
62 83
62 88
62 89
62 108
62 201
63 107
63 195
64 162
65 82
65 120
65 127
65 169
66 80
66 159
66 171
66 176
66 212
67 90
67 91
67 94
67 99
67 233
68 233
68 247
69 118
69 124
69 150
69 207
69 214
70 85
70 163
71 228
72 79
72 150
72 182
72 239
73 102
73 121
73 134
74 106
74 141
74 212
74 244
75 78
75 98
75 131
75 151
75 152
75 171
77 174
78 82
78 101
78 115
79 88
79 92
79 172
79 207
79 216
80 83
80 85
80 104
80 143
80 167
81 215
82 96
82 153
82 184
83 107
83 114
83 115
83 120
83 146
83 209
83 234
85 86
85 93
85 237
86 128
86 153
86 172
86 228
86 243
87 229
88 221
89 156
90 136
90 161
90 176
90 186
90 211
91 113
92 164
92 201
93 173
93 232
94 162
94 168
94 234
95 174
96 106
96 158
97 216
98 108
98 109
98 131
98 185
98 204
99 138
99 196
99 201
99 221
101 242
102 104
102 148
102 241
103 152
103 237
103 248
104 192
104 224
104 237
105 106
106 111
106 122
106 123
106 174
106 176
106 213
106 217
106 226
109 139
109 166
109 188
109 198
109 243
111 124
112 152
112 182
114 159
114 174
114 195
114 208
116 181
117 189
118 125
119 164
119 188
119 218
121 125
121 140
121 167
121 186
122 133
122 144
122 151
123 185
123 186
123 203
123 221
126 187
126 194
128 144
128 186
128 246
129 202
129 232
130 199
133 218
134 179
134 183
135 183
137 151
138 178
138 209
139 231
140 248
141 198
142 244
143 178
144 219
145 152
145 164
147 177
148 180
149 207
150 214
151 227
151 242
152 179
152 213
153 223
156 161
156 170
156 220
156 233
156 236
156 248
158 178
158 247
160 224
161 238
162 181
162 227
164 231
164 243
166 226
167 197
168 228
170 184
170 189
170 210
170 220
172 203
172 239
173 220
178 230
181 246
182 193
184 207
184 239
189 219
194 226
195 213
195 241
196 216
199 246
206 211
206 248
207 235
208 210
209 242
215 236
216 249
218 249
221 225
221 227
221 245
228 240
230 238
233 244
