0 1
0 2
0 3
0 4
0 5
0 6
0 7
0 8
0 9
0 10
0 11
0 12
0 13
0 14
0 15
0 16
0 17
0 18
0 19
0 20
0 21
0 22
0 23
0 24
0 26
0 27
0 28
0 29
0 30
0 31
0 33
0 34
0 36
0 38
0 39
0 40
0 41
0 43
0 44
0 45
0 46
0 47
0 48
0 49
0 50
0 51
0 53
0 54
0 55
0 56
0 59
0 60
0 67
0 72
0 75
0 77
0 79
0 81
0 84
0 86
0 87
0 88
0 89
0 94
0 99
0 102
0 103
0 107
0 111
0 115
0 116
0 117
0 120
0 121
0 122
0 125
0 129
0 130
0 132
0 133
0 136
0 138
0 139
0 140
0 143
0 145
0 146
0 148
0 151
0 152
0 154
0 160
0 163
0 164
0 166
0 170
0 174
0 180
0 183
0 184
0 186
0 193
0 195
0 202
0 204
0 206
0 207
0 209
0 215
0 226
0 229
0 232
0 236
0 243
0 247
0 249
1 15
1 16
1 17
1 19
1 22
1 23
1 24
1 25
1 26
1 27
1 29
1 30
1 32
1 33
1 34
1 35
1 36
1 39
1 41
1 46
1 48
1 52
1 57
1 62
1 63
1 66
1 73
1 74
1 75
1 84
1 85
1 87
1 88
1 95
1 103
1 107
1 119
1 127
1 134
1 135
1 147
1 151
1 167
1 181
1 189
1 198
1 204
1 211
1 215
1 236
1 237
1 242
2 15
2 20
2 31
2 35
2 45
2 55
2 60
2 101
2 104
2 131
2 136
2 164
2 217
2 224
2 225
3 15
3 16
3 17
3 18
3 19
3 26
3 27
3 28
3 30
3 34
3 35
3 37
3 40
3 44
3 47
3 52
3 56
3 57
3 64
3 73
3 86
3 92
3 97
3 123
3 125
3 134
3 146
3 149
3 158
3 162
3 169
3 178
4 16
4 20
4 23
4 45
4 49
4 51
4 63
4 77
4 84
4 88
4 107
4 110
4 112
4 125
4 131
4 143
4 153
4 165
4 177
4 179
4 198
4 246
5 15
5 16
5 17
5 18
5 19
5 22
5 24
5 25
5 26
5 29
5 30
5 31
5 32
5 33
5 35
5 36
5 42
5 44
5 49
5 52
5 54
5 55
5 61
5 70
5 76
5 78
5 89
5 96
5 103
5 108
5 110
5 119
5 123
5 126
5 129
5 135
5 137
5 152
5 154
5 166
5 171
5 188
5 191
5 195
5 206
5 216
5 228
5 230
5 233
5 241
6 15
6 16
6 17
6 18
6 20
6 21
6 22
6 25
6 31
6 33
6 37
6 40
6 43
6 50
6 64
6 65
6 70
6 79
6 84
6 89
6 100
6 107
6 114
6 118
6 122
6 139
6 148
6 155
6 157
6 196
6 201
6 202
6 207
6 209
6 220
6 238
6 247
7 15
7 16
7 17
7 18
7 19
7 20
7 21
7 22
7 23
7 28
7 30
7 37
7 41
7 44
7 47
7 48
7 49
7 50
7 51
7 54
7 65
7 69
7 78
7 80
7 84
7 114
7 120
7 121
7 124
7 134
7 138
7 167
7 181
7 215
7 222
7 228
7 246
8 15
8 16
8 17
8 18
8 20
8 21
8 23
8 24
8 27
8 30
8 32
8 33
8 37
8 41
8 44
8 46
8 47
8 48
8 51
8 52
8 54
8 56
8 57
8 61
8 66
8 71
8 74
8 75
8 76
8 79
8 82
8 85
8 92
8 103
8 105
8 110
8 115
8 116
8 120
8 126
8 141
8 144
8 145
8 151
8 154
8 160
8 173
8 174
8 176
8 179
8 192
8 205
8 222
8 224
8 240
9 15
9 16
9 17
9 18
9 19
9 20
9 22
9 23
9 25
9 26
9 27
9 28
9 31
9 35
9 42
9 48
9 52
9 61
9 64
9 82
9 90
9 93
9 100
9 104
9 106
9 111
9 114
9 120
9 121
9 131
9 139
9 158
9 174
9 199
9 205
9 211
9 234
9 245
10 15
10 16
10 17
10 18
10 19
10 21
10 23
10 24
10 25
10 32
10 35
10 39
10 56
10 72
10 82
10 92
10 117
10 121
10 137
10 147
10 149
10 175
10 223
10 228
10 230
11 15
11 16
11 19
11 20
11 23
11 26
11 28
11 29
11 31
11 34
11 37
11 43
11 48
11 56
11 60
11 66
11 69
11 71
11 74
11 91
11 98
11 105
11 106
11 112
11 113
11 138
11 143
11 150
11 152
11 157
11 158
11 159
11 165
11 169
11 194
11 199
11 200
11 201
11 202
11 235
11 242
12 15
12 16
12 17
12 18
12 19
12 20
12 21
12 22
12 24
12 26
12 27
12 29
12 30
12 38
12 43
12 44
12 46
12 50
12 55
12 62
12 63
12 65
12 67
12 68
12 73
12 77
12 85
12 87
12 88
12 93
12 105
12 124
12 125
12 126
12 153
12 164
12 167
12 173
12 176
12 195
12 205
12 226
12 244
12 246
13 15
13 17
13 18
13 19
13 20
13 21
13 23
13 24
13 25
13 27
13 29
13 32
13 33
13 34
13 39
13 40
13 43
13 45
13 51
13 53
13 57
13 60
13 61
13 65
13 70
13 71
13 72
13 78
13 79
13 87
13 97
13 98
13 102
13 103
13 106
13 109
13 111
13 112
13 120
13 124
13 126
13 135
13 144
13 160
13 164
13 171
13 182
13 185
13 196
13 218
13 228
13 230
13 236
13 248
14 15
14 16
14 17
14 18
14 20
14 21
14 22
14 24
14 29
14 31
14 33
14 36
14 38
14 41
14 45
14 47
14 54
14 55
14 58
14 59
14 60
14 64
14 69
14 71
14 72
14 74
14 82
14 86
14 88
14 98
14 101
14 104
14 111
14 113
14 116
14 122
14 128
14 129
14 141
14 149
14 168
14 173
14 191
14 194
14 206
14 211
14 213
14 236
14 240
15 16
15 17
15 18
15 19
15 21
15 23
15 24
15 25
15 26
15 27
15 28
15 29
15 33
15 35
15 42
15 47
15 51
15 52
15 54
15 55
15 56
15 57
15 62
15 68
15 69
15 71
15 75
15 78
15 81
15 88
15 92
15 94
15 95
15 98
15 100
15 101
15 104
15 112
15 117
15 121
15 129
15 135
15 143
15 144
15 153
15 154
15 155
15 162
15 167
15 170
15 173
15 175
15 179
15 180
15 181
15 198
15 204
15 209
15 210
15 212
15 218
15 231
15 232
15 237
15 240
16 17
16 18
16 19
16 20
16 21
16 22
16 23
16 24
16 25
16 27
16 28
16 30
16 35
16 36
16 37
16 39
16 42
16 43
16 48
16 50
16 51
16 53
16 57
16 58
16 59
16 65
16 66
16 76
16 77
16 83
16 84
16 86
16 91
16 98
16 105
16 112
16 115
16 119
16 124
16 128
16 134
16 138
16 139
16 140
16 145
16 151
16 154
16 156
16 157
16 169
16 181
16 196
16 204
16 210
16 220
16 232
16 239
17 18
17 19
17 20
17 21
17 22
17 23
17 24
17 25
17 26
17 28
17 30
17 32
17 34
17 35
17 36
17 37
17 39
17 42
17 45
17 46
17 50
17 53
17 60
17 62
17 63
17 67
17 68
17 81
17 82
17 94
17 100
17 101
17 103
17 106
17 114
17 119
17 123
17 129
17 132
17 137
17 142
17 145
17 149
17 157
17 166
17 167
17 169
17 176
17 179
17 182
17 184
17 185
17 217
17 231
17 235
17 236
17 244
17 247
17 248
18 19
18 21
18 22
18 23
18 25
18 27
18 28
18 29
18 31
18 32
18 33
18 34
18 36
18 38
18 39
18 41
18 42
18 44
18 45
18 49
18 51
18 53
18 57
18 58
18 59
18 62
18 63
18 64
18 65
18 69
18 76
18 77
18 78
18 80
18 82
18 88
18 90
18 93
18 95
18 96
18 111
18 112
18 116
18 117
18 118
18 126
18 128
18 133
18 136
18 149
18 150
18 151
18 158
18 176
18 178
18 180
18 184
18 189
18 190
18 197
18 200
18 203
18 206
18 218
18 224
18 229
18 238
18 246
18 249
19 20
19 21
19 22
19 24
19 26
19 27
19 28
19 30
19 31
19 38
19 39
19 40
19 46
19 47
19 48
19 49
19 52
19 53
19 55
19 57
19 58
19 59
19 61
19 63
19 65
19 66
19 67
19 68
19 72
19 73
19 74
19 78
19 79
19 80
19 82
19 85
19 94
19 95
19 96
19 100
19 104
19 106
19 107
19 108
19 109
19 113
19 114
19 115
19 117
19 121
19 122
19 123
19 132
19 136
19 137
19 150
19 157
19 159
19 165
19 173
19 175
19 179
19 180
19 182
19 184
19 186
19 192
19 193
19 195
19 197
19 201
19 203
19 212
19 217
19 225
19 227
19 230
19 232
19 239
19 241
19 247
19 248
20 21
20 22
20 24
20 26
20 27
20 34
20 35
20 37
20 38
20 39
20 40
20 41
20 46
20 49
20 50
20 51
20 52
20 60
20 63
20 65
20 66
20 76
20 79
20 80
20 82
20 83
20 87
20 103
20 104
20 107
20 108
20 114
20 118
20 121
20 123
20 127
20 139
20 143
20 144
20 145
20 148
20 154
20 162
20 163
20 164
20 166
20 173
20 178
20 185
20 197
20 201
20 205
20 226
20 232
20 234
20 242
20 243
20 248
21 22
21 24
21 25
21 26
21 29
21 30
21 31
21 32
21 33
21 34
21 35
21 38
21 39
21 40
21 43
21 44
21 45
21 54
21 63
21 68
21 84
21 85
21 87
21 104
21 110
21 116
21 117
21 126
21 130
21 134
21 138
21 147
21 149
21 152
21 162
21 170
21 173
21 174
21 179
21 188
21 197
21 213
21 219
21 221
21 224
21 229
21 238
21 241
22 23
22 25
22 26
22 27
22 28
22 29
22 31
22 33
22 34
22 40
22 41
22 43
22 46
22 49
22 53
22 58
22 62
22 64
22 69
22 71
22 72
22 73
22 75
22 83
22 86
22 87
22 88
22 89
22 90
22 92
22 94
22 99
22 101
22 116
22 120
22 121
22 122
22 128
22 132
22 141
22 145
22 148
22 156
22 162
22 166
22 181
22 184
22 195
22 198
22 207
22 215
22 218
22 219
22 227
22 235
22 240
22 246
23 25
23 26
23 27
23 28
23 32
23 34
23 36
23 38
23 39
23 47
23 51
23 58
23 60
23 67
23 82
23 87
23 89
23 91
23 102
23 103
23 104
23 105
23 116
23 132
23 137
23 138
23 139
23 147
23 151
23 158
23 172
23 184
23 187
23 188
23 196
23 206
23 214
23 223
23 232
24 25
24 29
24 30
24 36
24 37
24 40
24 41
24 43
24 44
24 49
24 54
24 58
24 59
24 60
24 63
24 65
24 66
24 73
24 77
24 78
24 80
24 81
24 83
24 85
24 86
24 87
24 90
24 91
24 92
24 109
24 111
24 115
24 118
24 136
24 158
24 161
24 167
24 169
24 173
24 175
24 177
24 178
24 187
24 189
24 221
24 245
24 246
25 28
25 29
25 31
25 32
25 36
25 37
25 38
25 44
25 45
25 50
25 54
25 55
25 70
25 71
25 74
25 77
25 79
25 81
25 82
25 89
25 90
25 105
25 106
25 108
25 112
25 113
25 120
25 123
25 125
25 128
25 133
25 137
25 144
25 146
25 152
25 156
25 165
25 168
25 171
25 172
25 173
25 176
25 180
25 181
25 185
25 191
25 192
25 210
25 212
25 216
25 222
25 225
25 226
25 238
25 239
25 249
26 30
26 31
26 32
26 37
26 38
26 42
26 43
26 44
26 46
26 48
26 50
26 54
26 55
26 56
26 57
26 58
26 60
26 63
26 65
26 70
26 74
26 77
26 80
26 82
26 87
26 102
26 111
26 117
26 122
26 132
26 140
26 145
26 147
26 148
26 153
26 156
26 157
26 168
26 169
26 188
26 212
26 220
26 222
26 231
26 239
26 242
26 245
26 246
27 28
27 32
27 34
27 35
27 36
27 38
27 40
27 41
27 43
27 51
27 53
27 56
27 61
27 62
27 64
27 67
27 68
27 69
27 71
27 72
27 77
27 83
27 84
27 85
27 86
27 93
27 94
27 95
27 97
27 102
27 103
27 104
27 111
27 114
27 115
27 120
27 132
27 137
27 141
27 154
27 156
27 161
27 172
27 176
27 182
27 187
27 189
27 198
27 213
27 214
27 217
27 236
27 237
28 29
28 30
28 36
28 37
28 41
28 42
28 44
28 45
28 47
28 48
28 52
28 58
28 60
28 73
28 78
28 80
28 81
28 83
28 91
28 103
28 104
28 108
28 110
28 122
28 125
28 127
28 129
28 133
28 136
28 137
28 148
28 150
28 162
28 165
28 169
28 173
28 178
28 180
28 183
28 196
28 204
28 205
28 208
28 214
28 222
28 229
28 231
28 235
29 32
29 33
29 35
29 36
29 37
29 38
29 39
29 41
29 42
29 45
29 52
29 53
29 59
29 60
29 62
29 65
29 67
29 68
29 69
29 73
29 74
29 79
29 87
29 88
29 91
29 95
29 97
29 98
29 99
29 106
29 117
29 126
29 128
29 134
29 139
29 142
29 147
29 148
29 153
29 163
29 164
29 177
29 180
29 187
29 188
29 190
29 192
29 193
29 194
29 199
29 207
29 208
29 218
29 219
29 220
29 221
29 224
29 233
29 241
29 244
29 246
30 31
30 33
30 36
30 37
30 40
30 49
30 54
30 57
30 58
30 61
30 71
30 81
30 83
30 85
30 91
30 101
30 106
30 107
30 108
30 110
30 111
30 118
30 124
30 127
30 130
30 135
30 139
30 141
30 150
30 163
30 187
30 198
30 210
30 218
30 231
30 232
30 241
31 32
31 33
31 34
31 35
31 40
31 41
31 42
31 47
31 49
31 62
31 66
31 83
31 86
31 89
31 93
31 94
31 97
31 98
31 102
31 105
31 113
31 119
31 128
31 132
31 137
31 139
31 144
31 147
31 159
31 162
31 181
31 182
31 199
31 206
31 213
31 214
32 38
32 39
32 43
32 44
32 45
32 50
32 51
32 53
32 56
32 58
32 59
32 63
32 66
32 69
32 70
32 72
32 82
32 93
32 96
32 98
32 105
32 109
32 111
32 115
32 125
32 127
32 131
32 136
32 160
32 166
32 178
32 185
32 190
32 197
32 212
32 214
32 216
32 234
32 240
32 247
33 34
33 40
33 54
33 56
33 57
33 59
33 74
33 75
33 79
33 88
33 94
33 105
33 106
33 141
33 146
33 160
33 162
33 171
33 179
33 194
33 200
33 206
33 218
33 228
33 239
33 249
34 38
34 46
34 51
34 60
34 69
34 73
34 83
34 84
34 92
34 95
34 110
34 115
34 116
34 121
34 127
34 141
34 144
34 154
34 169
34 171
34 178
34 187
34 223
34 224
34 236
35 39
35 41
35 42
35 43
35 47
35 48
35 49
35 50
35 52
35 53
35 56
35 77
35 78
35 80
35 96
35 97
35 101
35 119
35 121
35 131
35 138
35 153
35 154
35 155
35 168
35 171
35 177
35 188
35 189
35 191
35 195
35 201
35 206
35 212
35 222
35 224
35 233
35 236
35 249
36 42
36 55
36 56
36 62
36 72
36 76
36 81
36 91
36 99
36 107
36 118
36 135
36 142
36 151
36 156
36 158
36 167
36 172
36 176
36 210
36 216
36 219
36 242
36 244
37 46
37 54
37 57
37 59
37 61
37 67
37 70
37 73
37 87
37 91
37 94
37 99
37 103
37 117
37 121
37 123
37 131
37 135
37 138
37 142
37 144
37 152
37 157
37 159
37 163
37 167
37 172
37 175
37 177
37 184
37 195
37 201
37 207
37 221
37 222
37 233
37 234
37 235
37 239
37 244
38 42
38 46
38 48
38 49
38 52
38 55
38 56
38 68
38 72
38 76
38 81
38 90
38 92
38 109
38 118
38 119
38 159
38 170
38 191
38 192
38 193
38 203
38 211
38 214
38 216
38 218
38 233
38 240
38 245
39 40
39 47
39 57
39 61
39 68
39 78
39 80
39 86
39 88
39 102
39 109
39 125
39 130
39 139
39 149
39 153
39 165
39 168
39 186
39 203
39 209
39 212
39 216
39 219
39 239
39 249
40 42
40 43
40 45
40 47
40 48
40 49
40 50
40 54
40 58
40 62
40 64
40 67
40 68
40 73
40 76
40 84
40 96
40 102
40 105
40 109
40 119
40 129
40 131
40 133
40 140
40 149
40 175
40 178
40 200
40 213
40 224
40 225
40 237
40 243
40 246
40 248
41 45
41 46
41 47
41 64
41 71
41 74
41 88
41 91
41 96
41 107
41 137
41 147
41 148
41 149
41 161
41 167
41 174
41 175
41 187
41 200
41 230
41 239
41 240
42 50
42 52
42 67
42 69
42 70
42 80
42 96
42 97
42 98
42 103
42 112
42 149
42 172
42 181
42 217
42 218
42 221
43 44
43 46
43 53
43 66
43 83
43 88
43 115
43 128
43 135
43 137
43 142
43 174
43 191
43 202
43 227
43 243
44 50
44 53
44 80
44 86
44 95
44 97
44 98
44 105
44 109
44 130
44 180
44 183
44 184
44 190
44 193
44 194
44 199
44 224
44 231
45 48
45 55
45 61
45 90
45 97
45 115
45 147
45 160
45 190
45 205
45 209
45 230
46 55
46 58
46 59
46 60
46 61
46 69
46 72
46 73
46 76
46 87
46 91
46 93
46 99
46 113
46 128
46 132
46 141
46 146
46 156
46 166
46 186
46 196
46 208
46 240
47 62
47 63
47 64
47 75
47 79
47 84
47 109
47 129
47 133
47 151
47 177
47 198
47 211
47 217
47 227
47 238
47 245
47 247
48 51
48 63
48 64
48 66
48 68
48 70
48 77
48 84
48 86
48 89
48 96
48 108
48 112
48 114
48 115
48 116
48 117
48 124
48 129
48 133
48 134
48 148
48 157
48 159
48 172
48 182
48 193
48 198
48 211
48 229
48 235
48 237
48 249
49 66
49 69
49 72
49 95
49 101
49 107
49 128
49 170
49 175
49 199
49 208
50 59
50 85
50 97
50 99
50 101
50 127
50 134
50 146
50 156
50 162
50 165
50 170
50 182
50 210
50 235
50 236
50 246
50 248
51 52
51 53
51 58
51 59
51 61
51 64
51 79
51 84
51 100
51 114
51 116
51 131
51 139
51 141
51 171
51 207
51 222
51 235
51 237
51 239
51 245
52 65
52 70
52 74
52 75
52 76
52 93
52 96
52 100
52 102
52 116
52 128
52 132
52 134
52 174
52 179
52 198
52 206
52 210
52 233
52 234
52 238
53 55
53 56
53 68
53 71
53 75
53 81
53 108
53 123
53 137
53 142
53 147
53 161
53 166
53 176
53 180
53 202
53 227
53 240
53 242
54 65
54 69
54 71
54 80
54 81
54 82
54 83
54 90
54 113
54 149
54 157
54 161
54 185
54 200
54 236
54 243
55 66
55 70
55 92
55 100
55 102
55 109
55 111
55 113
55 125
55 155
55 165
55 174
55 183
55 188
55 218
55 229
56 57
56 59
56 62
56 75
56 77
56 85
56 86
56 94
56 95
56 100
56 101
56 102
56 108
56 122
56 125
56 141
56 145
56 148
56 172
56 174
56 175
56 193
56 196
56 197
56 199
56 203
56 210
56 215
56 226
56 239
56 248
57 64
57 73
57 82
57 83
57 85
57 88
57 104
57 109
57 119
57 121
57 123
57 127
57 138
57 140
57 145
57 147
57 171
57 183
57 201
57 204
57 217
57 226
58 70
58 72
58 76
58 94
58 98
58 99
58 107
58 111
58 126
58 129
58 130
58 135
58 152
58 158
58 162
58 167
58 168
58 169
58 170
58 212
58 215
58 217
58 238
58 243
58 245
59 61
59 62
59 63
59 67
59 74
59 75
59 76
59 81
59 83
59 92
59 99
59 100
59 110
59 111
59 113
59 117
59 130
59 134
59 160
59 165
59 172
59 227
60 61
60 67
60 70
60 72
60 79
60 100
60 102
60 105
60 115
60 116
60 117
60 123
60 127
60 136
60 149
60 150
60 165
60 168
60 170
60 191
60 192
60 228
61 65
61 74
61 75
61 93
61 95
61 131
61 133
61 136
61 143
61 161
61 168
61 175
61 200
61 237
62 67
62 77
62 90
62 106
62 126
62 131
62 170
62 183
62 187
62 199
62 238
63 64
63 66
63 78
63 80
63 91
63 107
63 119
63 123
63 124
63 130
63 144
63 162
63 164
63 166
63 184
63 196
63 229
63 231
64 68
64 75
64 77
64 81
64 89
64 95
64 99
64 106
64 112
64 119
64 130
64 150
64 153
64 156
64 162
64 171
64 174
64 179
64 183
64 189
64 191
64 193
64 195
64 196
64 200
64 213
64 215
64 216
64 221
64 238
65 71
65 73
65 81
65 86
65 93
65 133
65 142
65 148
65 169
65 173
65 186
65 203
65 237
65 243
66 67
66 68
66 71
66 85
66 96
66 97
66 102
66 106
66 120
66 128
66 146
66 149
66 155
66 176
66 190
66 192
66 201
66 203
66 208
66 211
67 70
67 109
67 132
67 138
67 151
67 168
67 185
67 200
67 241
68 86
68 112
68 114
68 124
68 131
68 142
68 160
68 177
68 215
68 220
68 244
69 78
69 89
69 97
69 126
69 138
69 140
69 142
69 155
69 234
69 239
69 241
70 76
70 78
70 90
70 99
70 104
70 110
70 124
70 137
70 158
70 169
70 208
70 214
70 216
70 229
70 241
71 75
71 91
71 96
71 101
71 119
71 122
71 123
71 127
71 139
71 142
71 156
71 159
71 186
71 197
71 232
71 233
72 74
72 79
72 84
72 85
72 89
72 90
72 93
72 97
72 103
72 108
72 116
72 124
72 135
72 138
72 140
72 143
72 157
72 161
72 163
72 168
72 174
72 177
72 186
72 198
72 199
72 201
72 202
72 207
72 208
72 209
72 214
72 225
72 231
72 234
72 238
72 240
72 249
73 76
73 78
73 98
73 134
73 166
73 190
74 79
74 118
74 132
74 151
74 174
74 186
74 200
74 212
74 213
74 214
75 80
75 92
75 96
75 105
75 124
75 125
75 130
75 181
75 242
76 91
76 101
76 108
76 110
76 114
76 126
76 132
76 136
76 150
76 154
76 157
76 193
76 241
76 243
76 245
77 99
77 114
77 120
77 122
77 148
77 150
77 161
77 179
77 197
77 204
77 231
77 232
77 237
77 245
78 89
78 92
78 101
78 115
78 138
78 142
78 165
78 170
78 178
78 183
79 83
79 90
79 93
79 94
79 99
79 103
79 114
79 115
79 116
79 120
79 125
79 128
79 133
79 136
79 146
79 148
79 161
79 163
79 183
79 184
79 209
79 215
79 218
79 219
79 220
79 221
79 237
80 85
80 89
80 100
80 110
80 139
80 144
80 146
80 164
81 89
81 92
81 95
81 120
81 126
81 130
81 131
81 216
81 218
81 234
82 93
82 113
82 124
82 130
82 165
82 180
82 211
83 97
83 113
83 114
83 118
83 143
83 190
83 193
83 197
84 87
84 90
84 94
84 100
84 136
84 146
84 158
84 169
84 194
84 215
85 90
85 119
85 122
85 140
85 141
85 143
85 146
85 152
85 155
85 163
85 164
85 169
85 177
85 192
85 235
85 239
86 95
86 96
86 108
86 152
86 156
86 168
86 192
86 196
86 213
86 221
86 242
87 110
87 112
87 119
87 127
87 130
87 135
87 142
87 145
87 147
87 166
87 185
87 194
87 199
87 201
87 202
87 214
87 224
87 230
87 236
88 109
88 111
88 118
88 133
88 142
88 159
88 163
88 189
88 194
88 223
88 247
89 107
89 112
89 133
89 143
89 196
89 204
90 92
90 94
90 99
90 105
90 120
90 125
90 131
90 182
90 184
90 185
90 213
90 220
90 223
91 108
91 118
91 132
91 164
91 182
91 183
91 194
91 207
91 215
91 234
91 240
92 93
92 100
92 106
92 122
92 144
92 147
92 160
92 189
92 199
92 203
92 209
92 214
92 219
93 104
93 208
93 216
94 98
94 101
94 110
94 118
94 141
94 150
94 158
94 167
94 205
94 227
94 233
95 134
95 135
95 137
95 151
95 163
95 195
95 204
95 210
96 124
96 133
96 136
96 140
96 159
96 180
96 203
96 244
96 248
97 98
97 104
97 118
97 139
97 156
97 158
97 163
97 165
97 166
97 168
97 181
97 223
97 234
97 240
98 127
98 205
98 227
99 118
99 125
99 147
99 150
99 161
99 176
99 217
99 219
99 227
99 235
100 102
100 106
100 108
100 109
100 138
100 155
100 173
100 224
100 235
101 110
101 161
101 171
101 188
101 233
102 113
102 127
102 153
102 163
102 171
102 177
102 182
102 188
102 209
102 221
102 243
103 121
103 134
103 143
103 203
103 214
104 112
104 175
104 212
105 107
105 113
105 126
105 130
105 140
105 153
105 160
105 191
105 195
105 225
105 227
105 238
106 113
106 124
106 129
106 152
106 163
106 191
106 194
106 204
106 211
106 225
106 226
107 120
107 149
107 171
107 172
107 204
107 211
107 219
107 223
108 121
108 145
108 146
108 155
108 220
108 230
108 236
109 159
109 162
109 163
109 164
109 191
109 194
109 234
109 245
110 122
110 123
110 129
110 140
110 151
110 190
110 191
110 196
110 220
110 233
110 246
110 248
111 117
111 129
111 154
111 158
111 161
111 172
111 186
111 228
111 229
112 126
112 144
112 150
112 216
112 224
112 226
113 140
113 146
113 154
113 155
113 170
113 182
113 188
113 195
113 200
113 206
113 230
114 117
114 131
114 135
114 143
114 170
114 183
114 197
114 209
114 225
115 143
115 181
115 193
115 202
115 238
115 245
116 153
116 159
116 164
116 195
116 207
117 122
117 123
117 129
117 156
117 177
117 189
117 192
117 195
117 226
117 239
117 247
118 152
118 232
118 234
118 241
119 140
119 178
120 169
120 175
120 184
120 188
120 203
120 206
120 220
120 243
121 141
121 166
121 209
121 213
122 152
122 185
122 186
122 207
122 224
122 225
122 240
123 127
123 135
123 145
123 183
123 184
123 189
123 203
123 208
124 167
124 179
125 128
125 142
125 156
125 181
125 187
125 199
125 218
125 229
125 233
126 134
126 144
126 155
126 159
126 160
126 176
126 200
126 233
126 246
126 248
126 249
127 133
127 136
127 154
127 206
127 215
127 226
127 237
127 244
128 160
128 171
128 181
128 184
128 201
128 210
128 216
128 232
129 145
129 161
129 162
129 170
129 178
129 202
129 211
129 219
129 236
130 201
131 140
131 141
131 158
131 205
131 223
131 229
131 243
132 151
132 152
132 176
132 179
132 181
132 204
132 211
132 230
132 247
132 249
133 148
133 153
133 193
134 143
134 237
135 150
135 177
135 192
135 203
135 238
136 145
136 153
136 154
136 174
136 180
136 220
136 231
137 146
137 155
137 160
137 175
137 185
138 160
138 194
138 242
138 248
138 249
139 151
139 171
139 176
139 187
139 237
140 155
140 159
140 172
140 187
140 197
140 198
140 213
140 228
141 226
142 144
142 179
142 182
142 185
142 221
142 238
143 157
143 168
143 178
143 185
143 190
143 245
144 167
144 192
144 204
144 219
144 224
144 228
145 155
145 205
146 161
146 173
146 179
146 204
147 150
147 221
147 229
147 230
147 231
148 197
148 200
148 207
149 157
149 177
149 198
149 210
149 221
149 240
150 152
150 153
150 173
150 212
151 166
151 168
151 178
151 212
151 243
152 159
152 164
152 178
152 188
152 220
152 229
152 249
153 196
153 209
153 226
153 232
153 246
154 157
154 177
154 185
154 187
154 190
154 191
154 201
155 182
155 194
155 216
156 172
156 186
156 188
156 210
156 219
156 228
157 165
157 174
157 197
157 212
158 167
158 170
158 193
159 189
159 206
159 213
159 222
159 242
160 164
160 172
160 182
160 187
160 193
160 217
161 186
162 180
162 203
162 225
162 244
162 246
163 196
163 214
163 228
164 207
164 242
165 205
165 217
165 231
165 237
165 243
166 183
166 188
166 244
167 192
168 234
168 239
168 242
169 187
169 190
169 217
170 175
170 180
170 190
170 191
170 212
170 229
170 245
170 249
171 194
171 197
171 235
171 247
172 202
172 205
172 211
173 198
173 222
173 230
174 183
174 189
174 198
174 209
174 232
175 176
175 190
175 217
175 223
175 226
175 227
176 195
176 208
177 222
177 230
178 189
178 202
178 213
178 219
178 223
179 208
179 223
180 186
180 235
181 214
182 202
182 232
183 199
183 210
183 220
183 244
183 247
184 186
184 189
184 202
184 210
184 215
184 223
184 235
186 201
186 208
186 233
187 206
187 225
187 230
188 216
189 192
189 199
189 219
189 221
189 225
189 227
191 202
192 244
193 208
194 207
194 228
194 241
194 243
195 207
195 213
195 215
197 208
197 231
197 236
199 200
200 205
201 211
203 234
204 205
206 220
207 209
207 222
207 227
208 217
208 223
208 247
209 226
209 247
211 218
212 221
215 242
216 222
216 241
216 244
218 223
218 225
218 231
219 222
219 244
221 227
221 248
222 228
223 225
226 228
228 241
230 249
231 233
232 242
232 248
234 241
237 247
240 248
241 245
