0 1
0 2
0 3
0 4
0 10
0 12
0 17
0 20
0 24
0 41
0 42
0 53
0 54
0 58
0 72
0 80
0 82
0 86
0 97
0 99
0 103
0 109
0 113
0 121
0 134
0 141
0 147
0 152
0 157
0 159
0 165
0 171
0 176
0 178
0 205
0 222
1 3
1 4
1 9
1 10
1 11
1 14
1 16
1 23
1 30
1 39
1 49
1 57
1 62
1 65
1 67
1 75
1 79
1 87
1 90
1 108
1 114
1 120
1 132
1 148
1 150
1 179
1 181
1 201
1 216
1 229
2 5
2 6
2 13
2 21
2 71
2 105
2 246
3 7
3 28
3 34
3 60
3 63
3 213
4 5
4 6
4 8
4 11
4 12
4 13
4 15
4 17
4 25
4 26
4 28
4 31
4 33
4 37
4 40
4 44
4 54
4 56
4 57
4 59
4 71
4 81
4 87
4 89
4 92
4 99
4 110
4 113
4 116
4 140
4 153
4 154
4 164
4 172
4 175
4 179
4 180
4 188
4 207
4 213
4 216
4 219
4 226
4 233
4 236
4 240
4 243
4 248
5 7
5 15
5 19
5 25
5 27
5 42
5 61
5 88
5 101
5 111
5 119
5 132
5 163
5 194
5 222
6 32
6 69
6 131
6 182
7 8
7 9
7 16
7 18
7 36
7 40
7 50
7 68
7 74
7 104
7 107
7 128
7 144
7 167
7 168
7 190
7 191
7 240
8 22
8 26
8 29
8 63
8 64
8 96
8 122
10 20
10 31
10 39
10 48
10 70
10 74
10 91
10 120
10 133
10 166
10 231
11 51
11 76
11 79
11 130
11 137
12 14
12 21
12 23
12 37
12 138
13 24
13 34
13 117
13 181
13 192
13 204
13 205
13 214
13 245
14 18
14 19
14 32
14 62
14 154
14 219
15 22
15 56
15 220
17 41
17 47
17 50
17 75
17 77
17 84
17 202
17 230
18 27
18 246
19 35
19 36
19 45
19 55
19 226
20 66
20 185
21 58
23 38
24 29
24 52
24 76
24 85
24 88
24 89
24 94
24 109
24 124
24 161
24 196
24 198
24 227
26 43
26 51
26 78
26 80
26 125
26 207
26 210
26 221
27 43
27 52
27 53
27 101
27 212
27 247
28 86
28 183
28 208
29 30
29 33
29 45
29 55
29 68
29 92
29 116
29 173
29 186
29 210
29 241
30 47
31 81
32 35
32 38
32 171
32 180
33 46
33 123
33 178
34 44
34 49
34 77
34 107
34 129
34 160
34 174
34 177
34 235
35 61
35 65
36 148
37 91
37 93
37 124
37 125
37 151
37 165
37 182
37 188
37 200
37 206
37 234
38 46
38 90
38 100
38 112
38 141
38 151
39 64
39 118
39 203
40 100
40 162
40 199
41 111
41 202
44 108
44 237
45 211
46 48
46 69
46 72
46 84
46 102
46 114
46 119
46 121
46 123
46 135
46 156
46 176
46 186
47 187
48 67
48 73
48 102
48 169
48 184
49 134
50 60
50 162
50 196
50 197
50 208
50 232
51 158
52 97
52 122
52 167
52 237
54 138
54 152
55 59
56 78
56 98
56 106
56 160
56 218
56 229
57 115
57 146
58 248
59 131
59 198
59 212
59 242
60 66
60 211
60 243
61 223
62 85
62 173
62 217
63 70
63 126
63 127
64 118
65 82
65 177
66 146
68 73
68 83
68 128
68 217
70 153
70 249
72 163
73 98
73 105
73 129
73 142
75 104
75 140
75 147
75 150
75 168
75 170
75 184
75 241
77 83
77 95
77 96
77 112
77 143
77 192
77 209
78 115
78 191
78 242
78 244
79 175
79 235
81 93
81 103
82 94
82 95
84 110
84 161
85 201
86 166
86 225
87 236
88 145
90 126
90 136
90 227
91 189
92 127
92 149
93 139
94 145
98 158
99 117
99 204
100 195
102 187
103 136
103 200
104 106
106 197
110 137
111 174
112 199
114 228
116 224
120 215
121 139
122 155
123 144
125 135
125 169
125 185
125 193
125 238
126 157
127 155
127 190
127 245
128 130
129 133
129 149
129 170
129 203
129 221
133 159
133 232
134 143
135 142
135 224
135 230
140 164
140 238
145 156
148 231
150 223
153 195
155 214
155 228
158 183
161 189
161 193
161 225
165 194
168 172
169 247
170 239
181 215
186 220
190 206
191 239
205 209
209 249
212 234
215 218
220 233
241 244
