0 1
0 2
0 6
0 8
0 12
0 13
0 20
0 23
0 26
0 32
0 33
0 44
0 78
0 80
0 88
0 107
0 141
0 148
0 159
0 160
0 178
0 185
0 204
0 221
0 232
0 241
1 3
1 4
1 5
1 7
1 8
1 13
1 15
1 25
1 27
1 29
1 31
1 35
1 39
1 55
1 61
1 72
1 75
1 80
1 89
1 104
1 109
1 111
1 128
1 136
1 144
1 147
1 150
1 154
1 158
1 164
1 167
1 175
1 192
1 196
1 240
2 3
2 7
2 18
2 30
2 43
2 47
2 100
2 119
2 150
2 208
2 227
3 4
3 5
3 15
3 25
3 67
3 88
3 95
3 111
3 144
3 169
3 197
3 244
4 6
4 10
4 11
4 16
4 34
4 64
4 103
4 172
4 176
4 193
4 208
4 243
5 14
5 22
5 47
5 58
5 94
5 141
6 9
6 10
6 12
6 16
6 19
6 21
6 31
6 36
6 38
6 45
6 46
6 60
6 65
6 69
6 73
6 76
6 77
6 81
6 82
6 86
6 87
6 92
6 97
6 110
6 132
6 134
6 176
6 187
6 206
6 235
6 246
7 9
7 20
7 21
7 23
7 27
7 28
7 34
7 37
7 42
7 48
7 89
7 96
7 100
7 118
7 123
7 133
7 145
7 161
7 171
7 193
7 195
7 198
7 210
7 224
7 229
7 249
8 200
8 219
9 14
9 18
9 38
9 81
9 90
9 234
9 238
10 11
10 17
10 19
10 26
10 30
10 35
10 40
10 41
10 42
10 53
10 57
10 67
10 82
10 84
10 90
10 95
10 106
10 167
10 173
11 22
11 66
11 146
11 156
13 24
13 37
13 53
13 61
14 93
15 44
15 140
15 153
15 175
15 182
15 201
16 17
16 32
16 46
16 52
16 163
16 186
16 194
16 195
16 205
17 24
17 62
17 170
17 184
17 221
18 29
18 50
18 58
18 91
19 51
19 63
19 78
19 107
19 145
19 204
20 40
20 65
20 151
20 166
20 186
20 216
22 33
22 83
22 140
22 187
23 102
23 143
23 213
24 48
24 57
24 66
24 72
24 99
24 117
24 163
24 237
24 248
25 36
25 43
25 59
25 64
25 71
25 121
25 137
25 147
25 152
25 154
25 216
25 220
26 75
26 96
26 114
26 151
27 28
27 83
27 94
27 101
27 106
27 121
27 127
27 133
27 138
27 179
27 189
27 245
28 74
28 131
28 232
29 59
29 74
29 125
29 139
30 56
30 155
30 190
32 104
32 105
32 157
33 157
34 41
34 54
34 112
34 115
34 152
34 166
35 85
35 114
35 129
35 172
36 49
36 134
37 68
38 39
38 91
39 71
39 85
39 115
39 198
39 209
40 49
40 50
40 135
40 146
40 184
40 188
40 246
41 45
41 55
44 126
44 155
45 52
45 62
45 219
46 56
46 87
46 102
46 139
48 54
48 79
48 173
49 70
49 201
50 51
50 92
50 225
51 113
51 131
53 86
53 103
53 117
53 142
54 180
55 70
55 226
56 130
56 241
57 60
57 63
57 77
58 73
58 76
58 116
58 181
58 192
58 209
59 68
59 224
59 238
61 123
61 169
62 93
63 113
64 69
64 79
64 165
66 98
66 101
67 109
67 247
68 215
68 242
69 98
70 177
70 197
71 177
72 153
72 235
73 99
75 203
77 180
78 161
79 84
79 213
81 124
83 233
84 242
85 226
87 97
87 214
88 116
89 108
89 132
90 129
90 159
90 202
90 211
91 158
91 170
91 174
91 230
94 122
94 127
96 110
97 128
98 118
98 181
98 217
98 228
99 105
100 122
100 143
100 168
100 220
101 156
104 108
104 120
104 130
104 135
104 136
104 218
104 243
105 245
105 248
106 112
106 124
106 189
106 206
107 119
109 171
111 126
113 120
113 205
116 164
118 125
120 142
120 212
121 137
122 162
122 218
122 227
124 148
126 190
128 160
128 182
128 215
128 223
131 149
131 225
131 230
132 138
132 149
132 185
132 222
136 239
137 179
138 231
141 178
142 162
143 165
145 183
149 168
150 237
151 211
152 196
158 191
159 199
159 240
161 200
164 188
167 191
168 202
170 203
173 174
177 199
182 183
182 207
186 194
190 239
193 212
193 228
194 231
199 244
204 210
204 217
204 222
206 207
206 249
210 214
211 234
214 229
214 233
215 236
219 223
223 236
233 247
