0 1
0 2
0 3
0 4
0 5
0 6
0 7
0 8
0 9
0 10
0 11
0 12
0 13
0 16
0 19
0 20
0 22
0 24
0 28
0 31
0 34
0 37
0 38
0 39
0 41
0 42
0 46
0 47
0 49
0 53
0 59
0 62
0 67
0 76
0 77
0 81
0 84
0 95
0 105
0 115
0 127
0 132
0 149
0 165
0 176
0 181
0 182
0 190
0 202
0 206
0 211
0 216
0 223
0 244
1 7
1 8
1 9
1 11
1 13
1 15
1 22
1 26
1 28
1 31
1 37
1 38
1 42
1 45
1 53
1 57
1 73
1 77
1 83
1 88
1 94
1 95
1 154
1 164
1 173
1 182
1 194
1 226
2 7
2 8
2 9
2 11
2 13
2 17
2 21
2 25
2 30
2 36
2 40
2 44
2 65
2 68
2 80
2 92
2 129
2 142
2 143
2 145
2 161
2 163
2 194
2 219
2 224
2 226
3 7
3 8
3 9
3 10
3 14
3 15
3 19
3 36
3 39
3 40
3 48
3 49
3 51
3 55
3 60
3 61
3 64
3 72
3 76
3 77
3 79
3 85
3 93
3 96
3 97
3 105
3 106
3 120
3 124
3 129
3 133
3 186
3 208
3 234
3 245
3 247
4 7
4 24
4 33
4 70
5 9
5 12
5 56
5 57
5 58
5 77
5 80
5 85
5 95
5 168
5 231
6 7
6 8
6 9
6 10
6 11
6 13
6 14
6 20
6 21
6 23
6 25
6 31
6 35
6 42
6 53
6 54
6 55
6 59
6 62
6 66
6 73
6 84
6 87
6 90
6 97
6 101
6 109
6 111
6 126
6 136
6 140
6 147
6 148
6 154
6 157
6 160
6 172
6 186
6 189
6 192
6 216
6 229
6 231
6 237
6 239
7 8
7 10
7 11
7 12
7 14
7 18
7 19
7 20
7 21
7 23
7 25
7 26
7 27
7 30
7 32
7 35
7 42
7 44
7 47
7 48
7 51
7 57
7 64
7 66
7 74
7 95
7 96
7 100
7 103
7 105
7 107
7 142
7 153
7 172
7 178
7 179
7 182
7 188
7 196
7 200
7 203
7 209
7 234
7 236
7 240
7 243
8 10
8 11
8 12
8 13
8 14
8 15
8 16
8 17
8 38
8 39
8 45
8 50
8 60
8 68
8 71
8 90
8 94
8 125
8 130
8 146
8 157
8 158
8 164
8 171
8 173
8 187
8 195
8 208
8 209
8 214
8 219
8 222
8 230
8 235
9 10
9 12
9 13
9 14
9 17
9 20
9 23
9 24
9 25
9 26
9 27
9 34
9 37
9 38
9 40
9 41
9 43
9 45
9 50
9 53
9 55
9 62
9 71
9 78
9 80
9 81
9 83
9 87
9 90
9 110
9 124
9 126
9 133
9 151
9 154
9 158
9 168
9 180
9 184
9 191
9 197
9 201
9 202
9 205
9 211
9 237
9 240
10 12
10 15
10 16
10 18
10 26
10 27
10 29
10 34
10 35
10 36
10 39
10 42
10 43
10 45
10 50
10 51
10 54
10 58
10 65
10 79
10 98
10 99
10 102
10 109
10 113
10 114
10 116
10 123
10 143
10 163
10 167
10 170
10 173
10 181
10 204
10 223
10 241
11 15
11 19
11 21
11 23
11 24
11 28
11 49
11 50
11 56
11 60
11 61
11 63
11 64
11 65
11 66
11 76
11 93
11 94
11 122
11 130
11 136
11 137
11 139
11 147
11 149
11 152
11 162
11 165
11 169
11 175
11 178
11 183
11 201
11 224
11 226
11 240
12 14
12 15
12 16
12 17
12 18
12 19
12 21
12 23
12 26
12 27
12 28
12 30
12 32
12 33
12 38
12 40
12 41
12 53
12 56
12 57
12 58
12 60
12 61
12 67
12 69
12 75
12 83
12 87
12 89
12 115
12 131
12 133
12 145
12 146
12 162
12 165
12 166
12 172
12 179
12 190
12 200
12 209
12 212
12 238
12 239
12 243
13 16
13 18
13 22
13 31
13 34
13 46
13 62
13 75
13 83
13 86
13 97
13 119
13 126
13 127
13 156
13 168
13 177
13 202
13 214
13 222
13 238
13 244
14 16
14 20
14 24
14 25
14 27
14 32
14 38
14 48
14 63
14 73
14 74
14 86
14 99
14 102
14 110
14 119
14 120
14 121
14 138
14 160
14 161
14 166
14 167
14 192
14 194
14 214
14 217
14 224
14 230
14 240
15 17
15 18
15 19
15 22
15 24
15 33
15 36
15 40
15 45
15 49
15 54
15 63
15 68
15 73
15 89
15 91
15 92
15 100
15 107
15 123
15 128
15 154
15 159
15 181
15 196
15 204
15 220
15 246
15 248
16 17
16 20
16 43
16 45
16 62
16 78
16 86
16 89
16 138
16 143
16 155
16 157
16 182
16 189
17 18
17 28
17 33
17 35
17 37
17 46
17 54
17 58
17 66
17 98
17 122
17 126
17 166
17 174
17 188
17 220
17 228
17 244
18 21
18 22
18 29
18 30
18 32
18 51
18 64
18 85
18 88
18 90
18 114
18 144
18 145
18 148
18 162
18 177
18 184
18 223
19 22
19 23
19 25
19 33
19 43
19 59
19 65
19 66
19 70
19 84
19 101
19 106
19 112
19 150
19 158
19 187
19 189
19 193
19 196
19 211
19 241
20 26
20 37
20 42
20 59
20 61
20 68
20 105
21 32
21 34
21 37
21 50
21 56
21 61
21 96
21 109
21 112
21 122
21 132
21 183
21 210
22 27
22 29
22 36
22 44
22 46
22 50
22 62
22 73
22 76
22 105
22 113
22 147
22 155
22 156
22 166
22 172
22 191
22 217
22 230
22 232
22 242
23 33
23 44
23 48
23 71
23 78
23 81
23 92
23 117
23 123
23 150
23 158
23 163
23 170
23 175
23 199
23 201
23 233
23 247
24 28
24 29
24 34
24 67
24 87
24 92
24 97
24 127
24 134
24 170
24 204
24 221
24 228
24 247
25 29
25 32
25 44
25 46
25 52
25 74
25 79
25 91
25 103
25 108
25 121
25 141
25 167
25 207
25 249
26 30
26 65
26 71
26 91
26 96
26 106
26 138
26 201
26 213
26 224
27 35
27 43
27 44
27 87
27 102
27 107
27 110
27 121
27 139
27 174
27 186
27 212
28 29
28 36
28 99
28 137
28 141
28 145
28 151
28 159
28 178
28 216
29 30
29 31
29 39
29 52
29 56
29 69
29 76
29 77
29 82
29 85
29 89
29 96
29 99
29 116
29 118
29 152
29 159
29 161
29 162
29 166
29 191
29 196
29 213
29 217
29 227
29 229
29 232
29 234
29 236
29 238
29 239
29 249
30 31
30 72
30 125
30 130
30 180
30 188
30 203
30 207
31 40
31 58
31 59
31 116
31 117
31 132
31 185
32 39
32 41
32 54
32 58
32 70
32 89
32 135
32 150
32 173
32 198
32 244
33 109
33 111
33 132
33 136
33 155
33 178
33 179
33 192
33 207
34 35
34 47
34 75
34 78
34 93
34 97
34 151
34 179
34 188
34 248
35 41
35 68
35 89
35 92
35 108
35 159
35 160
35 175
35 218
35 222
35 232
35 236
36 55
36 66
36 95
36 153
36 170
36 212
37 47
37 48
37 60
37 75
37 98
37 116
37 122
37 139
37 142
37 145
37 148
37 153
37 180
37 185
37 242
38 43
38 46
38 51
38 55
38 63
38 81
38 104
38 118
38 126
38 128
38 141
38 160
38 167
38 176
38 191
38 196
38 198
38 201
38 217
38 221
38 225
38 244
39 47
39 49
39 51
39 59
39 67
39 69
39 76
39 84
39 85
39 86
39 119
39 133
39 134
39 135
39 139
39 144
39 146
39 183
39 186
39 192
39 217
40 41
40 52
40 54
40 73
40 92
40 210
40 236
41 52
41 69
41 82
41 125
41 127
41 153
41 161
41 195
41 229
42 56
42 111
42 129
42 144
42 219
42 221
42 237
43 144
44 47
44 57
44 130
44 189
44 227
45 49
45 52
45 93
45 114
45 115
45 125
45 204
45 222
45 246
46 48
46 57
46 64
46 69
46 70
46 71
46 74
46 84
46 91
46 95
46 123
46 152
46 183
46 193
46 218
47 72
47 75
47 78
47 80
47 91
47 93
47 97
47 106
47 112
47 131
47 140
47 143
47 200
47 215
47 225
47 245
48 53
48 68
48 77
48 83
48 86
48 100
48 101
48 113
48 117
48 130
48 135
48 144
48 159
48 177
48 197
49 82
49 87
49 192
50 52
50 55
50 65
50 67
50 70
50 74
50 103
50 104
50 110
50 113
50 116
50 124
50 130
50 131
50 134
50 135
50 140
50 150
50 155
50 210
50 231
50 232
50 234
51 67
51 72
51 79
51 94
51 96
51 98
51 99
51 110
51 149
51 210
51 218
51 222
52 79
52 94
52 102
52 105
52 128
52 129
52 133
52 142
52 149
52 156
52 165
52 200
52 205
53 63
53 108
53 115
53 121
53 132
53 135
53 142
53 143
53 172
53 216
53 218
53 223
54 63
54 88
54 175
54 239
55 70
55 74
55 93
55 118
55 119
55 123
55 180
55 198
55 199
55 205
55 214
55 244
56 82
56 109
56 123
56 125
56 134
56 157
56 168
56 199
56 227
56 228
56 229
56 243
57 60
57 64
57 119
57 131
57 189
57 235
57 249
58 118
58 163
58 164
58 181
58 240
59 61
59 72
59 75
59 88
59 111
59 112
59 121
59 157
59 165
59 176
59 201
59 205
59 230
59 249
60 88
60 100
60 101
60 103
60 146
60 166
60 181
61 143
61 173
61 177
61 193
61 206
61 221
61 226
62 88
62 122
62 138
62 200
64 98
64 121
64 128
64 133
64 194
64 229
65 82
65 103
65 169
66 71
66 101
66 180
66 208
67 69
67 157
67 167
67 208
68 84
68 85
68 113
68 224
69 72
69 78
69 79
69 94
69 100
69 200
69 209
69 231
70 80
70 83
70 90
70 100
70 127
70 134
70 156
70 180
70 222
70 247
71 81
71 86
71 101
71 102
71 120
71 152
71 162
71 169
71 214
71 215
72 126
73 112
74 80
74 109
74 155
74 164
75 91
75 104
75 107
75 110
75 124
75 128
75 153
75 154
75 205
76 107
76 151
76 239
77 81
77 104
77 128
77 184
77 236
77 243
78 82
78 90
78 137
78 138
78 142
78 152
78 160
78 186
78 194
78 203
78 227
79 117
79 193
79 215
79 245
80 111
80 116
80 144
80 156
80 158
80 167
80 216
80 237
81 211
83 104
83 114
83 140
83 141
83 148
83 149
83 183
83 214
83 220
84 104
84 111
84 120
84 136
84 137
84 147
84 206
85 107
85 115
85 117
85 233
86 99
86 194
87 102
87 108
87 226
87 235
88 151
88 171
89 98
89 108
89 117
89 136
89 185
89 203
89 248
90 178
91 170
91 245
91 246
92 125
92 160
93 106
93 108
93 169
93 228
94 135
94 151
94 152
94 171
94 176
94 196
94 242
94 243
95 106
95 118
95 120
95 140
95 179
95 187
96 114
96 118
96 124
96 127
96 150
96 162
96 204
96 212
96 223
96 240
97 146
97 188
97 199
98 103
98 112
98 129
98 139
98 158
98 173
98 224
98 241
98 245
99 149
99 203
100 163
100 197
101 179
101 237
101 248
102 119
102 172
102 197
103 150
103 169
103 193
103 213
103 243
104 114
104 193
104 199
106 155
106 190
106 210
107 134
107 153
107 168
107 170
107 215
108 113
108 122
109 221
110 139
110 156
110 164
110 184
110 202
110 241
111 140
111 174
111 178
112 190
112 213
112 220
113 131
113 137
113 187
114 115
114 124
114 137
114 138
114 141
114 225
114 235
115 154
115 174
115 190
116 206
117 177
117 237
118 120
118 175
120 147
120 220
120 230
120 232
121 132
121 192
121 231
122 233
123 171
123 213
125 182
125 187
125 248
127 182
128 129
128 136
128 233
128 242
129 185
129 204
130 131
132 165
133 176
134 175
134 184
134 242
135 145
135 146
135 147
136 176
137 202
137 209
138 190
139 141
142 168
143 198
144 148
144 181
146 148
146 206
146 217
147 174
147 247
148 169
148 235
149 218
150 183
151 161
151 163
151 241
152 159
152 161
153 202
154 229
156 174
158 195
159 191
160 164
160 171
162 197
163 225
163 230
164 186
164 198
164 219
165 177
165 191
166 219
166 221
168 195
169 207
169 212
169 226
170 171
170 208
171 216
171 218
172 195
173 187
173 238
173 242
174 203
175 232
176 215
177 185
177 211
177 215
178 184
178 212
179 223
179 225
180 188
180 195
180 207
181 189
181 233
183 206
183 213
184 185
184 197
184 211
184 246
185 209
187 239
190 198
192 199
193 245
194 207
195 220
195 228
196 208
198 248
199 219
201 236
201 241
203 205
204 210
209 225
210 238
212 231
214 227
215 246
215 249
216 228
217 246
218 233
223 234
224 227
228 249
230 234
230 235
230 247
235 238
