0 1
0 2
0 3
0 5
0 6
0 13
0 16
0 20
0 26
0 32
0 50
0 61
0 66
0 79
0 87
0 105
0 106
0 111
0 118
0 120
0 152
0 157
0 178
0 188
0 190
0 209
0 224
1 3
1 4
1 7
1 8
1 10
1 11
1 12
1 18
1 21
1 23
1 24
1 29
1 32
1 40
1 45
1 48
1 53
1 56
1 62
1 71
1 74
1 78
1 79
1 84
1 95
1 96
1 102
1 107
1 122
1 139
1 155
1 160
1 168
1 175
1 183
1 186
1 192
1 195
1 204
1 234
1 244
2 6
2 8
2 19
2 23
2 25
2 27
2 35
2 47
2 55
2 73
2 76
2 97
2 128
2 131
2 132
2 177
2 235
3 4
3 5
3 7
3 9
3 10
3 11
3 17
3 18
3 20
3 21
3 27
3 30
3 33
3 37
3 39
3 40
3 57
3 63
3 82
3 93
3 96
3 109
3 115
3 134
3 140
3 145
3 166
3 176
3 179
3 181
3 218
3 221
3 222
3 239
4 9
4 15
4 26
4 28
4 44
4 45
4 51
4 60
4 64
4 127
4 206
4 208
4 243
5 36
5 37
5 41
5 58
5 63
5 95
5 108
5 113
5 114
5 127
5 146
5 164
5 192
5 230
5 241
5 242
6 31
6 48
6 55
6 77
6 86
6 153
6 191
6 210
6 227
6 233
6 248
7 12
8 14
8 35
8 49
8 68
8 72
8 90
8 156
8 162
8 182
8 199
8 228
8 245
10 13
11 22
11 46
11 124
12 22
12 29
12 36
12 43
12 50
12 88
12 103
12 147
12 207
12 234
12 240
13 14
13 19
13 25
13 28
13 31
13 49
13 60
13 65
13 71
13 80
13 85
13 92
13 115
13 126
13 133
13 139
13 149
13 150
13 155
13 166
13 204
13 222
13 230
14 15
14 16
14 17
14 24
14 52
14 59
14 100
14 104
14 174
14 198
14 237
15 98
15 247
16 44
16 105
16 125
17 42
17 70
17 81
17 99
17 112
17 167
17 197
19 34
19 38
19 53
19 69
20 34
20 38
20 92
20 156
21 47
21 56
21 57
21 75
21 89
21 118
22 179
23 59
23 83
23 121
23 162
23 165
23 217
24 39
24 81
24 135
24 214
25 30
25 42
25 46
25 65
25 88
25 98
25 138
25 180
25 203
25 213
25 223
25 232
25 244
26 51
26 107
26 173
27 124
27 134
28 126
28 144
28 160
30 33
30 61
30 110
30 238
31 43
31 75
31 93
31 94
31 157
32 108
32 172
32 173
33 67
33 85
33 120
33 195
33 249
34 72
34 103
34 224
35 117
35 167
36 41
36 52
36 54
36 64
36 76
36 78
36 100
36 130
36 143
36 151
36 165
36 177
36 189
36 219
37 238
37 243
38 109
38 117
38 129
38 136
39 70
39 101
39 182
39 248
41 116
41 137
41 189
42 91
43 54
43 123
43 194
45 82
45 159
45 198
45 231
46 130
47 86
47 106
48 67
48 74
48 90
48 133
48 163
48 169
48 193
48 196
48 206
48 221
49 91
49 141
51 80
51 83
51 121
51 141
51 144
51 223
52 148
53 58
53 104
53 190
53 215
55 114
55 171
56 205
57 62
57 77
57 149
57 163
58 66
58 228
58 240
59 68
59 176
59 219
62 69
62 97
62 214
63 142
63 169
63 185
65 84
65 101
66 200
66 211
68 225
69 171
70 73
70 249
72 135
74 89
74 143
74 154
74 170
74 188
75 193
75 210
76 111
76 186
79 87
79 102
81 152
84 110
84 216
84 239
85 131
85 194
85 220
87 150
87 215
88 94
88 112
89 119
91 140
91 142
91 154
92 197
93 158
95 113
95 178
95 237
96 233
98 99
98 116
101 153
101 218
102 170
104 187
104 212
109 137
109 145
109 202
111 138
112 119
112 122
113 123
113 164
113 225
113 229
115 128
115 183
116 136
118 158
119 245
122 125
122 246
124 129
125 187
125 229
126 201
127 180
127 232
129 146
130 148
131 132
131 200
131 226
132 159
134 161
134 202
135 212
136 161
136 227
138 217
138 236
142 147
143 172
143 184
145 151
145 226
146 209
147 181
149 241
150 242
151 231
152 213
153 185
153 191
155 168
165 175
167 220
168 184
168 201
168 247
170 174
172 199
178 196
183 236
187 235
191 207
191 216
192 203
197 205
202 211
207 208
223 246
