0 1
0 2
0 3
0 4
0 5
0 6
0 7
0 8
0 9
0 10
0 11
0 12
0 13
0 14
0 18
0 19
0 20
0 21
0 22
0 23
0 26
0 27
0 28
0 29
0 35
0 36
0 38
0 41
0 44
0 45
0 46
0 48
0 49
0 50
0 51
0 57
0 63
0 64
0 77
0 79
0 80
0 83
0 84
0 87
0 88
0 92
0 122
0 124
0 127
0 128
0 129
0 131
0 132
0 139
0 142
0 148
0 149
0 157
0 158
0 162
0 173
0 184
0 193
0 197
0 200
0 211
0 212
0 215
0 221
0 225
0 228
0 231
0 243
0 246
0 249
1 11
1 13
1 14
1 15
1 16
1 17
1 19
1 22
1 23
1 27
1 28
1 36
1 38
1 43
1 56
1 60
1 65
1 67
1 70
1 73
1 90
1 128
1 133
1 143
1 147
1 156
1 158
1 172
1 192
2 11
2 12
2 13
2 14
2 15
2 16
2 19
2 25
2 33
2 35
2 37
2 39
2 48
2 81
2 97
2 103
2 107
2 123
2 136
2 155
2 194
2 199
2 219
2 224
2 229
2 232
2 240
3 11
3 12
3 14
3 17
3 18
3 19
3 20
3 22
3 23
3 25
3 30
3 40
3 41
3 57
3 84
3 88
3 89
3 111
3 113
3 169
3 185
3 206
3 207
4 11
4 12
4 13
4 15
4 16
4 17
4 18
4 25
4 26
4 33
4 34
4 36
4 38
4 40
4 44
4 47
4 54
4 55
4 56
4 71
4 72
4 79
4 87
4 91
4 102
4 115
4 122
4 146
4 158
4 159
4 164
4 178
4 179
4 186
4 197
4 198
4 202
4 213
4 215
4 244
4 246
4 247
4 248
5 11
5 12
5 13
5 16
5 19
5 22
5 25
5 26
5 29
5 31
5 42
5 43
5 46
5 60
5 73
5 74
5 84
5 95
5 101
5 126
5 127
5 135
5 143
5 145
5 151
5 189
5 192
5 200
5 232
6 15
6 18
6 26
6 32
6 36
6 42
6 57
6 61
6 64
6 75
6 77
6 78
6 79
6 100
6 138
6 152
6 153
6 164
6 179
6 200
6 209
6 226
6 235
6 241
6 247
7 11
7 12
7 13
7 14
7 17
7 18
7 19
7 20
7 21
7 24
7 30
7 38
7 40
7 54
7 59
7 67
7 77
7 87
7 98
7 99
7 101
7 104
7 106
7 131
7 136
7 137
7 138
7 156
7 170
7 191
7 194
7 198
7 213
7 217
7 219
7 220
7 223
7 237
8 11
8 12
8 17
8 21
8 23
8 26
8 30
8 37
8 43
8 60
8 61
8 65
8 76
8 84
8 91
8 99
8 102
8 118
8 127
8 129
8 135
8 181
8 229
8 241
9 11
9 12
9 13
9 14
9 15
9 16
9 17
9 19
9 20
9 22
9 24
9 25
9 26
9 27
9 29
9 32
9 36
9 37
9 38
9 45
9 48
9 51
9 53
9 59
9 61
9 75
9 76
9 79
9 81
9 85
9 91
9 92
9 96
9 100
9 108
9 109
9 113
9 114
9 119
9 123
9 124
9 138
9 140
9 149
9 154
9 155
9 168
9 173
9 174
9 176
9 180
9 196
9 197
9 219
9 225
9 230
10 11
10 12
10 13
10 14
10 15
10 17
10 24
10 26
10 29
10 30
10 33
10 38
10 39
10 40
10 49
10 51
10 53
10 57
10 58
10 70
10 75
10 86
10 96
10 114
10 148
10 171
10 182
10 185
10 189
10 213
10 215
10 221
10 244
10 249
11 12
11 13
11 14
11 15
11 16
11 17
11 18
11 19
11 21
11 22
11 24
11 25
11 27
11 28
11 29
11 33
11 34
11 37
11 39
11 42
11 43
11 46
11 47
11 48
11 51
11 52
11 53
11 54
11 59
11 62
11 64
11 67
11 68
11 75
11 81
11 82
11 91
11 93
11 95
11 100
11 103
11 104
11 106
11 108
11 109
11 110
11 112
11 117
11 118
11 126
11 129
11 131
11 136
11 144
11 146
11 151
11 153
11 159
11 160
11 166
11 167
11 172
11 177
11 178
11 181
11 182
11 183
11 187
11 197
11 198
11 201
11 202
11 207
11 208
11 210
11 213
11 215
11 227
11 229
11 236
11 240
11 241
11 246
11 249
12 13
12 14
12 15
12 16
12 20
12 21
12 22
12 23
12 24
12 27
12 29
12 30
12 31
12 33
12 40
12 41
12 42
12 43
12 45
12 51
12 52
12 60
12 63
12 64
12 65
12 68
12 71
12 79
12 82
12 83
12 85
12 88
12 91
12 94
12 99
12 101
12 102
12 107
12 110
12 112
12 116
12 156
12 167
12 183
12 184
12 189
12 194
12 199
12 210
12 223
12 248
12 249
13 14
13 15
13 16
13 18
13 22
13 23
13 24
13 28
13 29
13 30
13 31
13 32
13 34
13 37
13 41
13 44
13 46
13 47
13 48
13 54
13 62
13 63
13 64
13 65
13 69
13 73
13 74
13 75
13 76
13 78
13 79
13 88
13 92
13 98
13 100
13 108
13 111
13 113
13 122
13 124
13 125
13 128
13 130
13 132
13 133
13 140
13 141
13 143
13 153
13 162
13 166
13 170
13 174
13 180
13 184
13 185
13 196
13 197
13 202
13 220
13 233
13 239
14 15
14 16
14 17
14 18
14 20
14 21
14 24
14 25
14 26
14 30
14 31
14 41
14 44
14 48
14 49
14 50
14 51
14 52
14 56
14 57
14 58
14 60
14 66
14 71
14 72
14 74
14 76
14 90
14 92
14 93
14 95
14 96
14 105
14 108
14 113
14 121
14 124
14 125
14 130
14 133
14 139
14 144
14 145
14 150
14 152
14 153
14 157
14 159
14 162
14 167
14 170
14 176
14 180
14 181
14 183
14 188
14 193
14 198
14 201
14 211
14 224
14 227
14 244
14 246
15 16
15 17
15 19
15 20
15 21
15 23
15 28
15 29
15 31
15 35
15 40
15 45
15 46
15 48
15 52
15 56
15 57
15 60
15 67
15 69
15 71
15 81
15 90
15 94
15 95
15 97
15 98
15 99
15 100
15 101
15 105
15 109
15 110
15 111
15 128
15 146
15 149
15 151
15 157
15 163
15 168
15 176
15 182
15 195
15 212
15 213
15 228
15 232
15 235
16 18
16 20
16 27
16 28
16 32
16 33
16 35
16 36
16 38
16 39
16 44
16 47
16 52
16 57
16 59
16 68
16 73
16 83
16 84
16 87
16 89
16 101
16 112
16 114
16 126
16 143
16 160
16 187
16 191
16 194
16 213
16 218
16 232
16 240
16 243
16 245
17 18
17 20
17 23
17 24
17 28
17 29
17 30
17 32
17 33
17 34
17 37
17 39
17 45
17 46
17 50
17 55
17 58
17 63
17 66
17 70
17 74
17 78
17 102
17 116
17 123
17 131
17 134
17 137
17 139
17 149
17 152
17 154
17 176
17 190
17 193
17 221
17 230
17 239
17 241
18 19
18 21
18 23
18 27
18 32
18 35
18 36
18 38
18 39
18 45
18 54
18 55
18 65
18 75
18 77
18 81
18 82
18 88
18 89
18 97
18 115
18 117
18 127
18 129
18 134
18 137
18 146
18 159
18 174
18 227
19 20
19 21
19 22
19 23
19 24
19 28
19 29
19 32
19 34
19 35
19 36
19 39
19 40
19 41
19 42
19 44
19 49
19 52
19 53
19 55
19 63
19 64
19 66
19 76
19 78
19 93
19 96
19 100
19 101
19 109
19 113
19 121
19 122
19 124
19 126
19 127
19 130
19 133
19 140
19 141
19 142
19 150
19 153
19 161
19 165
19 175
19 178
19 182
19 185
19 193
19 197
19 199
19 200
19 208
19 209
19 220
19 224
19 227
19 231
19 233
19 235
19 239
19 243
19 245
19 248
20 21
20 22
20 26
20 27
20 31
20 32
20 37
20 39
20 40
20 43
20 44
20 45
20 51
20 52
20 54
20 55
20 56
20 59
20 65
20 69
20 70
20 72
20 73
20 83
20 84
20 85
20 86
20 89
20 98
20 103
20 107
20 109
20 112
20 117
20 119
20 133
20 147
20 175
20 176
20 177
20 184
20 185
20 189
20 199
20 200
20 203
20 209
20 210
20 212
20 214
20 216
20 217
20 218
20 219
20 221
20 229
20 235
20 239
20 241
20 248
21 24
21 25
21 34
21 41
21 47
21 54
21 60
21 61
21 66
21 78
21 82
21 88
21 97
21 123
21 136
21 137
21 142
21 148
21 154
21 163
21 178
21 181
21 204
21 205
21 218
22 26
22 28
22 33
22 34
22 37
22 63
22 64
22 71
22 75
22 82
22 90
22 95
22 108
22 125
22 139
22 149
22 184
22 205
22 209
22 219
23 25
23 27
23 33
23 34
23 36
23 43
23 44
23 46
23 47
23 55
23 70
23 71
23 90
23 92
23 108
23 109
23 119
23 120
23 125
23 130
23 138
23 148
23 158
23 160
23 162
23 183
23 184
23 191
23 204
23 217
23 228
23 230
23 235
23 244
23 246
23 247
24 25
24 33
24 47
24 55
24 58
24 64
24 70
24 76
24 83
24 90
24 94
24 102
24 108
24 110
24 112
24 164
24 172
24 181
24 190
24 210
24 222
24 239
25 27
25 31
25 35
25 38
25 39
25 50
25 66
25 73
25 76
25 83
25 86
25 87
25 104
25 120
25 128
25 138
25 141
25 146
25 160
25 167
25 169
25 180
25 186
25 187
25 190
25 202
25 204
25 208
25 214
25 237
26 28
26 50
26 56
26 61
26 62
26 67
26 70
26 71
26 72
26 85
26 97
26 102
26 119
26 131
26 145
26 147
26 169
26 183
26 231
26 244
27 31
27 32
27 34
27 35
27 42
27 46
27 48
27 49
27 51
27 54
27 55
27 72
27 77
27 87
27 90
27 99
27 104
27 116
27 123
27 125
27 134
27 142
27 151
27 159
27 166
27 173
27 176
27 203
27 232
27 236
27 246
28 30
28 31
28 34
28 38
28 43
28 44
28 47
28 56
28 62
28 67
28 73
28 74
28 75
28 85
28 89
28 96
28 111
28 134
28 137
28 141
28 142
28 162
28 163
28 178
28 180
28 187
28 188
28 191
28 195
28 202
28 213
28 234
28 238
28 245
28 247
29 30
29 39
29 41
29 46
29 56
29 58
29 63
29 69
29 73
29 86
29 91
29 94
29 97
29 105
29 106
29 117
29 124
29 139
29 182
29 198
29 229
29 239
30 31
30 32
30 35
30 42
30 59
30 61
30 68
30 70
30 72
30 84
30 97
30 101
30 103
30 107
30 112
30 120
30 121
30 122
30 127
30 148
30 157
30 172
30 179
30 192
30 194
30 196
30 204
30 218
30 246
31 37
31 40
31 41
31 51
31 52
31 58
31 63
31 67
31 74
31 80
31 81
31 85
31 86
31 88
31 95
31 110
31 114
31 115
31 121
31 132
31 133
31 135
31 136
31 146
31 154
31 161
31 164
31 165
31 166
31 171
31 215
31 219
31 223
31 226
31 233
31 238
32 36
32 41
32 53
32 55
32 56
32 63
32 76
32 80
32 105
32 122
32 128
32 132
32 140
32 147
32 161
32 162
32 186
32 201
32 249
33 43
33 45
33 47
33 48
33 50
33 52
33 53
33 54
33 57
33 58
33 60
33 62
33 68
33 69
33 72
33 78
33 80
33 84
33 85
33 89
33 90
33 92
33 93
33 99
33 104
33 106
33 115
33 116
33 119
33 121
33 122
33 132
33 145
33 155
33 161
33 169
33 171
33 172
33 185
33 186
33 188
33 189
33 192
33 218
33 225
33 232
33 236
34 35
34 43
34 49
34 51
34 58
34 63
34 76
34 77
34 81
34 91
34 92
34 100
34 112
34 114
34 173
34 176
34 195
34 210
34 233
34 240
34 247
34 249
35 53
35 56
35 58
35 69
35 79
35 82
35 99
35 123
35 140
35 147
35 156
35 172
35 182
35 184
35 201
35 206
35 221
35 242
36 37
36 42
36 44
36 53
36 58
36 59
36 84
36 86
36 89
36 91
36 93
36 94
36 103
36 129
36 131
36 135
36 144
36 183
36 248
37 40
37 42
37 53
37 57
37 87
37 111
37 113
37 115
37 116
37 119
37 135
37 175
37 179
37 180
37 181
37 214
37 221
38 45
38 69
38 71
38 73
38 86
38 93
38 97
38 126
38 149
38 172
38 180
38 196
38 201
38 215
39 42
39 61
39 68
39 80
39 96
39 105
39 116
39 148
39 150
39 187
39 200
40 46
40 49
40 50
40 54
40 62
40 76
40 78
40 79
40 87
40 145
40 153
40 205
40 206
40 241
40 245
41 45
41 84
41 92
41 98
41 105
41 112
41 118
41 133
41 140
41 144
41 170
41 191
41 200
41 205
41 225
41 229
41 234
41 249
42 47
42 48
42 49
42 50
42 52
42 66
42 80
42 89
42 107
42 110
42 112
42 142
42 152
42 155
42 162
42 172
42 188
42 189
42 192
42 207
42 211
42 216
43 57
43 67
43 90
43 98
43 116
43 118
43 125
43 157
43 190
43 218
44 50
44 59
44 65
44 69
44 81
44 148
44 149
44 155
44 182
45 49
45 69
45 86
45 159
45 187
45 201
45 224
46 103
46 125
46 128
46 151
46 161
46 223
47 55
47 62
47 77
47 82
47 94
47 95
47 140
47 165
47 244
48 49
48 61
48 62
48 65
48 73
48 75
48 86
48 91
48 96
48 118
48 183
48 204
48 205
48 248
49 50
49 53
49 66
49 77
49 83
49 85
49 109
49 111
49 114
49 122
49 123
49 130
49 151
49 155
49 210
50 88
50 113
50 115
50 118
50 124
50 131
50 132
50 198
50 203
50 208
50 220
50 229
50 242
51 72
51 89
51 107
51 115
51 126
51 141
51 146
51 153
51 179
51 194
51 195
51 201
51 203
51 222
51 231
52 60
52 68
52 101
52 102
52 117
52 131
52 135
52 140
52 142
52 150
52 155
52 172
52 178
52 191
52 203
52 209
52 211
52 229
52 237
52 247
53 60
53 61
53 69
53 79
53 95
53 110
53 111
53 123
53 133
53 155
53 187
53 225
53 229
53 240
54 59
54 61
54 62
54 93
54 119
54 141
54 151
54 156
54 161
54 165
54 191
54 212
54 228
54 239
55 67
55 74
55 78
55 96
55 114
55 147
55 180
55 196
55 216
56 65
56 70
56 77
56 116
56 132
56 154
56 168
56 191
56 193
56 207
57 59
57 68
57 71
57 85
57 93
57 96
57 118
57 133
57 138
57 154
57 160
57 163
57 206
57 207
57 210
57 230
57 237
58 62
58 64
58 100
58 106
58 125
58 136
58 161
58 181
58 201
58 224
59 65
59 66
59 72
59 78
59 79
59 90
59 94
59 98
59 99
59 101
59 102
59 105
59 107
59 111
59 115
59 121
59 126
59 159
59 162
59 165
59 168
59 170
59 175
59 187
59 188
59 200
59 216
59 220
59 222
60 64
60 66
60 67
60 70
60 72
60 74
60 81
60 103
60 106
60 117
60 124
60 134
60 143
60 150
60 176
60 179
60 198
60 246
61 80
61 107
61 108
61 128
61 143
61 148
61 152
61 206
61 214
61 215
62 68
62 86
62 87
62 98
62 120
62 129
62 131
62 157
62 163
62 167
62 168
62 174
62 197
63 75
63 78
63 93
63 114
63 120
63 145
63 154
63 156
63 185
63 199
63 204
63 214
63 240
63 242
63 243
64 66
64 82
64 104
64 114
64 117
64 128
64 144
64 154
64 197
64 239
65 68
65 74
65 77
65 97
65 100
65 130
65 149
65 151
65 155
65 161
65 176
65 184
65 208
65 233
65 242
66 95
66 96
66 128
66 214
67 80
67 104
67 117
67 123
67 148
67 150
67 175
67 198
68 83
68 114
68 119
68 138
68 203
68 238
68 242
69 71
69 74
69 83
69 87
69 120
69 138
69 150
69 153
69 169
69 173
69 184
69 234
70 82
70 83
70 98
70 99
70 139
70 150
70 158
70 236
71 88
71 94
71 113
71 118
71 166
71 175
71 199
72 81
72 82
72 104
72 115
72 136
72 150
72 172
72 173
72 186
73 103
73 105
73 109
73 112
73 118
73 121
73 187
73 219
73 231
73 244
74 80
74 89
74 109
74 137
74 155
74 197
74 221
75 80
75 92
75 111
75 130
75 132
75 139
75 152
75 165
75 212
75 217
75 237
75 243
76 85
76 126
76 130
76 137
76 153
76 164
76 170
76 178
76 188
76 206
76 208
76 212
76 213
76 237
77 94
77 98
77 104
77 130
77 156
77 170
78 99
78 121
78 141
78 145
78 156
79 100
79 101
79 104
79 105
79 119
79 124
79 139
79 158
79 214
79 217
80 124
80 142
80 144
80 147
80 167
80 168
80 175
80 183
80 187
80 249
81 102
81 108
81 110
81 113
81 131
81 158
81 177
82 122
82 160
82 166
82 181
83 106
83 126
83 178
83 210
83 213
83 235
83 245
83 246
84 88
84 106
84 129
84 166
84 171
84 188
84 212
84 238
85 92
85 152
85 189
85 196
85 208
85 211
86 171
86 193
86 218
87 95
87 129
87 143
87 174
87 195
87 224
87 242
88 140
88 167
88 169
88 198
88 217
89 91
89 141
89 143
89 197
89 227
90 97
90 103
90 125
90 145
90 165
90 174
90 177
90 182
90 183
90 190
90 214
90 230
90 234
91 94
91 111
91 141
91 221
92 93
92 103
92 127
92 136
92 152
92 171
92 178
92 207
92 237
93 102
93 127
93 203
93 227
93 238
93 249
94 110
94 118
94 189
94 209
94 221
94 234
94 237
94 248
95 115
95 157
95 207
95 230
95 231
96 107
96 108
96 119
96 123
96 135
96 136
96 165
96 171
96 185
97 107
97 134
97 137
97 149
97 162
97 231
98 106
98 116
98 125
98 145
98 166
98 189
98 199
98 201
98 216
98 218
98 222
98 233
99 120
99 121
99 130
99 140
99 151
99 152
99 168
99 203
99 219
99 223
99 224
99 226
99 243
99 245
100 106
100 157
100 180
100 217
101 105
101 132
101 173
101 199
101 207
101 247
102 120
103 133
103 186
103 188
103 226
104 109
104 134
104 149
104 189
104 193
104 216
104 225
104 226
104 231
104 234
104 245
105 110
105 129
105 147
105 177
105 179
105 188
105 193
105 244
105 249
106 113
106 117
106 225
106 226
106 230
107 117
107 144
107 146
107 168
107 181
107 212
107 220
107 237
107 238
107 244
108 126
109 121
109 127
109 177
109 212
110 116
110 129
110 147
110 152
110 179
110 192
110 194
110 195
110 231
110 247
111 192
111 196
111 205
111 209
112 120
112 160
112 185
112 209
113 135
113 142
113 157
113 163
113 164
113 184
113 191
113 206
113 214
113 223
114 120
114 134
114 143
114 146
114 158
114 186
114 230
114 233
114 240
115 159
115 217
116 122
116 137
116 138
116 161
116 173
116 175
116 192
116 216
116 228
116 232
118 151
118 159
119 141
119 160
119 206
120 135
120 137
120 144
120 169
120 203
120 218
120 239
121 143
121 158
121 163
121 170
121 199
123 136
123 204
123 226
123 248
124 127
124 169
124 227
125 166
125 181
126 158
126 165
126 183
126 210
126 218
126 223
127 138
127 164
127 194
127 219
127 223
127 233
128 142
128 228
129 132
129 134
129 135
129 157
129 159
129 164
129 173
129 188
129 208
129 247
130 134
130 170
130 171
130 174
130 175
130 233
131 144
131 156
131 177
131 190
131 207
131 210
132 166
132 169
132 215
133 175
133 195
133 216
133 226
133 234
133 235
134 144
134 147
134 154
134 165
134 211
134 215
134 226
134 228
135 139
135 145
135 202
136 139
136 164
136 177
136 186
136 196
136 226
137 190
138 193
138 201
138 211
138 240
139 153
139 160
139 168
140 178
140 186
141 146
141 182
141 216
142 229
143 190
144 164
144 204
144 220
145 148
145 167
145 176
145 182
145 190
145 213
145 215
145 236
146 177
146 206
146 214
146 217
146 223
147 227
147 238
148 150
148 163
148 170
148 186
148 222
149 236
150 162
150 167
150 168
150 177
150 196
150 202
150 208
150 240
151 163
151 185
151 199
151 225
152 209
152 245
152 246
153 154
153 156
153 161
153 171
153 211
153 237
154 230
155 235
156 160
156 167
156 171
156 233
156 236
157 163
157 224
158 220
158 234
158 236
159 211
160 173
160 243
161 194
162 174
163 200
163 216
163 241
164 169
164 195
164 202
166 206
168 174
168 190
168 198
168 205
168 221
168 241
168 244
169 174
169 179
169 195
169 222
169 225
169 242
170 179
171 241
172 232
173 180
173 193
173 224
174 194
174 242
176 236
176 247
177 192
177 203
177 205
178 192
178 204
179 202
180 240
181 234
182 202
182 205
183 211
184 196
185 222
186 195
187 248
188 191
188 239
189 238
190 238
191 217
191 231
192 205
192 222
192 228
192 236
195 228
196 245
197 204
198 200
198 209
198 248
199 212
200 227
202 243
204 208
205 207
205 220
206 222
210 219
210 220
210 230
211 225
211 232
211 243
214 243
215 241
217 223
219 224
219 228
220 227
220 235
221 222
228 234
228 238
229 232
232 235
233 242
235 245
237 242
