0 1
0 2
0 3
0 4
0 5
0 6
0 7
0 8
0 9
0 10
0 11
0 12
0 13
0 14
0 15
0 16
0 17
0 18
0 19
0 20
0 21
0 22
0 23
0 24
0 25
0 26
0 27
0 28
0 29
0 30
0 33
0 34
0 35
0 38
0 40
0 42
0 43
0 44
0 45
0 46
0 48
0 49
0 50
0 51
0 53
0 55
0 56
0 57
0 58
0 62
0 63
0 64
0 65
0 66
0 67
0 68
0 70
0 74
0 75
0 78
0 79
0 80
0 83
0 84
0 91
0 92
0 93
0 95
0 97
0 98
0 100
0 101
0 107
0 108
0 111
0 113
0 116
0 117
0 118
0 131
0 133
0 134
0 136
0 139
0 140
0 143
0 144
0 148
0 149
0 150
0 152
0 153
0 155
0 159
0 174
0 176
0 181
0 183
0 185
0 188
0 192
0 197
0 198
0 201
0 204
0 207
0 211
0 214
0 215
0 218
0 219
0 221
0 231
0 234
0 235
0 237
0 240
0 241
0 245
1 17
1 18
1 19
1 20
1 21
1 23
1 24
1 25
1 29
1 31
1 38
1 42
1 44
1 52
1 55
1 57
1 61
1 63
1 64
1 68
1 69
1 103
1 106
1 109
1 114
1 121
1 123
1 125
1 129
1 133
1 136
1 138
1 140
1 145
1 149
1 154
1 161
1 162
1 172
1 177
1 179
1 201
1 203
1 206
1 221
1 239
1 242
1 247
2 17
2 18
2 19
2 20
2 21
2 23
2 24
2 26
2 27
2 29
2 30
2 32
2 33
2 34
2 35
2 36
2 37
2 38
2 41
2 42
2 44
2 50
2 59
2 61
2 67
2 69
2 73
2 74
2 76
2 81
2 87
2 107
2 108
2 118
2 136
2 137
2 145
2 146
2 150
2 151
2 158
2 167
2 168
2 176
2 178
2 180
2 190
2 202
2 208
2 220
2 221
2 226
2 241
2 246
3 17
3 18
3 19
3 20
3 21
3 22
3 24
3 25
3 26
3 27
3 32
3 36
3 38
3 39
3 41
3 43
3 51
3 52
3 55
3 57
3 74
3 92
3 99
3 111
3 120
3 172
3 176
3 183
3 185
3 189
3 207
3 210
3 237
3 239
4 17
4 18
4 19
4 20
4 21
4 22
4 25
4 30
4 31
4 33
4 35
4 38
4 40
4 43
4 46
4 48
4 60
4 63
4 65
4 67
4 72
4 77
4 82
4 86
4 100
4 106
4 108
4 114
4 116
4 117
4 120
4 123
4 126
4 127
4 144
4 153
4 154
4 157
4 162
4 164
4 168
4 171
4 175
4 176
4 178
4 189
4 194
4 210
4 213
4 215
4 216
4 229
4 230
4 231
4 243
4 244
5 17
5 18
5 20
5 22
5 24
5 25
5 26
5 27
5 28
5 29
5 31
5 32
5 33
5 34
5 36
5 37
5 38
5 40
5 41
5 42
5 43
5 45
5 46
5 56
5 57
5 58
5 60
5 63
5 65
5 67
5 70
5 71
5 74
5 79
5 86
5 98
5 99
5 100
5 113
5 127
5 130
5 138
5 141
5 142
5 147
5 152
5 153
5 156
5 158
5 159
5 160
5 163
5 178
5 183
5 185
5 200
5 201
5 202
5 206
5 212
5 215
5 216
5 224
5 229
5 244
6 17
6 19
6 20
6 21
6 22
6 23
6 26
6 27
6 32
6 41
6 48
6 50
6 53
6 54
6 59
6 67
6 87
6 93
6 97
6 120
6 122
6 127
6 130
6 162
6 172
6 191
6 198
6 218
6 232
7 17
7 18
7 19
7 22
7 24
7 25
7 26
7 27
7 31
7 32
7 33
7 37
7 41
7 47
7 52
7 54
7 58
7 60
7 73
7 74
7 80
7 89
7 97
7 104
7 107
7 133
7 150
7 175
7 203
7 211
7 226
7 248
8 17
8 19
8 20
8 22
8 23
8 32
8 36
8 42
8 55
8 57
8 69
8 71
8 81
8 84
8 86
8 91
8 98
8 99
8 122
8 172
8 179
8 190
8 195
8 207
8 238
8 248
9 17
9 18
9 20
9 21
9 22
9 24
9 25
9 26
9 27
9 28
9 31
9 34
9 35
9 42
9 43
9 45
9 47
9 48
9 57
9 58
9 68
9 78
9 80
9 85
9 90
9 92
9 98
9 102
9 107
9 109
9 115
9 118
9 122
9 128
9 129
9 132
9 134
9 135
9 138
9 155
9 157
9 161
9 162
9 172
9 178
9 181
9 184
9 190
9 197
9 202
9 210
9 213
9 215
9 224
9 227
9 239
9 241
9 244
9 246
10 17
10 18
10 19
10 20
10 21
10 23
10 25
10 27
10 30
10 43
10 47
10 50
10 58
10 60
10 62
10 75
10 79
10 89
10 100
10 102
10 118
10 122
10 125
10 127
10 154
10 161
10 173
10 222
10 223
10 224
10 233
11 17
11 18
11 19
11 21
11 22
11 23
11 27
11 28
11 47
11 89
11 94
11 109
11 111
11 119
11 123
11 124
11 133
11 139
11 158
11 182
11 190
11 194
11 209
12 18
12 19
12 20
12 23
12 37
12 45
12 54
12 70
12 75
12 108
12 145
12 159
12 179
12 180
12 182
12 197
12 211
12 222
13 17
13 18
13 19
13 21
13 22
13 23
13 26
13 27
13 29
13 30
13 31
13 33
13 35
13 40
13 45
13 46
13 48
13 55
13 56
13 57
13 58
13 61
13 62
13 64
13 65
13 67
13 68
13 72
13 74
13 79
13 95
13 99
13 105
13 109
13 117
13 125
13 134
13 136
13 141
13 145
13 171
13 185
13 205
13 208
13 212
13 214
14 17
14 18
14 24
14 30
14 31
14 46
14 49
14 54
14 58
14 79
14 86
14 126
14 127
14 130
14 144
14 170
14 196
14 236
14 244
14 247
15 17
15 18
15 19
15 20
15 21
15 22
15 23
15 28
15 30
15 32
15 33
15 39
15 46
15 56
15 57
15 65
15 68
15 70
15 72
15 81
15 85
15 87
15 96
15 98
15 99
15 108
15 116
15 118
15 120
15 123
15 131
15 132
15 135
15 147
15 151
15 165
15 172
15 174
15 175
15 203
15 209
15 237
15 248
16 17
16 18
16 19
16 20
16 21
16 23
16 24
16 26
16 28
16 29
16 31
16 35
16 38
16 44
16 45
16 58
16 67
16 70
16 73
16 76
16 88
16 90
16 93
16 94
16 96
16 103
16 120
16 125
16 132
16 138
16 150
16 156
16 159
16 182
16 183
16 187
16 193
16 216
16 226
16 241
16 243
17 18
17 19
17 20
17 21
17 22
17 24
17 25
17 26
17 28
17 29
17 30
17 31
17 32
17 33
17 35
17 36
17 38
17 42
17 43
17 44
17 46
17 47
17 48
17 49
17 50
17 51
17 52
17 53
17 54
17 55
17 61
17 62
17 63
17 66
17 69
17 73
17 74
17 75
17 80
17 81
17 82
17 84
17 89
17 91
17 92
17 94
17 97
17 99
17 100
17 101
17 102
17 104
17 110
17 114
17 115
17 117
17 121
17 123
17 125
17 126
17 128
17 129
17 132
17 135
17 136
17 137
17 138
17 145
17 153
17 164
17 167
17 172
17 177
17 190
17 192
17 202
17 207
17 213
17 217
17 219
17 220
17 222
17 225
17 230
17 231
17 233
17 234
17 242
17 245
17 246
18 19
18 20
18 21
18 22
18 23
18 24
18 25
18 27
18 28
18 29
18 30
18 31
18 36
18 40
18 41
18 42
18 43
18 44
18 45
18 46
18 48
18 49
18 58
18 59
18 60
18 62
18 63
18 64
18 65
18 72
18 73
18 78
18 88
18 89
18 94
18 95
18 96
18 100
18 101
18 105
18 107
18 108
18 109
18 115
18 119
18 121
18 132
18 135
18 137
18 138
18 139
18 142
18 147
18 151
18 154
18 155
18 156
18 166
18 167
18 168
18 180
18 185
18 188
18 189
18 192
18 196
18 198
18 205
18 213
18 222
18 224
18 233
18 239
18 245
18 246
18 247
19 20
19 21
19 22
19 23
19 24
19 25
19 28
19 29
19 30
19 31
19 32
19 34
19 35
19 36
19 37
19 39
19 42
19 44
19 46
19 48
19 49
19 51
19 53
19 56
19 57
19 58
19 59
19 60
19 67
19 72
19 75
19 78
19 83
19 84
19 89
19 90
19 91
19 97
19 98
19 99
19 103
19 120
19 122
19 124
19 125
19 127
19 128
19 131
19 143
19 144
19 145
19 146
19 154
19 164
19 188
19 189
19 191
19 204
19 205
19 206
19 209
19 211
19 212
19 228
19 241
19 249
20 21
20 22
20 23
20 24
20 25
20 26
20 27
20 28
20 30
20 31
20 33
20 34
20 37
20 38
20 49
20 52
20 53
20 55
20 57
20 61
20 63
20 64
20 66
20 76
20 77
20 79
20 80
20 87
20 88
20 89
20 91
20 93
20 95
20 101
20 102
20 105
20 106
20 117
20 121
20 123
20 125
20 129
20 131
20 135
20 141
20 147
20 148
20 150
20 152
20 156
20 158
20 167
20 171
20 175
20 177
20 181
20 182
20 186
20 187
20 197
20 198
20 203
20 209
20 212
20 214
20 215
20 219
21 22
21 23
21 24
21 25
21 26
21 28
21 29
21 30
21 32
21 34
21 35
21 36
21 37
21 39
21 43
21 44
21 45
21 48
21 49
21 51
21 52
21 56
21 59
21 60
21 64
21 65
21 75
21 77
21 79
21 84
21 86
21 87
21 88
21 92
21 94
21 96
21 106
21 110
21 111
21 112
21 113
21 114
21 116
21 122
21 127
21 128
21 129
21 132
21 140
21 145
21 149
21 160
21 164
21 165
21 169
21 170
21 172
21 174
21 187
21 206
21 213
21 216
21 217
21 226
21 234
21 235
21 247
21 248
22 23
22 24
22 25
22 26
22 27
22 28
22 30
22 31
22 32
22 33
22 34
22 35
22 36
22 39
22 40
22 45
22 47
22 48
22 50
22 52
22 53
22 54
22 56
22 59
22 64
22 68
22 69
22 72
22 73
22 74
22 76
22 77
22 78
22 80
22 83
22 84
22 90
22 93
22 95
22 96
22 104
22 116
22 118
22 132
22 133
22 136
22 141
22 144
22 145
22 147
22 148
22 150
22 152
22 153
22 155
22 166
22 169
22 174
22 178
22 180
22 181
22 208
22 215
22 218
22 234
22 237
22 238
22 239
22 244
23 24
23 25
23 26
23 27
23 29
23 30
23 32
23 33
23 34
23 35
23 36
23 37
23 39
23 40
23 42
23 43
23 44
23 47
23 49
23 50
23 51
23 53
23 58
23 61
23 63
23 67
23 70
23 71
23 75
23 76
23 77
23 78
23 79
23 80
23 82
23 84
23 85
23 87
23 88
23 89
23 90
23 92
23 99
23 101
23 104
23 106
23 108
23 114
23 116
23 120
23 126
23 129
23 130
23 131
23 137
23 138
23 142
23 148
23 150
23 155
23 160
23 162
23 164
23 165
23 168
23 170
23 171
23 177
23 180
23 186
23 196
23 198
23 203
23 204
23 212
23 221
23 224
23 238
24 25
24 26
24 27
24 28
24 29
24 31
24 32
24 33
24 36
24 39
24 40
24 41
24 45
24 46
24 48
24 49
24 54
24 59
24 65
24 66
24 68
24 72
24 73
24 78
24 80
24 83
24 84
24 86
24 87
24 88
24 89
24 93
24 96
24 107
24 117
24 124
24 127
24 128
24 130
24 133
24 134
24 137
24 142
24 148
24 149
24 151
24 153
24 160
24 161
24 168
24 174
24 176
24 177
24 180
24 181
24 193
24 194
24 199
24 201
24 210
24 212
24 220
24 221
24 227
24 229
24 233
24 239
24 244
25 26
25 27
25 28
25 29
25 31
25 33
25 34
25 35
25 36
25 37
25 38
25 39
25 40
25 41
25 42
25 47
25 51
25 66
25 70
25 72
25 73
25 75
25 84
25 88
25 90
25 94
25 103
25 109
25 115
25 118
25 121
25 128
25 130
25 137
25 141
25 151
25 160
25 168
25 171
25 185
25 195
25 210
25 213
25 217
25 243
25 246
26 28
26 29
26 35
26 37
26 39
26 43
26 44
26 45
26 46
26 51
26 60
26 62
26 69
26 71
26 77
26 78
26 83
26 84
26 88
26 91
26 92
26 97
26 107
26 110
26 113
26 118
26 119
26 121
26 124
26 125
26 126
26 128
26 131
26 138
26 150
26 153
26 158
26 166
26 171
26 180
26 187
26 201
26 204
26 219
26 233
26 234
26 236
26 242
26 243
26 246
26 249
27 28
27 29
27 30
27 32
27 33
27 34
27 35
27 37
27 38
27 39
27 40
27 41
27 42
27 50
27 51
27 53
27 54
27 64
27 65
27 70
27 73
27 74
27 91
27 93
27 94
27 99
27 107
27 114
27 124
27 133
27 135
27 136
27 139
27 142
27 146
27 150
27 160
27 167
27 172
27 173
27 183
27 188
27 195
27 196
27 197
27 213
27 223
27 224
27 226
27 227
27 228
27 229
27 231
27 233
27 236
27 239
27 241
28 29
28 32
28 36
28 39
28 44
28 55
28 56
28 62
28 75
28 86
28 88
28 95
28 101
28 112
28 115
28 117
28 125
28 131
28 144
28 154
28 156
28 162
28 166
28 175
28 182
28 198
28 209
28 222
28 232
28 233
28 245
28 249
29 30
29 31
29 33
29 34
29 36
29 39
29 41
29 46
29 49
29 50
29 53
29 54
29 59
29 64
29 65
29 69
29 72
29 74
29 75
29 79
29 85
29 87
29 112
29 113
29 115
29 117
29 128
29 145
29 147
29 152
29 157
29 164
29 168
29 170
29 172
29 179
29 192
29 193
29 200
29 208
29 218
29 220
29 227
29 229
29 237
29 242
29 247
30 32
30 33
30 34
30 36
30 37
30 39
30 41
30 45
30 46
30 48
30 49
30 50
30 52
30 57
30 59
30 60
30 61
30 70
30 75
30 77
30 78
30 86
30 88
30 89
30 94
30 98
30 100
30 107
30 110
30 111
30 113
30 115
30 116
30 124
30 127
30 134
30 140
30 143
30 152
30 156
30 160
30 162
30 165
30 167
30 175
30 177
30 182
30 193
30 196
30 218
30 219
30 220
30 224
30 227
30 230
30 232
30 235
30 237
30 248
31 34
31 35
31 37
31 38
31 41
31 42
31 43
31 46
31 47
31 48
31 53
31 57
31 61
31 62
31 64
31 67
31 71
31 73
31 78
31 81
31 82
31 86
31 89
31 90
31 93
31 94
31 95
31 103
31 105
31 106
31 107
31 125
31 132
31 137
31 138
31 148
31 158
31 164
31 179
31 201
31 207
31 223
31 231
31 233
32 34
32 37
32 40
32 44
32 50
32 53
32 68
32 70
32 79
32 81
32 92
32 96
32 103
32 104
32 107
32 108
32 123
32 125
32 126
32 130
32 131
32 142
32 143
32 145
32 147
32 155
32 159
32 183
32 187
32 195
32 196
32 199
32 204
32 207
32 235
32 238
32 241
33 34
33 35
33 38
33 40
33 41
33 43
33 44
33 49
33 50
33 52
33 53
33 59
33 60
33 61
33 65
33 66
33 68
33 76
33 77
33 79
33 91
33 95
33 101
33 102
33 104
33 105
33 106
33 111
33 113
33 114
33 118
33 119
33 126
33 129
33 130
33 140
33 141
33 142
33 152
33 153
33 159
33 166
33 174
33 181
33 182
33 187
33 188
33 191
33 192
33 204
33 208
33 228
33 231
33 236
33 240
34 38
34 39
34 43
34 48
34 51
34 55
34 56
34 61
34 66
34 68
34 71
34 77
34 79
34 87
34 94
34 98
34 102
34 105
34 109
34 111
34 123
34 132
34 136
34 145
34 158
34 159
34 188
34 190
34 194
34 197
34 198
34 203
34 207
34 220
34 229
34 231
34 233
35 36
35 37
35 38
35 39
35 40
35 41
35 42
35 43
35 49
35 51
35 52
35 53
35 54
35 55
35 60
35 61
35 63
35 68
35 71
35 82
35 90
35 92
35 93
35 96
35 104
35 105
35 108
35 109
35 110
35 112
35 114
35 116
35 118
35 120
35 124
35 125
35 143
35 144
35 145
35 146
35 152
35 155
35 157
35 163
35 165
35 175
35 185
35 192
35 195
35 211
35 217
35 221
35 236
35 246
35 248
36 37
36 41
36 45
36 47
36 51
36 54
36 58
36 59
36 69
36 70
36 71
36 102
36 104
36 106
36 107
36 108
36 109
36 110
36 128
36 130
36 135
36 140
36 149
36 158
36 169
36 195
36 198
36 218
36 221
36 224
36 227
36 234
36 239
36 241
36 246
37 38
37 40
37 41
37 42
37 44
37 47
37 56
37 60
37 62
37 65
37 80
37 85
37 86
37 91
37 92
37 100
37 113
37 115
37 142
37 144
37 155
37 170
37 180
37 186
37 188
37 190
37 194
37 196
37 239
37 244
37 249
38 39
38 40
38 42
38 46
38 48
38 50
38 51
38 52
38 54
38 56
38 57
38 59
38 62
38 63
38 68
38 70
38 82
38 88
38 93
38 96
38 99
38 100
38 117
38 131
38 134
38 135
38 136
38 140
38 142
38 145
38 146
38 165
38 169
38 171
38 183
38 184
38 193
38 204
38 206
38 210
39 40
39 44
39 46
39 47
39 49
39 52
39 53
39 54
39 55
39 57
39 64
39 66
39 69
39 75
39 77
39 82
39 85
39 91
39 92
39 97
39 103
39 104
39 106
39 109
39 112
39 114
39 118
39 124
39 127
39 132
39 134
39 137
39 142
39 143
39 145
39 152
39 155
39 157
39 163
39 164
39 168
39 171
39 173
39 175
39 179
39 183
39 197
39 202
39 205
39 208
39 223
39 230
39 231
39 232
39 240
39 243
39 247
39 248
40 45
40 47
40 52
40 58
40 64
40 66
40 69
40 71
40 74
40 76
40 78
40 81
40 82
40 90
40 94
40 98
40 103
40 107
40 121
40 122
40 123
40 129
40 138
40 148
40 150
40 155
40 157
40 159
40 161
40 164
40 168
40 170
40 171
40 183
40 187
40 188
40 195
40 196
40 200
40 202
40 211
40 236
40 240
41 45
41 47
41 49
41 52
41 53
41 54
41 55
41 56
41 66
41 71
41 73
41 76
41 84
41 86
41 88
41 89
41 110
41 128
41 142
41 156
41 158
41 159
41 160
41 162
41 165
41 187
41 220
41 238
41 239
41 243
42 43
42 44
42 47
42 52
42 60
42 69
42 70
42 71
42 72
42 83
42 86
42 91
42 92
42 99
42 100
42 103
42 107
42 119
42 129
42 138
42 149
42 152
42 156
42 174
42 175
42 184
42 188
42 190
42 192
42 202
42 203
42 215
42 217
42 231
42 238
42 243
42 244
43 45
43 55
43 64
43 66
43 67
43 69
43 78
43 81
43 88
43 96
43 97
43 99
43 104
43 114
43 186
43 232
43 249
44 53
44 56
44 61
44 62
44 67
44 74
44 76
44 77
44 95
44 97
44 143
44 144
44 162
44 172
44 176
44 178
44 189
44 194
44 195
44 206
44 207
45 47
45 48
45 49
45 50
45 51
45 72
45 76
45 85
45 87
45 97
45 99
45 110
45 112
45 114
45 121
45 124
45 129
45 139
45 149
45 157
45 158
45 163
45 164
45 186
45 221
46 50
46 56
46 58
46 69
46 75
46 76
46 98
46 101
46 106
46 118
46 119
46 123
46 124
46 130
46 165
46 166
46 167
46 169
46 173
46 177
46 181
46 197
46 204
46 218
46 241
46 244
46 247
47 50
47 52
47 61
47 62
47 64
47 65
47 69
47 70
47 74
47 76
47 81
47 82
47 89
47 98
47 100
47 103
47 104
47 112
47 113
47 127
47 146
47 152
47 153
47 160
47 174
47 187
47 200
47 202
47 215
47 232
47 244
48 51
48 59
48 71
48 76
48 78
48 83
48 90
48 92
48 93
48 95
48 100
48 102
48 112
48 124
48 131
48 132
48 133
48 164
48 165
48 166
48 187
48 198
48 200
48 205
48 212
48 215
48 222
48 228
48 243
48 247
49 51
49 56
49 62
49 67
49 69
49 74
49 101
49 110
49 112
49 138
49 150
49 151
49 157
49 168
49 175
49 176
49 192
49 194
49 196
49 204
49 221
49 242
49 249
50 55
50 56
50 59
50 61
50 79
50 83
50 84
50 85
50 88
50 92
50 115
50 120
50 128
50 144
50 161
50 169
50 170
50 174
50 201
50 223
50 228
50 235
50 243
50 246
51 54
51 57
51 59
51 60
51 66
51 71
51 72
51 77
51 78
51 90
51 97
51 102
51 110
51 130
51 132
51 135
51 170
51 180
51 196
51 198
51 208
51 213
51 218
51 221
51 222
51 224
51 227
51 235
51 237
52 55
52 58
52 61
52 63
52 66
52 70
52 81
52 82
52 91
52 108
52 110
52 133
52 137
52 138
52 149
52 158
52 173
52 175
52 180
52 185
52 205
52 209
52 211
52 217
52 231
52 246
53 54
53 55
53 58
53 62
53 73
53 78
53 79
53 83
53 84
53 85
53 86
53 88
53 95
53 100
53 106
53 108
53 110
53 114
53 121
53 133
53 135
53 141
53 150
53 154
53 160
53 186
53 199
53 220
53 249
54 57
54 63
54 65
54 66
54 71
54 87
54 96
54 102
54 117
54 120
54 126
54 131
54 146
54 155
54 162
54 167
54 171
54 180
54 206
54 229
54 248
55 60
55 63
55 65
55 66
55 67
55 68
55 72
55 73
55 77
55 82
55 83
55 100
55 103
55 105
55 121
55 122
55 126
55 133
55 140
55 141
55 142
55 153
55 155
55 163
55 170
55 193
55 209
55 217
55 227
55 228
56 59
56 62
56 65
56 71
56 72
56 74
56 78
56 83
56 85
56 90
56 95
56 98
56 102
56 103
56 105
56 109
56 126
56 127
56 147
56 153
56 157
56 158
56 165
56 167
56 193
56 194
56 203
56 209
56 214
56 221
56 235
56 245
57 64
57 67
57 73
57 77
57 80
57 81
57 82
57 83
57 117
57 126
57 128
57 132
57 134
57 161
57 162
57 166
57 170
57 173
57 182
57 186
57 203
57 205
57 209
57 225
57 228
58 63
58 67
58 73
58 75
58 85
58 91
58 104
58 117
58 124
58 141
58 142
58 167
58 168
58 180
58 190
58 196
58 208
58 221
58 229
58 242
59 60
59 61
59 63
59 76
59 77
59 94
59 96
59 108
59 112
59 114
59 115
59 121
59 130
59 137
59 140
59 148
59 173
59 189
59 195
59 198
59 200
59 213
59 219
59 221
59 224
59 230
59 231
59 233
59 242
59 243
60 62
60 69
60 81
60 82
60 84
60 92
60 119
60 128
60 134
60 146
60 147
60 154
60 156
60 163
60 205
60 214
60 216
60 222
60 225
60 226
60 227
60 234
61 64
61 66
61 75
61 76
61 79
61 83
61 85
61 94
61 95
61 96
61 98
61 101
61 119
61 146
61 151
61 152
61 156
61 161
61 164
61 166
61 177
61 178
61 180
61 192
61 201
61 203
61 216
61 223
61 233
61 234
61 242
62 63
62 68
62 83
62 85
62 86
62 94
62 98
62 110
62 111
62 120
62 122
62 135
62 136
62 139
62 155
62 160
62 162
62 170
62 182
62 184
62 188
62 189
62 191
62 192
62 195
62 203
62 205
62 206
62 208
62 220
62 226
63 68
63 75
63 93
63 98
63 119
63 123
63 133
63 136
63 144
63 216
63 246
64 73
64 80
64 81
64 83
64 84
64 85
64 88
64 101
64 116
64 117
64 120
64 123
64 130
64 131
64 132
64 151
64 163
64 187
64 192
64 199
64 202
64 203
64 205
64 212
64 221
64 243
65 68
65 80
65 90
65 122
65 125
65 131
65 136
65 137
65 146
65 147
65 194
65 209
65 214
65 238
65 244
66 72
66 86
66 90
66 95
66 110
66 111
66 126
66 149
66 151
66 182
66 191
66 193
66 214
67 71
67 72
67 80
67 85
67 89
67 92
67 105
67 106
67 115
67 117
67 140
67 181
67 184
67 194
67 216
67 226
67 232
67 236
68 87
68 101
68 103
68 104
68 105
68 111
68 112
68 128
68 150
68 184
68 191
68 196
68 217
68 236
69 70
69 74
69 76
69 105
69 106
69 109
69 111
69 119
69 156
69 168
69 191
69 209
69 210
69 226
69 235
69 249
70 82
70 105
70 119
70 140
70 143
70 178
70 180
70 201
70 202
70 206
70 211
70 234
70 235
71 82
71 87
71 90
71 102
71 105
71 116
71 125
71 128
71 157
71 173
71 199
71 225
72 81
72 83
72 87
72 96
72 97
72 104
72 109
72 110
72 118
72 129
72 134
72 137
72 167
72 168
72 175
72 182
72 191
72 195
72 197
72 210
72 232
72 236
72 242
72 243
72 244
73 90
73 108
73 131
73 143
73 169
73 186
73 197
73 210
73 217
73 237
74 81
74 86
74 93
74 96
74 102
74 106
74 112
74 164
74 169
74 208
74 224
75 77
75 84
75 93
75 102
75 103
75 107
75 116
75 118
75 129
75 134
75 139
75 146
75 154
75 155
75 156
75 163
75 172
75 176
75 186
75 218
75 219
75 220
75 224
75 226
75 230
75 242
76 79
76 100
76 159
76 189
76 197
76 225
77 80
77 81
77 87
77 89
77 99
77 101
77 110
77 116
77 119
77 139
77 144
77 147
77 156
77 184
77 216
77 227
77 238
78 80
78 91
78 95
78 97
78 99
78 108
78 123
78 126
78 133
78 140
78 141
78 144
78 171
78 173
78 185
78 201
78 230
79 80
79 82
79 101
79 118
79 124
79 129
79 157
79 163
79 178
79 181
79 193
80 87
80 103
80 114
80 115
80 122
80 133
80 140
80 162
80 170
80 172
80 184
80 215
80 222
80 226
80 230
80 233
80 236
80 240
80 248
81 85
81 91
81 101
81 113
81 117
81 123
81 133
81 153
81 174
81 178
81 179
81 183
81 186
81 188
81 193
81 200
81 225
81 230
81 245
82 99
82 122
82 138
82 139
82 206
83 98
83 113
83 117
83 129
83 149
83 169
83 199
83 213
83 247
84 102
84 104
84 111
84 119
84 126
84 132
84 137
84 141
84 176
84 202
84 211
84 218
84 223
84 225
84 240
84 241
84 245
85 97
85 103
85 113
85 122
85 142
85 146
85 186
85 207
86 89
86 97
86 123
86 128
86 143
86 146
86 151
86 173
86 205
86 235
86 239
86 246
87 93
87 105
87 112
87 120
87 121
87 132
87 134
87 148
87 168
87 176
87 212
87 214
87 219
87 220
87 231
87 244
88 93
88 94
88 97
88 102
88 106
88 109
88 114
88 120
88 146
88 155
88 193
88 202
88 214
88 246
89 91
89 108
89 109
89 111
89 113
89 131
89 153
89 163
89 187
89 211
90 94
90 95
90 116
90 120
90 147
90 157
90 159
90 167
90 169
90 177
90 179
90 181
90 193
90 198
90 202
90 214
90 219
91 114
91 118
91 129
91 134
91 156
91 160
91 181
91 188
91 202
91 210
91 221
91 227
92 100
92 113
92 142
92 148
92 154
92 162
92 171
92 174
92 176
92 193
92 206
92 215
92 239
93 116
93 159
93 176
93 183
93 188
93 199
93 215
93 232
93 247
94 96
94 116
94 151
94 224
94 239
95 101
95 141
95 148
95 151
95 176
95 191
95 241
96 111
96 115
96 130
96 136
96 146
96 149
96 187
96 189
96 193
96 211
96 219
96 220
96 222
96 229
96 249
97 112
97 126
97 136
97 142
97 160
97 173
97 178
97 190
97 201
97 248
98 104
98 112
98 123
98 155
98 191
98 199
98 213
99 107
99 115
99 121
99 125
99 154
99 175
99 194
99 205
99 211
100 113
100 158
100 161
100 197
100 224
100 225
101 106
101 112
101 133
101 143
101 166
101 191
101 215
101 225
101 246
102 130
102 139
102 176
102 225
102 245
103 105
103 115
103 116
103 119
103 121
103 130
103 145
103 183
103 191
103 200
104 113
104 124
104 149
104 153
104 161
104 201
104 210
105 122
105 140
105 143
105 149
105 164
105 182
105 189
105 190
105 209
106 109
106 111
106 119
106 124
106 125
106 127
106 135
106 144
106 145
106 148
106 149
106 186
106 195
106 198
106 204
106 217
106 229
106 240
106 241
107 136
107 152
107 156
107 163
107 165
107 166
107 180
107 184
107 193
107 199
107 210
107 212
107 219
107 222
107 224
107 228
107 236
108 143
108 233
108 236
108 237
108 239
109 111
109 121
109 173
109 207
109 211
109 232
109 236
109 243
110 127
110 135
110 144
110 150
110 154
110 163
110 169
110 181
110 182
110 184
110 194
110 223
110 245
111 127
111 141
111 147
111 148
111 159
111 165
111 185
111 194
111 204
111 230
111 241
112 134
112 149
112 150
112 151
112 165
112 184
112 189
112 202
112 214
112 247
113 115
113 121
113 137
113 157
113 161
113 184
113 205
113 211
113 218
114 120
114 122
114 124
114 134
114 135
114 166
114 169
114 170
114 172
114 179
114 182
114 186
114 207
114 220
114 227
114 230
114 249
115 157
115 167
115 174
115 178
115 212
115 242
115 249
116 119
116 136
116 140
116 151
116 154
116 159
116 160
116 163
116 166
116 200
116 208
116 217
116 224
116 241
117 126
117 127
117 129
117 135
117 139
117 165
117 168
117 171
117 177
117 182
117 196
117 199
117 209
117 238
118 137
118 139
118 164
118 208
119 144
119 147
119 160
119 161
119 173
119 188
119 219
119 240
120 122
120 137
120 152
120 159
120 177
120 200
120 219
121 148
121 201
121 228
122 139
122 147
122 162
122 163
122 221
122 231
123 167
123 189
123 197
123 222
123 240
123 242
123 246
124 135
124 148
124 169
124 172
124 179
124 209
124 242
125 157
125 165
125 177
125 190
125 234
126 141
126 154
126 184
126 188
126 216
127 131
127 141
127 153
127 175
127 181
127 190
127 222
127 228
127 230
127 239
127 247
128 143
128 146
128 181
128 182
128 189
128 194
128 210
128 248
129 138
129 154
129 163
129 166
129 179
129 185
129 187
129 199
129 207
129 208
129 238
130 134
130 174
130 177
130 183
130 192
130 200
130 207
130 243
131 139
131 158
131 185
131 225
132 139
132 140
132 153
132 173
133 161
133 174
133 175
133 196
133 214
133 225
133 228
134 143
134 169
134 183
134 185
134 229
134 232
135 161
135 169
135 204
135 235
136 138
136 156
136 175
136 189
136 203
136 218
136 222
136 233
136 241
136 249
137 139
137 141
137 152
137 158
138 143
138 171
138 178
138 186
138 199
138 200
138 241
138 244
139 174
139 208
139 238
139 240
140 210
140 215
140 216
140 223
141 176
141 223
141 227
142 170
142 215
143 147
143 148
143 178
143 190
143 219
143 223
143 234
143 235
144 190
144 229
144 237
144 247
145 151
145 152
145 166
145 184
145 195
145 206
145 225
145 230
145 245
146 189
146 212
146 216
147 154
147 167
147 172
147 173
147 201
148 149
148 159
148 185
148 208
148 223
148 225
148 232
149 150
149 170
149 203
149 213
149 218
149 229
149 237
149 245
150 151
150 157
150 164
150 170
150 179
150 200
150 209
150 217
151 158
151 160
151 162
151 165
151 230
152 168
152 176
152 177
152 185
152 203
152 245
152 247
153 178
153 179
153 187
153 200
153 212
153 236
154 179
154 227
154 235
154 249
155 167
155 194
155 199
155 202
155 212
156 161
156 186
156 206
156 207
156 237
156 242
157 171
157 199
157 212
157 232
157 245
158 190
158 197
158 208
159 229
160 161
160 163
160 178
160 179
160 192
160 207
160 212
160 214
160 216
161 204
161 220
162 192
162 198
162 228
163 186
163 189
163 226
164 171
164 173
164 181
164 184
164 192
164 222
165 166
165 169
165 230
165 245
166 206
166 225
166 234
167 177
167 210
167 214
167 217
167 223
168 180
169 174
169 179
169 192
169 213
169 228
169 240
170 184
170 191
170 204
170 206
170 238
171 204
171 238
172 194
172 245
172 246
173 201
173 213
173 214
174 177
174 205
174 228
175 181
175 191
175 200
175 237
175 244
176 218
176 220
176 228
176 239
176 249
177 183
177 197
177 198
177 211
177 228
177 238
177 240
177 243
178 205
178 240
179 183
179 191
179 195
179 196
180 193
180 206
180 229
180 237
182 187
182 191
182 234
183 249
184 185
184 195
184 219
184 245
185 195
185 238
186 188
186 215
187 198
187 231
188 226
189 201
189 233
190 248
191 199
191 204
191 209
191 226
191 232
192 247
193 199
193 249
194 216
194 230
195 196
195 200
195 216
195 219
195 223
195 242
195 248
196 197
196 213
197 203
197 210
197 240
200 238
200 247
201 214
202 205
202 211
202 213
202 216
202 223
202 226
202 234
203 218
203 235
204 231
206 207
206 220
207 231
207 234
208 217
208 227
208 229
209 217
209 236
210 234
210 235
212 218
214 232
214 233
214 240
214 242
215 222
215 223
216 217
216 225
218 232
222 226
222 237
222 244
226 227
226 237
228 248
229 235
229 240
230 236
234 243
236 248
239 248
