0 1
0 2
0 3
0 4
0 5
0 6
0 7
0 8
0 9
0 10
0 11
0 12
0 13
0 14
0 15
0 16
0 17
0 18
0 19
0 20
0 21
0 22
0 23
0 24
0 25
0 26
0 27
0 28
0 30
0 32
0 33
0 36
0 37
0 39
0 41
0 42
0 43
0 44
0 52
0 53
0 54
0 57
0 60
0 64
0 65
0 70
0 71
0 77
0 78
0 80
0 88
0 99
0 101
0 106
0 109
0 112
0 113
0 126
0 129
0 134
0 147
0 149
0 152
0 155
0 157
0 162
0 166
0 169
0 170
0 172
0 174
0 178
0 180
0 183
0 191
0 196
0 211
0 213
0 228
0 229
0 231
0 232
0 237
0 238
0 239
0 249
1 15
1 16
1 19
1 20
1 21
1 22
1 23
1 26
1 29
1 39
1 43
1 44
1 46
1 47
1 51
1 55
1 56
1 67
1 83
1 104
1 114
1 120
1 125
1 130
1 148
1 157
1 168
1 192
1 214
1 245
2 15
2 16
2 17
2 18
2 19
2 21
2 23
2 24
2 25
2 26
2 27
2 30
2 34
2 37
2 40
2 42
2 44
2 46
2 47
2 50
2 51
2 55
2 59
2 61
2 63
2 66
2 67
2 68
2 76
2 78
2 81
2 90
2 93
2 95
2 96
2 97
2 99
2 101
2 105
2 111
2 117
2 120
2 121
2 125
2 131
2 132
2 135
2 149
2 164
2 165
2 183
2 186
2 194
2 206
2 213
2 215
2 218
2 220
2 232
2 235
2 236
2 238
2 244
3 16
3 17
3 18
3 19
3 20
3 21
3 22
3 23
3 24
3 27
3 28
3 31
3 33
3 35
3 37
3 38
3 46
3 49
3 56
3 58
3 61
3 67
3 73
3 91
3 93
3 100
3 101
3 108
3 110
3 113
3 114
3 149
3 154
3 157
3 162
3 171
3 172
3 182
3 183
3 184
3 186
3 215
3 229
3 240
4 15
4 16
4 17
4 18
4 19
4 20
4 22
4 25
4 26
4 27
4 32
4 33
4 34
4 35
4 38
4 40
4 43
4 48
4 50
4 51
4 55
4 67
4 76
4 79
4 85
4 90
4 94
4 100
4 102
4 113
4 117
4 121
4 137
4 145
4 150
4 163
4 171
4 187
4 188
4 189
4 213
4 217
4 241
5 15
5 16
5 17
5 19
5 22
5 29
5 30
5 36
5 44
5 49
5 50
5 51
5 52
5 63
5 82
5 122
5 123
5 163
5 176
5 211
5 235
6 15
6 16
6 18
6 20
6 25
6 26
6 27
6 28
6 32
6 35
6 42
6 44
6 45
6 46
6 48
6 53
6 54
6 63
6 64
6 71
6 78
6 79
6 85
6 86
6 87
6 98
6 105
6 108
6 115
6 119
6 142
6 145
6 162
6 165
6 173
6 185
6 188
6 191
6 193
6 204
6 248
7 15
7 16
7 17
7 18
7 19
7 20
7 21
7 22
7 23
7 26
7 27
7 29
7 30
7 32
7 33
7 34
7 35
7 37
7 39
7 46
7 47
7 49
7 52
7 54
7 59
7 60
7 62
7 65
7 79
7 82
7 88
7 89
7 105
7 106
7 113
7 115
7 116
7 124
7 131
7 135
7 140
7 145
7 146
7 153
7 164
7 181
7 185
7 190
7 194
7 195
7 205
7 207
7 211
7 212
7 216
7 225
7 228
7 246
7 249
8 15
8 16
8 17
8 18
8 19
8 20
8 21
8 25
8 28
8 33
8 40
8 42
8 48
8 50
8 51
8 54
8 72
8 88
8 89
8 101
8 102
8 108
8 137
8 138
8 142
8 186
8 201
8 206
8 222
9 15
9 16
9 17
9 20
9 22
9 23
9 24
9 27
9 30
9 31
9 34
9 35
9 36
9 37
9 38
9 39
9 40
9 41
9 42
9 47
9 50
9 52
9 53
9 54
9 59
9 60
9 67
9 69
9 70
9 74
9 77
9 79
9 85
9 93
9 95
9 96
9 99
9 105
9 107
9 111
9 112
9 113
9 116
9 120
9 129
9 132
9 136
9 137
9 141
9 143
9 149
9 152
9 154
9 165
9 168
9 170
9 177
9 178
9 180
9 182
9 190
9 199
9 201
9 210
9 218
9 221
9 225
9 229
9 231
9 234
9 244
10 15
10 16
10 17
10 18
10 20
10 21
10 23
10 24
10 25
10 26
10 30
10 32
10 34
10 36
10 37
10 38
10 39
10 41
10 43
10 49
10 51
10 55
10 59
10 75
10 77
10 83
10 91
10 92
10 96
10 109
10 112
10 121
10 123
10 126
10 144
10 155
10 158
10 171
10 172
10 175
10 184
10 196
10 206
10 227
10 230
10 234
11 15
11 16
11 17
11 18
11 19
11 21
11 30
11 34
11 36
11 48
11 52
11 58
11 61
11 72
11 82
11 102
11 104
11 113
11 119
11 123
11 147
11 153
11 160
11 176
11 211
11 220
11 248
12 15
12 17
12 18
12 19
12 21
12 24
12 35
12 42
12 44
12 48
12 49
12 51
12 57
12 63
12 68
12 71
12 81
12 96
12 97
12 113
12 114
12 127
12 133
12 140
12 142
12 145
12 180
12 195
12 197
12 199
12 215
12 225
12 242
13 15
13 18
13 21
13 22
13 23
13 31
13 32
13 45
13 49
13 55
13 68
13 73
13 79
13 83
13 118
13 125
13 155
13 237
13 238
14 15
14 16
14 17
14 20
14 26
14 27
14 34
14 39
14 41
14 45
14 52
14 55
14 56
14 68
14 69
14 86
14 95
14 107
14 110
14 114
14 118
14 151
14 160
15 16
15 17
15 18
15 19
15 20
15 21
15 22
15 23
15 24
15 25
15 26
15 28
15 29
15 30
15 31
15 33
15 35
15 36
15 37
15 41
15 42
15 48
15 49
15 50
15 52
15 56
15 58
15 60
15 61
15 65
15 69
15 70
15 71
15 72
15 73
15 74
15 75
15 77
15 78
15 80
15 81
15 88
15 92
15 93
15 94
15 99
15 100
15 102
15 104
15 107
15 108
15 109
15 110
15 113
15 115
15 118
15 122
15 124
15 130
15 132
15 135
15 136
15 138
15 139
15 140
15 143
15 148
15 149
15 151
15 163
15 168
15 170
15 175
15 179
15 180
15 186
15 187
15 192
15 194
15 196
15 198
15 200
15 201
15 203
15 205
15 206
15 209
15 214
15 217
15 218
15 221
15 227
15 232
15 236
15 237
15 245
15 249
16 17
16 18
16 19
16 22
16 23
16 24
16 27
16 29
16 31
16 37
16 38
16 39
16 41
16 45
16 51
16 58
16 62
16 64
16 76
16 82
16 83
16 84
16 86
16 91
16 94
16 98
16 103
16 104
16 108
16 111
16 112
16 113
16 117
16 121
16 122
16 126
16 129
16 131
16 133
16 136
16 137
16 140
16 142
16 144
16 148
16 156
16 160
16 161
16 167
16 172
16 178
16 179
16 181
16 185
16 187
16 194
16 206
16 209
16 219
16 220
16 222
16 229
16 233
16 237
16 246
17 18
17 19
17 20
17 21
17 22
17 23
17 24
17 25
17 26
17 27
17 28
17 29
17 31
17 32
17 35
17 36
17 37
17 39
17 41
17 42
17 43
17 45
17 47
17 49
17 50
17 52
17 53
17 55
17 56
17 58
17 59
17 60
17 62
17 63
17 64
17 66
17 67
17 69
17 71
17 73
17 75
17 80
17 81
17 84
17 86
17 89
17 91
17 95
17 96
17 105
17 115
17 118
17 120
17 121
17 125
17 126
17 134
17 135
17 137
17 141
17 142
17 143
17 144
17 145
17 151
17 152
17 161
17 167
17 175
17 178
17 179
17 189
17 192
17 196
17 202
17 206
17 207
17 212
17 219
17 222
17 225
17 232
17 237
17 240
17 248
18 19
18 20
18 21
18 22
18 23
18 24
18 27
18 28
18 29
18 31
18 32
18 34
18 35
18 36
18 37
18 41
18 43
18 44
18 45
18 47
18 53
18 56
18 57
18 58
18 60
18 65
18 66
18 67
18 70
18 74
18 75
18 76
18 81
18 83
18 86
18 89
18 92
18 95
18 96
18 103
18 104
18 108
18 110
18 111
18 115
18 116
18 117
18 118
18 121
18 128
18 130
18 133
18 134
18 136
18 138
18 141
18 148
18 153
18 155
18 160
18 167
18 170
18 171
18 172
18 175
18 177
18 182
18 188
18 193
18 194
18 198
18 200
18 208
18 214
18 216
18 233
18 235
19 20
19 21
19 24
19 25
19 26
19 28
19 29
19 30
19 32
19 33
19 34
19 38
19 40
19 43
19 44
19 46
19 48
19 50
19 51
19 56
19 63
19 67
19 69
19 70
19 74
19 79
19 80
19 81
19 83
19 89
19 90
19 91
19 92
19 102
19 103
19 105
19 106
19 108
19 109
19 111
19 121
19 128
19 135
19 138
19 139
19 143
19 146
19 148
19 153
19 154
19 160
19 162
19 163
19 165
19 167
19 169
19 170
19 171
19 175
19 187
19 189
19 195
19 198
19 213
19 216
19 219
19 220
19 238
19 241
19 244
19 245
20 22
20 23
20 24
20 25
20 26
20 29
20 30
20 31
20 33
20 35
20 43
20 47
20 48
20 49
20 50
20 52
20 53
20 59
20 62
20 64
20 67
20 69
20 71
20 84
20 85
20 92
20 100
20 103
20 106
20 117
20 120
20 123
20 128
20 139
20 149
20 152
20 187
20 190
20 203
20 216
20 217
20 232
20 234
20 242
20 246
20 249
21 22
21 23
21 24
21 25
21 26
21 27
21 28
21 29
21 31
21 34
21 35
21 36
21 39
21 40
21 41
21 44
21 46
21 48
21 51
21 55
21 58
21 61
21 65
21 66
21 69
21 72
21 74
21 75
21 78
21 79
21 80
21 81
21 84
21 87
21 92
21 93
21 100
21 104
21 106
21 107
21 111
21 112
21 114
21 115
21 119
21 120
21 124
21 128
21 135
21 150
21 151
21 153
21 156
21 161
21 168
21 170
21 173
21 185
21 202
21 203
21 205
21 214
21 218
21 221
21 226
21 237
21 244
21 248
22 24
22 25
22 26
22 28
22 30
22 32
22 33
22 34
22 35
22 36
22 38
22 39
22 40
22 43
22 44
22 45
22 53
22 54
22 56
22 58
22 60
22 64
22 66
22 68
22 69
22 70
22 76
22 78
22 80
22 84
22 85
22 87
22 88
22 89
22 93
22 96
22 97
22 98
22 112
22 115
22 118
22 119
22 122
22 123
22 125
22 128
22 134
22 146
22 151
22 156
22 158
22 160
22 163
22 166
22 172
22 174
22 176
22 177
22 186
22 192
22 198
22 199
22 201
22 204
22 206
22 212
22 213
22 217
22 219
22 226
22 227
22 230
22 237
22 243
22 247
22 248
23 25
23 27
23 28
23 31
23 32
23 33
23 40
23 41
23 48
23 50
23 61
23 72
23 73
23 77
23 80
23 87
23 88
23 94
23 95
23 106
23 116
23 132
23 134
23 136
23 152
23 157
23 158
23 173
23 179
23 187
23 189
23 191
23 193
23 195
23 198
23 205
23 210
23 220
23 240
24 25
24 28
24 30
24 31
24 33
24 34
24 44
24 47
24 56
24 61
24 62
24 65
24 72
24 77
24 82
24 90
24 104
24 112
24 117
24 123
24 126
24 131
24 146
24 154
24 157
24 162
24 167
24 177
24 179
24 189
24 206
24 208
24 209
24 217
24 241
24 245
25 29
25 30
25 32
25 34
25 39
25 41
25 45
25 47
25 50
25 55
25 63
25 64
25 65
25 70
25 71
25 72
25 73
25 76
25 82
25 84
25 88
25 91
25 106
25 108
25 122
25 129
25 131
25 132
25 133
25 138
25 151
25 159
25 160
25 161
25 164
25 165
25 188
25 192
25 196
25 197
25 199
25 201
25 202
25 215
25 218
25 219
25 224
25 233
25 239
25 246
25 247
26 27
26 28
26 29
26 31
26 33
26 36
26 37
26 38
26 39
26 41
26 42
26 45
26 46
26 51
26 57
26 59
26 63
26 64
26 66
26 67
26 74
26 75
26 77
26 85
26 86
26 93
26 97
26 98
26 99
26 114
26 118
26 122
26 127
26 130
26 132
26 134
26 139
26 143
26 157
26 159
26 162
26 166
26 174
26 190
26 198
26 225
26 226
26 227
26 235
26 236
26 239
26 244
26 248
27 28
27 29
27 30
27 31
27 32
27 33
27 36
27 37
27 38
27 40
27 43
27 45
27 47
27 49
27 53
27 54
27 55
27 57
27 62
27 63
27 67
27 73
27 74
27 78
27 80
27 81
27 85
27 86
27 87
27 97
27 101
27 102
27 112
27 114
27 120
27 121
27 126
27 130
27 132
27 133
27 147
27 152
27 154
27 166
27 169
27 170
27 181
27 188
27 192
27 206
27 215
27 243
28 29
28 35
28 36
28 37
28 45
28 46
28 52
28 53
28 55
28 56
28 57
28 58
28 62
28 66
28 68
28 70
28 73
28 83
28 94
28 102
28 106
28 109
28 115
28 128
28 136
28 137
28 142
28 147
28 152
28 157
28 158
28 165
28 175
28 177
28 189
28 198
28 207
28 219
28 227
28 230
28 231
28 238
29 32
29 35
29 38
29 40
29 42
29 44
29 45
29 47
29 49
29 52
29 58
29 59
29 60
29 65
29 68
29 72
29 75
29 76
29 90
29 92
29 98
29 100
29 107
29 114
29 116
29 117
29 119
29 122
29 124
29 128
29 134
29 141
29 143
29 144
29 145
29 150
29 157
29 169
29 179
29 183
29 190
29 192
29 211
29 213
29 233
29 236
29 244
30 31
30 39
30 42
30 43
30 47
30 55
30 74
30 75
30 77
30 79
30 82
30 86
30 93
30 96
30 100
30 108
30 115
30 120
30 143
30 147
30 169
30 200
31 37
31 38
31 42
31 46
31 51
31 61
31 62
31 66
31 94
31 98
31 100
31 105
31 108
31 114
31 122
31 139
31 145
31 153
31 162
31 163
31 166
31 176
31 177
31 223
31 228
31 229
32 33
32 34
32 38
32 39
32 40
32 41
32 42
32 48
32 57
32 61
32 62
32 68
32 74
32 75
32 77
32 79
32 80
32 83
32 86
32 87
32 97
32 99
32 100
32 106
32 112
32 117
32 119
32 124
32 129
32 130
32 138
32 142
32 155
32 156
32 159
32 163
32 169
32 173
32 182
32 183
32 185
32 187
32 188
32 190
32 199
32 205
32 214
32 223
32 227
32 244
32 245
32 246
33 40
33 48
33 49
33 52
33 53
33 54
33 69
33 73
33 79
33 109
33 118
33 119
33 125
33 130
33 131
33 145
33 147
33 154
33 187
33 197
33 206
33 219
33 234
34 38
34 41
34 42
34 54
34 56
34 57
34 58
34 60
34 64
34 76
34 81
34 86
34 89
34 92
34 104
34 122
34 127
34 136
34 147
34 154
34 165
34 166
34 167
34 168
34 175
34 181
34 185
34 189
34 191
34 195
34 196
34 204
34 221
34 236
34 247
35 36
35 47
35 59
35 65
35 66
35 68
35 70
35 71
35 73
35 74
35 76
35 82
35 89
35 90
35 94
35 101
35 109
35 110
35 111
35 121
35 193
35 209
35 218
35 224
35 233
35 235
35 244
36 40
36 53
36 66
36 67
36 78
36 97
36 124
36 139
36 141
36 155
36 159
36 181
36 190
36 202
36 214
36 216
36 227
36 239
37 38
37 40
37 43
37 49
37 59
37 66
37 78
37 84
37 93
37 106
37 110
37 111
37 131
37 134
37 161
37 169
37 189
37 211
37 221
37 234
38 45
38 46
38 50
38 51
38 56
38 59
38 69
38 72
38 75
38 81
38 90
38 102
38 106
38 109
38 110
38 122
38 127
38 141
38 144
38 148
38 150
38 151
38 155
38 158
38 161
38 165
38 173
38 176
38 191
38 203
38 208
38 221
38 222
38 224
38 232
38 237
38 239
38 240
38 241
39 43
39 46
39 54
39 60
39 63
39 76
39 87
39 89
39 113
39 126
39 140
39 144
39 154
39 155
39 211
39 224
39 230
39 244
40 48
40 49
40 50
40 52
40 53
40 58
40 60
40 62
40 65
40 70
40 71
40 80
40 98
40 103
40 105
40 107
40 122
40 133
40 136
40 142
40 156
40 157
40 201
40 209
40 210
40 219
40 220
40 224
40 237
41 44
41 46
41 47
41 50
41 57
41 61
41 64
41 71
41 81
41 83
41 84
41 88
41 90
41 100
41 104
41 109
41 110
41 112
41 125
41 155
41 160
41 174
41 186
41 190
41 197
41 214
41 225
41 248
42 43
42 44
42 45
42 46
42 48
42 52
42 54
42 59
42 62
42 63
42 64
42 75
42 80
42 87
42 88
42 89
42 93
42 117
42 121
42 124
42 127
42 129
42 130
42 137
42 138
42 144
42 147
42 150
42 158
42 160
42 168
42 171
42 180
42 202
42 221
42 222
42 224
42 226
43 56
43 57
43 58
43 59
43 63
43 70
43 72
43 74
43 77
43 82
43 84
43 86
43 92
43 121
43 125
43 127
43 129
43 140
43 208
43 212
43 216
43 246
44 54
44 55
44 62
44 77
44 83
44 85
44 96
44 100
44 101
44 104
44 122
44 123
44 132
44 135
44 138
44 140
44 148
44 159
44 165
44 170
44 181
44 184
44 197
44 234
44 241
45 54
45 57
45 65
45 68
45 72
45 92
45 135
45 168
45 171
45 181
45 223
46 56
46 61
46 67
46 73
46 79
46 83
46 87
46 90
46 91
46 95
46 102
46 109
46 133
46 154
46 165
46 185
46 187
46 189
46 220
46 223
47 60
47 62
47 66
47 68
47 69
47 78
47 79
47 84
47 88
47 100
47 103
47 127
47 144
47 147
47 156
47 158
47 177
47 184
47 185
47 197
47 204
47 205
47 209
47 229
47 233
47 238
47 240
47 247
48 54
48 59
48 60
48 75
48 95
48 103
48 112
48 119
48 124
48 126
48 130
48 140
48 159
48 169
48 175
48 199
48 203
48 208
48 215
48 218
48 221
48 230
48 245
49 51
49 55
49 64
49 71
49 72
49 75
49 82
49 86
49 88
49 91
49 93
49 98
49 101
49 110
49 118
49 120
49 123
49 135
49 137
49 149
49 153
49 154
49 163
49 164
49 165
49 169
49 177
49 186
49 205
49 207
49 230
49 231
49 232
49 236
50 53
50 57
50 63
50 64
50 74
50 80
50 86
50 90
50 129
50 136
50 138
50 201
50 202
50 216
50 218
50 220
50 233
51 58
51 61
51 76
51 81
51 83
51 101
51 103
51 111
51 113
51 155
51 156
51 163
51 233
51 234
52 53
52 57
52 68
52 69
52 70
52 93
52 111
52 117
52 120
52 124
52 127
52 128
52 143
52 149
52 152
52 158
52 161
52 165
52 176
52 182
52 184
52 188
52 199
52 207
53 57
53 65
53 66
53 70
53 73
53 85
53 87
53 88
53 102
53 109
53 117
53 128
53 150
53 162
53 214
53 223
53 228
53 231
53 239
54 64
54 72
54 86
54 89
54 90
54 92
54 94
54 98
54 101
54 104
54 128
54 136
54 141
54 148
54 161
54 207
54 209
54 217
54 219
54 220
54 227
54 244
55 60
55 85
55 93
55 99
55 102
55 105
55 110
55 120
55 123
55 161
55 173
55 178
55 179
55 187
55 197
55 202
55 204
55 213
55 226
55 227
55 234
55 240
55 242
55 245
55 248
56 61
56 74
56 80
56 85
56 94
56 97
56 98
56 105
56 107
56 119
56 125
56 126
56 130
56 138
56 142
56 145
56 146
56 151
56 153
56 170
56 173
56 191
56 223
56 228
56 232
56 235
56 249
57 78
57 84
57 89
57 90
57 97
57 127
57 129
57 132
57 136
57 138
57 154
57 167
57 199
57 213
57 228
57 236
58 67
58 71
58 82
58 108
58 116
58 118
58 127
58 135
58 146
58 148
58 153
58 161
58 166
58 210
58 223
58 224
58 229
58 242
58 243
59 62
59 71
59 88
59 95
59 97
59 99
59 105
59 106
59 110
59 123
59 133
59 149
59 159
59 162
59 174
59 195
59 242
59 243
60 61
60 65
60 74
60 78
60 79
60 89
60 142
60 144
60 163
60 166
60 175
60 201
60 217
60 224
60 229
60 243
61 68
61 73
61 76
61 82
61 96
61 102
61 103
61 118
61 119
61 134
61 147
61 153
61 174
61 184
61 201
61 212
61 224
61 230
61 232
62 63
62 65
62 70
62 77
62 82
62 84
62 95
62 101
62 108
62 110
62 118
62 119
62 124
62 135
62 144
62 161
62 190
62 193
62 195
62 210
62 228
62 236
62 240
62 242
62 248
63 82
63 91
63 92
63 94
63 102
63 118
63 120
63 129
63 138
63 141
63 158
63 159
63 191
63 212
63 228
63 240
63 241
63 242
63 243
64 76
64 95
64 100
64 129
64 146
64 147
64 156
64 170
64 192
64 203
64 237
64 239
65 66
65 69
65 81
65 85
65 87
65 91
65 97
65 99
65 112
65 121
65 122
65 139
65 143
65 144
65 164
65 170
65 195
65 220
65 225
65 232
65 243
66 69
66 78
66 80
66 92
66 124
66 129
66 130
66 131
66 135
66 138
66 149
66 159
66 167
66 216
66 226
66 233
66 239
66 240
66 245
67 68
67 79
67 94
67 99
67 106
67 111
67 115
67 134
67 154
67 158
67 159
67 163
67 173
67 174
67 177
67 183
67 185
67 204
67 205
67 207
67 210
67 218
67 244
68 75
68 77
68 89
68 90
68 95
68 97
68 107
68 116
68 126
68 132
68 135
68 142
68 146
68 151
68 156
68 160
68 161
68 163
68 171
68 173
68 196
68 203
68 205
68 207
68 208
68 221
68 231
68 245
68 246
69 71
69 84
69 97
69 105
69 107
69 133
69 149
69 150
69 151
69 167
69 201
69 202
69 230
69 234
69 238
70 72
70 88
70 94
70 98
70 118
70 126
70 139
70 167
70 172
70 178
70 179
70 200
70 243
71 87
71 98
71 111
71 123
71 145
71 157
71 165
71 172
71 186
71 195
71 200
71 203
71 210
71 215
71 231
71 242
72 73
72 83
72 94
72 107
72 121
72 137
72 217
72 228
72 241
72 249
73 77
73 78
73 85
73 103
73 125
73 127
73 139
73 148
73 164
73 172
73 176
73 188
74 87
74 99
74 101
74 120
74 139
74 153
74 245
75 76
75 84
75 91
75 103
75 114
75 134
75 137
75 177
75 183
75 192
75 205
75 219
76 91
76 95
76 99
76 145
76 168
76 199
76 203
76 204
76 206
76 207
76 209
76 214
76 215
76 237
76 246
77 83
77 96
77 99
77 106
77 113
77 166
77 171
77 172
77 179
77 195
77 240
78 98
78 102
78 110
78 137
78 143
78 183
78 193
79 81
79 105
79 109
79 115
79 124
79 130
79 147
79 162
79 164
79 167
79 176
79 194
79 216
80 159
80 198
80 217
80 218
80 229
81 151
81 160
81 166
81 183
81 184
81 186
81 191
81 205
82 90
82 92
82 108
82 141
82 160
82 199
82 217
82 235
83 103
83 114
83 140
83 142
83 145
83 153
83 170
83 211
83 224
83 234
84 85
84 116
84 119
84 124
84 129
84 152
84 161
84 182
84 185
84 219
84 226
84 235
84 243
84 248
85 87
85 101
85 116
85 117
85 140
85 190
85 193
85 199
85 211
85 215
85 226
85 240
85 244
86 91
86 101
86 104
86 112
86 126
86 127
86 152
86 153
86 177
86 184
86 203
86 212
86 217
86 246
87 107
87 111
87 116
87 141
87 148
87 185
87 187
87 203
87 208
87 215
87 228
87 237
88 95
88 103
88 107
88 109
88 110
88 116
88 131
88 141
88 146
88 160
88 162
88 174
88 191
88 201
88 230
88 240
88 249
89 91
89 96
89 114
89 134
89 166
89 180
89 181
89 197
89 198
89 200
89 209
89 213
89 215
90 93
90 97
90 126
90 140
90 170
90 184
90 191
90 194
90 211
90 229
91 94
91 116
91 117
91 124
91 174
91 197
91 205
91 239
92 96
92 99
92 104
92 131
92 133
92 134
92 148
92 150
92 172
92 186
92 213
92 218
92 223
92 233
92 248
93 96
93 138
93 150
93 166
93 180
93 208
93 212
94 104
94 109
94 155
94 183
94 195
94 210
94 212
95 122
95 131
95 158
95 174
95 220
95 222
96 100
96 114
96 123
96 130
96 136
96 142
96 147
96 178
96 181
96 193
97 98
97 182
97 186
97 231
98 107
98 114
98 115
98 166
98 210
98 213
98 215
98 231
98 233
98 242
99 115
99 141
99 162
99 214
99 215
99 236
100 103
100 108
100 116
100 125
100 131
100 132
100 137
100 139
100 143
100 151
100 157
101 105
101 141
101 142
101 152
101 154
101 159
101 164
101 175
101 180
101 202
101 207
101 229
101 247
102 150
102 196
102 236
102 239
103 119
103 224
103 234
104 113
104 123
104 140
104 155
104 158
104 162
104 225
104 239
104 241
105 125
105 128
105 188
105 192
105 214
105 241
106 107
106 117
106 132
106 156
106 175
106 197
106 241
107 156
107 181
107 197
107 236
108 116
108 133
108 157
108 164
108 198
108 200
108 202
108 224
108 235
108 247
109 111
109 112
109 115
109 120
109 121
109 123
109 132
109 135
109 139
109 161
109 172
109 222
109 231
109 246
109 247
110 152
110 164
110 178
110 186
110 189
111 113
111 126
111 130
111 152
111 156
111 178
111 182
111 183
111 188
111 197
111 218
111 220
111 234
112 119
112 163
113 125
113 200
113 206
114 140
114 174
115 127
115 164
115 193
115 194
115 195
115 206
116 132
116 133
116 143
116 176
116 179
116 196
116 199
116 200
116 238
116 244
117 133
117 134
117 150
117 160
117 162
117 216
117 228
118 127
118 133
118 145
118 149
118 167
119 151
119 170
119 179
119 208
119 209
119 226
119 235
120 139
120 144
120 195
120 199
120 236
121 128
121 157
121 182
121 208
121 225
121 241
122 128
122 136
122 180
122 187
122 222
123 125
123 148
123 171
123 173
123 208
123 223
123 231
124 146
124 150
124 183
124 198
124 200
124 225
125 131
125 165
125 172
125 203
125 208
126 149
126 156
126 167
126 192
126 230
127 128
127 129
127 152
127 182
127 201
127 202
127 212
128 166
128 178
128 206
128 209
129 131
129 144
129 145
129 173
129 180
129 187
129 204
129 221
129 231
129 247
130 140
130 144
130 164
130 189
130 190
130 192
130 202
130 207
130 211
130 216
131 167
132 139
132 168
132 175
132 182
132 183
132 185
132 193
132 198
132 236
132 243
133 136
133 147
133 173
133 184
133 188
133 231
134 137
134 222
134 239
135 247
136 137
136 146
136 158
136 169
136 214
136 218
136 249
137 146
137 151
137 159
137 176
137 184
137 203
138 141
138 143
138 150
138 168
138 171
138 176
138 178
138 180
138 188
138 193
138 223
138 235
139 178
139 191
139 222
139 225
140 164
141 143
141 155
141 158
141 169
141 176
141 196
141 207
141 229
141 230
141 237
142 155
142 180
142 186
142 245
143 146
143 150
143 154
143 164
143 194
143 210
143 221
144 146
144 173
144 177
144 181
144 198
144 204
144 214
144 221
144 226
144 235
144 246
145 148
145 169
145 192
145 196
145 200
145 212
145 225
146 149
146 153
146 163
146 176
146 179
146 184
146 233
146 235
147 171
147 178
147 182
147 224
148 238
148 246
149 157
149 175
149 180
149 189
149 205
149 237
150 159
150 168
150 178
150 232
150 243
151 186
151 212
151 239
151 247
152 168
152 181
152 201
152 221
152 227
152 229
152 232
152 242
153 156
153 175
153 197
153 200
153 220
154 199
154 204
154 223
154 227
155 168
155 171
155 172
155 174
155 177
155 181
155 190
155 209
155 211
155 219
155 226
156 191
156 245
156 249
157 174
157 196
157 204
158 169
158 174
158 181
158 243
159 189
159 191
159 219
159 228
159 248
159 249
160 169
160 196
160 201
160 230
160 246
161 191
162 184
162 187
162 194
162 235
162 240
163 168
163 171
163 182
163 197
163 198
163 204
164 176
164 212
164 218
165 211
165 240
165 242
166 173
166 195
166 228
167 245
167 249
168 179
169 190
169 200
169 243
170 184
171 185
171 207
171 222
171 249
172 209
172 225
173 179
173 183
173 216
173 227
174 180
174 182
174 185
174 188
174 196
174 204
174 208
174 215
174 221
174 223
174 238
175 194
175 202
175 203
175 205
176 177
176 189
176 211
176 247
178 222
179 193
179 217
179 247
179 249
180 209
180 216
180 241
182 188
182 217
182 234
183 212
183 216
183 239
184 194
184 202
185 210
185 233
186 190
186 247
188 213
188 248
189 192
190 193
191 194
191 223
191 241
192 193
192 208
192 248
193 194
193 234
194 200
194 204
194 230
195 210
196 231
197 219
198 210
199 207
199 227
200 214
202 213
202 222
202 226
202 233
203 238
204 213
204 225
204 226
205 210
207 242
209 220
209 230
210 227
211 217
211 228
211 232
212 224
212 241
213 229
213 238
213 242
215 236
216 223
216 232
216 246
217 226
218 249
221 222
226 245
231 244
232 238
232 247
233 243
235 242
237 238
