0 1
0 2
0 3
0 4
0 5
0 6
0 7
0 8
0 9
0 12
0 14
0 16
0 17
0 19
0 21
0 22
0 23
0 26
0 27
0 40
0 44
0 45
0 52
0 53
0 56
0 58
0 78
0 89
0 103
0 114
0 115
0 117
0 121
0 127
0 161
0 167
0 170
0 178
0 180
0 184
0 196
0 204
0 207
0 216
1 7
1 42
1 54
1 86
1 97
1 164
1 230
2 3
2 5
2 8
2 25
2 27
2 30
2 38
2 40
2 43
2 51
2 62
2 87
2 89
2 99
2 157
2 168
2 179
2 199
2 218
2 230
3 4
3 13
3 37
3 62
3 68
3 81
3 145
3 162
3 193
3 207
4 17
4 18
4 20
4 23
4 24
4 31
4 35
4 41
4 45
4 64
4 74
4 77
4 87
4 96
4 118
4 125
4 137
4 184
4 238
5 6
5 21
5 46
5 48
5 120
5 161
5 228
5 233
5 248
6 14
6 39
6 57
6 70
6 93
6 163
7 9
7 10
7 33
7 101
7 159
7 160
7 208
7 241
8 28
8 39
8 145
9 10
9 11
9 12
9 13
9 20
9 36
9 41
9 61
9 75
9 82
9 162
9 169
9 219
9 235
9 241
10 11
10 19
10 25
10 29
10 37
10 42
10 46
10 47
10 86
10 92
10 95
10 98
10 102
10 138
10 156
10 185
10 221
10 236
10 245
11 34
11 122
11 136
12 15
12 77
12 79
12 127
12 155
12 175
12 180
12 225
13 15
13 50
13 80
14 16
14 192
14 247
15 18
15 116
15 131
15 220
16 34
16 35
16 38
16 51
16 83
16 88
16 119
16 120
16 166
16 222
16 246
17 22
17 47
17 54
17 67
17 91
17 101
17 106
17 108
17 110
17 148
17 154
17 158
17 209
17 235
18 24
18 28
18 49
18 66
18 71
18 117
18 152
18 188
18 222
19 26
19 30
19 32
19 138
19 148
21 31
21 32
21 44
21 76
21 84
21 144
21 231
22 94
22 147
22 149
22 165
22 213
23 95
23 110
25 159
26 29
26 52
26 60
26 144
26 155
26 231
27 48
27 59
27 76
27 90
27 111
27 166
27 171
27 220
27 224
27 239
28 53
28 73
28 100
28 105
28 132
28 186
28 202
28 236
29 72
29 141
29 204
30 33
30 196
30 198
30 203
30 237
31 208
31 238
32 150
33 43
33 149
34 36
34 69
34 75
34 143
34 146
35 56
35 63
35 73
35 126
35 212
36 50
36 173
36 193
37 221
38 67
38 131
39 85
39 105
39 107
39 112
39 121
39 158
39 169
39 181
40 49
40 112
40 179
40 185
40 210
40 214
41 59
41 126
41 139
41 189
41 213
41 218
41 245
42 74
43 63
43 69
43 130
44 135
45 66
45 82
46 55
46 65
46 72
46 80
46 151
46 167
46 199
46 229
46 242
48 55
48 61
48 100
48 173
48 190
49 84
50 114
51 57
52 140
52 243
53 58
53 123
53 215
54 153
54 157
55 60
55 174
56 65
56 124
56 134
57 68
57 70
57 78
57 83
57 141
57 189
57 191
57 200
57 229
58 103
58 142
58 248
59 64
59 90
59 91
59 96
59 137
59 165
59 183
60 81
61 98
61 106
61 156
62 79
62 209
63 150
63 171
63 183
63 197
64 93
64 113
64 211
65 234
67 71
67 136
67 182
68 124
70 92
70 102
70 109
70 187
71 94
71 108
71 154
73 85
73 111
73 119
73 143
73 195
73 201
75 211
75 240
76 203
77 224
79 88
83 174
83 191
84 116
84 247
85 125
85 212
85 232
87 118
87 129
87 132
87 186
87 190
88 152
88 176
88 215
91 99
91 104
91 130
91 146
91 151
91 210
91 225
92 134
93 104
94 176
95 97
95 194
96 135
97 109
97 128
97 129
97 188
99 107
100 128
100 178
100 226
102 140
104 133
105 113
105 122
105 123
105 194
105 233
109 160
110 227
112 163
112 164
112 202
114 115
114 181
114 228
115 214
116 205
116 237
117 133
119 142
119 187
121 172
121 232
125 139
125 197
125 227
125 240
127 147
129 201
129 217
130 244
132 170
134 205
134 223
138 153
139 182
140 242
145 244
147 239
152 243
154 175
157 177
158 168
159 172
165 206
166 200
167 177
168 195
172 234
178 226
183 192
183 206
194 198
194 223
200 216
201 219
210 217
212 249
239 246
245 249
