0 1
0 2
0 3
0 4
0 5
0 6
0 7
0 8
0 9
0 10
0 11
0 12
0 13
0 14
0 15
0 17
0 18
0 19
0 21
0 22
0 25
0 28
0 30
0 31
0 32
0 36
0 41
0 42
0 45
0 47
0 49
0 52
0 55
0 56
0 61
0 62
0 64
0 71
0 76
0 81
0 84
0 86
0 91
0 93
0 97
0 104
0 111
0 112
0 126
0 128
0 136
0 141
0 151
0 156
0 164
0 172
0 181
0 188
0 194
0 202
0 203
0 204
0 207
0 238
0 239
1 7
1 11
1 12
1 27
1 35
1 43
1 50
1 55
1 73
1 82
1 83
1 86
1 88
1 94
1 99
1 104
1 107
1 108
1 132
1 134
1 139
1 152
1 155
1 158
1 170
1 171
1 173
1 178
1 199
1 208
1 217
1 231
1 235
1 241
1 245
2 13
2 14
2 118
2 162
3 7
3 8
3 9
3 10
3 11
3 15
3 16
3 21
3 22
3 24
3 27
3 32
3 39
3 42
3 45
3 58
3 61
3 68
3 79
3 85
3 99
3 117
3 187
3 207
3 227
3 228
3 248
4 7
4 8
4 9
4 15
4 17
4 19
4 20
4 21
4 27
4 28
4 35
4 43
4 45
4 52
4 57
4 59
4 60
4 66
4 67
4 71
4 83
4 87
4 91
4 101
4 104
4 106
4 115
4 138
4 143
4 157
4 158
4 164
4 165
4 186
4 206
4 218
4 230
4 247
5 7
5 8
5 9
5 18
5 33
5 45
5 50
5 71
5 125
5 177
6 7
6 8
6 9
6 10
6 12
6 13
6 14
6 15
6 16
6 18
6 23
6 26
6 28
6 39
6 58
6 61
6 74
6 76
6 84
6 88
6 107
6 129
6 135
6 169
6 171
6 180
6 215
6 217
6 221
6 232
6 243
7 8
7 9
7 10
7 11
7 14
7 16
7 17
7 18
7 19
7 20
7 22
7 27
7 34
7 36
7 40
7 41
7 44
7 50
7 51
7 56
7 70
7 79
7 82
7 87
7 99
7 101
7 103
7 106
7 114
7 119
7 135
7 137
7 144
7 145
7 146
7 153
7 156
7 160
7 161
7 172
7 177
7 179
7 184
7 194
7 201
7 206
7 209
7 210
7 225
7 234
7 237
8 10
8 11
8 12
8 13
8 14
8 22
8 25
8 26
8 28
8 29
8 32
8 47
8 49
8 67
8 77
8 89
8 100
8 102
8 107
8 108
8 114
8 116
8 121
8 129
8 134
8 143
8 155
8 165
8 172
8 181
8 188
8 196
8 203
8 204
8 218
8 235
8 236
8 243
9 10
9 12
9 17
9 18
9 24
9 30
9 33
9 34
9 46
9 48
9 49
9 50
9 55
9 59
9 64
9 67
9 70
9 72
9 79
9 86
9 121
9 123
9 126
9 127
9 133
9 142
9 152
9 176
9 185
9 213
9 229
10 11
10 12
10 13
10 14
10 16
10 19
10 20
10 21
10 22
10 24
10 26
10 29
10 30
10 31
10 32
10 36
10 43
10 46
10 47
10 56
10 57
10 58
10 66
10 70
10 73
10 74
10 76
10 77
10 78
10 80
10 92
10 93
10 109
10 110
10 113
10 118
10 126
10 168
10 218
10 226
10 246
11 13
11 16
11 20
11 23
11 43
11 97
11 107
11 115
11 131
11 140
11 168
11 204
11 223
11 228
12 20
12 21
12 29
12 34
12 37
12 39
12 40
12 48
12 53
12 62
12 74
12 75
12 81
12 82
12 92
12 112
12 113
12 118
12 120
12 143
12 147
12 176
12 191
12 206
12 216
12 221
12 224
12 226
12 243
13 15
13 19
13 21
13 23
13 34
13 53
13 54
13 56
13 61
13 62
13 63
13 66
13 79
13 85
13 106
13 118
13 139
13 173
13 174
13 182
13 200
13 219
13 240
13 249
14 15
14 22
14 24
14 25
14 30
14 33
14 36
14 38
14 40
14 41
14 44
14 59
14 61
14 69
14 70
14 94
14 111
14 121
14 128
14 179
14 189
14 198
14 230
15 16
15 17
15 18
15 25
15 26
15 40
15 42
15 48
15 51
15 57
15 59
15 64
15 65
15 72
15 85
15 98
15 99
15 120
15 121
15 136
15 137
15 146
15 151
15 154
15 156
15 157
15 169
15 174
15 178
15 184
15 190
15 202
15 216
15 225
15 228
15 235
15 241
15 249
16 17
16 19
16 27
16 28
16 33
16 35
16 37
16 38
16 42
16 44
16 53
16 55
16 58
16 82
16 87
16 90
16 94
16 96
16 104
16 109
16 119
16 124
16 125
16 132
16 137
16 145
16 149
16 153
16 160
16 170
16 192
16 195
16 200
16 207
16 212
16 223
16 232
17 23
17 25
17 31
17 32
17 35
17 37
17 41
17 46
17 47
17 49
17 51
17 52
17 56
17 65
17 67
17 73
17 76
17 78
17 84
17 85
17 92
17 110
17 126
17 131
17 148
17 167
17 182
17 192
17 197
17 219
17 226
17 242
17 248
18 25
18 37
18 45
18 60
18 93
18 154
18 158
18 192
18 193
18 214
19 20
19 23
19 26
19 28
19 48
19 49
19 54
19 63
19 66
19 97
19 98
19 102
19 111
19 113
19 133
19 138
19 154
19 155
19 158
19 174
19 183
19 198
19 203
19 206
19 213
19 220
19 231
19 232
20 24
20 31
20 39
20 44
20 51
20 57
20 88
20 165
20 196
20 210
21 29
21 31
21 39
21 54
21 62
21 74
21 81
21 104
21 112
21 128
21 186
21 215
21 245
22 23
22 33
22 66
22 68
22 69
22 70
22 130
22 140
22 151
22 166
22 176
23 24
23 34
23 42
23 46
23 48
23 52
23 61
23 72
23 90
23 93
23 94
23 95
23 120
23 154
23 174
23 190
23 208
23 209
23 211
23 212
23 233
24 27
24 29
24 32
24 38
24 57
24 68
24 69
24 77
24 86
24 100
24 111
24 132
24 152
24 155
24 175
24 192
24 197
24 205
24 207
24 248
25 26
25 31
25 33
25 34
25 41
25 52
25 60
25 82
25 101
25 108
25 110
25 134
25 137
25 141
25 174
25 182
26 35
26 54
26 60
26 67
26 95
26 109
26 119
26 124
26 133
26 162
26 179
26 195
26 197
26 212
26 223
26 228
27 35
27 53
27 65
27 103
27 107
27 116
27 137
27 147
27 150
27 158
27 201
27 211
27 225
28 29
28 30
28 36
28 38
28 60
28 79
28 104
28 127
28 128
28 144
28 182
28 191
28 201
28 207
28 209
29 30
29 37
29 38
29 45
29 55
29 62
29 75
29 78
29 81
29 96
29 136
29 160
29 172
29 190
29 217
29 231
30 39
30 40
30 41
30 63
30 65
30 89
30 99
30 105
30 109
30 116
30 117
30 137
30 156
30 187
30 210
30 211
30 213
30 214
31 36
31 46
31 58
31 105
31 122
31 148
31 193
31 200
31 201
32 44
32 81
32 131
32 166
32 167
32 179
32 214
32 240
33 43
33 44
33 58
33 67
33 116
33 146
33 167
33 188
33 208
33 216
33 217
33 220
33 239
34 37
34 84
34 101
34 115
34 164
34 208
34 216
34 227
34 236
34 244
35 38
35 63
35 96
35 105
35 120
35 130
35 178
35 187
35 203
36 43
36 46
36 47
36 55
36 79
36 81
36 83
36 87
36 90
36 91
36 95
36 113
36 119
36 151
36 166
36 173
36 177
36 185
36 218
36 223
36 245
36 248
37 40
37 48
37 50
37 59
37 71
37 113
37 123
37 124
37 128
37 131
37 148
37 157
37 186
38 65
38 87
38 106
38 117
38 129
38 133
38 159
38 183
38 189
38 237
38 247
39 51
39 56
39 119
39 123
39 129
39 153
39 163
40 51
40 130
40 161
40 181
40 218
40 249
41 42
41 70
41 88
41 90
41 168
42 47
42 54
42 122
42 159
42 196
42 232
43 50
43 77
43 86
43 132
43 163
43 183
43 215
43 238
45 49
45 53
45 126
46 54
46 64
46 78
46 84
46 89
46 91
46 92
46 93
46 114
46 123
46 126
46 151
46 165
46 190
46 196
46 222
46 227
47 63
47 68
47 90
47 172
47 201
48 52
48 53
48 63
48 64
48 68
48 71
48 72
48 91
48 94
48 100
48 142
48 145
48 184
48 203
49 59
49 72
49 82
49 85
49 98
49 105
49 139
49 147
49 157
49 199
49 210
49 239
50 75
50 78
50 80
50 109
50 110
50 111
50 127
50 135
50 163
50 167
50 170
50 180
51 60
51 76
51 80
51 94
51 97
51 102
51 124
51 144
51 213
51 225
51 233
51 234
52 64
52 90
52 93
52 116
52 132
52 142
52 151
52 194
52 197
52 202
52 211
52 212
52 220
52 244
53 62
53 80
53 83
53 107
53 136
53 145
53 159
53 166
53 206
53 228
54 110
54 154
55 57
55 77
55 103
55 115
55 134
55 175
55 183
55 185
55 217
55 226
55 227
55 235
55 243
56 72
56 74
56 100
56 112
56 125
56 141
56 159
56 160
56 202
57 69
57 89
57 92
57 103
57 176
57 215
58 65
58 68
58 69
58 87
58 97
58 98
58 180
58 236
59 96
59 197
59 208
60 141
60 193
60 242
61 66
61 123
61 144
61 147
61 184
61 237
61 247
62 83
62 106
63 71
63 92
63 103
63 127
63 161
63 240
64 73
64 75
64 95
64 124
64 125
64 164
64 232
65 74
65 75
65 149
65 181
65 189
65 192
65 200
66 100
66 110
66 180
67 69
67 73
67 76
67 117
67 143
67 170
67 200
67 202
68 78
68 97
68 102
68 127
68 164
68 175
68 226
68 234
69 83
69 84
69 91
69 112
69 122
69 143
69 153
69 162
69 193
69 199
69 201
69 219
70 75
70 77
70 148
70 150
70 171
70 249
71 102
72 73
72 80
72 96
72 234
72 236
73 80
73 88
73 117
73 156
73 162
73 171
73 178
73 195
74 95
74 106
74 195
74 204
75 86
75 122
75 146
76 114
76 131
76 161
76 172
76 175
76 176
76 205
77 95
77 102
77 108
77 120
77 140
77 164
77 197
77 209
77 215
78 96
78 108
78 143
78 154
78 157
78 175
78 205
78 211
79 122
79 135
79 149
79 167
79 208
79 222
80 89
80 204
80 215
80 220
81 134
81 165
81 199
81 247
82 85
82 88
82 89
82 108
82 112
82 118
82 131
82 162
82 175
82 200
82 240
83 130
84 117
84 146
84 162
85 227
85 238
85 241
86 101
86 168
86 170
86 199
86 223
87 134
87 147
87 149
87 213
87 241
88 114
88 116
88 123
88 133
88 135
88 142
88 148
88 183
88 190
88 209
88 222
88 227
88 241
89 99
89 124
89 145
89 187
89 222
90 98
90 103
90 119
90 142
90 149
90 198
90 233
91 105
91 113
91 195
91 213
92 136
92 140
92 146
92 186
92 212
93 159
93 163
93 233
94 118
94 229
95 101
95 136
95 187
95 189
95 249
96 98
97 188
98 100
98 140
98 157
98 199
100 114
100 120
100 138
100 182
100 191
101 155
101 173
101 209
101 216
102 111
102 115
103 105
103 122
103 147
103 185
103 248
104 141
104 150
105 140
105 161
105 202
105 206
105 212
106 185
106 216
106 238
107 109
107 125
107 167
108 125
108 139
108 230
109 141
109 153
109 229
110 130
110 178
110 195
110 233
111 121
112 115
112 150
112 159
113 150
115 191
116 129
116 152
116 188
117 129
117 152
117 221
118 127
118 161
118 196
120 121
120 130
120 148
120 177
120 211
120 242
121 132
121 142
121 155
121 158
121 186
121 222
122 138
122 156
122 174
122 188
122 189
122 246
123 149
123 163
123 169
123 184
123 231
124 144
124 160
124 173
124 225
125 128
125 170
125 180
125 190
126 138
126 139
126 145
126 180
126 214
126 234
127 133
127 173
128 224
129 153
130 144
130 181
130 205
130 239
131 139
131 152
131 194
132 138
132 163
132 168
133 135
133 210
133 224
133 246
133 249
134 150
134 168
135 230
135 240
135 243
135 245
136 185
136 237
137 179
137 242
139 205
140 238
141 183
141 224
143 182
143 230
144 186
146 169
146 220
147 181
148 178
149 193
150 237
151 160
151 169
152 171
152 177
152 234
153 166
154 242
155 184
155 246
156 191
156 198
156 224
158 221
159 165
159 166
160 224
161 169
161 187
161 191
161 219
161 220
162 171
163 240
164 193
164 235
165 176
165 177
167 179
167 205
169 192
169 194
169 235
169 236
171 219
171 244
172 221
172 231
173 214
174 228
174 241
177 203
178 233
179 221
183 222
183 244
184 242
186 194
186 196
187 189
187 198
187 246
189 198
192 244
193 238
195 217
195 229
197 226
200 204
200 223
203 207
203 214
203 231
204 247
206 239
207 210
209 219
214 230
214 243
215 218
215 225
217 229
217 245
218 237
221 246
222 244
225 236
226 248
227 229
227 232
227 239
238 245
242 247
