0 1
0 2
0 3
0 4
0 5
0 6
0 7
0 8
0 9
0 10
0 11
0 12
0 13
0 14
0 15
0 17
0 18
0 19
0 21
0 22
0 24
0 26
0 29
0 36
0 38
0 41
0 47
0 51
0 58
0 60
0 62
0 70
0 73
0 74
0 75
0 81
0 82
0 84
0 85
0 86
0 94
0 100
0 101
0 102
0 105
0 112
0 114
0 123
0 126
0 127
0 132
0 140
0 141
0 142
0 152
0 153
0 169
0 177
0 193
0 209
0 213
0 216
0 218
0 222
0 223
0 228
0 245
0 246
1 7
1 8
1 9
1 11
1 13
1 14
1 16
1 20
1 22
1 23
1 31
1 36
1 38
1 44
1 53
1 64
1 65
1 70
1 71
1 78
1 93
1 97
1 99
1 103
1 106
1 108
1 129
1 131
1 151
1 153
1 158
1 166
1 169
1 175
1 176
1 179
1 203
1 234
1 236
2 8
2 17
2 49
2 79
2 80
2 151
3 7
3 8
3 9
3 12
3 16
3 24
3 26
3 28
3 31
3 36
3 46
3 50
3 52
3 73
3 75
3 79
3 87
3 99
3 100
3 102
3 105
3 119
3 149
3 169
3 183
3 190
3 198
3 210
4 7
4 9
4 10
4 11
4 13
4 14
4 18
4 20
4 23
4 24
4 25
4 29
4 30
4 32
4 34
4 35
4 40
4 43
4 48
4 53
4 55
4 59
4 64
4 67
4 68
4 69
4 76
4 88
4 92
4 95
4 97
4 101
4 109
4 110
4 119
4 122
4 131
4 143
4 170
4 183
4 185
4 186
4 204
4 208
4 218
4 229
4 230
4 234
4 239
4 248
5 7
5 10
5 14
5 15
5 26
5 32
5 48
5 50
5 72
5 83
5 93
5 126
5 137
5 155
5 168
5 180
5 227
5 230
5 241
6 7
6 8
6 9
6 11
6 15
6 16
6 19
6 22
6 25
6 27
6 28
6 31
6 32
6 35
6 37
6 39
6 43
6 45
6 49
6 51
6 54
6 55
6 61
6 69
6 71
6 78
6 86
6 95
6 114
6 130
6 134
6 136
6 140
6 150
6 156
6 169
6 171
6 196
6 210
6 214
6 241
6 249
7 8
7 9
7 10
7 12
7 13
7 16
7 17
7 18
7 19
7 20
7 22
7 23
7 24
7 25
7 26
7 27
7 30
7 33
7 37
7 43
7 44
7 46
7 59
7 62
7 63
7 68
7 76
7 77
7 78
7 79
7 85
7 90
7 96
7 97
7 99
7 116
7 127
7 128
7 131
7 141
7 152
7 153
7 172
7 176
7 182
7 188
7 191
7 203
7 217
7 235
7 249
8 10
8 12
8 15
8 16
8 17
8 18
8 24
8 30
8 34
8 35
8 37
8 43
8 46
8 47
8 50
8 51
8 57
8 67
8 68
8 71
8 79
8 81
8 86
8 88
8 90
8 91
8 94
8 104
8 114
8 118
8 125
8 126
8 134
8 139
8 143
8 145
8 147
8 149
8 153
8 165
8 167
8 172
8 187
8 188
8 197
8 208
8 209
8 211
8 218
8 220
8 231
8 237
8 239
8 245
9 10
9 11
9 13
9 18
9 23
9 35
9 36
9 38
9 73
9 74
9 92
9 101
9 111
9 112
9 115
9 135
9 140
9 158
9 163
9 190
9 201
9 219
9 222
9 229
10 11
10 12
10 13
10 14
10 19
10 21
10 25
10 27
10 31
10 37
10 39
10 41
10 42
10 45
10 46
10 48
10 49
10 51
10 52
10 58
10 64
10 72
10 73
10 74
10 75
10 76
10 90
10 109
10 110
10 115
10 116
10 118
10 120
10 124
10 127
10 137
10 141
10 149
10 151
10 152
10 153
10 163
10 172
10 187
10 195
10 201
10 205
10 225
10 238
10 239
11 12
11 14
11 15
11 17
11 20
11 22
11 26
11 28
11 29
11 38
11 43
11 48
11 63
11 64
11 65
11 68
11 91
11 98
11 100
11 102
11 105
11 131
11 146
11 159
11 161
11 168
11 183
11 186
11 193
11 213
11 214
11 216
11 220
11 223
11 230
11 242
12 17
12 20
12 28
12 30
12 53
12 59
12 60
12 61
12 66
12 69
12 78
12 80
12 87
12 103
12 113
12 117
12 126
12 136
12 144
12 153
12 164
12 170
12 175
12 180
12 192
12 221
12 224
12 226
12 229
12 231
13 19
13 21
13 25
13 49
13 52
13 63
13 66
13 71
13 80
13 110
13 113
13 114
13 130
13 146
13 166
13 184
13 230
14 15
14 21
14 31
14 33
14 36
14 37
14 42
14 54
14 58
14 62
14 66
14 75
14 83
14 86
14 88
14 101
14 134
14 150
14 161
14 174
14 192
14 232
15 16
15 18
15 21
15 39
15 49
15 56
15 62
15 63
15 70
15 71
15 72
15 77
15 78
15 96
15 103
15 116
15 129
15 144
15 180
15 197
15 212
15 216
15 223
16 19
16 21
16 25
16 27
16 39
16 40
16 52
16 102
16 103
16 132
16 159
16 192
16 195
16 241
17 20
17 22
17 23
17 29
17 32
17 42
17 44
17 55
17 60
17 62
17 65
17 70
17 76
17 88
17 92
17 109
17 114
17 117
17 129
17 134
17 146
17 181
17 188
18 29
18 30
18 35
18 42
18 45
18 46
18 57
18 61
18 84
18 89
18 95
18 98
18 112
18 115
18 117
18 128
18 164
18 169
18 170
18 172
18 197
18 209
18 237
18 246
19 28
19 32
19 67
19 80
19 82
19 118
19 124
19 155
19 160
19 174
19 225
19 234
20 23
20 27
20 38
20 40
20 50
20 77
20 81
20 97
20 110
20 111
20 115
20 133
20 147
20 150
20 152
20 175
20 176
20 177
20 248
20 249
21 24
21 31
21 33
21 40
21 41
21 67
21 99
21 106
21 128
21 133
21 211
21 247
21 248
22 28
22 33
22 35
22 41
22 46
22 56
22 60
22 81
22 94
22 98
22 101
22 104
22 107
22 119
22 143
22 148
22 152
22 160
22 166
22 179
22 203
22 207
22 208
22 216
22 232
23 44
23 50
23 94
23 233
24 26
24 34
24 42
24 54
24 93
24 100
24 141
24 145
24 167
24 171
24 215
24 247
25 33
25 45
25 82
25 94
25 130
25 158
25 159
25 164
25 191
25 200
25 212
25 243
26 27
26 29
26 32
26 34
26 47
26 55
26 73
26 137
26 144
26 147
26 160
26 173
26 201
26 223
27 34
27 40
27 47
27 80
27 97
27 122
27 165
27 183
27 219
27 221
27 236
28 30
28 39
28 41
28 57
28 66
28 85
28 91
28 105
28 110
28 113
28 119
28 158
28 165
28 167
28 168
28 175
28 196
28 204
28 228
28 234
28 247
29 56
29 72
29 82
29 107
29 143
29 189
29 226
30 33
30 36
30 60
30 70
30 107
30 108
30 179
30 196
30 238
30 246
31 37
31 48
31 58
31 61
31 64
31 74
31 77
31 111
31 116
31 117
31 121
31 125
31 131
31 156
31 162
31 208
31 219
31 238
32 34
32 38
32 39
32 47
32 53
32 61
32 77
32 82
32 93
32 101
32 104
32 140
32 187
32 194
32 202
32 230
33 78
33 92
33 102
33 165
33 169
33 209
33 215
34 87
34 95
34 99
34 204
34 226
34 236
34 242
35 51
35 69
35 71
35 83
35 130
35 143
35 174
35 184
36 48
36 81
36 83
36 92
36 112
36 125
36 139
36 147
36 151
36 184
36 222
36 231
36 238
37 40
37 67
37 100
37 105
37 118
37 122
37 129
37 132
37 134
37 205
37 245
38 43
38 44
38 53
38 54
38 56
38 65
38 94
38 107
38 109
38 118
38 126
38 132
38 146
38 148
38 160
38 174
38 181
38 189
38 194
38 217
38 237
39 45
39 66
39 70
39 77
39 83
39 96
39 98
39 116
39 138
39 145
39 148
39 170
39 209
39 226
40 41
40 42
40 44
40 45
40 50
40 55
40 57
40 69
40 76
40 84
40 89
40 90
40 92
40 95
40 103
40 113
40 117
40 125
40 135
40 139
40 149
40 155
40 160
40 164
40 165
40 166
40 171
40 177
40 195
40 215
40 236
40 240
40 245
41 47
41 49
41 52
41 54
41 58
41 59
41 63
41 69
41 148
41 172
41 195
41 206
41 242
42 79
42 154
42 155
42 223
43 54
43 58
43 83
43 190
43 233
44 56
44 86
44 121
44 154
44 168
44 184
44 198
44 202
44 203
44 229
44 247
45 67
45 91
45 111
45 128
45 135
45 179
45 233
46 63
46 65
46 80
46 84
46 93
46 132
46 156
46 180
46 248
47 57
47 173
48 57
48 59
48 75
48 87
48 88
48 111
48 159
48 208
48 227
48 232
49 53
49 86
49 106
49 133
49 183
49 221
49 229
49 249
50 51
50 52
50 55
50 123
50 166
50 171
51 62
51 68
51 72
51 75
51 96
51 108
51 111
51 127
51 129
51 136
51 139
51 201
52 66
52 79
52 82
52 140
52 142
52 182
52 200
52 227
53 56
53 61
53 89
53 109
53 197
53 198
53 244
54 120
54 128
54 130
54 142
54 148
54 162
54 168
54 181
54 187
54 199
55 59
55 65
55 74
55 84
55 124
55 150
55 173
55 217
55 240
56 81
56 104
57 60
57 213
58 64
58 99
58 102
58 156
58 192
58 207
58 217
58 219
59 192
59 211
59 235
60 87
60 91
60 138
60 139
60 163
60 191
60 211
60 221
60 237
61 85
61 91
61 119
61 141
61 164
61 182
61 216
61 241
61 243
62 85
62 224
63 98
63 106
63 116
63 195
64 72
64 106
64 123
64 191
64 205
64 237
65 112
65 193
66 191
67 68
67 74
67 107
67 113
67 120
67 137
67 145
67 204
67 213
67 222
67 227
67 233
68 73
68 87
68 90
68 145
68 186
68 225
68 239
68 240
69 121
69 193
69 196
70 96
70 139
70 171
70 238
71 123
71 128
71 155
71 159
71 177
71 193
71 196
71 198
71 224
71 225
71 228
71 231
72 76
72 84
72 88
72 89
72 178
72 182
72 212
72 237
73 107
73 115
73 158
73 163
73 175
73 176
73 189
73 235
74 154
75 85
75 112
76 115
76 120
76 131
76 136
76 156
76 161
76 163
76 167
76 205
77 90
77 212
77 246
78 150
78 186
79 93
79 120
79 149
79 154
80 185
80 222
81 97
81 117
81 137
81 156
81 174
81 194
81 212
81 228
82 89
82 113
82 125
82 127
82 134
82 206
82 217
82 232
83 106
83 138
83 162
83 172
83 173
83 179
83 188
84 89
84 98
84 108
84 146
84 184
85 103
85 104
85 108
85 152
85 157
86 118
86 122
86 133
86 136
86 199
86 226
86 244
87 100
87 104
87 105
87 123
87 161
87 170
87 187
88 122
88 194
88 242
89 177
90 96
90 157
90 185
91 161
91 204
92 201
92 228
93 95
93 138
93 178
94 157
94 214
96 120
96 164
97 190
97 239
98 108
98 110
98 138
98 144
98 210
99 140
99 161
100 135
100 176
100 207
101 165
101 181
101 199
101 208
101 241
102 109
102 119
102 135
102 147
102 170
102 178
102 200
102 202
102 243
103 124
103 142
103 185
104 122
104 124
104 133
104 166
104 171
104 186
104 188
104 205
104 231
105 114
105 121
105 162
105 182
105 185
105 217
106 123
106 147
106 149
106 228
106 244
107 195
108 167
108 201
108 236
109 121
109 180
109 181
109 219
109 244
111 145
111 244
112 142
112 151
112 157
112 162
112 214
112 226
113 125
113 173
113 233
114 135
114 144
114 154
114 220
115 151
115 162
115 174
115 189
115 193
115 235
116 132
116 137
116 138
116 197
116 199
116 212
117 124
117 196
117 206
118 127
118 157
118 158
118 209
118 222
118 227
119 121
119 154
119 215
119 249
120 129
120 141
120 144
121 178
121 194
121 220
121 225
122 143
122 148
122 214
122 248
123 225
123 242
124 126
124 130
124 136
124 247
125 243
126 142
126 221
127 181
128 179
128 229
129 133
129 155
129 176
129 188
130 232
130 246
132 224
132 242
133 146
134 177
134 216
135 182
135 200
136 150
136 163
137 157
137 203
138 159
138 240
139 173
140 180
142 184
142 191
143 167
143 189
143 207
144 160
144 210
144 235
146 202
146 211
147 207
148 168
148 186
148 215
148 220
149 206
153 185
153 232
154 218
155 178
155 199
155 230
157 189
157 192
157 227
160 178
160 241
161 224
161 245
162 213
162 219
162 231
163 215
165 218
166 210
167 206
173 197
174 175
174 183
174 202
174 247
175 194
175 235
176 234
180 187
180 190
180 200
180 205
181 200
182 190
182 214
183 198
183 199
185 206
187 202
188 204
189 207
189 249
192 203
192 224
193 234
196 239
197 198
200 221
202 213
202 240
204 211
206 218
206 243
207 248
208 210
208 223
210 233
212 244
216 220
223 238
234 236
234 246
235 240
237 243
242 245
