0 1
0 2
0 3
0 4
0 5
0 6
0 7
0 8
0 9
0 10
0 11
0 12
0 13
0 14
0 15
0 16
0 18
0 19
0 21
0 22
0 24
0 25
0 29
0 30
0 31
0 32
0 33
0 34
0 35
0 36
0 37
0 38
0 39
0 42
0 44
0 46
0 48
0 49
0 51
0 52
0 53
0 54
0 61
0 66
0 67
0 71
0 72
0 74
0 80
0 84
0 87
0 88
0 89
0 96
0 109
0 110
0 111
0 112
0 113
0 118
0 123
0 128
0 141
0 143
0 145
0 146
0 148
0 152
0 164
0 172
0 173
0 178
0 181
0 182
0 188
0 193
0 202
0 204
0 209
0 210
0 211
0 214
0 216
0 217
0 219
0 223
0 235
0 237
1 13
1 14
1 15
1 17
1 19
1 20
1 21
1 22
1 23
1 24
1 25
1 28
1 29
1 33
1 34
1 36
1 37
1 39
1 40
1 51
1 56
1 61
1 65
1 66
1 69
1 73
1 75
1 76
1 78
1 84
1 88
1 96
1 109
1 119
1 122
1 148
1 150
1 154
1 157
1 170
1 171
1 189
1 197
1 207
1 210
1 211
1 213
1 216
1 221
1 249
2 14
2 15
2 16
2 17
2 18
2 29
2 40
2 53
2 57
2 79
2 91
2 94
2 102
2 121
2 126
2 141
2 159
2 179
2 197
2 220
3 13
3 16
3 19
3 26
3 38
3 52
3 59
3 60
3 74
3 78
3 83
3 94
3 124
3 127
3 134
3 151
3 152
3 188
3 219
3 240
4 13
4 14
4 15
4 19
4 20
4 26
4 28
4 29
4 32
4 33
4 38
4 45
4 48
4 49
4 51
4 54
4 68
4 70
4 72
4 78
4 84
4 93
4 101
4 106
4 120
4 129
4 134
4 136
4 147
4 148
4 154
4 157
4 165
4 168
4 169
4 170
4 183
4 193
4 199
4 200
4 201
4 204
4 207
4 209
4 212
4 215
4 231
4 232
4 237
4 245
4 247
5 13
5 14
5 15
5 16
5 17
5 18
5 19
5 20
5 23
5 24
5 27
5 31
5 40
5 43
5 44
5 51
5 53
5 55
5 88
5 119
5 122
5 126
5 131
5 139
5 140
5 188
5 195
5 199
5 205
5 230
5 238
5 241
5 242
6 13
6 16
6 21
6 25
6 28
6 55
6 69
6 113
6 130
6 132
6 148
6 158
6 170
6 210
6 217
6 220
6 243
7 13
7 14
7 15
7 16
7 17
7 18
7 19
7 20
7 21
7 22
7 24
7 26
7 27
7 28
7 30
7 31
7 32
7 34
7 35
7 36
7 38
7 39
7 40
7 43
7 45
7 47
7 50
7 55
7 58
7 64
7 65
7 67
7 69
7 70
7 71
7 75
7 81
7 82
7 86
7 97
7 99
7 101
7 103
7 104
7 110
7 114
7 115
7 117
7 118
7 124
7 128
7 131
7 137
7 138
7 150
7 158
7 166
7 176
7 181
7 187
7 190
7 207
7 214
7 215
7 223
7 230
7 235
7 240
8 13
8 14
8 15
8 17
8 18
8 19
8 20
8 23
8 24
8 30
8 31
8 36
8 45
8 50
8 52
8 56
8 59
8 60
8 63
8 94
8 107
8 119
8 133
8 144
8 156
8 174
8 211
8 215
8 223
8 224
9 13
9 14
9 15
9 16
9 17
9 19
9 20
9 21
9 22
9 23
9 24
9 26
9 27
9 29
9 32
9 52
9 58
9 59
9 79
9 80
9 91
9 93
9 102
9 107
9 115
9 118
9 121
9 163
9 167
9 179
9 184
9 187
9 194
9 207
9 241
10 13
10 14
10 15
10 18
10 22
10 30
10 40
10 48
10 49
10 51
10 70
10 121
10 135
10 162
10 165
10 167
10 204
10 233
10 237
11 13
11 14
11 16
11 17
11 19
11 23
11 29
11 58
11 103
11 114
11 117
11 130
11 134
11 149
11 152
11 170
11 195
11 220
12 13
12 14
12 15
12 16
12 17
12 18
12 20
12 25
12 27
12 28
12 30
12 31
12 36
12 37
12 39
12 41
12 42
12 44
12 46
12 48
12 58
12 60
12 62
12 63
12 65
12 66
12 68
12 72
12 73
12 79
12 80
12 81
12 86
12 87
12 99
12 105
12 115
12 116
12 121
12 148
12 159
12 175
12 189
12 198
12 218
12 232
12 237
13 14
13 15
13 16
13 17
13 18
13 19
13 20
13 21
13 22
13 23
13 24
13 25
13 26
13 27
13 28
13 29
13 30
13 33
13 34
13 41
13 42
13 43
13 44
13 47
13 50
13 56
13 57
13 66
13 68
13 69
13 70
13 71
13 72
13 73
13 76
13 78
13 81
13 82
13 86
13 88
13 90
13 91
13 94
13 97
13 104
13 110
13 111
13 117
13 127
13 129
13 130
13 133
13 135
13 138
13 152
13 159
13 160
13 163
13 169
13 170
13 178
13 184
13 186
13 197
13 198
13 218
13 223
13 228
13 229
13 234
13 237
13 238
13 240
13 249
14 15
14 16
14 17
14 18
14 19
14 21
14 22
14 23
14 25
14 26
14 27
14 29
14 30
14 31
14 32
14 34
14 37
14 38
14 39
14 40
14 41
14 42
14 43
14 45
14 46
14 48
14 49
14 50
14 51
14 52
14 53
14 55
14 57
14 63
14 65
14 66
14 67
14 69
14 70
14 73
14 74
14 75
14 81
14 84
14 85
14 90
14 102
14 104
14 110
14 112
14 118
14 121
14 128
14 134
14 140
14 141
14 145
14 146
14 147
14 151
14 155
14 159
14 162
14 163
14 166
14 168
14 169
14 170
14 172
14 175
14 180
14 184
14 185
14 189
14 190
14 191
14 198
14 205
14 214
14 229
14 237
14 240
14 246
15 16
15 17
15 18
15 20
15 21
15 22
15 23
15 24
15 25
15 27
15 29
15 32
15 39
15 40
15 41
15 50
15 52
15 55
15 65
15 66
15 69
15 70
15 76
15 78
15 79
15 80
15 82
15 92
15 93
15 95
15 107
15 108
15 121
15 122
15 125
15 127
15 128
15 136
15 140
15 145
15 151
15 152
15 154
15 156
15 159
15 161
15 164
15 173
15 174
15 175
15 177
15 192
15 197
15 202
15 206
15 212
15 224
15 234
15 236
16 17
16 18
16 20
16 21
16 22
16 23
16 26
16 28
16 29
16 30
16 31
16 34
16 37
16 39
16 41
16 44
16 47
16 48
16 54
16 57
16 58
16 60
16 64
16 67
16 73
16 74
16 76
16 80
16 81
16 86
16 90
16 92
16 103
16 116
16 121
16 125
16 126
16 130
16 139
16 159
16 160
16 171
16 174
16 178
16 182
16 206
16 210
16 223
16 227
16 237
16 241
16 243
16 244
17 18
17 19
17 21
17 24
17 25
17 26
17 28
17 31
17 33
17 35
17 36
17 38
17 41
17 43
17 45
17 46
17 50
17 52
17 56
17 64
17 68
17 74
17 85
17 92
17 100
17 101
17 129
17 130
17 131
17 135
17 142
17 143
17 157
17 186
17 194
17 227
17 231
17 233
17 234
17 238
18 20
18 21
18 22
18 24
18 25
18 32
18 35
18 36
18 38
18 41
18 47
18 49
18 54
18 64
18 67
18 69
18 71
18 72
18 81
18 97
18 103
18 104
18 105
18 116
18 123
18 129
18 148
18 155
18 156
18 158
18 162
18 170
18 177
18 193
18 199
18 201
18 226
18 228
18 233
18 236
19 20
19 21
19 22
19 23
19 24
19 25
19 26
19 27
19 28
19 30
19 31
19 34
19 35
19 44
19 45
19 46
19 47
19 48
19 50
19 54
19 55
19 58
19 59
19 62
19 63
19 65
19 71
19 75
19 77
19 80
19 88
19 90
19 92
19 93
19 94
19 96
19 98
19 110
19 119
19 122
19 126
19 129
19 141
19 142
19 147
19 149
19 150
19 152
19 155
19 158
19 160
19 165
19 166
19 167
19 168
19 174
19 175
19 180
19 181
19 187
19 193
19 199
19 200
19 203
19 206
19 208
19 225
19 235
19 237
19 249
20 22
20 23
20 27
20 30
20 32
20 33
20 35
20 36
20 38
20 42
20 43
20 47
20 48
20 54
20 60
20 62
20 76
20 79
20 80
20 83
20 85
20 87
20 91
20 97
20 103
20 107
20 111
20 114
20 130
20 133
20 139
20 150
20 151
20 152
20 162
20 167
20 175
20 194
20 196
20 201
20 216
20 232
20 241
21 23
21 25
21 26
21 27
21 33
21 35
21 39
21 41
21 45
21 48
21 49
21 52
21 58
21 62
21 71
21 73
21 75
21 79
21 83
21 95
21 108
21 114
21 117
21 120
21 121
21 122
21 125
21 126
21 127
21 135
21 147
21 158
21 167
21 175
21 178
21 184
21 199
21 208
21 216
21 218
21 234
21 246
21 249
22 24
22 25
22 30
22 31
22 33
22 35
22 36
22 37
22 42
22 44
22 45
22 51
22 54
22 60
22 61
22 70
22 75
22 76
22 80
22 87
22 91
22 92
22 98
22 99
22 105
22 106
22 115
22 122
22 123
22 124
22 125
22 135
22 141
22 143
22 144
22 151
22 155
22 157
22 160
22 173
22 174
22 178
22 181
22 190
22 195
22 197
22 214
22 236
22 245
22 249
23 26
23 33
23 36
23 37
23 39
23 40
23 42
23 44
23 55
23 59
23 62
23 63
23 72
23 84
23 85
23 86
23 90
23 96
23 106
23 113
23 119
23 127
23 128
23 143
23 155
23 185
23 195
23 225
23 226
23 235
23 236
23 239
23 241
23 246
23 248
24 31
24 35
24 36
24 53
24 54
24 59
24 61
24 63
24 68
24 71
24 80
24 90
24 91
24 92
24 108
24 145
24 146
24 180
24 199
24 224
24 243
25 26
25 27
25 28
25 29
25 31
25 33
25 34
25 38
25 51
25 53
25 54
25 55
25 58
25 59
25 60
25 62
25 66
25 67
25 84
25 87
25 88
25 89
25 92
25 98
25 100
25 102
25 120
25 123
25 128
25 136
25 145
25 146
25 149
25 151
25 161
25 167
25 173
25 193
25 195
25 196
25 199
25 205
25 206
25 220
25 229
25 242
25 247
26 27
26 28
26 29
26 32
26 34
26 35
26 40
26 43
26 45
26 46
26 47
26 52
26 54
26 56
26 57
26 63
26 66
26 74
26 83
26 93
26 94
26 99
26 101
26 115
26 133
26 140
26 143
26 144
26 147
26 150
26 157
26 165
26 168
26 208
26 215
26 227
27 28
27 30
27 33
27 37
27 40
27 41
27 42
27 46
27 51
27 58
27 59
27 60
27 61
27 69
27 72
27 85
27 89
27 97
27 100
27 101
27 105
27 114
27 123
27 124
27 127
27 134
27 135
27 136
27 143
27 146
27 148
27 158
27 162
27 175
27 176
27 179
27 181
27 200
27 203
27 209
27 211
27 215
27 234
27 239
28 34
28 35
28 37
28 40
28 42
28 49
28 53
28 56
28 57
28 64
28 65
28 68
28 73
28 74
28 75
28 76
28 78
28 82
28 87
28 89
28 97
28 104
28 115
28 123
28 126
28 129
28 135
28 138
28 142
28 144
28 146
28 153
28 166
28 167
28 173
28 176
28 185
28 203
28 214
28 222
28 226
28 227
28 239
28 242
28 246
29 32
29 33
29 34
29 37
29 41
29 42
29 44
29 46
29 47
29 49
29 50
29 51
29 56
29 59
29 60
29 65
29 66
29 69
29 74
29 77
29 78
29 82
29 84
29 87
29 89
29 90
29 95
29 102
29 105
29 107
29 108
29 110
29 115
29 120
29 131
29 134
29 140
29 146
29 150
29 188
29 191
29 193
29 201
29 204
29 209
29 218
29 219
29 221
29 224
29 245
29 247
30 32
30 39
30 43
30 47
30 48
30 50
30 57
30 60
30 61
30 83
30 96
30 99
30 109
30 116
30 122
30 124
30 141
30 169
30 177
30 211
30 221
30 245
31 32
31 37
31 38
31 45
31 53
31 63
31 64
31 71
31 83
31 86
31 92
31 100
31 102
31 111
31 112
31 114
31 118
31 137
31 138
31 152
31 169
31 172
31 177
31 183
31 186
31 187
31 197
31 202
31 204
31 207
31 208
31 222
31 226
31 243
31 245
32 34
32 36
32 41
32 44
32 46
32 48
32 61
32 68
32 70
32 74
32 80
32 83
32 88
32 92
32 93
32 94
32 95
32 108
32 109
32 113
32 114
32 115
32 128
32 139
32 144
32 151
32 176
32 189
32 230
32 238
33 35
33 46
33 47
33 64
33 70
33 75
33 83
33 86
33 94
33 99
33 104
33 109
33 111
33 134
33 138
33 171
33 181
33 195
33 201
33 205
33 210
33 224
33 228
33 239
33 244
34 39
34 43
34 52
34 53
34 67
34 68
34 69
34 77
34 89
34 93
34 95
34 98
34 117
34 120
34 123
34 124
34 139
34 157
34 158
34 164
34 165
34 180
34 191
34 197
34 203
34 216
34 220
34 223
34 229
34 232
34 236
34 248
35 37
35 38
35 40
35 41
35 42
35 44
35 54
35 56
35 58
35 61
35 62
35 64
35 78
35 79
35 83
35 88
35 89
35 91
35 99
35 101
35 103
35 108
35 111
35 112
35 115
35 119
35 126
35 130
35 136
35 141
35 143
35 144
35 146
35 156
35 157
35 169
35 179
35 184
35 189
35 190
35 198
35 214
35 215
35 217
35 222
35 237
35 242
36 38
36 39
36 55
36 58
36 72
36 76
36 80
36 96
36 104
36 132
36 133
36 134
36 142
36 150
36 160
36 172
36 182
36 194
36 201
36 214
36 248
37 43
37 45
37 46
37 47
37 49
37 52
37 53
37 56
37 57
37 63
37 75
37 78
37 81
37 83
37 91
37 98
37 100
37 103
37 105
37 138
37 140
37 176
37 179
37 233
37 248
38 63
38 90
38 93
38 110
38 116
38 129
38 132
38 164
38 166
38 171
38 184
38 192
38 220
39 46
39 47
39 51
39 56
39 57
39 62
39 63
39 67
39 72
39 73
39 76
39 86
39 87
39 92
39 95
39 98
39 105
39 108
39 109
39 110
39 116
39 118
39 124
39 127
39 135
39 139
39 145
39 146
39 147
39 173
39 182
39 187
39 201
39 202
39 213
39 214
39 221
39 222
39 231
40 42
40 43
40 44
40 49
40 50
40 53
40 55
40 57
40 68
40 77
40 92
40 101
40 113
40 119
40 151
40 152
40 156
40 160
40 166
40 176
40 191
40 198
40 214
40 241
40 245
41 43
41 49
41 58
41 68
41 72
41 73
41 86
41 96
41 98
41 102
41 111
41 117
41 120
41 128
41 134
41 138
41 153
41 155
41 168
41 172
41 180
41 188
41 199
41 227
42 50
42 56
42 61
42 64
42 68
42 86
42 104
42 109
42 137
42 158
42 172
42 180
42 235
43 45
43 48
43 55
43 59
43 62
43 65
43 75
43 77
43 82
43 88
43 91
43 95
43 100
43 117
43 128
43 132
43 148
43 149
43 164
43 168
43 171
43 172
43 179
43 193
43 211
43 226
43 233
43 234
44 61
44 65
44 79
44 88
44 97
44 106
44 125
44 127
44 129
44 131
44 139
44 150
44 161
44 170
44 173
44 180
44 189
44 198
44 218
44 242
44 245
45 53
45 77
45 79
45 82
45 95
45 98
45 107
45 113
45 117
45 130
45 151
45 182
45 183
45 194
45 230
45 246
45 247
45 248
46 55
46 59
46 82
46 99
46 106
46 107
46 108
46 122
46 129
46 132
46 136
46 185
46 208
47 52
47 57
47 78
47 86
47 97
47 133
47 136
47 165
47 194
47 201
47 222
47 224
48 49
48 51
48 66
48 67
48 70
48 77
48 79
48 82
48 93
48 96
48 102
48 111
48 118
48 127
48 134
48 137
48 163
48 182
48 192
48 202
48 206
48 210
49 50
49 59
49 71
49 78
49 91
49 96
49 98
49 104
49 109
49 111
49 123
49 127
49 136
49 139
49 141
49 143
49 154
49 156
49 157
49 158
49 160
49 192
49 195
49 200
49 205
49 212
49 233
49 237
50 64
50 69
50 85
50 89
50 100
50 125
50 142
50 198
50 200
50 218
50 228
51 90
51 94
51 98
51 127
51 136
51 155
51 171
51 204
51 232
52 73
52 85
52 110
52 114
52 140
52 184
52 186
52 210
53 54
53 60
53 62
53 66
53 76
53 87
53 101
53 116
53 122
53 126
53 159
53 162
53 164
53 168
53 170
53 177
53 185
53 188
53 208
53 213
53 219
53 235
53 247
53 249
54 56
54 64
54 65
54 66
54 71
54 74
54 85
54 104
54 117
54 122
54 142
54 146
54 165
54 169
54 170
54 171
54 175
54 190
54 204
54 218
54 236
54 243
55 57
55 60
55 62
55 63
55 67
55 77
55 80
55 81
55 84
55 97
55 109
55 120
55 155
55 161
55 181
55 183
55 217
56 61
56 64
56 77
56 81
56 84
56 103
56 104
56 116
56 120
56 130
56 144
56 149
56 150
56 163
56 165
56 187
56 190
56 216
56 224
56 246
57 75
57 91
57 95
57 102
57 121
57 126
57 140
57 154
57 156
57 157
57 174
57 178
57 183
57 185
57 206
57 219
57 235
57 236
57 248
58 70
58 99
58 111
58 113
58 163
58 186
58 190
59 61
59 73
59 92
59 96
59 105
59 126
59 160
59 167
59 174
59 184
59 201
59 202
59 207
59 232
59 239
60 62
60 78
60 95
60 102
60 117
60 119
60 137
60 154
60 169
60 180
60 203
60 208
60 238
61 68
61 90
61 106
61 108
61 123
61 125
61 140
61 143
61 157
61 162
61 182
61 207
61 211
61 242
62 65
62 67
62 83
62 99
62 100
62 112
62 140
62 144
62 149
62 159
62 179
62 185
62 201
62 216
62 229
63 69
63 74
63 94
63 95
63 97
63 102
63 113
63 129
63 135
63 142
63 149
63 150
63 169
63 181
63 182
63 184
63 200
63 239
63 248
64 72
64 74
64 93
64 97
64 145
64 149
64 161
64 166
64 181
64 202
64 221
65 102
65 128
65 136
65 138
65 139
65 153
65 160
65 165
65 166
65 167
65 168
65 174
65 187
65 189
65 204
65 243
66 67
66 71
66 73
66 76
66 82
66 94
66 130
66 176
66 211
66 242
67 77
67 91
67 105
67 106
67 107
67 163
67 191
68 71
68 83
68 84
68 101
68 105
68 106
68 115
68 128
68 136
68 138
68 140
68 155
68 161
68 170
68 210
68 212
68 219
68 234
68 240
68 243
68 244
69 70
69 76
69 90
69 93
69 116
69 142
69 143
69 146
69 148
69 157
69 162
69 193
69 202
69 209
69 213
70 72
70 81
70 84
70 87
70 96
70 108
70 149
70 156
70 213
71 85
71 88
71 120
71 132
71 135
71 163
71 167
71 187
71 226
72 77
72 79
72 99
72 112
72 114
72 119
72 154
72 174
72 179
72 216
72 225
72 231
72 236
73 75
73 79
73 85
73 88
73 93
73 107
73 149
73 153
73 205
73 221
73 225
73 240
74 77
74 81
74 87
74 112
74 113
74 114
74 136
74 156
74 191
74 230
74 247
75 90
75 112
75 158
75 163
75 196
75 235
75 239
76 94
76 103
76 106
76 109
76 112
76 113
76 134
76 138
76 145
76 154
76 161
76 176
76 219
76 238
76 246
77 82
77 85
77 86
77 87
77 89
77 97
77 105
77 142
77 152
77 164
77 173
77 175
77 177
77 203
77 225
77 245
78 81
78 98
78 118
78 121
78 131
78 135
78 142
78 182
78 183
78 207
79 84
79 89
79 100
79 116
79 153
79 205
79 210
79 231
79 234
79 249
80 82
80 96
80 137
80 142
80 145
80 212
81 89
81 101
81 120
81 131
81 147
81 221
82 125
82 126
82 130
82 132
82 137
82 138
82 162
82 196
82 204
82 217
82 223
82 225
82 226
82 245
83 85
83 106
83 120
83 124
83 151
83 159
83 169
83 178
83 184
83 200
83 230
84 98
84 140
84 155
84 168
84 209
85 100
85 103
85 111
85 112
85 114
85 122
85 124
85 133
85 161
85 194
85 197
85 213
85 233
86 100
86 101
86 108
86 119
86 154
86 173
86 177
86 178
86 193
86 194
86 220
86 247
87 89
87 118
87 121
87 122
87 129
87 139
87 177
87 235
88 103
88 107
88 123
88 137
88 149
88 163
88 165
88 173
88 178
88 229
89 107
89 139
89 169
89 171
89 208
89 214
90 99
90 123
90 148
90 151
90 177
90 181
90 198
90 203
90 222
91 109
91 114
91 116
91 132
91 163
91 166
91 176
91 224
91 238
92 106
92 116
92 121
92 125
92 144
92 247
93 103
93 111
93 130
93 155
93 175
93 177
93 225
93 244
94 95
94 119
94 124
94 132
94 156
94 182
94 191
94 194
94 218
94 221
94 228
94 231
94 234
94 241
95 112
95 170
95 182
95 192
95 194
96 150
96 161
96 176
96 190
96 198
96 217
96 245
97 100
97 110
97 187
97 190
97 209
98 106
98 125
98 150
98 153
98 168
98 174
98 193
99 101
99 123
99 141
99 159
99 233
100 124
100 146
100 181
100 230
100 236
101 104
101 118
101 127
101 132
101 153
101 157
101 162
101 167
101 171
101 220
101 231
101 243
101 247
102 115
102 163
102 200
102 222
102 230
103 105
103 108
103 110
103 126
103 131
103 133
103 141
103 145
103 177
103 185
103 186
103 191
103 207
103 213
104 113
104 135
104 145
104 205
104 207
104 248
105 107
105 113
105 192
106 178
106 225
107 109
107 112
107 117
107 137
107 166
107 171
107 180
107 186
107 188
107 200
107 206
107 229
107 232
107 240
108 115
108 118
108 131
108 172
108 188
108 189
109 110
109 167
109 180
109 243
110 131
110 133
110 147
110 185
110 195
110 209
110 244
110 248
111 147
111 228
112 118
112 120
112 143
112 185
112 196
112 209
112 212
112 232
112 241
113 143
113 196
113 203
113 232
114 117
114 125
114 149
114 197
114 227
114 231
114 242
115 133
115 137
115 144
115 151
115 179
115 220
115 233
116 124
116 138
116 159
116 186
116 192
116 195
116 203
116 213
116 219
116 222
116 232
117 119
117 132
117 189
117 194
117 214
118 128
118 147
118 178
119 142
119 164
119 198
120 137
120 139
120 174
120 179
120 222
121 129
121 131
121 132
121 175
121 211
121 243
122 184
122 189
122 194
122 212
122 221
122 240
122 243
122 244
122 249
123 153
123 158
123 223
123 240
124 125
124 134
124 144
124 165
124 183
124 188
124 192
124 203
124 226
124 237
124 248
125 160
125 195
125 239
126 131
126 180
126 186
127 148
128 153
128 179
128 187
129 133
129 137
129 172
129 188
130 133
130 165
130 171
130 202
130 208
130 220
130 227
130 229
130 236
131 141
131 153
131 162
131 178
131 196
131 216
131 219
131 230
131 231
131 238
132 153
132 184
132 189
132 222
132 227
132 228
132 236
133 141
133 144
133 154
133 161
133 164
133 168
133 186
133 192
133 193
133 195
133 204
133 207
133 212
135 154
135 162
135 166
135 172
135 197
135 210
135 223
135 239
136 217
136 248
137 145
137 147
137 158
137 176
137 196
137 198
137 199
137 201
137 207
138 156
139 155
139 176
139 228
140 218
141 147
141 152
141 156
141 190
141 199
141 246
142 173
142 174
142 186
142 193
142 209
142 218
143 154
143 183
143 191
143 208
144 168
144 183
145 152
145 153
145 203
145 224
146 148
146 185
146 187
146 197
146 221
147 182
147 183
148 216
148 219
148 228
148 231
148 242
149 190
149 204
149 217
150 206
150 234
151 172
151 177
151 187
151 191
151 211
151 233
152 175
152 188
152 205
153 160
153 186
153 196
154 161
154 164
154 169
155 159
155 161
155 191
155 232
156 209
156 217
157 164
157 172
157 221
157 223
158 200
159 160
159 164
159 171
159 241
159 245
160 192
160 217
160 239
160 241
161 173
161 196
161 224
161 239
162 166
162 201
162 215
163 200
163 228
164 192
164 198
164 206
164 220
164 234
164 243
164 246
164 249
165 202
165 241
166 199
166 230
166 245
167 190
167 225
168 202
168 213
168 219
168 227
169 179
169 195
170 213
171 183
171 189
171 205
172 217
172 225
172 235
172 247
173 185
173 188
173 200
173 244
174 229
175 181
175 212
175 215
176 196
176 229
177 180
177 211
177 212
178 206
178 213
179 191
181 192
181 210
182 183
183 236
183 242
183 244
183 247
184 215
184 225
184 229
185 214
185 218
185 222
187 228
187 242
188 196
188 224
189 199
189 211
189 226
190 202
190 206
190 222
191 206
191 209
191 232
191 235
191 241
192 238
193 197
194 242
194 248
195 237
196 249
197 205
197 208
198 208
198 230
198 249
199 205
199 213
199 224
199 228
200 212
200 234
201 221
201 226
201 231
201 244
202 203
202 215
203 204
203 238
203 244
204 212
204 244
205 218
205 231
205 249
207 223
207 227
207 246
208 210
208 233
209 215
209 216
210 219
211 240
212 216
212 217
213 215
213 226
214 223
214 230
215 227
216 229
217 225
217 240
218 220
219 226
219 235
219 238
219 244
220 227
220 233
223 246
223 247
224 238
229 239
229 240
233 246
