0 1
0 2
0 3
0 4
0 5
0 6
0 7
0 8
0 9
0 10
0 11
0 12
0 13
0 14
0 15
0 16
0 17
0 18
0 19
0 20
0 21
0 22
0 23
0 24
0 25
0 26
0 27
0 28
0 29
0 30
0 31
0 33
0 35
0 36
0 37
0 38
0 39
0 42
0 43
0 44
0 45
0 47
0 49
0 52
0 54
0 56
0 57
0 60
0 61
0 62
0 66
0 68
0 69
0 71
0 74
0 76
0 79
0 84
0 87
0 92
0 102
0 105
0 106
0 110
0 114
0 115
0 117
0 120
0 125
0 126
0 127
0 128
0 129
0 132
0 138
0 142
0 144
0 145
0 153
0 155
0 161
0 163
0 173
0 176
0 181
0 185
0 186
0 187
0 200
0 201
0 205
0 208
0 210
0 215
0 216
0 217
0 219
0 221
0 223
0 228
0 231
0 240
0 244
0 248
1 17
1 21
1 22
1 23
1 26
1 28
1 32
1 33
1 34
1 42
1 49
1 50
1 56
1 62
1 63
1 64
1 66
1 79
1 89
1 90
1 95
1 97
1 98
1 100
1 105
1 121
1 124
1 129
1 134
1 157
1 171
1 175
1 179
1 192
1 214
1 233
1 234
2 17
2 18
2 19
2 20
2 21
2 22
2 23
2 24
2 27
2 28
2 29
2 30
2 32
2 34
2 39
2 40
2 44
2 47
2 49
2 50
2 51
2 53
2 55
2 57
2 60
2 64
2 70
2 77
2 80
2 86
2 87
2 94
2 95
2 97
2 98
2 104
2 107
2 110
2 111
2 114
2 115
2 121
2 137
2 138
2 140
2 141
2 143
2 145
2 149
2 152
2 153
2 158
2 163
2 166
2 167
2 175
2 176
2 180
2 183
2 188
2 195
2 196
2 202
2 207
2 211
2 212
2 214
2 218
2 227
2 232
2 235
2 237
2 238
2 239
3 17
3 19
3 20
3 22
3 26
3 27
3 28
3 35
3 36
3 51
3 56
3 60
3 71
3 86
3 88
3 90
3 92
3 121
3 182
3 203
3 228
4 17
4 18
4 20
4 25
4 38
4 43
4 51
4 52
4 59
4 72
4 76
4 91
4 109
4 111
4 126
4 150
4 167
4 171
4 184
4 196
4 229
4 240
5 17
5 18
5 19
5 22
5 23
5 24
5 25
5 27
5 34
5 48
5 66
5 69
5 85
5 88
5 91
5 105
5 107
5 110
5 139
5 148
5 165
5 173
5 175
5 190
5 202
5 240
6 17
6 18
6 19
6 20
6 22
6 23
6 24
6 25
6 26
6 27
6 29
6 30
6 32
6 33
6 37
6 43
6 46
6 49
6 55
6 61
6 64
6 73
6 76
6 78
6 79
6 81
6 83
6 87
6 89
6 91
6 104
6 106
6 107
6 108
6 118
6 123
6 124
6 126
6 154
6 176
6 177
6 196
6 201
6 215
6 219
6 222
6 242
6 245
6 249
7 17
7 18
7 20
7 21
7 22
7 24
7 25
7 26
7 29
7 30
7 33
7 40
7 48
7 55
7 60
7 64
7 69
7 72
7 76
7 77
7 79
7 90
7 101
7 112
7 113
7 117
7 118
7 119
7 135
7 146
7 147
7 157
7 161
7 165
7 169
7 172
7 175
7 182
7 192
7 204
7 208
7 215
7 228
7 234
7 236
7 240
8 18
8 19
8 22
8 24
8 26
8 27
8 28
8 29
8 30
8 44
8 45
8 46
8 49
8 65
8 84
8 92
8 95
8 103
8 111
8 116
8 134
8 151
8 187
8 188
8 206
8 208
8 209
8 210
8 220
8 233
9 17
9 18
9 19
9 20
9 21
9 23
9 29
9 41
9 44
9 46
9 47
9 50
9 55
9 71
9 96
9 105
9 133
9 141
9 147
9 168
9 182
9 196
9 223
9 246
10 17
10 18
10 19
10 21
10 22
10 23
10 24
10 31
10 32
10 33
10 42
10 43
10 64
10 94
10 104
10 111
10 112
10 115
10 125
10 151
10 160
10 161
10 168
10 169
10 172
10 174
10 190
10 198
10 202
10 208
10 218
11 17
11 18
11 19
11 20
11 21
11 26
11 27
11 28
11 42
11 47
11 52
11 56
11 61
11 69
11 73
11 74
11 135
11 173
11 178
11 193
11 195
11 223
12 17
12 18
12 19
12 20
12 21
12 22
12 23
12 24
12 25
12 26
12 27
12 29
12 31
12 36
12 40
12 41
12 43
12 45
12 46
12 47
12 50
12 52
12 53
12 59
12 64
12 66
12 67
12 70
12 71
12 73
12 87
12 90
12 101
12 111
12 113
12 118
12 119
12 120
12 123
12 124
12 125
12 129
12 132
12 142
12 146
12 149
12 165
12 182
12 197
12 200
12 211
12 213
12 214
12 217
12 238
12 246
13 17
13 18
13 19
13 20
13 21
13 22
13 23
13 24
13 27
13 28
13 32
13 34
13 35
13 36
13 37
13 38
13 39
13 41
13 42
13 44
13 45
13 48
13 54
13 55
13 57
13 59
13 61
13 68
13 73
13 75
13 77
13 81
13 82
13 89
13 93
13 96
13 100
13 103
13 104
13 105
13 106
13 107
13 117
13 120
13 127
13 128
13 131
13 132
13 142
13 145
13 155
13 166
13 170
13 178
13 180
13 183
13 184
13 191
13 203
13 206
13 230
13 247
13 249
14 17
14 18
14 19
14 20
14 21
14 25
14 26
14 30
14 33
14 36
14 38
14 41
14 43
14 50
14 54
14 68
14 78
14 82
14 85
14 97
14 99
14 119
14 125
14 179
14 206
14 213
14 236
15 17
15 18
15 19
15 20
15 21
15 23
15 25
15 26
15 28
15 30
15 35
15 38
15 40
15 42
15 48
15 51
15 60
15 62
15 64
15 75
15 79
15 85
15 94
15 112
15 125
15 138
15 140
15 142
15 153
15 156
15 160
15 162
15 176
16 17
16 18
16 19
16 20
16 21
16 23
16 24
16 25
16 32
16 33
16 34
16 39
16 43
16 46
16 47
16 48
16 52
16 54
16 63
16 70
16 72
16 95
16 96
16 97
16 116
16 126
16 137
16 141
16 142
16 154
16 155
16 173
16 204
16 206
16 225
16 242
16 249
17 18
17 19
17 20
17 21
17 22
17 24
17 25
17 26
17 33
17 35
17 36
17 40
17 45
17 47
17 48
17 49
17 52
17 54
17 65
17 68
17 69
17 74
17 75
17 88
17 89
17 101
17 103
17 105
17 110
17 115
17 116
17 117
17 122
17 127
17 134
17 135
17 139
17 140
17 144
17 164
17 173
17 187
17 193
17 199
17 203
17 210
17 223
17 225
17 232
17 242
18 19
18 20
18 21
18 22
18 23
18 24
18 25
18 26
18 27
18 28
18 29
18 30
18 31
18 32
18 33
18 34
18 35
18 36
18 37
18 38
18 39
18 41
18 43
18 45
18 48
18 58
18 61
18 64
18 71
18 72
18 77
18 80
18 81
18 84
18 92
18 93
18 96
18 97
18 106
18 108
18 112
18 123
18 130
18 132
18 140
18 147
18 150
18 159
18 162
18 181
18 187
18 192
18 194
18 201
18 205
18 216
18 228
18 229
18 232
18 233
18 234
18 244
18 246
19 20
19 21
19 22
19 23
19 24
19 25
19 30
19 31
19 33
19 34
19 35
19 37
19 38
19 39
19 40
19 41
19 47
19 51
19 56
19 60
19 62
19 69
19 73
19 74
19 76
19 80
19 85
19 86
19 89
19 91
19 95
19 105
19 107
19 111
19 114
19 130
19 133
19 134
19 136
19 138
19 148
19 161
19 164
19 165
19 166
19 167
19 175
19 194
19 198
19 199
19 207
19 212
19 214
19 215
19 217
19 239
19 242
19 247
20 21
20 22
20 23
20 25
20 26
20 27
20 28
20 29
20 30
20 31
20 32
20 33
20 35
20 36
20 37
20 38
20 39
20 41
20 44
20 46
20 48
20 49
20 50
20 52
20 59
20 61
20 62
20 64
20 65
20 66
20 69
20 70
20 78
20 79
20 82
20 92
20 93
20 94
20 96
20 108
20 109
20 121
20 124
20 129
20 132
20 133
20 148
20 153
20 155
20 157
20 159
20 161
20 169
20 184
20 193
20 198
20 199
20 201
20 204
20 209
20 210
20 215
20 221
20 229
20 233
20 236
20 240
20 249
21 22
21 23
21 24
21 25
21 27
21 28
21 29
21 31
21 32
21 34
21 37
21 39
21 40
21 41
21 42
21 43
21 44
21 48
21 50
21 52
21 53
21 54
21 55
21 58
21 59
21 63
21 64
21 68
21 70
21 73
21 75
21 78
21 81
21 82
21 83
21 85
21 86
21 87
21 88
21 89
21 92
21 93
21 96
21 98
21 103
21 114
21 115
21 117
21 127
21 129
21 132
21 135
21 144
21 145
21 152
21 154
21 156
21 158
21 159
21 180
21 181
21 191
21 193
21 198
21 203
21 206
21 207
21 212
21 218
21 219
21 227
21 249
22 23
22 24
22 25
22 27
22 29
22 30
22 31
22 32
22 33
22 34
22 35
22 36
22 38
22 40
22 41
22 42
22 43
22 44
22 46
22 47
22 50
22 51
22 53
22 54
22 55
22 58
22 65
22 66
22 67
22 68
22 72
22 73
22 74
22 75
22 78
22 80
22 86
22 88
22 92
22 93
22 98
22 100
22 109
22 115
22 122
22 123
22 135
22 137
22 143
22 147
22 150
22 153
22 155
22 164
22 172
22 179
22 181
22 187
22 195
22 199
22 202
22 203
22 210
22 213
22 220
22 232
22 233
22 236
22 237
22 243
22 248
23 24
23 26
23 27
23 28
23 29
23 30
23 31
23 32
23 34
23 36
23 37
23 38
23 40
23 41
23 42
23 43
23 44
23 47
23 49
23 52
23 53
23 55
23 56
23 57
23 58
23 59
23 60
23 61
23 63
23 68
23 70
23 71
23 75
23 76
23 77
23 88
23 89
23 90
23 93
23 97
23 98
23 99
23 102
23 104
23 113
23 115
23 130
23 131
23 132
23 134
23 135
23 139
23 147
23 157
23 164
23 166
23 180
23 183
23 186
23 193
23 197
23 204
23 208
23 210
23 211
23 212
23 213
23 216
23 221
23 233
24 25
24 26
24 28
24 29
24 30
24 31
24 32
24 33
24 34
24 35
24 37
24 39
24 40
24 43
24 47
24 51
24 53
24 54
24 55
24 57
24 58
24 61
24 65
24 67
24 68
24 69
24 70
24 74
24 77
24 79
24 80
24 87
24 96
24 103
24 104
24 106
24 107
24 108
24 109
24 112
24 113
24 115
24 119
24 120
24 121
24 123
24 130
24 132
24 133
24 142
24 144
24 149
24 150
24 161
24 166
24 167
24 171
24 176
24 185
24 186
24 191
24 197
24 202
24 207
24 222
24 224
24 228
24 230
24 236
24 243
25 26
25 27
25 28
25 31
25 32
25 36
25 37
25 39
25 40
25 41
25 42
25 43
25 45
25 46
25 48
25 49
25 52
25 57
25 58
25 59
25 61
25 62
25 63
25 67
25 68
25 69
25 72
25 75
25 78
25 79
25 81
25 84
25 88
25 89
25 93
25 95
25 97
25 98
25 99
25 108
25 116
25 118
25 124
25 125
25 127
25 139
25 140
25 145
25 147
25 148
25 151
25 152
25 156
25 158
25 166
25 169
25 174
25 183
25 185
25 194
25 195
25 197
25 202
25 217
25 219
25 227
25 234
25 235
25 238
25 244
25 247
25 249
26 27
26 28
26 29
26 30
26 31
26 32
26 34
26 35
26 36
26 37
26 43
26 44
26 46
26 47
26 50
26 56
26 57
26 60
26 65
26 69
26 72
26 74
26 75
26 79
26 80
26 82
26 85
26 87
26 92
26 93
26 96
26 114
26 121
26 126
26 127
26 129
26 150
26 151
26 153
26 159
26 169
26 170
26 171
26 175
26 176
26 180
26 185
26 186
26 198
26 199
26 205
26 210
26 225
26 231
26 232
26 243
26 247
27 28
27 29
27 30
27 31
27 32
27 34
27 35
27 36
27 37
27 38
27 39
27 40
27 41
27 42
27 43
27 44
27 45
27 46
27 47
27 49
27 51
27 52
27 53
27 56
27 57
27 58
27 59
27 62
27 64
27 65
27 67
27 69
27 70
27 71
27 77
27 80
27 81
27 83
27 90
27 94
27 101
27 105
27 106
27 107
27 111
27 115
27 124
27 129
27 130
27 134
27 137
27 139
27 142
27 143
27 150
27 151
27 152
27 154
27 157
27 161
27 162
27 164
27 169
27 170
27 175
27 186
27 191
27 194
27 199
27 202
27 207
27 211
27 217
27 223
27 224
27 225
27 227
27 230
27 233
27 241
27 242
28 29
28 30
28 31
28 40
28 44
28 46
28 48
28 49
28 51
28 53
28 54
28 56
28 61
28 62
28 67
28 72
28 74
28 87
28 91
28 93
28 97
28 102
28 103
28 111
28 122
28 125
28 126
28 131
28 134
28 135
28 139
28 140
28 141
28 163
28 168
28 180
28 181
28 184
28 185
28 189
28 192
28 193
28 194
28 197
28 203
28 207
28 216
28 218
28 225
28 243
29 31
29 33
29 34
29 37
29 39
29 41
29 45
29 50
29 51
29 52
29 53
29 57
29 58
29 60
29 62
29 63
29 66
29 68
29 72
29 87
29 91
29 92
29 94
29 95
29 101
29 103
29 108
29 109
29 118
29 128
29 142
29 144
29 145
29 152
29 164
29 175
29 184
29 186
29 190
29 193
29 194
29 195
29 197
29 208
29 211
29 212
29 227
29 242
29 243
29 244
30 31
30 33
30 35
30 37
30 43
30 47
30 48
30 49
30 54
30 55
30 60
30 67
30 71
30 76
30 79
30 85
30 92
30 97
30 99
30 105
30 120
30 133
30 143
30 148
30 155
30 157
30 159
30 179
30 180
30 185
30 188
30 191
30 209
30 215
30 217
30 221
30 228
30 237
31 32
31 33
31 34
31 35
31 36
31 37
31 38
31 39
31 41
31 42
31 44
31 55
31 58
31 60
31 63
31 65
31 67
31 71
31 75
31 81
31 86
31 87
31 96
31 102
31 103
31 107
31 112
31 113
31 127
31 129
31 142
31 148
31 149
31 156
31 158
31 160
31 165
31 177
31 179
31 181
31 182
31 186
31 190
31 196
31 202
31 207
31 233
31 239
31 249
32 34
32 35
32 37
32 39
32 41
32 51
32 52
32 54
32 55
32 59
32 74
32 76
32 81
32 90
32 101
32 103
32 109
32 117
32 121
32 123
32 140
32 141
32 143
32 147
32 167
32 177
32 191
32 192
32 214
32 223
32 228
32 230
32 231
32 234
32 241
33 35
33 40
33 42
33 45
33 46
33 51
33 56
33 58
33 59
33 63
33 76
33 80
33 85
33 86
33 91
33 93
33 94
33 97
33 99
33 101
33 102
33 112
33 113
33 114
33 116
33 121
33 127
33 131
33 146
33 155
33 156
33 158
33 161
33 163
33 166
33 181
33 219
33 224
33 230
33 232
33 242
33 244
34 36
34 38
34 46
34 48
34 49
34 50
34 56
34 57
34 60
34 74
34 76
34 84
34 87
34 95
34 100
34 101
34 106
34 109
34 110
34 115
34 134
34 153
34 185
34 189
34 190
34 198
34 204
34 213
34 224
34 226
34 237
34 239
34 245
35 36
35 38
35 39
35 40
35 44
35 45
35 49
35 53
35 55
35 57
35 59
35 69
35 75
35 78
35 79
35 80
35 89
35 95
35 96
35 97
35 98
35 99
35 104
35 108
35 109
35 110
35 117
35 120
35 122
35 124
35 126
35 129
35 136
35 139
35 141
35 143
35 147
35 149
35 152
35 156
35 162
35 165
35 172
35 178
35 180
35 200
35 207
35 212
35 214
35 217
35 220
35 226
35 235
35 241
35 248
36 38
36 42
36 50
36 51
36 53
36 64
36 66
36 72
36 76
36 89
36 95
36 102
36 110
36 122
36 131
36 132
36 167
36 168
36 175
36 179
36 181
36 187
36 189
36 206
36 217
36 218
36 219
36 222
36 233
37 38
37 39
37 40
37 41
37 44
37 45
37 47
37 56
37 67
37 76
37 77
37 78
37 84
37 86
37 89
37 92
37 97
37 100
37 102
37 109
37 111
37 117
37 118
37 122
37 124
37 127
37 128
37 137
37 149
37 166
37 173
37 178
37 185
37 190
37 199
37 200
37 205
37 209
37 215
37 217
37 220
37 235
37 238
38 42
38 45
38 46
38 56
38 65
38 72
38 83
38 85
38 92
38 101
38 104
38 110
38 117
38 121
38 127
38 138
38 148
38 151
38 164
38 171
38 173
38 174
38 175
38 179
38 186
38 188
38 209
38 215
38 220
38 224
39 44
39 46
39 50
39 59
39 60
39 66
39 69
39 71
39 77
39 82
39 95
39 98
39 99
39 101
39 126
39 132
39 133
39 140
39 141
39 152
39 158
39 180
39 198
39 208
39 215
39 222
39 227
39 236
39 247
40 42
40 45
40 49
40 50
40 55
40 63
40 66
40 69
40 70
40 71
40 74
40 77
40 90
40 100
40 102
40 112
40 117
40 118
40 121
40 125
40 129
40 137
40 146
40 147
40 149
40 150
40 158
40 160
40 170
40 176
40 181
40 190
40 193
40 194
40 215
40 218
40 239
41 45
41 46
41 51
41 55
41 61
41 63
41 67
41 77
41 82
41 84
41 101
41 104
41 106
41 113
41 134
41 139
41 155
41 156
41 160
41 170
41 177
41 181
41 208
41 243
41 249
42 48
42 50
42 51
42 53
42 57
42 59
42 61
42 62
42 72
42 73
42 76
42 83
42 85
42 89
42 105
42 119
42 121
42 124
42 126
42 131
42 135
42 138
42 140
42 142
42 143
42 152
42 155
42 158
42 159
42 164
42 168
42 172
42 173
42 182
42 195
42 221
42 225
42 234
42 240
42 242
43 48
43 53
43 56
43 58
43 61
43 65
43 72
43 73
43 81
43 94
43 98
43 108
43 119
43 120
43 127
43 131
43 137
43 144
43 151
43 152
43 157
43 159
43 160
43 165
43 167
43 169
43 174
43 185
43 192
43 197
43 198
43 208
43 219
43 223
43 229
43 235
43 243
43 247
44 45
44 52
44 53
44 55
44 58
44 59
44 61
44 73
44 86
44 91
44 119
44 120
44 128
44 150
44 152
44 163
44 176
44 203
44 210
44 212
44 232
44 236
44 240
44 245
45 57
45 62
45 65
45 77
45 88
45 93
45 95
45 98
45 101
45 111
45 121
45 125
45 130
45 131
45 136
45 154
45 155
45 190
45 204
45 216
45 221
45 226
45 231
45 237
45 245
46 47
46 49
46 61
46 62
46 65
46 82
46 83
46 84
46 90
46 93
46 97
46 104
46 109
46 112
46 126
46 128
46 146
46 179
46 183
46 185
46 186
46 203
46 216
46 238
46 245
47 48
47 50
47 54
47 58
47 60
47 65
47 83
47 86
47 89
47 91
47 99
47 100
47 107
47 110
47 112
47 116
47 117
47 118
47 126
47 130
47 136
47 146
47 151
47 155
47 180
47 196
47 206
47 219
47 221
47 227
47 244
48 51
48 57
48 61
48 62
48 63
48 67
48 69
48 71
48 74
48 77
48 81
48 82
48 83
48 96
48 100
48 103
48 105
48 106
48 110
48 116
48 125
48 129
48 130
48 132
48 137
48 153
48 162
48 166
48 200
48 228
48 241
48 245
48 249
49 52
49 53
49 54
49 60
49 62
49 64
49 67
49 68
49 77
49 78
49 81
49 107
49 119
49 133
49 134
49 142
49 163
49 174
49 177
49 183
49 196
49 199
49 213
49 220
49 226
49 230
49 240
50 53
50 54
50 64
50 65
50 66
50 68
50 77
50 80
50 84
50 87
50 94
50 102
50 109
50 110
50 112
50 116
50 117
50 128
50 134
50 139
50 142
50 156
50 161
50 162
50 163
50 169
50 191
50 195
50 225
50 231
51 52
51 54
51 63
51 66
51 68
51 69
51 73
51 75
51 78
51 79
51 81
51 83
51 84
51 104
51 111
51 115
51 116
51 122
51 125
51 126
51 144
51 157
51 158
51 168
51 184
51 188
51 191
51 194
51 204
51 215
51 237
52 56
52 58
52 65
52 85
52 108
52 143
52 145
52 182
52 190
52 191
52 193
53 54
53 56
53 57
53 68
53 70
53 71
53 72
53 74
53 75
53 78
53 83
53 84
53 85
53 88
53 91
53 93
53 94
53 102
53 105
53 106
53 107
53 110
53 114
53 119
53 122
53 123
53 134
53 136
53 142
53 144
53 149
53 151
53 155
53 162
53 178
53 187
53 197
53 205
53 207
53 212
53 215
53 220
53 223
53 226
53 231
53 233
53 234
53 240
54 63
54 64
54 78
54 82
54 84
54 85
54 87
54 129
54 138
54 142
54 145
54 147
54 159
54 167
54 230
55 58
55 59
55 60
55 77
55 79
55 84
55 86
55 88
55 100
55 123
55 128
55 133
55 139
55 146
55 153
55 156
55 161
55 165
55 170
55 172
55 177
55 186
55 187
55 199
55 201
55 216
55 222
55 228
56 57
56 58
56 70
56 71
56 74
56 78
56 79
56 81
56 82
56 88
56 89
56 103
56 122
56 123
56 137
56 138
56 168
56 169
56 170
56 176
56 181
56 197
56 201
56 203
56 211
56 240
56 244
56 245
57 63
57 66
57 71
57 75
57 79
57 80
57 84
57 86
57 87
57 88
57 101
57 108
57 114
57 136
57 142
57 149
57 151
57 153
57 154
57 170
57 172
57 200
57 208
57 212
57 217
57 226
57 230
57 240
57 241
58 59
58 62
58 66
58 68
58 70
58 73
58 74
58 78
58 81
58 104
58 105
58 108
58 109
58 111
58 118
58 130
58 145
58 148
58 158
58 161
58 173
58 176
58 183
58 188
58 191
58 206
58 207
58 216
58 219
58 222
58 225
58 236
58 246
59 62
59 63
59 64
59 67
59 72
59 82
59 87
59 100
59 109
59 118
59 135
59 138
59 144
59 148
59 150
59 151
59 162
59 169
59 176
59 213
59 218
59 224
59 232
59 244
59 245
60 73
60 75
60 171
60 217
61 63
61 67
61 70
61 72
61 73
61 90
61 91
61 120
61 130
61 133
61 138
61 146
61 160
61 178
61 180
61 184
61 222
61 224
61 236
61 237
62 66
62 67
62 70
62 75
62 81
62 96
62 97
62 113
62 114
62 128
62 131
62 134
62 141
62 143
62 144
62 154
62 155
62 165
62 172
62 173
62 180
62 193
62 221
62 246
62 248
63 65
63 67
63 90
63 93
63 95
63 97
63 98
63 99
63 105
63 109
63 114
63 115
63 118
63 126
63 127
63 129
63 142
63 146
63 152
63 153
63 159
63 165
63 171
63 176
63 178
63 184
63 196
63 200
63 226
63 233
63 239
64 70
64 78
64 79
64 97
64 102
64 106
64 108
64 111
64 122
64 128
64 136
64 141
64 144
64 145
64 148
64 173
64 175
64 218
64 229
65 66
65 80
65 84
65 86
65 88
65 96
65 103
65 107
65 108
65 133
65 135
65 151
65 157
65 187
65 196
65 203
65 205
65 212
65 220
65 241
66 83
66 87
66 88
66 92
66 95
66 107
66 113
66 116
66 126
66 127
66 140
66 154
66 164
66 168
66 182
66 185
67 68
67 71
67 73
67 88
67 99
67 103
67 122
67 132
67 136
67 137
67 160
67 179
67 188
67 222
67 238
67 249
68 70
68 86
68 94
68 100
68 102
68 134
68 137
68 141
68 144
68 175
68 180
68 207
68 249
69 76
69 90
69 95
69 101
69 102
69 131
69 132
69 136
69 147
69 159
69 160
69 163
69 182
69 183
69 189
69 195
69 201
69 202
69 235
69 237
69 239
69 242
70 78
70 92
70 99
70 113
70 120
70 143
70 152
70 235
70 247
71 74
71 76
71 80
71 82
71 86
71 98
71 124
71 149
71 160
71 168
71 170
71 198
71 199
71 200
71 225
72 73
72 76
72 83
72 85
72 90
72 95
72 100
72 103
72 114
72 148
72 171
72 177
72 187
72 192
72 198
72 200
72 209
72 220
72 243
73 75
73 80
73 83
73 85
73 90
73 91
73 93
73 94
73 100
73 102
73 112
73 113
73 120
73 124
73 128
73 131
73 140
73 143
73 146
73 159
73 171
73 186
73 218
74 85
74 89
74 91
74 114
74 116
74 121
74 137
74 140
74 157
74 165
74 167
74 170
74 178
74 180
74 194
74 198
74 224
74 227
74 236
74 248
75 94
75 98
75 99
75 101
75 102
75 133
75 174
75 193
75 208
75 209
75 230
75 234
75 246
76 80
76 83
76 101
76 113
76 118
76 128
76 141
76 144
76 154
76 198
76 201
76 202
76 221
76 225
76 227
76 239
77 82
77 86
77 99
77 100
77 118
77 129
77 135
77 138
77 146
77 149
77 150
77 164
77 173
77 185
77 190
77 198
77 201
77 210
77 246
78 81
78 82
78 92
78 102
78 112
78 136
78 141
78 144
78 150
78 154
78 165
78 169
78 183
78 184
78 189
78 212
79 80
79 83
79 90
79 99
79 117
79 119
79 123
79 124
79 128
79 138
79 157
79 188
79 192
79 202
79 219
79 231
80 83
80 106
80 107
80 112
80 113
80 115
80 120
80 122
80 130
80 134
80 139
80 145
80 163
80 184
80 208
80 228
80 235
80 243
80 249
81 82
81 89
81 91
81 96
81 98
81 99
81 110
81 132
81 133
81 149
81 152
81 161
81 162
81 188
81 189
81 190
81 193
81 220
81 222
81 228
81 232
81 234
81 236
81 243
82 84
82 91
82 92
82 99
82 100
82 106
82 111
82 119
82 124
82 127
82 149
82 164
82 186
82 193
82 224
82 225
82 232
82 246
83 100
83 104
83 105
83 112
83 114
83 126
83 146
83 147
83 151
83 155
83 156
83 180
83 181
83 209
83 243
84 88
84 90
84 94
84 96
84 110
84 115
84 120
84 122
84 125
84 133
84 140
84 153
84 163
84 164
84 174
84 192
84 222
84 236
84 237
85 104
85 117
85 126
85 129
85 131
85 160
85 185
85 226
85 248
86 93
86 108
86 119
86 130
86 135
86 163
86 167
86 181
86 211
86 212
86 219
86 223
86 236
87 111
87 154
87 166
87 171
87 186
87 208
87 211
87 226
87 247
87 248
88 94
88 113
88 117
88 145
88 174
88 178
88 209
88 233
88 242
89 91
89 106
89 114
89 119
89 129
89 135
89 149
89 157
89 178
89 182
89 183
89 189
89 195
89 204
89 224
89 244
90 94
90 98
90 103
90 104
90 106
90 107
90 110
90 116
90 135
90 143
90 152
90 161
90 188
90 194
90 210
90 214
90 225
90 229
90 231
91 116
91 125
91 135
91 136
91 138
91 144
91 145
91 158
91 179
91 188
91 195
91 225
91 236
92 111
92 116
92 137
92 168
92 171
92 177
92 213
93 107
93 114
93 121
93 123
93 138
93 157
93 175
93 191
93 194
93 196
93 210
93 213
93 233
93 241
93 242
94 98
94 128
94 143
94 148
94 239
95 96
95 103
95 115
95 118
95 181
95 208
95 223
95 245
96 108
96 117
96 120
96 128
96 139
96 148
96 170
96 175
96 205
96 246
97 119
97 130
97 136
97 156
97 166
97 174
97 185
97 196
97 214
97 229
98 121
98 122
98 124
98 131
98 133
98 137
98 143
98 145
98 148
98 150
98 172
98 174
98 215
99 106
99 119
99 120
99 123
99 131
99 137
99 166
99 168
99 178
99 192
99 207
99 214
99 227
100 104
100 151
100 177
100 192
100 214
100 234
101 105
101 120
101 124
101 147
101 182
101 183
101 194
101 225
101 246
101 248
102 108
102 109
102 113
102 130
102 134
102 139
102 162
102 167
102 170
102 172
102 205
102 218
102 221
102 234
102 239
102 247
103 110
103 114
103 122
103 123
103 125
103 127
103 172
103 206
104 131
104 146
104 154
104 196
104 200
105 109
105 112
105 123
105 146
105 149
105 162
105 189
105 211
105 241
106 123
106 127
106 128
106 140
106 162
106 166
106 177
106 221
106 245
106 246
107 121
107 130
107 199
107 211
107 231
108 171
108 218
108 248
109 124
109 141
109 168
109 188
109 190
109 192
109 206
109 207
109 230
109 242
109 247
110 123
110 159
110 174
110 202
110 216
111 122
111 150
111 151
111 153
111 160
111 165
111 174
111 178
111 191
111 240
112 113
112 115
112 116
112 118
112 119
112 125
112 143
112 147
112 148
112 156
112 157
112 160
112 161
112 173
112 174
112 176
112 182
112 189
112 227
112 245
113 118
113 160
113 169
113 180
113 184
113 202
113 211
113 245
114 116
114 133
114 141
114 158
114 170
114 177
114 178
114 205
114 211
114 238
114 239
115 125
115 132
115 161
115 165
115 182
115 206
115 211
115 216
115 242
116 139
116 150
116 175
116 176
116 184
116 188
116 190
116 192
116 207
116 212
116 213
116 238
117 135
117 137
117 147
117 150
117 153
117 170
117 178
117 183
117 227
117 229
117 248
118 146
118 162
118 185
118 213
118 246
118 248
119 139
119 196
119 200
120 136
120 139
120 140
120 141
120 150
120 155
120 170
120 177
120 188
120 201
120 229
121 131
121 153
121 183
121 187
121 189
121 196
121 209
121 211
121 221
121 224
121 240
122 130
122 169
122 178
122 189
122 214
122 225
123 148
123 209
123 213
123 226
123 233
124 136
124 158
124 181
124 199
124 212
124 217
124 222
125 186
125 197
125 204
125 209
125 227
125 235
126 168
126 177
126 190
126 192
126 206
126 229
126 243
127 133
127 156
127 179
127 202
128 136
128 141
128 147
128 164
128 197
128 204
128 231
128 236
128 237
129 194
129 220
130 132
130 154
130 157
130 164
130 238
131 146
131 151
131 159
131 169
131 171
131 195
131 203
131 210
131 215
131 219
131 249
132 138
132 143
132 149
132 154
132 166
132 187
132 205
132 247
133 163
133 185
133 205
133 218
134 136
134 163
134 167
134 174
134 239
135 156
135 182
135 222
136 138
136 145
136 159
136 168
136 177
136 206
136 238
137 140
137 157
137 163
137 173
137 183
137 201
137 205
137 224
137 232
137 238
137 246
137 247
138 164
138 191
138 226
138 238
138 243
139 155
139 176
139 187
139 206
139 211
140 161
140 172
140 192
140 197
140 201
140 218
140 238
141 144
141 145
141 152
141 175
141 200
141 221
141 228
141 241
142 153
142 165
142 181
142 187
142 196
142 197
142 238
142 246
143 179
143 213
143 227
144 237
145 159
145 163
145 176
145 189
145 226
146 166
146 168
146 172
146 192
146 194
146 195
146 213
146 235
148 152
148 154
148 168
148 186
148 198
148 201
149 156
149 174
149 203
149 211
150 158
150 204
150 220
151 154
151 199
151 249
152 158
152 160
152 162
152 177
152 179
152 229
153 162
153 169
153 171
153 179
153 189
153 191
153 197
153 201
153 219
153 221
153 228
153 236
153 237
153 244
154 159
154 160
154 194
154 205
154 212
154 217
155 156
155 166
155 184
155 190
155 201
155 208
155 213
155 214
155 229
156 179
156 220
157 158
157 162
157 163
157 165
157 167
157 173
157 179
157 191
157 195
157 220
157 224
157 234
157 241
157 245
157 247
158 167
158 170
158 189
158 198
158 208
158 214
158 242
158 248
159 164
159 169
159 196
159 200
159 235
160 171
160 172
160 203
160 205
160 209
160 223
161 167
161 178
161 194
161 204
162 183
162 214
162 245
163 238
164 167
164 199
164 202
164 226
165 173
165 204
166 223
166 230
166 231
167 171
167 172
167 188
167 195
167 206
167 209
167 219
167 226
167 237
168 174
168 193
168 204
168 216
168 244
169 177
169 182
169 204
169 207
169 247
170 172
170 201
170 216
170 221
170 232
170 235
170 248
171 200
171 217
171 220
171 228
171 237
172 209
172 215
173 186
173 187
173 193
173 195
173 204
174 189
175 184
175 230
176 182
176 197
176 210
177 183
177 193
177 199
177 212
177 230
178 214
179 210
179 241
180 184
180 190
180 200
180 218
180 229
180 231
181 187
181 188
181 213
181 219
182 184
182 191
182 200
182 215
182 217
182 224
182 228
183 195
183 223
183 234
183 235
184 189
184 206
184 218
184 244
185 232
185 234
185 248
186 198
186 224
186 226
186 232
187 210
187 243
188 205
188 207
188 216
188 227
188 231
188 233
189 197
189 199
189 216
189 235
189 241
190 222
191 229
192 205
192 216
192 219
192 243
193 239
194 203
195 217
196 202
196 231
197 203
197 210
197 221
198 240
198 244
199 224
200 214
200 246
201 203
202 209
202 245
202 247
203 230
204 218
204 220
204 223
205 222
205 230
206 223
206 239
206 247
206 249
208 228
208 232
208 235
208 240
208 241
210 225
211 240
212 229
212 239
213 227
213 239
213 241
215 216
215 222
215 229
215 230
215 234
215 248
216 232
216 241
216 243
217 223
220 231
221 222
221 237
221 244
223 226
224 244
225 248
226 245
227 238
228 242
228 249
230 231
230 241
232 233
232 234
232 237
234 235
238 242
240 246
242 244
