0 1
0 2
0 3
0 4
0 5
0 6
0 7
0 8
0 9
0 10
0 11
0 12
0 13
0 14
0 15
0 16
0 17
0 18
0 19
0 20
0 21
0 22
0 23
0 24
0 25
0 26
0 27
0 29
0 31
0 32
0 34
0 36
0 37
0 39
0 40
0 41
0 42
0 44
0 45
0 46
0 47
0 48
0 50
0 51
0 52
0 53
0 54
0 55
0 58
0 59
0 60
0 61
0 63
0 66
0 70
0 73
0 76
0 77
0 78
0 83
0 86
0 88
0 89
0 91
0 92
0 93
0 97
0 98
0 104
0 107
0 109
0 110
0 119
0 125
0 127
0 128
0 129
0 133
0 134
0 147
0 149
0 153
0 160
0 161
0 162
0 165
0 167
0 172
0 184
0 186
0 187
0 192
0 194
0 199
0 200
0 201
0 206
0 212
0 216
0 232
0 235
0 237
0 239
0 240
0 244
1 18
1 19
1 20
1 21
1 23
1 25
1 28
1 29
1 30
1 32
1 35
1 36
1 41
1 44
1 52
1 66
1 68
1 71
1 75
1 78
1 82
1 83
1 89
1 108
1 109
1 113
1 115
1 121
1 123
1 135
1 142
1 145
1 148
1 151
1 152
1 157
1 182
1 205
1 208
1 237
1 238
1 239
1 246
2 17
2 18
2 19
2 20
2 21
2 22
2 24
2 25
2 26
2 29
2 32
2 39
2 41
2 43
2 44
2 53
2 55
2 63
2 66
2 68
2 70
2 71
2 75
2 103
2 111
2 116
2 140
2 153
2 154
2 156
2 157
2 162
2 177
2 186
2 199
2 205
2 248
3 17
3 19
3 21
3 22
3 23
3 25
3 26
3 27
3 30
3 31
3 32
3 35
3 36
3 42
3 52
3 58
3 70
3 74
3 77
3 82
3 85
3 87
3 89
3 93
3 103
3 106
3 113
3 114
3 117
3 121
3 129
3 130
3 149
3 151
3 154
3 158
3 159
3 162
3 164
3 171
3 177
3 178
3 188
3 190
3 199
3 200
3 205
3 215
3 232
3 238
3 239
3 246
4 17
4 18
4 19
4 20
4 21
4 22
4 25
4 26
4 28
4 29
4 31
4 32
4 35
4 36
4 38
4 40
4 43
4 44
4 46
4 49
4 53
4 56
4 57
4 61
4 64
4 67
4 75
4 77
4 81
4 94
4 96
4 98
4 101
4 104
4 111
4 118
4 122
4 130
4 131
4 132
4 133
4 139
4 143
4 148
4 162
4 172
4 180
4 185
4 195
4 197
4 204
4 206
4 209
4 227
4 228
4 236
5 17
5 18
5 19
5 20
5 21
5 22
5 23
5 25
5 27
5 29
5 30
5 31
5 33
5 34
5 35
5 37
5 39
5 40
5 41
5 42
5 43
5 49
5 52
5 55
5 56
5 60
5 61
5 62
5 65
5 66
5 71
5 72
5 74
5 76
5 80
5 85
5 87
5 102
5 103
5 108
5 116
5 121
5 125
5 137
5 138
5 139
5 144
5 150
5 155
5 164
5 170
5 171
5 176
5 184
5 200
5 205
5 206
5 207
5 214
5 217
5 232
5 235
5 245
5 249
6 17
6 18
6 19
6 20
6 21
6 22
6 23
6 24
6 27
6 28
6 33
6 34
6 35
6 38
6 40
6 43
6 45
6 46
6 48
6 50
6 52
6 56
6 59
6 62
6 64
6 66
6 67
6 69
6 71
6 76
6 85
6 86
6 87
6 89
6 96
6 102
6 104
6 108
6 110
6 112
6 122
6 124
6 127
6 135
6 137
6 140
6 141
6 145
6 147
6 148
6 150
6 151
6 155
6 157
6 158
6 159
6 164
6 166
6 168
6 173
6 180
6 183
6 185
6 190
6 197
6 206
6 208
6 215
6 216
6 217
6 218
6 219
6 228
6 240
6 242
7 17
7 18
7 19
7 20
7 21
7 22
7 23
7 24
7 26
7 34
7 35
7 39
7 40
7 43
7 44
7 50
7 51
7 53
7 56
7 58
7 59
7 69
7 72
7 82
7 83
7 97
7 112
7 114
7 130
7 143
7 144
7 151
7 155
7 182
7 188
7 190
7 196
7 197
7 222
7 223
7 237
7 241
8 17
8 18
8 22
8 23
8 25
8 28
8 30
8 42
8 43
8 44
8 48
8 59
8 73
8 84
8 85
8 86
8 130
8 136
8 182
8 184
8 187
8 191
8 193
8 217
8 219
9 17
9 18
9 19
9 20
9 21
9 23
9 24
9 25
9 27
9 30
9 31
9 35
9 38
9 40
9 43
9 44
9 45
9 46
9 48
9 51
9 52
9 54
9 55
9 56
9 76
9 78
9 80
9 83
9 85
9 105
9 122
9 128
9 145
9 147
9 166
9 178
9 183
9 188
9 211
9 215
9 218
9 220
9 221
9 235
9 242
10 17
10 18
10 19
10 20
10 23
10 25
10 31
10 36
10 41
10 45
10 64
10 154
10 168
10 185
10 190
10 195
10 204
10 210
11 17
11 18
11 19
11 20
11 21
11 24
11 26
11 27
11 28
11 31
11 32
11 33
11 34
11 35
11 36
11 37
11 38
11 42
11 45
11 46
11 47
11 49
11 50
11 53
11 64
11 71
11 73
11 76
11 80
11 95
11 96
11 97
11 102
11 104
11 109
11 112
11 118
11 125
11 127
11 134
11 141
11 157
11 168
11 171
11 174
11 188
11 200
11 209
11 223
11 224
11 225
11 235
11 242
12 17
12 18
12 19
12 20
12 21
12 22
12 23
12 24
12 25
12 27
12 32
12 37
12 39
12 56
12 59
12 60
12 69
12 80
12 82
12 88
12 92
12 116
12 117
12 135
12 154
12 156
12 158
12 161
12 169
12 172
12 190
12 196
12 213
12 228
12 234
12 248
13 17
13 19
13 22
13 24
13 25
13 31
13 32
13 34
13 37
13 39
13 40
13 43
13 46
13 48
13 55
13 57
13 61
13 63
13 65
13 66
13 67
13 69
13 79
13 80
13 99
13 115
13 119
13 123
13 129
13 137
13 146
13 162
13 165
13 176
13 193
13 195
13 219
13 221
13 240
13 246
13 248
14 17
14 18
14 22
14 26
14 27
14 30
14 31
14 32
14 34
14 38
14 40
14 49
14 50
14 51
14 60
14 61
14 62
14 70
14 81
14 84
14 88
14 97
14 101
14 105
14 108
14 115
14 153
14 175
14 179
14 206
14 245
14 249
15 17
15 18
15 19
15 20
15 21
15 24
15 28
15 33
15 34
15 36
15 41
15 45
15 49
15 50
15 55
15 58
15 60
15 63
15 65
15 69
15 73
15 82
15 88
15 91
15 106
15 108
15 123
15 129
15 132
15 136
15 139
15 154
15 161
15 169
15 170
15 174
15 191
15 202
15 207
15 215
15 219
15 225
15 236
15 239
15 240
16 17
16 18
16 20
16 26
16 28
16 32
16 33
16 36
16 37
16 42
16 47
16 54
16 61
16 79
16 91
16 96
16 106
16 109
16 136
16 162
16 168
16 200
16 222
16 227
17 18
17 19
17 20
17 21
17 22
17 23
17 24
17 25
17 26
17 27
17 28
17 29
17 30
17 32
17 33
17 35
17 36
17 39
17 40
17 42
17 43
17 45
17 47
17 48
17 50
17 53
17 55
17 56
17 57
17 58
17 63
17 65
17 69
17 71
17 72
17 73
17 77
17 79
17 80
17 85
17 86
17 89
17 90
17 92
17 94
17 95
17 97
17 100
17 101
17 106
17 108
17 110
17 111
17 118
17 128
17 137
17 139
17 145
17 148
17 151
17 152
17 153
17 154
17 157
17 158
17 161
17 166
17 169
17 178
17 179
17 180
17 183
17 184
17 186
17 191
17 195
17 197
17 199
17 201
17 203
17 207
17 208
17 212
17 215
17 221
17 222
17 226
17 234
17 235
17 237
17 239
17 241
18 19
18 20
18 21
18 22
18 23
18 24
18 26
18 27
18 28
18 29
18 30
18 31
18 32
18 33
18 34
18 35
18 36
18 37
18 38
18 40
18 41
18 42
18 43
18 44
18 45
18 48
18 57
18 63
18 66
18 68
18 70
18 71
18 77
18 84
18 86
18 87
18 89
18 91
18 92
18 93
18 104
18 106
18 107
18 108
18 111
18 118
18 125
18 135
18 136
18 149
18 153
18 157
18 165
18 172
18 181
18 182
18 185
18 191
18 193
18 201
18 204
18 207
18 211
18 214
18 228
18 230
18 231
18 232
18 244
18 247
19 20
19 21
19 22
19 23
19 24
19 25
19 27
19 28
19 29
19 30
19 33
19 34
19 37
19 38
19 39
19 41
19 49
19 52
19 53
19 54
19 55
19 56
19 57
19 60
19 63
19 66
19 67
19 68
19 69
19 72
19 73
19 74
19 77
19 78
19 81
19 83
19 87
19 90
19 91
19 94
19 98
19 101
19 106
19 109
19 111
19 114
19 117
19 120
19 121
19 125
19 127
19 130
19 136
19 138
19 142
19 143
19 145
19 146
19 149
19 152
19 155
19 158
19 164
19 167
19 172
19 175
19 186
19 190
19 191
19 192
19 197
19 198
19 206
19 212
19 213
19 219
19 225
19 229
19 244
19 247
20 21
20 22
20 23
20 24
20 26
20 27
20 28
20 29
20 30
20 33
20 35
20 36
20 37
20 39
20 41
20 42
20 43
20 49
20 51
20 54
20 55
20 56
20 58
20 59
20 62
20 68
20 73
20 75
20 81
20 83
20 85
20 88
20 91
20 95
20 98
20 100
20 102
20 105
20 107
20 110
20 112
20 116
20 120
20 121
20 122
20 123
20 127
20 131
20 149
20 153
20 172
20 173
20 181
20 187
20 189
20 194
20 198
20 211
20 217
20 223
20 225
20 229
20 232
20 243
20 248
21 22
21 23
21 24
21 25
21 26
21 27
21 29
21 31
21 32
21 33
21 34
21 35
21 37
21 38
21 39
21 40
21 41
21 42
21 44
21 45
21 46
21 48
21 51
21 54
21 57
21 58
21 63
21 69
21 72
21 73
21 77
21 79
21 80
21 81
21 82
21 84
21 88
21 90
21 91
21 93
21 95
21 97
21 100
21 101
21 103
21 104
21 115
21 117
21 118
21 122
21 125
21 128
21 129
21 132
21 133
21 138
21 143
21 147
21 153
21 154
21 157
21 160
21 168
21 172
21 176
21 180
21 181
21 185
21 186
21 191
21 192
21 211
21 224
21 235
21 238
21 241
22 23
22 24
22 25
22 26
22 27
22 28
22 29
22 30
22 31
22 33
22 36
22 37
22 38
22 39
22 41
22 42
22 43
22 44
22 45
22 46
22 47
22 49
22 51
22 53
22 54
22 56
22 60
22 61
22 64
22 74
22 75
22 77
22 81
22 88
22 91
22 94
22 95
22 105
22 108
22 118
22 130
22 139
22 153
22 154
22 155
22 157
22 166
22 171
22 173
22 174
22 180
22 189
22 190
22 194
22 202
22 211
22 218
22 220
22 232
22 235
22 244
23 24
23 25
23 26
23 28
23 29
23 35
23 36
23 39
23 43
23 44
23 45
23 47
23 51
23 56
23 57
23 62
23 70
23 74
23 79
23 81
23 86
23 91
23 92
23 93
23 101
23 104
23 108
23 111
23 116
23 120
23 124
23 135
23 137
23 156
23 164
23 174
23 181
23 182
23 194
23 200
23 215
23 217
23 218
23 220
23 228
23 231
23 242
23 245
24 26
24 28
24 29
24 30
24 32
24 33
24 34
24 36
24 37
24 39
24 40
24 41
24 42
24 44
24 46
24 47
24 48
24 49
24 50
24 52
24 53
24 58
24 59
24 60
24 62
24 63
24 64
24 67
24 68
24 70
24 74
24 75
24 79
24 80
24 83
24 90
24 94
24 95
24 98
24 101
24 103
24 105
24 109
24 115
24 116
24 119
24 128
24 129
24 132
24 136
24 139
24 140
24 141
24 142
24 143
24 144
24 152
24 153
24 161
24 163
24 177
24 180
24 181
24 182
24 188
24 196
24 201
24 210
24 213
24 217
24 221
24 223
24 228
24 229
24 231
24 233
24 243
25 26
25 27
25 28
25 29
25 31
25 34
25 35
25 37
25 38
25 39
25 45
25 46
25 47
25 48
25 50
25 51
25 53
25 54
25 59
25 70
25 71
25 73
25 76
25 82
25 85
25 87
25 97
25 111
25 116
25 122
25 124
25 128
25 134
25 136
25 146
25 147
25 163
25 176
25 183
25 187
25 192
25 198
25 201
25 206
25 214
25 218
25 223
25 227
25 232
25 237
25 241
25 247
26 27
26 28
26 29
26 30
26 31
26 34
26 37
26 43
26 44
26 48
26 50
26 52
26 54
26 57
26 61
26 63
26 65
26 69
26 71
26 74
26 76
26 79
26 85
26 87
26 88
26 94
26 96
26 98
26 99
26 100
26 107
26 112
26 113
26 114
26 116
26 120
26 123
26 124
26 125
26 130
26 131
26 132
26 133
26 140
26 148
26 159
26 168
26 169
26 177
26 181
26 196
26 197
26 208
26 213
26 218
26 220
26 222
26 234
26 239
26 240
26 246
26 249
27 30
27 31
27 33
27 36
27 38
27 40
27 41
27 44
27 46
27 47
27 48
27 50
27 51
27 56
27 58
27 66
27 67
27 69
27 72
27 73
27 76
27 83
27 87
27 88
27 90
27 91
27 94
27 100
27 102
27 104
27 110
27 111
27 115
27 117
27 123
27 127
27 131
27 132
27 134
27 136
27 144
27 151
27 154
27 158
27 159
27 167
27 181
27 186
27 199
27 205
27 213
27 217
27 220
27 226
27 233
28 29
28 30
28 33
28 35
28 37
28 38
28 42
28 45
28 46
28 48
28 49
28 54
28 55
28 56
28 64
28 73
28 75
28 77
28 80
28 90
28 95
28 96
28 102
28 105
28 107
28 114
28 116
28 124
28 126
28 151
28 168
28 171
28 172
28 175
28 182
28 188
28 190
28 198
28 203
28 213
28 219
28 222
28 224
28 231
28 237
28 238
28 239
28 248
28 249
29 30
29 32
29 33
29 34
29 38
29 41
29 45
29 47
29 48
29 49
29 53
29 58
29 60
29 68
29 75
29 77
29 79
29 83
29 90
29 98
29 101
29 105
29 123
29 130
29 148
29 149
29 161
29 165
29 173
29 182
29 197
29 207
29 228
29 242
30 31
30 33
30 40
30 42
30 47
30 49
30 55
30 59
30 60
30 62
30 69
30 71
30 73
30 76
30 82
30 86
30 87
30 104
30 112
30 120
30 122
30 124
30 130
30 131
30 133
30 137
30 138
30 139
30 141
30 143
30 152
30 159
30 165
30 169
30 173
30 201
30 209
30 212
30 214
30 216
30 225
30 245
31 32
31 40
31 46
31 47
31 59
31 60
31 65
31 66
31 67
31 68
31 74
31 75
31 79
31 82
31 83
31 84
31 85
31 88
31 89
31 90
31 94
31 97
31 111
31 113
31 116
31 120
31 135
31 136
31 140
31 152
31 153
31 157
31 164
31 167
31 169
31 170
31 174
31 177
31 181
31 185
31 189
31 192
31 202
31 204
31 212
31 216
31 218
32 34
32 35
32 39
32 46
32 47
32 48
32 52
32 57
32 60
32 61
32 66
32 67
32 69
32 72
32 73
32 74
32 83
32 84
32 99
32 100
32 103
32 104
32 108
32 118
32 119
32 120
32 121
32 124
32 129
32 134
32 135
32 140
32 141
32 145
32 147
32 155
32 167
32 177
32 187
32 196
32 201
32 210
32 214
32 215
32 238
32 247
32 249
33 37
33 43
33 55
33 56
33 57
33 58
33 60
33 62
33 67
33 74
33 77
33 82
33 85
33 87
33 89
33 94
33 95
33 96
33 100
33 110
33 118
33 121
33 123
33 126
33 137
33 141
33 146
33 152
33 156
33 158
33 166
33 171
33 174
33 181
33 185
33 187
33 194
33 198
33 202
33 204
33 206
33 208
33 209
33 211
33 213
33 214
33 226
33 231
33 249
34 36
34 41
34 42
34 48
34 49
34 53
34 54
34 55
34 64
34 70
34 71
34 84
34 85
34 90
34 93
34 94
34 102
34 103
34 107
34 110
34 113
34 114
34 115
34 117
34 123
34 136
34 146
34 176
34 180
34 181
34 184
34 199
34 207
34 209
34 212
34 231
34 236
34 240
34 243
34 247
35 38
35 39
35 44
35 45
35 53
35 54
35 64
35 65
35 70
35 80
35 87
35 92
35 93
35 115
35 117
35 128
35 135
35 140
35 147
35 151
35 159
35 165
35 166
35 168
35 170
35 188
35 189
35 195
35 210
35 229
35 240
35 245
36 38
36 50
36 51
36 52
36 61
36 66
36 75
36 84
36 86
36 92
36 102
36 103
36 106
36 114
36 120
36 140
36 147
36 154
36 163
36 171
36 177
36 184
36 193
36 203
36 206
36 210
36 229
36 238
36 241
37 38
37 40
37 42
37 46
37 49
37 51
37 56
37 57
37 58
37 67
37 72
37 81
37 82
37 83
37 85
37 87
37 89
37 98
37 101
37 102
37 108
37 113
37 114
37 120
37 123
37 138
37 140
37 157
37 163
37 169
37 174
37 181
37 200
37 215
37 216
37 227
38 41
38 45
38 58
38 63
38 72
38 80
38 82
38 86
38 87
38 102
38 114
38 117
38 119
38 127
38 133
38 137
38 151
38 152
38 163
38 169
38 170
38 179
38 180
38 188
38 189
38 199
38 205
38 210
38 211
38 223
38 231
38 237
38 238
38 240
38 242
39 52
39 61
39 62
39 65
39 66
39 72
39 80
39 84
39 89
39 90
39 92
39 115
39 127
39 128
39 131
39 144
39 148
39 163
39 166
39 171
39 178
39 189
39 200
39 201
39 202
39 209
39 243
39 249
40 43
40 47
40 49
40 51
40 52
40 57
40 62
40 65
40 72
40 84
40 98
40 100
40 103
40 104
40 110
40 117
40 125
40 133
40 138
40 145
40 146
40 149
40 151
40 175
40 185
40 204
40 216
40 221
40 238
40 240
40 246
41 51
41 57
41 61
41 63
41 67
41 68
41 74
41 75
41 85
41 88
41 96
41 101
41 102
41 109
41 114
41 119
41 123
41 128
41 129
41 131
41 132
41 143
41 145
41 152
41 154
41 180
41 194
41 226
41 234
42 44
42 47
42 49
42 50
42 58
42 60
42 62
42 64
42 65
42 66
42 67
42 74
42 75
42 78
42 89
42 90
42 96
42 103
42 104
42 107
42 118
42 124
42 126
42 132
42 147
42 161
42 189
42 190
42 228
42 233
42 244
42 245
42 246
42 247
43 50
43 51
43 61
43 67
43 73
43 76
43 79
43 84
43 92
43 106
43 109
43 111
43 114
43 119
43 120
43 123
43 124
43 125
43 129
43 150
43 158
43 169
43 174
43 175
43 176
43 183
43 187
43 196
43 198
43 207
43 213
43 217
43 222
43 225
43 226
43 232
43 234
43 235
43 242
43 245
43 247
44 46
44 47
44 50
44 52
44 53
44 55
44 59
44 65
44 72
44 77
44 78
44 86
44 97
44 108
44 116
44 138
44 139
44 141
44 148
44 167
44 174
44 175
44 178
44 184
44 189
44 204
44 208
44 212
44 215
44 225
44 233
44 236
45 52
45 53
45 54
45 56
45 59
45 62
45 64
45 68
45 91
45 96
45 102
45 105
45 108
45 122
45 133
45 142
45 144
45 155
45 168
45 170
45 175
45 194
45 204
45 217
45 241
45 244
45 247
45 248
46 54
46 58
46 61
46 64
46 66
46 68
46 78
46 83
46 84
46 104
46 131
46 136
46 144
46 145
46 149
46 152
46 156
46 169
46 182
46 193
46 204
46 246
46 248
47 52
47 54
47 58
47 61
47 62
47 70
47 71
47 72
47 74
47 75
47 80
47 83
47 86
47 92
47 109
47 120
47 121
47 131
47 141
47 142
47 143
47 147
47 162
47 180
47 187
47 191
47 222
47 231
47 238
47 239
47 249
48 50
48 63
48 71
48 72
48 78
48 80
48 81
48 89
48 93
48 99
48 113
48 115
48 116
48 125
48 126
48 134
48 139
48 148
48 158
48 161
48 184
48 198
48 211
48 220
48 226
48 233
48 234
48 245
48 249
49 57
49 59
49 62
49 93
49 105
49 107
49 110
49 111
49 113
49 122
49 124
49 126
49 171
49 176
49 187
49 201
49 209
49 223
49 238
50 51
50 55
50 59
50 62
50 64
50 67
50 70
50 76
50 78
50 89
50 97
50 100
50 102
50 109
50 111
50 113
50 126
50 133
50 134
50 135
50 152
50 160
50 172
50 175
50 195
50 210
50 222
50 236
50 237
50 248
51 53
51 54
51 61
51 71
51 73
51 77
51 86
51 92
51 94
51 108
51 132
51 141
51 148
51 160
51 171
51 184
51 195
51 207
51 215
51 219
51 221
51 245
51 246
52 55
52 57
52 60
52 64
52 73
52 78
52 99
52 104
52 112
52 130
52 134
52 138
52 171
52 172
52 220
52 230
53 60
53 65
53 72
53 75
53 83
53 88
53 100
53 103
53 207
53 226
53 230
54 59
54 67
54 69
54 72
54 77
54 78
54 79
54 86
54 103
54 106
54 114
54 118
54 119
54 122
54 131
54 143
54 156
54 167
54 185
54 242
54 247
55 57
55 74
55 76
55 82
55 88
55 94
55 97
55 99
55 109
55 121
55 160
55 190
55 194
55 198
55 208
55 214
56 59
56 63
56 65
56 67
56 69
56 70
56 78
56 79
56 81
56 82
56 96
56 97
56 98
56 112
56 118
56 127
56 129
56 138
56 165
56 172
56 179
56 198
56 216
56 236
56 239
57 63
57 68
57 76
57 85
57 88
57 110
57 117
57 121
57 124
57 127
57 134
57 136
57 147
57 153
57 159
57 160
57 168
57 172
57 189
57 196
57 198
57 210
57 218
58 65
58 93
58 95
58 136
58 141
58 158
58 165
58 201
58 214
58 228
59 63
59 65
59 68
59 70
59 71
59 82
59 90
59 93
59 95
59 105
59 107
59 112
59 125
59 139
59 142
59 159
59 176
59 185
59 221
59 232
59 236
60 62
60 76
60 90
60 93
60 113
60 134
60 154
60 156
60 162
60 186
60 191
60 205
60 224
60 228
60 245
61 64
61 69
61 88
61 91
61 92
61 95
61 99
61 100
61 102
61 103
61 108
61 109
61 121
61 123
61 126
61 130
61 145
61 149
61 154
61 159
61 162
61 164
61 167
61 179
61 204
61 221
61 230
62 65
62 79
62 94
62 96
62 97
62 106
62 125
62 128
62 133
62 138
62 139
62 141
62 166
62 180
62 191
62 201
62 234
62 243
63 64
63 69
63 71
63 74
63 81
63 93
63 98
63 101
63 102
63 105
63 128
63 144
63 147
63 148
63 155
63 163
63 164
63 169
63 172
63 182
63 183
63 185
63 186
63 200
63 208
63 219
63 229
63 231
63 241
64 68
64 76
64 78
64 80
64 88
64 89
64 91
64 92
64 98
64 99
64 100
64 101
64 105
64 106
64 107
64 124
64 126
64 135
64 142
64 143
64 145
64 146
64 155
64 161
64 164
64 173
64 174
64 179
64 194
64 195
64 209
64 231
64 233
64 238
64 241
64 246
65 66
65 68
65 70
65 84
65 97
65 99
65 100
65 112
65 125
65 136
65 140
65 141
65 143
65 157
65 161
65 167
65 173
65 215
65 220
65 224
65 235
66 70
66 74
66 78
66 82
66 87
66 91
66 119
66 144
66 171
66 185
66 189
66 248
67 68
67 75
67 77
67 116
67 131
67 151
67 174
67 183
67 219
67 224
67 225
67 236
67 242
68 80
68 103
68 106
68 112
68 115
68 125
68 151
68 161
68 163
68 170
68 178
68 187
68 192
68 195
68 199
68 200
68 216
68 227
68 234
69 86
69 94
69 95
69 98
69 107
69 109
69 110
69 119
69 120
69 128
69 130
69 131
69 158
69 161
69 169
69 173
69 180
69 199
69 202
69 211
69 214
69 222
69 226
69 229
70 75
70 86
70 90
70 93
70 94
70 119
70 137
70 139
70 146
70 178
70 192
70 197
71 84
71 89
71 113
71 115
71 117
71 190
71 204
71 206
71 210
72 76
72 77
72 81
72 98
72 101
72 117
72 128
72 132
72 147
72 153
72 159
72 162
72 182
72 194
72 203
72 213
72 214
72 243
73 79
73 83
73 95
73 105
73 117
73 127
73 130
73 145
73 158
73 168
73 192
73 197
73 199
73 218
73 232
73 234
73 241
74 79
74 95
74 110
74 112
74 113
74 114
74 126
74 133
74 136
74 160
74 165
74 167
74 169
74 182
74 183
74 202
74 217
74 235
74 243
75 81
75 95
75 105
75 114
75 121
75 126
75 128
75 138
75 166
75 179
75 183
75 214
75 217
75 222
75 224
76 78
76 91
76 94
76 96
76 102
76 107
76 135
76 138
76 143
76 146
76 148
76 153
76 165
76 177
76 193
76 200
76 210
76 211
76 214
76 215
76 223
77 78
77 79
77 164
77 176
77 178
77 243
77 245
78 81
78 93
78 117
78 120
78 122
78 126
78 131
78 164
78 167
78 203
78 216
79 81
79 86
79 99
79 103
79 112
79 142
79 143
79 144
79 146
79 150
79 165
79 167
79 169
79 175
79 182
79 198
79 202
79 207
79 227
79 228
79 247
80 81
80 98
80 112
80 113
80 118
80 120
80 144
80 170
80 178
80 179
80 185
80 196
80 197
80 205
80 210
80 217
80 238
80 239
81 84
81 87
81 90
81 122
81 125
81 138
81 144
81 150
81 156
81 158
81 159
81 174
81 184
81 195
81 203
81 226
82 92
82 97
82 106
82 111
82 116
82 123
82 124
82 138
82 148
82 153
82 156
82 164
82 176
82 195
82 202
82 212
82 245
83 84
83 103
83 119
83 128
83 137
83 142
83 146
83 156
83 161
83 166
83 199
83 211
83 247
84 85
84 87
84 107
84 120
84 126
84 144
84 149
84 164
84 165
84 173
84 181
84 212
84 230
84 240
85 89
85 91
85 92
85 100
85 113
85 115
85 118
85 134
85 136
85 144
85 158
85 159
85 160
85 165
85 212
85 233
85 244
85 248
86 105
86 107
86 110
86 113
86 137
86 145
86 167
86 196
86 201
86 203
86 221
86 222
86 225
86 228
86 230
86 235
86 236
86 248
86 249
87 90
87 92
87 93
87 95
87 96
87 99
87 106
87 117
87 121
87 122
87 123
87 138
87 150
87 157
87 159
87 180
87 185
87 201
87 216
87 221
87 242
88 99
88 111
88 130
88 145
88 151
88 153
88 170
88 184
88 239
89 99
89 117
89 129
89 139
89 208
89 226
89 233
90 99
90 106
90 107
90 116
90 119
90 122
90 127
90 132
90 135
90 137
90 146
90 167
90 193
90 204
90 223
90 227
90 235
90 237
91 96
91 100
91 104
91 105
91 118
91 137
91 142
91 143
91 144
91 158
91 171
91 195
91 240
91 247
92 96
92 98
92 109
92 111
92 118
92 129
92 135
92 140
92 149
92 169
92 173
92 177
92 179
92 182
92 205
92 229
92 233
92 234
92 235
92 241
92 243
92 247
93 99
93 101
93 110
93 121
93 126
93 132
93 138
93 142
93 150
93 159
93 166
93 167
93 174
93 178
93 184
93 191
93 192
93 197
93 198
93 202
93 221
93 238
94 97
94 99
94 107
94 112
94 130
94 139
94 140
94 157
94 173
94 211
94 222
94 223
95 101
95 108
95 115
95 124
95 134
95 145
95 150
95 169
95 188
95 204
95 245
96 119
96 122
96 126
96 127
96 139
96 164
96 175
96 179
96 186
96 192
96 222
96 229
97 101
97 128
97 156
97 168
97 208
97 223
98 124
98 131
98 151
98 157
98 173
98 207
98 209
98 248
99 100
99 106
99 111
99 115
99 124
99 133
99 150
99 156
99 163
99 166
99 196
99 208
99 225
99 233
100 104
100 109
100 110
100 112
100 115
100 127
100 144
100 151
101 110
101 114
101 160
101 184
101 186
101 220
101 225
102 127
102 135
102 151
102 188
102 236
102 241
102 242
103 224
103 245
104 119
104 129
104 152
104 197
104 239
105 119
105 135
105 141
105 150
105 188
105 203
105 248
105 249
106 122
106 140
106 141
106 155
106 156
106 159
106 200
106 222
106 231
106 236
107 118
107 134
107 142
107 149
107 152
107 154
107 163
107 165
107 224
107 230
108 109
108 114
108 191
108 195
108 224
108 238
109 129
109 143
109 150
109 164
109 227
109 232
110 116
110 129
110 134
110 150
110 160
110 161
110 189
110 191
110 199
110 244
110 246
111 121
111 150
111 152
111 166
111 175
111 178
111 188
111 199
111 201
111 209
111 232
112 113
112 127
112 135
112 155
112 168
112 188
112 200
112 203
112 243
113 121
113 132
113 142
113 160
113 161
113 163
113 174
113 178
113 191
113 205
113 206
113 214
113 226
113 228
113 233
114 120
114 133
114 168
114 182
114 187
115 152
115 160
115 172
115 173
115 187
115 213
115 222
115 235
115 243
115 247
116 147
116 152
116 160
116 184
116 187
116 193
116 197
116 215
116 223
117 125
117 130
117 137
117 146
117 149
117 153
117 163
117 181
117 193
117 214
117 219
117 230
118 131
118 132
118 146
118 173
118 180
118 183
118 185
118 205
118 230
119 149
119 164
119 181
119 226
120 123
120 126
120 133
120 134
120 137
120 139
120 146
120 147
120 176
120 190
120 213
120 229
120 230
121 126
121 131
121 133
121 155
121 192
121 207
121 223
121 231
121 237
122 140
122 156
122 167
122 170
122 193
122 198
122 208
122 220
123 154
123 190
123 198
123 204
124 140
124 156
124 162
124 204
124 209
124 214
124 234
124 246
125 129
125 162
125 170
125 194
125 202
125 220
125 225
126 147
126 148
126 183
126 202
127 132
127 134
127 142
127 146
127 149
127 154
127 175
127 177
127 198
127 203
127 242
127 244
128 132
128 133
128 160
128 223
128 232
128 234
128 245
129 137
129 189
129 211
129 226
129 229
129 231
130 166
130 168
130 171
130 173
130 186
130 193
130 200
130 209
130 221
130 224
130 231
130 234
130 246
130 249
131 150
131 159
131 170
132 141
132 156
132 170
132 179
133 149
133 177
133 201
133 213
133 243
134 141
134 163
134 177
134 199
134 201
134 216
134 230
134 235
134 242
135 140
135 142
135 170
135 175
135 179
135 180
135 198
135 215
135 229
135 236
136 142
136 183
136 185
136 191
136 192
136 199
136 216
136 217
136 228
137 143
137 150
137 157
137 162
137 177
137 183
137 196
137 210
138 163
138 168
138 171
138 191
139 145
139 150
139 155
139 237
139 248
140 148
140 178
140 218
140 243
141 160
141 165
141 175
141 176
141 189
141 193
141 194
141 196
141 211
141 212
141 219
141 227
141 229
141 240
142 208
142 221
143 155
143 176
143 218
143 219
144 158
144 172
144 177
144 188
144 203
144 206
145 148
145 173
145 177
145 203
145 215
145 218
146 215
146 244
147 202
147 205
147 230
148 155
148 160
148 189
148 195
148 206
148 211
148 213
148 216
148 230
148 232
148 244
149 178
149 186
149 191
149 212
149 220
149 227
150 157
150 225
150 226
150 227
151 214
152 161
152 170
152 202
152 206
152 212
152 236
153 155
153 165
153 166
153 170
153 179
153 188
153 207
153 209
153 217
154 163
154 190
154 197
154 244
155 200
155 219
156 162
156 180
156 184
157 166
157 197
157 205
157 212
157 213
157 230
158 179
158 182
158 186
158 196
158 225
158 235
158 241
159 162
159 193
159 196
159 208
160 162
160 205
160 217
161 175
161 176
161 181
161 192
161 209
161 213
161 246
162 163
162 172
162 176
162 190
162 192
162 195
162 229
162 237
163 221
163 224
163 227
163 234
164 174
164 179
164 183
164 205
164 218
164 220
164 240
165 171
165 181
165 207
165 210
165 232
165 234
165 240
166 178
166 187
166 228
166 239
167 193
167 207
167 216
168 177
168 202
169 175
169 186
169 188
169 217
170 174
170 194
171 176
171 197
171 207
171 224
171 233
171 244
172 186
172 194
172 203
172 227
172 229
174 186
174 208
174 218
174 219
174 221
174 239
174 243
175 189
175 193
175 213
175 237
176 187
176 193
176 195
176 209
176 244
177 178
177 179
177 183
177 184
177 200
177 210
177 236
177 241
178 187
178 192
178 240
179 194
179 225
180 220
180 223
181 233
181 244
182 183
182 196
182 210
183 189
183 224
183 248
184 192
184 212
184 249
187 203
188 190
188 236
188 249
189 194
189 203
189 228
189 249
190 196
190 233
190 246
191 199
191 226
194 208
194 242
194 243
195 206
196 202
197 223
198 206
198 236
199 216
199 220
199 221
199 227
199 237
200 212
201 216
202 203
202 210
202 218
203 204
203 205
203 225
204 211
205 224
205 230
205 231
206 233
206 241
206 246
207 222
208 209
208 220
208 248
209 238
211 233
212 226
212 227
212 245
214 230
214 242
214 244
216 237
217 218
217 219
217 227
217 234
217 241
218 219
219 224
219 232
220 239
221 229
227 242
227 243
228 247
229 231
229 239
229 247
232 237
235 240
235 241
237 238
240 246
246 249
