0 1
0 2
0 3
0 4
0 5
0 6
0 7
0 8
0 9
0 10
0 11
0 12
0 13
0 14
0 15
0 16
0 18
0 19
0 20
0 21
0 22
0 25
0 27
0 29
0 32
0 33
0 38
0 40
0 46
0 47
0 49
0 55
0 56
0 58
0 60
0 63
0 66
0 86
0 96
0 109
0 129
0 131
0 134
0 138
0 141
0 142
0 146
0 149
0 155
0 160
0 164
0 179
0 187
0 193
0 195
0 210
0 213
0 216
0 219
0 238
1 10
1 18
1 21
1 22
1 23
1 34
1 86
1 102
1 146
1 221
1 235
2 9
2 11
2 13
2 14
2 17
2 18
2 19
2 20
2 23
2 30
2 36
2 37
2 46
2 62
2 81
2 89
2 102
2 115
2 117
2 158
2 161
2 167
2 169
2 174
2 198
3 9
3 10
3 11
3 12
3 13
3 18
3 24
3 27
3 29
3 30
3 42
3 52
3 53
3 54
3 65
3 99
3 148
3 154
3 160
3 182
3 197
3 206
3 209
4 9
4 10
4 11
4 12
4 16
4 18
4 21
4 23
4 26
4 27
4 31
4 32
4 34
4 38
4 55
4 61
4 66
4 67
4 74
4 79
4 161
4 222
4 230
4 238
5 9
5 10
5 12
5 13
5 15
5 16
5 17
5 19
5 20
5 24
5 26
5 27
5 28
5 29
5 39
5 55
5 57
5 61
5 65
5 72
5 75
5 78
5 83
5 84
5 90
5 95
5 106
5 107
5 110
5 116
5 121
5 128
5 133
5 139
5 142
5 144
5 161
5 162
5 174
5 195
5 204
5 211
5 219
5 228
5 245
5 246
6 9
6 10
6 11
6 12
6 13
6 15
6 25
6 27
6 29
6 30
6 36
6 39
6 40
6 49
6 51
6 56
6 61
6 63
6 64
6 77
6 95
6 98
6 101
6 107
6 109
6 133
6 134
6 147
6 160
6 163
6 164
6 173
6 188
6 241
6 248
7 9
7 10
7 11
7 13
7 14
7 15
7 16
7 17
7 25
7 31
7 34
7 40
7 41
7 76
7 83
7 99
7 100
7 107
7 127
7 134
7 135
7 153
7 158
7 166
7 168
7 176
7 177
7 187
7 232
7 243
7 247
8 9
8 14
8 15
8 20
8 24
8 40
8 84
8 87
8 89
8 90
8 104
8 110
8 114
8 122
8 191
8 192
8 204
8 234
8 238
8 240
9 10
9 11
9 12
9 14
9 15
9 17
9 18
9 20
9 21
9 22
9 23
9 24
9 25
9 26
9 28
9 30
9 31
9 33
9 35
9 37
9 39
9 40
9 43
9 45
9 47
9 48
9 49
9 53
9 54
9 55
9 58
9 64
9 65
9 67
9 71
9 74
9 75
9 76
9 88
9 89
9 91
9 93
9 94
9 95
9 97
9 101
9 103
9 110
9 114
9 120
9 124
9 136
9 140
9 164
9 165
9 174
9 175
9 181
9 192
9 193
9 194
9 209
9 214
9 221
9 224
9 233
9 234
9 238
10 11
10 12
10 13
10 14
10 15
10 16
10 17
10 22
10 23
10 25
10 26
10 27
10 28
10 31
10 32
10 33
10 37
10 40
10 47
10 50
10 53
10 55
10 56
10 57
10 58
10 60
10 62
10 67
10 70
10 76
10 83
10 90
10 98
10 100
10 103
10 105
10 106
10 111
10 112
10 118
10 131
10 136
10 142
10 145
10 151
10 152
10 155
10 168
10 173
10 178
10 184
10 186
10 195
10 213
10 223
10 233
10 235
11 12
11 13
11 20
11 24
11 26
11 44
11 48
11 58
11 62
11 65
11 68
11 71
11 81
11 87
11 93
11 94
11 102
11 103
11 112
11 118
11 122
11 124
11 137
11 165
11 167
11 182
11 189
11 197
11 210
11 219
11 234
11 235
12 14
12 16
12 21
12 28
12 32
12 56
12 57
12 66
12 83
12 96
12 117
12 122
12 124
12 133
12 142
12 149
12 163
12 165
12 185
12 218
12 234
13 14
13 16
13 17
13 18
13 19
13 20
13 22
13 35
13 36
13 43
13 45
13 47
13 52
13 62
13 77
13 79
13 88
13 91
13 93
13 101
13 106
13 117
13 121
13 122
13 123
13 125
13 138
13 142
13 143
13 145
13 156
13 162
13 164
13 165
13 166
13 167
13 169
13 170
13 176
13 177
13 179
13 186
13 188
13 189
13 197
13 201
13 209
13 210
13 213
13 222
13 223
13 228
13 231
13 236
13 242
13 243
13 244
14 15
14 17
14 18
14 19
14 23
14 24
14 25
14 27
14 31
14 34
14 35
14 37
14 41
14 42
14 43
14 50
14 62
14 64
14 69
14 73
14 77
14 81
14 82
14 93
14 116
14 123
14 140
14 143
14 147
14 150
14 156
14 157
14 161
14 175
14 189
14 191
14 198
14 208
14 247
15 16
15 17
15 19
15 21
15 24
15 26
15 31
15 32
15 33
15 35
15 36
15 38
15 41
15 42
15 46
15 50
15 54
15 59
15 60
15 72
15 74
15 79
15 88
15 98
15 109
15 110
15 111
15 114
15 120
15 121
15 124
15 125
15 130
15 131
15 135
15 143
15 149
15 161
15 162
15 184
15 193
15 205
15 210
15 213
15 215
15 243
15 248
16 30
16 31
16 33
16 34
16 39
16 43
16 44
16 45
16 50
16 51
16 59
16 60
16 66
16 77
16 78
16 84
16 86
16 90
16 94
16 120
16 122
16 146
16 152
16 178
16 183
16 184
16 192
16 232
16 241
17 19
17 21
17 22
17 23
17 26
17 28
17 29
17 30
17 32
17 35
17 41
17 42
17 43
17 44
17 47
17 50
17 53
17 65
17 67
17 68
17 70
17 73
17 76
17 80
17 81
17 82
17 84
17 97
17 99
17 102
17 119
17 133
17 173
17 179
17 180
17 195
17 197
17 202
17 204
17 217
17 235
17 238
17 245
17 247
18 19
18 20
18 22
18 23
18 25
18 32
18 36
18 37
18 46
18 49
18 52
18 60
18 67
18 78
18 87
18 92
18 95
18 113
18 128
18 148
18 172
18 173
18 174
18 192
18 194
18 199
18 201
18 209
18 210
18 214
18 217
18 232
18 233
18 241
19 21
19 28
19 39
19 47
19 56
19 71
19 78
19 79
19 87
19 141
19 169
19 180
19 196
19 209
19 247
20 29
20 30
20 35
20 36
20 37
20 39
20 41
20 48
20 54
20 72
20 100
20 109
20 137
20 159
20 201
20 220
20 227
20 243
21 22
21 24
21 25
21 28
21 33
21 34
21 37
21 38
21 41
21 51
21 63
21 69
21 72
21 78
21 89
21 90
21 96
21 98
21 99
21 112
21 113
21 115
21 123
21 128
21 143
21 153
21 154
21 158
21 162
21 171
21 172
21 190
21 200
21 202
21 207
21 212
21 236
21 239
22 34
22 35
22 43
22 49
22 52
22 56
22 72
22 83
22 85
22 121
22 129
22 136
22 169
22 170
22 206
23 29
23 35
23 38
23 42
23 44
23 51
23 63
23 71
23 76
23 101
23 102
23 127
23 154
23 172
23 191
23 232
23 240
23 241
24 29
24 32
24 33
24 42
24 46
24 54
24 73
24 91
24 104
24 121
24 142
24 186
24 199
25 26
25 31
25 41
25 44
25 46
25 48
25 58
25 61
25 67
25 68
25 69
25 89
25 98
25 108
25 115
25 130
25 133
25 134
25 162
25 166
25 188
25 205
25 228
25 241
25 244
26 27
26 38
26 48
26 59
26 61
26 70
26 72
26 106
26 117
26 125
26 143
26 144
26 209
26 233
26 239
27 28
27 39
27 42
27 45
27 47
27 49
27 57
27 59
27 65
27 69
27 74
27 82
27 84
27 86
27 88
27 91
27 94
27 96
27 108
27 123
27 143
27 146
27 153
27 177
27 208
27 246
28 44
28 45
28 51
28 56
28 57
28 59
28 62
28 68
28 73
28 78
28 94
28 96
28 103
28 111
28 120
28 129
28 140
28 144
28 148
28 155
28 175
28 181
28 196
28 199
28 217
28 225
28 228
28 232
29 30
29 36
29 38
29 39
29 40
29 44
29 67
29 68
29 69
29 87
29 92
29 95
29 99
29 107
29 118
29 129
29 149
29 150
29 169
29 184
29 186
29 203
29 207
29 219
29 229
29 231
30 52
30 60
30 70
30 71
30 80
30 82
30 95
30 99
30 106
30 125
30 154
30 160
30 171
30 187
30 206
30 228
30 233
30 242
31 45
31 57
31 74
31 77
31 90
31 97
31 105
31 106
31 115
31 123
31 127
31 148
31 166
31 175
32 33
32 47
32 50
32 55
32 74
32 97
32 99
32 111
32 119
32 127
32 168
32 206
32 220
32 226
33 34
33 54
33 55
33 61
33 77
33 93
33 94
33 123
33 144
33 158
33 170
33 178
33 184
33 232
33 244
34 43
34 45
34 49
34 64
34 68
34 80
34 81
34 96
34 101
34 115
34 127
34 138
34 148
34 159
34 166
34 178
34 181
34 191
34 218
34 219
34 221
34 227
35 36
35 43
35 44
35 48
35 56
35 63
35 92
35 135
35 144
35 162
35 164
35 234
36 37
36 38
36 46
36 58
36 60
36 75
36 82
36 97
36 103
36 129
36 154
36 157
36 166
36 169
36 179
36 184
36 186
36 199
36 202
36 218
36 220
36 239
37 41
37 46
37 50
37 52
37 55
37 59
37 64
37 65
37 73
37 80
37 85
37 87
37 89
37 93
37 100
37 119
37 138
37 145
37 146
37 150
37 151
37 154
37 159
37 160
37 170
37 176
37 179
37 183
37 188
37 208
37 218
37 242
38 40
38 48
38 51
38 53
38 63
38 71
38 79
38 88
38 97
38 106
38 124
38 129
38 132
38 141
38 151
38 156
38 175
38 190
38 200
38 201
38 208
38 218
39 42
39 75
39 85
39 88
39 105
39 108
39 113
39 128
39 139
39 143
39 156
39 166
39 185
39 187
39 237
39 239
40 51
40 98
40 108
40 131
40 161
40 170
40 192
40 196
41 45
41 64
41 70
41 74
41 86
41 119
41 121
41 137
41 139
41 147
41 168
41 187
41 246
42 49
42 57
42 61
42 62
42 64
42 100
42 119
42 130
42 146
42 147
42 172
42 206
43 50
43 71
43 87
43 103
43 111
43 185
43 215
44 48
44 63
44 75
44 79
44 90
44 111
44 114
44 151
44 152
44 154
44 155
44 167
44 171
44 215
44 224
45 59
45 79
45 97
45 109
45 110
45 111
45 123
45 137
45 150
45 215
45 218
46 54
46 59
46 60
46 78
46 125
46 153
46 160
46 212
47 53
47 66
47 85
47 93
47 95
47 129
47 144
47 157
47 227
47 237
47 244
47 248
47 249
48 53
48 62
48 69
48 76
48 80
48 84
48 94
48 117
48 129
48 148
48 151
48 165
48 178
48 181
48 222
48 240
49 54
49 58
49 65
49 73
49 78
49 80
49 86
49 98
49 108
49 113
49 123
49 131
49 139
49 147
49 168
49 171
49 175
49 176
49 183
49 185
49 193
49 194
49 200
49 212
49 215
49 226
49 235
50 51
50 52
50 53
50 61
50 81
50 91
50 113
50 126
50 141
50 144
50 159
51 52
51 57
51 70
51 72
51 73
51 128
51 141
51 142
51 144
51 153
51 154
51 156
51 159
51 163
51 177
51 179
51 180
51 181
51 209
51 229
52 69
52 75
52 84
52 109
52 110
52 149
52 203
52 207
52 220
52 224
52 242
52 249
53 68
53 173
53 183
53 205
54 81
54 118
54 120
54 231
55 66
55 84
55 175
55 188
55 229
56 80
56 86
56 87
56 91
56 95
56 101
56 114
56 115
56 117
56 119
56 124
56 143
56 159
56 178
56 181
56 193
56 202
56 207
56 222
56 224
56 225
56 226
56 227
56 229
56 237
56 246
57 58
57 66
57 75
57 82
57 92
57 122
57 124
57 172
57 212
57 224
57 226
58 63
58 66
58 76
58 77
58 85
58 104
58 111
58 112
58 126
58 185
58 190
58 215
58 222
58 230
58 232
59 110
59 118
59 196
59 213
59 234
60 64
60 67
60 71
60 72
60 77
60 90
60 98
60 114
60 116
60 157
60 172
60 182
60 214
60 229
61 68
61 75
61 105
61 113
61 199
61 230
62 70
62 76
62 118
62 158
62 167
62 231
62 246
63 115
63 131
63 132
63 164
63 238
64 70
64 83
64 89
64 103
64 106
64 127
64 222
65 104
65 128
65 134
66 69
66 86
66 92
66 126
66 138
66 176
66 217
66 235
66 243
67 74
67 82
67 85
67 88
67 89
67 92
67 105
67 113
67 128
67 135
67 141
67 163
67 174
67 189
67 198
67 217
68 112
68 116
68 173
68 235
68 246
69 148
69 165
69 185
69 211
69 217
70 73
70 85
70 150
70 156
70 227
71 107
71 114
71 119
71 130
71 141
71 145
71 183
71 205
71 231
71 232
71 240
72 82
72 101
72 102
72 132
72 136
72 149
72 188
72 231
72 236
72 243
73 116
73 121
73 136
73 161
73 163
73 165
73 177
73 189
73 194
73 196
73 240
73 249
74 92
74 125
74 126
74 132
74 136
74 152
74 156
74 208
74 224
75 100
75 132
75 159
75 160
75 164
75 187
75 200
76 79
76 80
76 81
76 83
76 107
76 116
76 158
76 170
76 214
77 92
77 132
77 207
77 237
78 85
78 107
78 108
78 126
78 139
78 176
78 178
78 200
78 216
78 230
79 99
79 103
79 108
79 116
79 134
79 135
79 162
79 172
79 244
80 109
80 134
80 138
80 171
80 180
80 192
81 88
81 105
81 125
81 146
81 152
81 184
81 195
81 209
81 249
82 83
82 91
82 102
82 121
82 134
82 140
82 157
82 170
82 195
82 210
82 220
83 113
83 190
84 108
84 112
84 145
84 226
85 122
85 145
85 177
85 195
85 234
85 249
86 96
86 101
86 119
86 120
86 126
86 146
86 166
86 198
86 225
86 240
86 247
87 97
87 104
87 126
87 147
87 158
87 214
87 215
87 238
88 100
88 137
88 150
88 167
88 249
89 91
89 94
89 96
89 115
89 117
89 126
89 163
89 176
89 192
89 202
89 205
89 234
90 100
90 105
90 107
90 156
90 179
90 201
91 93
91 135
91 169
91 190
91 193
91 204
91 211
91 216
91 223
91 230
91 242
92 137
92 147
92 205
92 231
92 237
93 104
93 105
93 140
93 180
94 104
94 110
94 117
94 153
94 158
94 222
94 240
95 109
95 116
95 118
95 132
95 138
95 141
96 120
96 125
96 133
96 139
96 176
96 236
96 245
97 114
97 122
97 145
97 191
97 213
98 102
98 130
98 133
98 182
98 224
98 239
99 104
99 120
99 244
100 171
100 207
100 216
100 224
101 127
101 139
101 163
101 192
101 196
101 214
101 225
101 248
102 130
102 151
102 153
102 223
102 231
103 128
103 197
103 200
103 203
103 204
103 218
103 223
103 227
104 149
104 174
104 240
104 242
105 112
105 167
105 177
105 181
105 186
105 201
105 220
107 140
107 199
107 249
108 165
108 173
108 196
108 219
109 112
109 130
109 155
109 157
109 182
109 189
109 196
109 221
109 243
110 127
110 140
110 157
110 242
111 131
111 135
111 136
112 131
112 171
112 202
112 223
112 237
113 118
113 220
113 221
114 155
115 203
115 228
115 249
116 139
116 145
116 160
116 163
116 168
116 179
116 211
116 216
118 124
118 155
118 197
119 132
119 133
119 167
119 168
119 236
119 239
120 152
120 181
120 191
120 215
121 138
121 180
121 194
121 195
121 203
121 225
121 245
122 173
122 174
122 200
123 151
123 169
124 142
124 147
124 155
124 191
125 205
125 237
126 130
126 183
128 135
128 239
128 244
129 137
129 217
130 150
130 157
130 159
130 229
130 241
131 140
131 188
131 198
131 235
132 149
132 162
132 200
132 205
133 136
133 184
133 188
133 189
133 202
133 204
133 248
134 137
134 211
135 247
136 148
136 180
136 185
136 199
136 213
138 204
138 247
139 151
139 204
142 208
142 229
143 210
143 239
144 182
144 193
145 161
145 194
145 213
146 152
146 190
146 194
146 216
146 236
147 150
147 152
147 164
148 193
149 153
149 221
149 241
150 175
150 182
150 225
151 177
151 183
151 243
152 245
155 197
155 221
156 233
157 168
157 203
157 219
158 171
158 185
158 210
158 216
158 218
159 170
160 206
160 214
160 233
161 212
161 217
162 172
162 198
162 226
163 182
163 203
163 211
164 199
164 214
165 208
166 174
166 183
166 186
166 207
166 212
166 248
168 248
169 227
170 191
170 238
171 190
171 203
174 186
174 221
175 178
175 225
177 180
177 201
177 246
178 187
178 194
179 212
179 220
180 197
180 206
180 207
180 226
182 189
182 223
185 230
186 187
187 198
187 211
187 226
189 190
190 233
190 245
193 241
195 198
195 236
198 201
198 208
198 212
198 228
199 228
199 237
199 246
201 202
201 206
201 216
201 230
202 211
203 222
204 248
206 225
207 223
207 242
209 227
209 230
209 247
211 219
215 245
218 229
221 236
237 245
241 244
