0 1
0 2
0 3
0 4
0 5
0 6
0 7
0 8
0 9
0 10
0 11
0 12
0 13
0 14
0 15
0 16
0 17
0 18
0 19
0 20
0 21
0 24
0 25
0 28
0 30
0 31
0 33
0 34
0 35
0 36
0 37
0 40
0 42
0 43
0 44
0 45
0 47
0 49
0 51
0 52
0 55
0 60
0 63
0 67
0 68
0 69
0 71
0 73
0 76
0 87
0 89
0 90
0 95
0 100
0 102
0 107
0 109
0 117
0 118
0 127
0 134
0 138
0 149
0 153
0 157
0 159
0 172
0 176
0 180
0 181
0 195
0 206
0 214
0 230
0 247
1 13
1 14
1 19
1 20
1 23
1 46
1 144
1 165
1 206
2 14
2 16
2 17
2 24
2 32
2 42
2 69
2 77
2 81
2 93
2 112
2 118
2 131
2 141
2 175
2 187
2 204
2 230
2 237
2 244
3 13
3 14
3 15
3 16
3 17
3 18
3 20
3 21
3 22
3 23
3 26
3 27
3 29
3 31
3 36
3 37
3 38
3 39
3 42
3 44
3 50
3 52
3 70
3 74
3 79
3 83
3 87
3 88
3 91
3 94
3 99
3 101
3 102
3 103
3 105
3 106
3 109
3 120
3 122
3 124
3 129
3 133
3 163
3 167
3 168
3 182
3 187
3 193
3 194
3 213
3 214
3 216
3 217
3 226
3 228
3 238
4 13
4 15
4 16
4 17
4 18
4 19
4 20
4 46
4 54
4 86
4 96
4 101
4 112
4 116
4 117
4 124
4 129
4 132
4 140
4 142
4 146
4 148
4 152
4 169
4 173
4 184
4 197
4 229
4 236
4 239
5 13
5 14
5 16
5 19
5 25
5 30
5 31
5 33
5 38
5 62
5 71
5 89
5 111
5 118
5 133
5 140
5 183
5 226
6 13
6 14
6 15
6 16
6 17
6 18
6 19
6 22
6 23
6 24
6 25
6 26
6 28
6 32
6 33
6 40
6 41
6 44
6 48
6 52
6 60
6 63
6 70
6 74
6 77
6 85
6 89
6 107
6 110
6 121
6 133
6 142
6 147
6 151
6 152
6 163
6 168
6 179
6 185
6 186
6 197
6 198
6 208
6 209
6 211
6 217
6 220
7 13
7 14
7 15
7 16
7 17
7 18
7 21
7 22
7 23
7 24
7 25
7 26
7 27
7 29
7 30
7 34
7 35
7 36
7 37
7 38
7 39
7 47
7 48
7 50
7 52
7 59
7 60
7 62
7 77
7 81
7 108
7 127
7 134
7 135
7 138
7 143
7 145
7 146
7 147
7 148
7 158
7 161
7 190
7 199
7 200
7 224
7 226
7 233
7 237
7 240
8 13
8 14
8 15
8 16
8 17
8 18
8 20
8 23
8 26
8 27
8 40
8 44
8 50
8 56
8 64
8 79
8 101
8 102
8 103
8 105
8 107
8 120
8 121
8 127
8 128
8 140
8 193
8 194
8 199
8 218
8 239
8 240
8 248
9 13
9 14
9 15
9 16
9 19
9 22
9 25
9 26
9 32
9 35
9 43
9 48
9 59
9 66
9 76
9 85
9 87
9 89
9 100
9 115
9 120
9 140
9 141
9 149
9 158
9 176
9 182
9 183
9 186
9 190
9 202
9 232
10 13
10 15
10 17
10 18
10 28
10 31
10 35
10 64
10 65
10 77
10 88
10 122
10 127
10 147
10 191
10 196
10 214
10 228
10 232
10 237
10 240
11 13
11 14
11 15
11 17
11 18
11 20
11 21
11 23
11 25
11 26
11 27
11 30
11 31
11 32
11 35
11 36
11 39
11 44
11 48
11 68
11 69
11 71
11 82
11 87
11 92
11 97
11 98
11 103
11 124
11 130
11 176
11 213
12 13
12 14
12 15
12 18
12 20
12 22
12 23
12 27
12 40
12 45
12 51
12 55
12 57
12 62
12 64
12 66
12 68
12 71
12 88
12 95
12 119
12 167
12 172
12 180
12 183
12 208
12 242
13 14
13 15
13 16
13 18
13 19
13 20
13 21
13 23
13 24
13 25
13 26
13 27
13 28
13 29
13 34
13 35
13 36
13 37
13 41
13 44
13 45
13 46
13 47
13 54
13 55
13 64
13 65
13 66
13 68
13 72
13 73
13 74
13 75
13 78
13 79
13 80
13 86
13 88
13 89
13 90
13 94
13 95
13 96
13 97
13 101
13 102
13 109
13 110
13 124
13 125
13 129
13 133
13 137
13 138
13 140
13 141
13 148
13 152
13 178
13 180
13 185
13 186
13 189
13 207
13 210
13 212
13 213
13 216
13 224
13 226
13 231
13 236
13 239
13 243
13 248
14 15
14 16
14 17
14 19
14 20
14 21
14 22
14 23
14 24
14 26
14 28
14 29
14 30
14 32
14 34
14 36
14 38
14 39
14 41
14 42
14 43
14 45
14 46
14 49
14 52
14 54
14 63
14 64
14 66
14 68
14 72
14 73
14 80
14 83
14 84
14 85
14 87
14 88
14 94
14 96
14 97
14 107
14 108
14 110
14 111
14 112
14 114
14 118
14 121
14 126
14 128
14 132
14 133
14 135
14 143
14 144
14 149
14 153
14 156
14 161
14 164
14 166
14 169
14 173
14 174
14 184
14 192
14 195
14 203
14 210
14 212
14 217
14 223
14 224
14 227
14 234
14 239
14 247
15 16
15 17
15 18
15 19
15 20
15 21
15 22
15 24
15 26
15 27
15 28
15 29
15 35
15 37
15 38
15 39
15 40
15 41
15 45
15 50
15 58
15 64
15 65
15 66
15 80
15 81
15 82
15 83
15 84
15 109
15 119
15 120
15 125
15 127
15 130
15 134
15 147
15 155
15 196
15 200
15 202
15 210
15 217
15 218
15 221
15 223
15 224
15 229
15 239
15 247
16 17
16 18
16 19
16 21
16 22
16 24
16 25
16 29
16 32
16 33
16 35
16 36
16 43
16 44
16 45
16 53
16 54
16 58
16 62
16 66
16 68
16 69
16 73
16 74
16 77
16 78
16 79
16 82
16 88
16 94
16 124
16 128
16 134
16 148
16 156
16 157
16 158
16 163
16 170
16 174
16 178
16 179
16 180
16 183
16 198
16 209
16 221
16 226
16 242
17 19
17 20
17 21
17 23
17 31
17 33
17 35
17 37
17 38
17 40
17 47
17 49
17 50
17 51
17 53
17 55
17 57
17 58
17 66
17 67
17 72
17 85
17 88
17 89
17 94
17 96
17 108
17 112
17 124
17 128
17 130
17 135
17 139
17 145
17 146
17 151
17 152
17 156
17 157
17 163
17 169
17 172
17 177
17 178
17 180
17 181
17 186
17 189
17 197
17 199
17 208
17 212
17 214
17 227
17 231
17 235
17 237
17 243
17 244
17 245
17 246
18 19
18 20
18 21
18 22
18 24
18 26
18 27
18 31
18 35
18 38
18 39
18 41
18 42
18 50
18 52
18 53
18 56
18 57
18 59
18 60
18 77
18 93
18 100
18 104
18 110
18 111
18 115
18 116
18 119
18 121
18 138
18 143
18 145
18 151
18 163
18 171
18 183
18 191
18 195
18 203
18 210
18 211
18 217
18 221
18 229
18 236
18 242
19 21
19 22
19 24
19 25
19 27
19 28
19 29
19 30
19 31
19 32
19 33
19 36
19 41
19 42
19 44
19 46
19 48
19 49
19 50
19 51
19 52
19 57
19 65
19 69
19 72
19 74
19 75
19 78
19 79
19 85
19 88
19 89
19 92
19 95
19 109
19 118
19 123
19 125
19 127
19 137
19 139
19 144
19 152
19 179
19 187
19 197
19 201
19 212
19 215
19 227
19 232
19 233
19 238
19 246
20 21
20 22
20 23
20 24
20 25
20 28
20 29
20 30
20 31
20 32
20 33
20 36
20 37
20 38
20 42
20 53
20 54
20 59
20 63
20 70
20 79
20 80
20 82
20 85
20 93
20 103
20 111
20 115
20 117
20 140
20 142
20 153
20 159
20 163
20 164
20 168
20 171
20 177
20 182
20 202
20 214
21 22
21 23
21 26
21 27
21 29
21 30
21 33
21 34
21 38
21 39
21 42
21 44
21 45
21 48
21 49
21 51
21 52
21 53
21 58
21 62
21 63
21 71
21 76
21 81
21 90
21 100
21 102
21 105
21 109
21 127
21 131
21 132
21 139
21 148
21 151
21 152
21 154
21 157
21 158
21 160
21 163
21 167
21 176
21 177
21 186
21 189
21 208
21 224
21 230
21 242
21 244
22 24
22 27
22 29
22 30
22 31
22 32
22 33
22 38
22 39
22 41
22 42
22 46
22 47
22 52
22 54
22 55
22 57
22 58
22 61
22 63
22 77
22 78
22 79
22 84
22 92
22 98
22 101
22 105
22 106
22 111
22 115
22 117
22 119
22 120
22 122
22 125
22 127
22 138
22 153
22 164
22 168
22 171
22 180
22 188
22 189
22 192
22 198
22 199
22 211
22 215
22 216
22 226
22 234
23 25
23 28
23 29
23 30
23 31
23 32
23 37
23 39
23 40
23 43
23 46
23 47
23 49
23 53
23 56
23 57
23 59
23 61
23 62
23 63
23 72
23 75
23 76
23 78
23 83
23 86
23 100
23 103
23 115
23 130
23 137
23 145
23 171
23 184
23 202
23 204
23 215
23 224
23 228
24 25
24 29
24 33
24 34
24 40
24 43
24 48
24 57
24 59
24 60
24 61
24 62
24 63
24 72
24 83
24 103
24 136
24 155
24 159
24 171
24 188
24 208
24 218
24 219
24 222
24 242
25 26
25 27
25 28
25 34
25 36
25 39
25 42
25 43
25 45
25 47
25 49
25 51
25 54
25 58
25 68
25 71
25 76
25 79
25 80
25 93
25 94
25 95
25 97
25 102
25 104
25 106
25 108
25 109
25 110
25 111
25 112
25 117
25 118
25 120
25 122
25 123
25 130
25 131
25 132
25 134
25 137
25 149
25 165
25 169
25 173
25 175
25 179
25 185
25 188
25 189
25 199
25 204
25 210
25 216
25 231
25 233
25 244
26 28
26 30
26 32
26 33
26 39
26 40
26 45
26 47
26 48
26 54
26 61
26 62
26 66
26 73
26 79
26 80
26 84
26 102
26 114
26 115
26 121
26 130
26 139
26 151
26 174
26 177
26 192
26 208
26 219
26 225
27 28
27 30
27 34
27 40
27 43
27 44
27 48
27 51
27 52
27 53
27 55
27 56
27 58
27 61
27 64
27 68
27 69
27 71
27 80
27 83
27 93
27 94
27 98
27 101
27 109
27 111
27 116
27 119
27 121
27 122
27 126
27 139
27 141
27 167
27 172
27 174
27 184
27 190
27 193
27 198
27 200
27 210
27 227
27 229
27 235
27 239
28 34
28 46
28 53
28 56
28 59
28 62
28 65
28 70
28 72
28 74
28 82
28 86
28 95
28 100
28 102
28 112
28 113
28 115
28 119
28 130
28 143
28 151
28 167
28 189
28 190
28 194
28 200
28 201
28 211
28 213
28 215
28 217
28 218
28 227
28 232
28 236
29 46
29 54
29 59
29 61
29 75
29 86
29 96
29 113
29 121
29 123
29 146
29 155
29 175
29 201
29 215
29 227
29 238
29 241
30 31
30 32
30 33
30 34
30 37
30 43
30 45
30 47
30 59
30 60
30 70
30 73
30 81
30 92
30 95
30 104
30 108
30 112
30 126
30 128
30 142
30 148
30 150
30 152
30 154
30 171
30 178
30 184
30 192
30 193
30 204
30 211
30 218
30 223
30 236
30 239
30 248
31 35
31 36
31 37
31 40
31 41
31 48
31 64
31 65
31 78
31 84
31 104
31 106
31 134
31 137
31 144
31 150
31 159
31 162
31 172
31 202
31 213
31 225
31 248
32 34
32 37
32 39
32 45
32 51
32 55
32 57
32 61
32 70
32 74
32 76
32 82
32 83
32 97
32 114
32 119
32 121
32 126
32 131
32 142
32 197
32 218
32 241
33 34
33 35
33 36
33 41
33 43
33 44
33 46
33 56
33 61
33 64
33 68
33 69
33 78
33 90
33 92
33 96
33 103
33 105
33 107
33 114
33 115
33 127
33 132
33 134
33 137
33 140
33 146
33 165
33 169
33 173
33 175
33 176
33 182
33 187
33 190
33 200
33 213
33 218
33 222
33 228
33 229
33 234
33 242
34 38
34 46
34 52
34 71
34 73
34 74
34 75
34 77
34 84
34 89
34 94
34 100
34 103
34 111
34 128
34 133
34 142
34 147
34 154
34 156
34 157
34 160
34 175
34 184
34 191
34 194
34 198
34 202
34 213
34 231
34 241
34 245
35 58
35 64
35 67
35 80
35 85
35 86
35 90
35 91
35 92
35 94
35 96
35 106
35 108
35 114
35 115
35 117
35 125
35 142
35 155
35 156
35 166
35 168
35 188
35 195
35 198
35 206
35 213
35 221
36 37
36 41
36 50
36 57
36 58
36 66
36 67
36 72
36 75
36 87
36 93
36 100
36 105
36 117
36 127
36 139
36 142
36 145
36 147
36 159
36 165
36 202
36 207
36 215
36 246
37 38
37 40
37 41
37 43
37 48
37 49
37 50
37 51
37 53
37 54
37 58
37 66
37 70
37 72
37 73
37 75
37 98
37 114
37 120
37 123
37 132
37 138
37 158
37 161
37 162
37 167
37 170
37 175
37 198
37 206
38 41
38 50
38 55
38 64
38 65
38 69
38 76
38 77
38 113
38 142
38 149
38 195
38 197
38 216
38 244
39 43
39 57
39 62
39 64
39 67
39 70
39 74
39 81
39 85
39 86
39 89
39 91
39 92
39 93
39 97
39 107
39 108
39 121
39 122
39 138
39 145
39 181
39 189
39 201
39 207
39 213
39 240
39 248
39 249
40 42
40 45
40 46
40 48
40 51
40 54
40 60
40 69
40 76
40 83
40 85
40 86
40 93
40 101
40 104
40 108
40 110
40 113
40 122
40 128
40 130
40 136
40 141
40 143
40 150
40 155
40 161
40 174
40 183
40 190
40 197
40 209
40 211
40 213
40 220
40 223
40 233
40 234
40 235
40 239
41 42
41 47
41 49
41 50
41 59
41 70
41 79
41 80
41 82
41 90
41 91
41 98
41 103
41 106
41 111
41 124
41 135
41 139
41 148
41 153
41 156
41 157
41 171
41 201
41 205
41 238
41 245
42 44
42 47
42 55
42 57
42 60
42 78
42 84
42 96
42 98
42 115
42 137
42 145
42 154
42 157
42 162
42 181
42 183
42 200
42 205
42 208
43 47
43 49
43 51
43 53
43 59
43 63
43 74
43 75
43 81
43 82
43 84
43 94
43 104
43 112
43 113
43 122
43 131
43 153
43 154
43 170
43 189
43 190
43 193
43 197
43 220
43 221
43 242
44 56
44 75
44 83
44 95
44 119
44 132
44 141
44 150
44 173
44 179
44 190
44 196
44 204
44 215
44 225
44 235
45 50
45 52
45 56
45 67
45 71
45 75
45 76
45 85
45 88
45 97
45 107
45 114
45 128
45 143
45 155
45 180
45 206
45 231
45 237
45 244
46 49
46 55
46 63
46 65
46 67
46 70
46 86
46 113
46 147
46 174
46 176
46 179
46 188
46 191
46 207
46 224
47 53
47 66
47 96
47 101
47 161
47 163
47 168
47 174
47 184
47 232
48 49
48 51
48 57
48 60
48 94
48 106
48 112
48 147
48 183
48 185
48 205
48 214
48 234
48 236
49 53
49 55
49 58
49 61
49 67
49 69
49 99
49 104
49 113
49 116
49 133
49 135
49 139
49 153
49 161
49 169
49 170
49 187
49 194
49 196
49 207
49 209
49 211
49 214
49 217
49 231
49 233
49 239
49 241
50 65
50 68
50 79
50 82
50 117
50 141
50 165
50 168
50 223
50 232
50 241
50 243
51 54
51 56
51 60
51 61
51 62
51 65
51 73
51 77
51 95
51 102
51 107
51 132
51 148
51 154
51 195
51 200
51 202
51 219
51 220
51 226
51 242
52 56
52 93
52 114
52 124
52 142
52 146
52 167
52 199
52 229
53 56
53 67
53 71
53 73
53 83
53 87
53 89
53 95
53 97
53 105
53 110
53 131
53 166
53 167
53 185
53 186
53 204
53 212
53 218
53 226
54 55
54 61
54 67
54 84
54 88
54 89
54 101
54 102
54 116
54 125
54 133
54 135
54 144
54 147
54 152
54 157
54 162
54 182
54 192
54 221
54 247
55 56
55 58
55 62
55 72
55 85
55 95
55 111
55 120
55 155
55 176
55 185
55 188
55 190
55 201
55 230
55 243
56 60
56 63
56 68
56 82
56 83
56 86
56 98
56 100
56 121
56 122
56 142
56 175
56 180
56 181
56 208
56 220
57 59
57 60
57 61
57 65
57 66
57 89
57 96
57 116
57 126
57 138
57 140
57 154
57 157
57 160
57 165
57 212
57 226
57 240
57 241
57 245
57 246
58 68
58 81
58 88
58 97
58 181
58 212
58 214
58 234
59 71
59 78
59 92
59 97
59 112
59 128
59 134
59 147
59 150
59 154
59 160
59 181
59 192
59 193
59 198
59 203
59 204
59 206
59 226
59 240
60 67
60 70
60 73
60 78
60 82
60 87
60 91
60 103
60 109
60 112
60 120
60 129
60 135
60 143
60 150
60 151
60 162
60 175
60 179
60 193
60 201
60 202
60 233
60 238
61 63
61 81
61 87
61 98
61 101
61 117
61 120
61 134
61 136
61 152
61 162
61 177
62 67
62 69
62 71
62 72
62 75
62 91
62 99
62 118
62 131
62 135
62 144
62 170
62 195
62 197
62 200
62 212
62 228
62 230
63 80
63 81
63 99
63 116
63 134
63 144
63 153
63 177
63 178
63 186
63 192
63 196
63 217
63 249
64 65
64 73
64 74
64 76
64 80
64 92
64 123
64 127
64 151
64 157
64 165
64 174
64 181
64 187
64 228
65 80
65 82
65 98
65 108
65 145
65 150
65 153
65 178
65 186
65 188
65 189
65 190
65 201
65 211
65 232
65 233
65 246
66 90
66 97
66 98
66 99
66 105
66 109
66 148
66 150
66 153
66 156
66 158
66 174
66 180
66 194
66 200
66 220
66 233
66 244
66 246
67 69
67 77
67 113
67 132
67 149
67 153
67 164
67 172
67 237
67 238
67 239
68 74
68 78
68 107
68 154
68 176
68 236
69 70
69 76
69 84
69 129
69 132
69 139
69 152
69 162
69 169
69 177
69 182
69 190
70 76
70 77
70 79
70 85
70 87
70 98
70 102
70 106
70 108
70 113
70 118
70 120
70 125
70 129
70 130
70 150
70 152
70 166
70 182
70 185
70 195
70 212
71 72
71 87
71 99
71 100
71 110
71 114
71 116
71 123
71 144
71 147
71 158
71 195
71 227
72 75
72 78
72 91
72 99
72 101
72 145
72 161
72 167
72 215
72 237
72 249
73 156
73 159
73 176
73 182
73 183
73 243
74 81
74 84
74 91
74 103
74 124
74 129
74 133
74 134
74 136
74 143
74 160
74 180
74 187
74 193
74 195
74 196
74 199
74 214
74 246
75 91
75 93
75 104
75 119
75 125
75 135
75 140
75 160
75 162
75 166
75 207
75 216
75 219
75 240
76 84
76 86
76 88
76 90
76 91
76 100
76 111
76 115
76 165
76 166
76 210
76 221
76 229
77 90
77 98
77 104
77 105
77 112
77 118
77 122
77 124
77 154
77 162
77 197
77 204
77 207
78 81
78 83
78 90
78 93
78 107
78 113
78 117
78 138
78 139
78 141
78 166
78 184
78 187
78 200
78 244
79 92
79 104
79 105
79 114
79 120
79 123
79 126
79 135
79 136
79 150
79 165
79 173
79 181
79 184
79 192
79 220
79 225
79 249
80 86
80 92
80 109
80 113
80 127
80 130
80 139
80 143
80 152
80 178
80 183
80 211
80 216
81 99
81 105
81 107
81 124
81 125
81 154
81 160
81 198
81 213
82 123
82 126
82 132
82 155
82 160
82 185
82 201
83 95
83 110
83 131
83 164
83 185
83 218
83 229
83 245
84 87
84 96
84 104
84 106
84 107
84 131
84 140
84 153
84 156
84 168
84 192
84 194
84 215
84 221
84 222
84 223
85 90
85 151
85 157
86 92
86 93
86 94
86 100
86 114
86 136
86 137
86 163
86 165
86 181
86 191
86 199
86 211
86 230
86 243
87 97
87 99
87 106
87 111
87 125
87 134
87 137
87 149
87 154
87 209
88 90
88 91
88 99
88 105
88 109
88 115
88 121
88 132
88 142
88 147
88 171
88 196
88 207
88 227
89 113
89 126
89 158
89 191
89 199
89 225
89 231
90 91
90 141
90 144
90 150
90 160
90 209
90 230
90 240
91 103
91 123
91 124
91 125
91 167
91 190
91 202
91 203
91 222
92 99
92 110
92 118
92 121
92 123
92 149
92 171
92 177
92 179
92 193
92 222
92 226
92 239
93 102
93 108
93 148
93 161
93 166
93 171
93 188
93 205
94 96
94 130
94 136
94 173
94 183
94 205
94 246
95 104
95 118
95 128
95 136
95 170
95 173
95 191
95 197
95 198
95 228
95 229
95 230
95 237
95 242
95 243
95 244
96 101
96 106
96 129
96 155
96 179
96 201
96 206
96 210
96 234
96 240
96 241
97 108
97 116
97 123
97 131
97 210
97 211
97 215
97 222
97 231
98 99
98 106
98 138
98 156
98 163
98 164
98 230
98 247
99 139
99 148
99 151
99 158
99 175
99 187
99 193
99 224
99 233
100 135
100 136
100 138
100 158
100 169
100 180
100 183
101 110
101 118
101 159
101 223
101 227
102 175
102 184
102 188
102 189
102 241
103 122
103 129
103 131
103 160
103 173
103 175
103 189
103 200
104 110
104 122
104 143
104 146
104 162
104 170
104 245
105 126
105 156
105 173
105 201
105 228
105 246
106 119
106 126
106 135
106 141
106 164
106 171
106 178
106 193
106 211
106 235
106 236
106 249
107 162
107 172
108 116
108 117
108 158
108 164
108 193
108 240
109 116
109 123
109 140
109 146
109 151
109 172
109 205
109 206
109 245
110 117
110 133
110 137
110 141
110 168
110 242
110 248
111 159
111 170
111 203
111 246
112 116
112 128
112 207
112 216
112 243
112 247
113 114
113 119
113 136
113 159
113 177
113 180
113 238
113 241
114 136
114 141
114 173
114 185
114 209
115 119
115 171
115 176
115 182
115 206
116 133
116 144
116 172
116 194
116 225
116 229
116 233
117 129
117 161
117 163
117 176
117 186
117 202
117 235
118 126
118 138
118 146
118 186
118 208
118 215
118 238
119 130
119 131
119 149
119 160
119 186
119 191
119 207
119 208
120 145
120 149
120 168
120 178
120 192
120 219
120 222
120 235
121 128
121 149
121 218
121 234
121 249
122 125
122 137
122 159
122 162
122 164
122 208
122 225
123 159
123 198
124 157
124 174
124 182
124 219
124 224
124 230
124 234
124 248
125 126
125 155
125 158
125 178
126 129
126 144
126 174
126 179
126 196
126 234
126 245
127 145
127 164
127 168
127 169
127 220
127 224
127 231
127 238
128 129
128 159
128 165
128 179
128 186
128 188
128 218
128 223
128 224
129 165
129 214
130 137
130 185
130 194
130 209
131 143
131 145
131 166
131 172
131 192
131 233
131 247
132 133
132 146
132 166
132 169
132 204
132 210
132 212
132 221
133 204
133 218
133 236
134 136
134 146
134 205
135 151
135 181
135 189
135 203
135 204
135 249
136 203
136 222
136 228
137 140
137 146
137 149
137 155
137 161
137 169
137 172
137 216
137 217
137 219
137 223
137 225
137 227
137 231
137 241
137 249
139 156
139 161
139 214
139 222
139 234
140 144
140 178
140 194
140 203
140 232
141 221
141 223
141 235
142 143
142 150
142 170
142 205
142 209
142 217
142 222
142 226
142 229
142 235
143 184
143 187
143 198
143 225
143 248
144 170
144 209
144 240
144 242
145 148
145 175
145 203
145 206
145 207
145 220
145 227
145 245
146 167
146 187
146 237
146 247
147 170
147 173
148 207
148 219
148 230
148 232
148 244
148 247
149 155
149 182
149 191
149 196
149 241
149 243
149 249
150 179
150 196
150 225
151 163
151 170
152 178
152 182
152 184
152 191
152 199
152 203
153 161
153 174
153 176
153 187
153 199
153 219
153 235
153 244
154 177
154 214
155 172
155 177
155 188
155 199
156 164
156 166
157 194
157 220
157 248
158 160
158 168
158 169
158 185
159 164
159 167
160 202
160 223
160 232
160 239
160 247
161 210
161 236
162 219
163 222
163 235
164 166
164 192
164 205
164 208
164 225
164 236
164 238
164 242
165 224
166 201
166 216
167 236
168 196
168 249
169 195
169 204
171 212
171 219
171 220
172 177
172 181
172 225
173 195
173 232
174 205
175 206
176 197
176 227
177 228
177 234
178 205
179 205
179 216
180 194
181 216
181 230
181 245
182 191
182 217
182 238
182 243
183 220
183 238
183 241
183 247
183 248
184 219
185 203
185 209
186 188
186 196
186 215
187 203
187 222
187 237
188 247
189 206
190 191
191 221
191 228
194 213
195 232
196 200
196 229
198 209
198 212
201 221
203 244
203 246
204 240
207 210
207 217
207 223
207 237
211 248
213 243
215 231
216 245
219 228
219 231
219 237
221 235
221 248
229 233
235 245
238 246
240 243
245 249
248 249
