0 1
0 2
0 3
0 4
0 5
0 6
0 7
0 8
0 10
0 17
0 18
0 19
0 23
0 24
0 30
0 34
0 37
0 42
0 48
0 59
0 63
0 69
0 89
0 96
0 99
0 100
0 109
0 110
0 115
0 125
0 179
0 187
0 218
0 244
1 5
1 38
1 123
2 5
2 6
2 7
2 11
2 12
2 13
2 24
2 32
2 45
2 57
2 64
2 66
2 87
2 104
2 105
2 106
2 107
2 111
2 114
2 115
2 127
2 143
2 164
2 176
2 182
2 183
2 194
2 229
3 5
3 6
3 8
3 13
3 16
3 32
3 33
3 64
3 67
3 112
3 127
3 128
3 138
3 141
3 150
3 161
3 175
3 185
3 218
3 222
4 6
4 7
4 8
4 9
4 10
4 12
4 14
4 15
4 17
4 18
4 19
4 20
4 22
4 25
4 27
4 28
4 35
4 36
4 40
4 47
4 52
4 58
4 68
4 71
4 78
4 108
4 122
4 124
4 137
4 165
4 170
4 179
4 185
4 194
4 202
4 228
4 237
4 245
5 7
5 9
5 10
5 12
5 14
5 15
5 17
5 19
5 20
5 21
5 23
5 24
5 29
5 30
5 32
5 35
5 40
5 42
5 50
5 51
5 53
5 56
5 64
5 73
5 75
5 84
5 86
5 87
5 95
5 99
5 116
5 147
5 166
5 172
5 177
5 181
5 196
5 208
5 215
5 218
5 236
5 243
5 244
6 9
6 47
6 59
6 65
6 66
6 74
6 76
6 97
6 129
6 132
6 143
6 160
6 163
6 196
6 197
6 226
6 229
6 246
7 8
7 9
7 11
7 14
7 15
7 16
7 18
7 22
7 23
7 25
7 28
7 30
7 44
7 46
7 48
7 52
7 59
7 60
7 67
7 75
7 80
7 82
7 94
7 99
7 112
7 120
7 134
7 135
7 156
7 158
7 178
7 186
7 189
7 198
7 224
7 226
7 233
7 238
8 11
8 12
8 13
8 16
8 20
8 27
8 36
8 37
8 38
8 50
8 52
8 56
8 66
8 82
8 83
8 119
8 134
8 136
8 153
8 171
8 190
8 224
8 228
9 10
9 13
9 16
9 18
9 24
9 26
9 33
9 43
9 47
9 53
9 54
9 56
9 62
9 77
9 80
9 87
9 91
9 96
9 97
9 104
9 107
9 111
9 119
9 122
9 152
9 169
9 174
9 175
9 183
10 11
10 20
10 37
10 43
10 54
10 67
10 70
10 79
10 131
10 140
10 146
10 163
10 188
10 230
10 239
10 241
11 14
11 21
11 23
11 31
11 35
11 44
11 45
11 49
11 57
11 60
11 61
11 63
11 72
11 88
11 97
11 128
11 139
11 152
11 154
11 159
11 162
11 167
11 175
11 176
11 178
11 194
11 216
11 237
11 239
11 240
11 242
12 26
12 55
12 58
12 61
12 67
12 68
12 74
12 83
12 88
12 91
12 109
12 111
12 124
12 131
12 141
12 145
12 152
12 166
12 196
12 208
12 226
13 17
13 19
13 22
13 28
13 31
13 33
13 39
13 55
13 58
13 60
13 73
13 74
13 133
13 138
13 144
13 149
13 151
13 156
13 157
13 167
13 172
13 187
13 193
13 208
13 239
14 15
14 25
14 77
14 169
15 27
15 35
15 36
15 69
15 123
16 22
16 29
16 38
16 39
16 41
16 46
16 80
16 87
16 126
16 131
16 141
16 159
16 191
16 211
16 235
17 26
17 31
17 38
17 39
17 41
17 45
17 54
17 93
17 111
17 130
17 135
17 150
17 156
17 188
17 204
17 207
17 223
17 227
17 228
17 230
17 235
17 242
18 214
19 21
19 27
19 57
19 72
19 96
19 103
19 107
19 138
19 158
20 21
20 26
20 28
20 30
20 137
20 225
20 238
21 29
21 48
21 51
21 98
21 139
21 184
21 186
22 25
22 49
22 58
22 79
22 92
22 129
22 153
22 190
22 213
23 29
23 31
23 32
23 33
23 34
23 37
23 64
23 65
23 73
23 75
23 80
23 85
23 86
23 89
23 100
23 104
23 114
23 116
23 118
23 133
23 180
23 184
23 198
23 200
23 204
23 211
23 219
23 226
23 240
23 247
23 248
23 249
24 34
24 47
24 50
24 62
24 76
24 91
24 118
24 197
24 215
24 221
25 41
25 42
25 44
25 57
25 66
25 73
25 81
25 84
25 90
25 101
25 138
25 207
25 221
25 225
25 230
26 43
26 46
26 82
26 83
26 89
26 90
26 94
26 103
26 113
26 117
26 120
26 123
26 159
26 174
26 200
26 214
26 232
26 235
26 246
27 48
27 54
27 86
27 133
27 167
27 181
27 193
27 207
27 234
27 248
28 34
28 36
28 39
28 59
28 63
28 91
28 94
28 101
28 102
28 108
28 125
28 127
28 144
28 147
28 173
28 193
28 195
28 225
29 44
29 50
29 74
29 82
29 89
29 106
30 88
30 140
30 148
30 192
30 249
31 52
31 77
31 92
31 205
31 212
32 40
32 41
32 81
32 174
33 42
33 53
33 62
33 130
33 139
33 164
33 248
34 62
34 65
34 78
34 95
34 103
34 140
34 144
34 183
34 198
35 71
35 106
35 149
35 151
35 157
35 199
35 206
35 219
35 243
36 40
36 43
36 61
36 94
36 129
36 148
37 51
37 117
37 161
38 76
38 114
38 191
39 151
39 212
40 84
40 132
40 137
40 163
40 166
40 223
40 232
41 70
41 127
41 201
41 234
41 245
41 247
42 53
42 108
42 184
42 205
43 45
43 98
43 121
43 134
43 179
43 214
44 46
44 180
44 228
45 113
45 198
45 223
46 49
46 186
46 213
46 224
47 193
48 49
48 69
48 70
48 71
48 97
48 109
48 112
48 114
48 121
48 136
48 145
48 203
48 210
48 243
49 55
49 69
49 85
49 100
49 124
49 135
49 143
49 161
49 164
49 169
49 173
49 211
49 215
49 231
49 248
50 51
50 60
50 61
50 72
50 100
50 142
50 149
50 155
50 171
50 196
50 203
50 246
51 55
51 102
51 113
51 166
51 182
51 229
52 56
52 95
52 103
52 110
52 130
52 182
52 209
53 68
53 118
53 128
53 165
53 222
54 63
54 71
54 132
54 134
54 171
54 190
54 203
55 79
55 105
55 168
55 184
56 72
56 136
56 192
58 65
58 81
58 150
58 195
58 201
58 219
58 227
59 99
59 126
59 181
59 227
60 121
60 162
60 177
60 192
60 197
61 88
61 105
61 157
61 163
62 76
62 116
62 119
62 142
62 200
62 236
63 77
63 123
64 70
64 102
65 68
65 78
65 79
65 102
65 104
65 119
65 144
65 172
65 207
66 92
66 101
66 126
67 92
67 105
67 137
67 189
67 206
67 215
67 217
68 93
68 120
69 78
69 83
69 170
69 185
69 194
70 113
71 98
71 201
72 96
72 110
73 107
73 148
73 210
73 233
73 247
74 75
74 176
74 220
75 118
75 240
76 81
76 160
76 167
77 90
77 154
77 168
78 159
79 110
79 209
80 85
80 129
80 139
80 142
80 199
80 210
80 212
80 216
80 222
81 85
81 86
81 121
81 124
81 145
81 157
81 191
82 84
82 95
82 168
82 241
84 192
85 125
85 199
86 93
86 106
86 112
86 141
87 90
87 214
88 150
89 146
89 147
90 126
90 140
91 93
91 115
91 146
91 176
92 101
92 143
93 116
93 117
93 122
93 135
93 136
93 173
93 208
94 109
94 130
94 245
95 98
95 243
96 153
96 170
96 186
96 189
97 132
98 170
98 220
99 173
100 217
101 147
101 206
102 178
103 108
103 125
103 131
103 212
103 230
103 233
104 145
104 160
104 179
106 161
106 237
107 234
107 249
108 156
108 174
108 219
109 160
109 211
110 122
111 115
111 117
111 146
111 154
111 183
111 217
111 234
112 162
112 165
112 172
112 178
112 180
112 223
112 231
113 203
113 231
114 148
115 133
118 120
119 155
120 128
120 165
122 205
123 152
126 222
129 213
129 240
130 155
130 158
130 177
130 189
131 149
131 158
131 239
134 142
134 200
134 213
134 238
135 244
139 151
140 195
141 153
141 202
145 185
146 155
147 247
148 171
148 177
149 154
149 162
149 175
150 187
150 188
150 209
150 245
151 246
152 206
153 164
154 168
155 236
157 204
160 238
161 169
162 180
162 227
163 199
163 216
164 229
165 201
165 202
166 187
169 191
170 232
172 188
172 209
173 242
174 182
174 202
179 181
180 195
180 232
181 204
183 225
184 197
185 210
187 190
187 220
191 205
192 221
195 249
196 244
200 224
201 220
201 237
204 217
204 218
204 241
206 216
207 233
207 241
212 236
216 231
217 221
219 242
233 235
