0 1
0 2
0 3
0 4
0 5
0 6
0 7
0 9
0 10
0 11
0 14
0 18
0 22
0 25
0 27
0 31
0 34
0 37
0 43
0 45
0 48
0 50
0 52
0 54
0 58
0 59
0 67
0 73
0 78
0 79
0 85
0 109
0 110
0 114
0 137
0 140
0 144
0 148
0 152
0 162
0 170
0 182
0 195
0 203
0 214
0 224
0 234
0 241
1 5
1 15
1 62
1 205
1 215
2 5
2 28
2 36
2 49
2 101
2 139
2 206
3 5
3 6
3 7
3 8
3 10
3 12
3 13
3 16
3 17
3 19
3 22
3 24
3 29
3 30
3 32
3 38
3 41
3 42
3 44
3 50
3 62
3 67
3 70
3 76
3 80
3 81
3 84
3 91
3 97
3 101
3 109
3 110
3 122
3 129
3 135
3 141
3 147
3 154
3 159
3 173
3 176
3 188
3 189
3 190
3 215
3 217
3 222
3 227
3 231
3 240
4 6
4 8
4 11
4 13
4 16
4 17
4 18
4 21
4 23
4 24
4 26
4 29
4 30
4 31
4 35
4 42
4 43
4 49
4 59
4 61
4 63
4 72
4 82
4 115
4 116
4 142
4 144
4 150
4 159
4 169
4 173
4 178
4 184
4 185
4 200
4 211
4 212
4 213
4 219
4 236
4 238
4 248
5 6
5 7
5 8
5 9
5 11
5 12
5 14
5 21
5 22
5 25
5 28
5 29
5 31
5 33
5 35
5 36
5 37
5 39
5 41
5 45
5 49
5 51
5 53
5 55
5 56
5 65
5 66
5 69
5 72
5 76
5 77
5 79
5 89
5 90
5 101
5 105
5 109
5 111
5 113
5 118
5 121
5 128
5 134
5 137
5 140
5 146
5 147
5 159
5 165
5 167
5 170
5 171
5 179
5 182
5 189
5 197
5 207
5 218
5 233
5 237
5 249
6 7
6 8
6 10
6 12
6 13
6 19
6 23
6 38
6 52
6 58
6 60
6 72
6 79
6 91
6 92
6 99
6 104
6 128
6 163
6 166
6 185
6 191
6 198
6 226
6 236
6 248
7 9
7 13
7 17
7 18
7 20
7 25
7 28
7 29
7 76
7 87
7 91
7 98
7 112
7 115
7 123
7 125
7 138
7 178
7 181
7 206
7 223
7 248
8 9
8 10
8 15
8 16
8 27
8 32
8 40
8 54
8 66
8 76
8 85
8 93
8 110
8 113
8 133
8 134
8 162
8 175
9 11
9 15
9 16
9 23
9 28
9 35
9 40
9 44
9 60
9 73
9 80
9 93
9 112
9 138
9 186
9 188
9 228
9 237
9 241
10 14
10 26
10 32
10 37
10 49
10 65
10 155
10 187
11 12
11 14
11 18
11 19
11 20
11 21
11 23
11 25
11 51
11 54
11 66
11 92
11 106
11 123
11 126
11 153
11 161
11 166
11 217
11 225
12 24
12 41
12 42
12 56
12 61
12 68
12 84
12 114
12 117
12 125
12 145
12 192
12 223
12 237
13 15
13 19
13 20
13 26
13 36
13 39
13 43
13 47
13 48
13 59
13 63
13 69
13 80
13 81
13 92
13 107
13 121
13 132
13 135
13 149
13 152
13 196
13 212
13 215
13 222
13 245
13 247
14 51
14 64
14 127
14 192
15 33
15 39
15 42
15 50
15 81
15 82
15 83
15 89
15 118
15 135
15 143
16 17
16 24
16 34
16 57
16 60
16 61
16 66
16 79
16 87
16 90
16 102
16 104
16 125
16 152
16 200
16 203
16 206
16 216
16 238
16 246
17 21
17 30
17 47
17 70
17 95
17 129
17 169
17 173
17 198
17 210
18 31
18 38
18 53
18 127
18 128
18 132
18 133
18 146
18 155
18 171
19 20
19 26
19 33
19 39
19 55
19 58
19 65
19 67
19 68
19 72
19 82
19 86
19 94
19 107
19 130
19 132
19 153
19 155
19 165
19 185
19 243
20 22
20 27
20 32
20 36
20 45
20 46
20 50
20 59
20 132
20 134
20 139
20 141
20 143
20 205
21 30
21 40
21 46
21 71
21 112
21 123
21 126
21 176
21 177
21 212
22 65
22 107
22 153
22 179
22 186
22 201
22 203
22 216
22 223
22 230
23 27
23 34
23 44
23 45
23 77
23 91
23 117
23 154
23 166
23 169
23 172
23 184
23 202
24 38
24 57
24 74
24 99
24 129
24 158
24 179
25 73
25 95
25 135
25 136
25 149
25 157
25 193
25 227
25 236
25 240
26 44
26 54
26 75
26 88
26 133
26 243
27 51
27 94
27 131
27 165
27 244
28 41
28 43
28 73
28 77
28 80
28 96
28 99
28 134
28 142
28 168
28 204
29 37
29 46
29 53
29 118
29 124
29 143
29 150
29 174
30 33
30 74
30 122
30 154
30 155
31 34
31 47
31 48
31 52
31 55
31 86
31 89
31 140
31 164
32 77
32 87
32 96
32 99
32 116
32 119
32 141
32 185
32 187
32 199
32 219
33 35
33 40
33 46
33 63
33 88
33 89
33 174
33 176
33 234
34 68
34 104
34 106
34 156
34 168
34 177
34 180
34 194
34 238
35 82
35 157
35 164
35 166
35 173
35 188
36 47
36 55
36 74
36 190
36 211
36 218
36 235
37 78
37 83
37 95
37 100
37 105
37 108
37 120
37 124
37 161
37 189
37 191
37 218
37 231
38 127
38 146
38 175
38 213
39 71
39 75
39 98
39 119
39 124
39 163
39 169
39 202
39 239
40 56
40 62
40 121
40 242
41 53
41 58
41 83
41 96
41 120
41 138
41 140
41 219
41 229
41 232
42 103
42 176
42 239
43 100
43 126
43 129
43 154
43 186
43 197
43 203
43 212
43 214
44 52
44 60
44 62
44 160
44 171
44 172
44 183
44 208
44 224
45 48
45 57
45 69
45 71
45 93
45 127
45 159
46 70
46 84
46 94
46 187
46 196
46 230
47 68
47 148
47 193
48 57
48 78
49 64
50 75
50 90
50 122
50 144
51 136
51 160
51 161
51 226
52 64
52 70
52 78
52 101
52 103
52 119
52 120
52 123
52 136
52 161
52 167
52 181
52 191
52 193
52 198
53 56
53 74
53 88
53 126
53 167
53 172
54 75
54 86
54 111
54 180
55 114
55 172
55 183
56 84
56 86
56 96
56 100
56 118
56 139
56 156
56 184
56 195
56 226
57 106
57 158
57 235
58 61
58 67
58 83
58 87
58 94
58 97
58 201
58 231
58 232
59 93
59 108
60 64
60 71
60 111
60 130
60 146
60 162
60 207
61 98
62 63
62 69
62 110
62 115
62 141
62 142
62 143
62 199
62 229
62 233
63 151
63 157
63 228
64 115
64 116
64 150
64 181
65 160
66 111
66 145
67 81
67 97
67 113
67 124
67 137
67 145
67 204
67 209
69 97
69 220
70 162
70 178
70 190
70 247
71 102
71 112
71 148
71 180
72 178
72 214
73 95
73 207
73 208
73 233
74 88
75 85
76 116
77 164
77 171
77 183
77 184
78 181
79 98
79 153
79 196
80 85
80 102
80 107
80 145
80 147
80 244
81 92
81 102
81 105
81 131
81 170
81 239
82 133
83 108
84 103
84 104
84 158
85 90
85 183
85 208
85 209
86 109
86 119
86 208
87 213
88 103
88 130
88 163
88 227
88 232
89 100
89 187
90 131
90 188
90 201
91 106
92 113
92 120
92 136
92 174
92 194
92 199
93 108
93 234
94 149
94 222
95 217
96 105
97 230
98 213
98 221
98 225
98 231
99 114
99 122
99 139
99 168
99 209
99 219
99 234
99 240
99 241
99 244
100 148
100 198
101 117
101 152
101 163
101 186
102 206
103 207
103 220
105 175
106 197
107 151
107 160
107 189
107 199
109 182
111 117
111 151
111 177
111 216
111 247
113 130
113 174
113 190
113 223
114 144
114 177
114 204
115 193
117 210
118 121
118 131
118 137
119 194
119 221
120 149
120 204
121 215
122 125
122 138
122 209
123 156
124 128
124 168
124 238
127 221
128 147
128 242
132 246
133 142
133 241
134 156
134 232
135 214
136 175
136 202
137 245
140 150
140 167
140 247
141 239
142 194
142 201
143 202
143 218
143 221
144 229
145 158
145 165
145 211
148 157
148 179
149 151
149 164
150 210
151 235
152 244
155 225
155 235
156 195
162 192
163 170
163 224
165 197
165 211
165 230
166 200
168 182
172 195
172 240
172 242
173 180
173 205
174 210
176 191
176 225
177 227
183 249
184 196
184 217
184 224
186 222
187 200
188 228
188 246
189 192
196 216
199 220
200 233
202 205
205 242
206 226
206 236
211 220
222 228
224 237
224 249
228 229
230 243
236 243
241 248
242 245
243 245
245 246
248 249
