0 1
0 2
0 3
0 4
0 5
0 6
0 7
0 8
0 9
0 10
0 11
0 12
0 13
0 14
0 15
0 16
0 17
0 18
0 19
0 20
0 21
0 22
0 23
0 24
0 25
0 26
0 27
0 28
0 29
0 30
0 31
0 32
0 33
0 34
0 35
0 36
0 38
0 39
0 40
0 41
0 42
0 43
0 44
0 45
0 46
0 47
0 49
0 51
0 52
0 53
0 55
0 56
0 58
0 61
0 62
0 63
0 64
0 65
0 68
0 69
0 70
0 73
0 74
0 75
0 76
0 78
0 79
0 80
0 83
0 84
0 86
0 87
0 89
0 94
0 95
0 96
0 97
0 98
0 99
0 102
0 103
0 104
0 105
0 106
0 107
0 110
0 112
0 115
0 116
0 122
0 124
0 126
0 127
0 128
0 129
0 130
0 132
0 133
0 136
0 137
0 138
0 139
0 143
0 146
0 147
0 150
0 152
0 155
0 157
0 160
0 166
0 169
0 171
0 174
0 181
0 192
0 193
0 194
0 196
0 198
0 200
0 205
0 210
0 216
0 218
0 232
0 234
0 235
0 246
0 247
1 21
1 22
1 23
1 24
1 25
1 26
1 27
1 29
1 30
1 31
1 32
1 35
1 36
1 37
1 38
1 39
1 40
1 49
1 51
1 52
1 58
1 59
1 67
1 72
1 73
1 79
1 80
1 83
1 93
1 96
1 99
1 100
1 101
1 104
1 108
1 111
1 116
1 129
1 130
1 132
1 134
1 140
1 142
1 143
1 149
1 150
1 151
1 177
1 199
1 205
1 225
1 227
1 233
1 242
1 243
1 246
2 21
2 22
2 23
2 25
2 26
2 28
2 30
2 31
2 42
2 43
2 45
2 46
2 47
2 50
2 55
2 57
2 58
2 61
2 63
2 67
2 72
2 76
2 84
2 90
2 96
2 97
2 100
2 115
2 118
2 121
2 125
2 127
2 129
2 130
2 133
2 134
2 154
2 160
2 168
2 173
2 185
2 186
2 192
2 199
2 203
2 204
2 247
3 21
3 22
3 23
3 27
3 28
3 31
3 33
3 34
3 35
3 36
3 37
3 40
3 41
3 43
3 44
3 48
3 50
3 53
3 58
3 62
3 64
3 66
3 68
3 74
3 94
3 95
3 103
3 113
3 117
3 118
3 119
3 148
3 152
3 171
3 172
3 180
3 182
3 201
3 221
3 225
3 235
3 240
3 244
4 21
4 22
4 23
4 24
4 25
4 26
4 27
4 28
4 30
4 32
4 35
4 39
4 41
4 42
4 45
4 47
4 50
4 51
4 53
4 58
4 61
4 62
4 70
4 74
4 77
4 82
4 85
4 88
4 89
4 92
4 102
4 106
4 110
4 115
4 117
4 119
4 127
4 129
4 137
4 141
4 152
4 153
4 159
4 163
4 185
4 209
4 235
4 242
4 244
5 21
5 22
5 24
5 25
5 26
5 28
5 29
5 30
5 33
5 34
5 35
5 37
5 38
5 41
5 46
5 49
5 54
5 57
5 58
5 61
5 63
5 67
5 71
5 72
5 77
5 81
5 86
5 90
5 100
5 101
5 102
5 114
5 130
5 139
5 140
5 143
5 145
5 155
5 157
5 159
5 166
5 168
5 169
5 174
5 178
5 207
5 210
5 214
5 231
6 21
6 22
6 23
6 24
6 26
6 27
6 29
6 30
6 34
6 36
6 39
6 44
6 48
6 51
6 57
6 63
6 67
6 68
6 69
6 83
6 85
6 89
6 91
6 92
6 98
6 108
6 111
6 122
6 129
6 140
6 167
6 178
6 190
6 194
6 195
6 205
6 228
6 245
7 21
7 22
7 23
7 24
7 25
7 26
7 29
7 30
7 31
7 32
7 33
7 35
7 36
7 40
7 41
7 42
7 43
7 44
7 50
7 56
7 64
7 65
7 66
7 74
7 75
7 77
7 78
7 87
7 99
7 102
7 117
7 118
7 120
7 124
7 126
7 128
7 136
7 141
7 154
7 157
7 159
7 172
7 191
7 193
7 215
7 221
7 223
7 227
7 239
7 248
8 22
8 23
8 25
8 28
8 29
8 31
8 33
8 56
8 64
8 78
8 86
8 96
8 104
8 121
8 152
8 168
8 177
8 245
9 21
9 22
9 23
9 24
9 25
9 26
9 27
9 28
9 29
9 30
9 34
9 37
9 38
9 40
9 48
9 49
9 50
9 51
9 62
9 68
9 69
9 71
9 72
9 73
9 74
9 76
9 77
9 79
9 80
9 84
9 85
9 89
9 90
9 91
9 96
9 99
9 101
9 111
9 119
9 122
9 124
9 131
9 137
9 145
9 162
9 170
9 171
9 172
9 181
9 182
9 187
9 196
9 197
9 224
9 226
9 228
9 237
9 239
9 244
9 248
10 21
10 22
10 23
10 24
10 25
10 26
10 27
10 28
10 32
10 37
10 38
10 40
10 62
10 70
10 76
10 88
10 97
10 104
10 107
10 126
10 127
10 152
10 154
10 172
10 187
10 195
10 200
10 212
10 214
10 217
10 218
10 226
10 239
10 241
11 21
11 23
11 24
11 27
11 37
11 39
11 42
11 44
11 50
11 56
11 71
11 80
11 91
11 96
11 112
11 142
11 143
11 144
11 159
11 166
11 170
11 194
11 201
11 227
11 231
11 234
11 241
12 21
12 22
12 23
12 24
12 25
12 27
12 28
12 29
12 32
12 35
12 37
12 38
12 41
12 42
12 43
12 46
12 52
12 56
12 58
12 59
12 66
12 67
12 75
12 77
12 82
12 94
12 99
12 100
12 105
12 124
12 127
12 128
12 131
12 139
12 146
12 158
12 164
12 178
12 190
12 192
12 196
12 219
12 227
12 239
12 249
13 21
13 22
13 23
13 25
13 26
13 27
13 29
13 30
13 32
13 34
13 37
13 38
13 46
13 47
13 48
13 49
13 50
13 51
13 55
13 56
13 59
13 60
13 62
13 65
13 67
13 78
13 79
13 87
13 90
13 92
13 97
13 100
13 109
13 112
13 120
13 126
13 134
13 136
13 151
13 163
13 193
13 201
13 202
13 205
13 206
13 217
13 220
13 229
13 237
14 21
14 22
14 23
14 24
14 26
14 27
14 29
14 31
14 35
14 36
14 37
14 39
14 41
14 42
14 49
14 53
14 54
14 61
14 63
14 65
14 67
14 71
14 73
14 83
14 88
14 89
14 96
14 99
14 100
14 104
14 118
14 120
14 121
14 138
14 139
14 150
14 161
14 166
14 169
14 173
14 176
14 189
14 232
15 21
15 22
15 24
15 27
15 29
15 31
15 33
15 37
15 38
15 40
15 42
15 43
15 53
15 55
15 59
15 69
15 71
15 75
15 85
15 94
15 97
15 113
15 115
15 121
15 127
15 135
15 138
15 146
15 155
15 156
15 163
15 181
15 187
15 192
15 194
15 199
15 212
15 217
15 218
15 233
15 248
16 21
16 23
16 24
16 25
16 26
16 27
16 28
16 29
16 30
16 31
16 34
16 36
16 39
16 40
16 44
16 45
16 48
16 49
16 51
16 53
16 54
16 59
16 62
16 65
16 69
16 75
16 77
16 82
16 85
16 95
16 99
16 100
16 101
16 115
16 120
16 123
16 125
16 126
16 127
16 131
16 143
16 146
16 153
16 155
16 162
16 174
16 185
16 186
16 194
16 198
16 213
16 231
16 233
16 234
16 247
17 21
17 22
17 24
17 25
17 26
17 27
17 28
17 31
17 32
17 33
17 35
17 38
17 39
17 42
17 43
17 45
17 46
17 47
17 48
17 49
17 50
17 53
17 54
17 55
17 57
17 59
17 62
17 64
17 66
17 79
17 85
17 87
17 92
17 99
17 110
17 111
17 112
17 124
17 127
17 136
17 140
17 147
17 169
17 170
17 191
17 196
17 206
17 222
17 223
17 233
18 21
18 22
18 23
18 24
18 25
18 28
18 30
18 31
18 33
18 34
18 35
18 40
18 45
18 47
18 48
18 55
18 64
18 66
18 68
18 72
18 73
18 80
18 81
18 101
18 135
18 139
18 142
18 148
18 159
18 163
18 166
18 178
18 183
18 187
18 188
18 199
18 203
18 208
18 212
18 220
18 223
18 236
18 243
19 21
19 22
19 23
19 24
19 25
19 26
19 28
19 30
19 34
19 37
19 41
19 43
19 47
19 54
19 55
19 57
19 65
19 68
19 73
19 75
19 78
19 83
19 92
19 96
19 103
19 123
19 127
19 132
19 135
19 147
19 149
19 164
19 168
19 191
19 196
19 199
19 204
19 224
19 229
19 246
20 21
20 22
20 23
20 24
20 25
20 26
20 32
20 33
20 34
20 36
20 39
20 41
20 43
20 44
20 51
20 53
20 62
20 71
20 76
20 77
20 81
20 86
20 90
20 91
20 95
20 100
20 138
20 179
20 202
20 207
20 209
20 239
20 240
21 22
21 23
21 24
21 25
21 26
21 27
21 28
21 29
21 30
21 31
21 32
21 33
21 35
21 36
21 37
21 38
21 39
21 40
21 41
21 42
21 43
21 45
21 48
21 49
21 50
21 51
21 54
21 55
21 56
21 58
21 59
21 62
21 64
21 65
21 68
21 70
21 76
21 79
21 81
21 83
21 84
21 87
21 88
21 90
21 97
21 98
21 100
21 101
21 103
21 106
21 107
21 108
21 110
21 115
21 118
21 121
21 124
21 126
21 129
21 130
21 140
21 148
21 153
21 155
21 158
21 160
21 163
21 177
21 179
21 182
21 183
21 185
21 189
21 192
21 193
21 197
21 200
21 205
21 212
21 214
21 217
21 221
21 228
21 230
21 231
21 235
21 241
21 242
22 23
22 24
22 25
22 26
22 27
22 28
22 29
22 30
22 31
22 32
22 33
22 34
22 35
22 37
22 39
22 40
22 41
22 42
22 44
22 45
22 47
22 48
22 50
22 51
22 52
22 53
22 55
22 57
22 58
22 60
22 61
22 62
22 64
22 65
22 68
22 75
22 77
22 78
22 79
22 83
22 87
22 91
22 93
22 94
22 98
22 99
22 103
22 104
22 108
22 111
22 112
22 113
22 116
22 121
22 125
22 130
22 131
22 135
22 137
22 139
22 140
22 141
22 142
22 146
22 147
22 151
22 155
22 162
22 163
22 173
22 174
22 180
22 182
22 183
22 186
22 187
22 189
22 190
22 195
22 198
22 200
22 204
22 211
22 214
22 219
22 221
22 225
22 227
22 234
22 237
22 238
22 243
23 24
23 25
23 26
23 27
23 28
23 29
23 30
23 31
23 32
23 33
23 34
23 36
23 37
23 39
23 40
23 42
23 43
23 44
23 45
23 46
23 47
23 48
23 50
23 51
23 54
23 56
23 58
23 59
23 64
23 67
23 69
23 72
23 77
23 81
23 83
23 86
23 93
23 95
23 96
23 98
23 100
23 105
23 106
23 108
23 119
23 120
23 123
23 124
23 125
23 126
23 133
23 136
23 138
23 139
23 140
23 141
23 142
23 143
23 147
23 148
23 149
23 151
23 152
23 167
23 169
23 170
23 188
23 189
23 195
23 198
23 204
23 212
23 216
23 220
23 223
23 232
23 234
23 244
24 25
24 26
24 27
24 28
24 29
24 30
24 32
24 33
24 34
24 35
24 36
24 37
24 40
24 41
24 42
24 45
24 46
24 47
24 48
24 49
24 51
24 52
24 53
24 54
24 56
24 57
24 60
24 61
24 62
24 65
24 71
24 72
24 74
24 76
24 77
24 78
24 80
24 82
24 84
24 86
24 90
24 91
24 92
24 93
24 94
24 100
24 102
24 103
24 106
24 109
24 112
24 113
24 114
24 115
24 118
24 119
24 120
24 122
24 123
24 125
24 128
24 130
24 132
24 133
24 135
24 138
24 144
24 145
24 147
24 148
24 155
24 158
24 161
24 165
24 168
24 172
24 174
24 177
24 180
24 181
24 183
24 186
24 189
24 194
24 198
24 207
24 208
24 210
24 211
24 212
24 214
24 216
24 234
24 235
24 243
25 26
25 27
25 28
25 29
25 30
25 31
25 32
25 33
25 34
25 35
25 36
25 37
25 38
25 39
25 41
25 44
25 46
25 48
25 49
25 51
25 52
25 54
25 55
25 56
25 58
25 60
25 61
25 66
25 68
25 69
25 72
25 73
25 74
25 75
25 77
25 78
25 81
25 84
25 88
25 91
25 92
25 95
25 99
25 101
25 103
25 104
25 106
25 107
25 111
25 112
25 117
25 118
25 126
25 127
25 128
25 129
25 131
25 132
25 138
25 145
25 147
25 150
25 151
25 152
25 154
25 157
25 162
25 163
25 166
25 167
25 168
25 174
25 177
25 192
25 194
25 196
25 199
25 200
25 205
25 209
25 212
25 213
25 217
25 218
25 219
25 223
25 232
25 236
25 238
25 239
25 244
25 246
26 27
26 28
26 29
26 31
26 32
26 34
26 36
26 42
26 48
26 49
26 53
26 59
26 62
26 72
26 74
26 83
26 88
26 92
26 103
26 107
26 123
26 130
26 136
26 144
26 145
26 170
26 183
26 188
26 198
26 209
26 217
26 226
26 228
26 230
26 238
27 28
27 29
27 30
27 31
27 32
27 33
27 34
27 35
27 36
27 44
27 45
27 46
27 47
27 48
27 51
27 52
27 53
27 55
27 56
27 57
27 59
27 60
27 62
27 64
27 65
27 67
27 69
27 70
27 72
27 75
27 76
27 78
27 84
27 85
27 90
27 92
27 93
27 94
27 95
27 96
27 98
27 103
27 104
27 108
27 111
27 114
27 116
27 119
27 134
27 143
27 145
27 148
27 155
27 157
27 163
27 169
27 171
27 173
27 182
27 184
27 196
27 198
27 203
27 208
27 212
27 214
27 216
27 223
27 249
28 29
28 30
28 31
28 32
28 33
28 34
28 36
28 37
28 38
28 39
28 43
28 44
28 46
28 47
28 50
28 51
28 53
28 54
28 57
28 58
28 59
28 60
28 63
28 64
28 66
28 67
28 70
28 77
28 79
28 80
28 81
28 82
28 83
28 85
28 86
28 88
28 91
28 94
28 97
28 99
28 102
28 103
28 105
28 106
28 110
28 111
28 113
28 114
28 116
28 117
28 122
28 126
28 128
28 129
28 138
28 140
28 143
28 147
28 149
28 151
28 152
28 157
28 161
28 163
28 167
28 170
28 176
28 180
28 183
28 185
28 189
28 190
28 191
28 193
28 194
28 195
28 196
28 199
28 202
28 204
28 206
28 209
28 210
28 217
28 220
28 229
28 234
28 237
28 240
28 241
28 245
28 247
28 248
29 30
29 31
29 32
29 33
29 34
29 35
29 36
29 37
29 38
29 39
29 40
29 46
29 47
29 48
29 49
29 50
29 51
29 52
29 54
29 55
29 58
29 59
29 63
29 64
29 69
29 73
29 74
29 77
29 86
29 89
29 92
29 93
29 94
29 96
29 102
29 105
29 108
29 109
29 111
29 112
29 128
29 136
29 146
29 156
29 164
29 166
29 168
29 169
29 173
29 182
29 183
29 197
29 218
29 228
29 238
29 244
29 247
30 31
30 32
30 33
30 34
30 35
30 38
30 39
30 46
30 48
30 50
30 52
30 53
30 54
30 55
30 56
30 57
30 58
30 60
30 61
30 62
30 63
30 69
30 70
30 73
30 74
30 75
30 82
30 93
30 95
30 96
30 98
30 104
30 105
30 109
30 114
30 118
30 122
30 126
30 141
30 149
30 156
30 157
30 160
30 162
30 168
30 171
30 179
30 182
30 184
30 186
30 190
30 193
30 197
30 201
30 204
30 207
30 208
30 213
30 215
30 216
30 223
30 227
30 230
30 234
30 237
30 239
30 248
30 249
31 32
31 33
31 34
31 35
31 36
31 37
31 38
31 40
31 41
31 42
31 43
31 44
31 47
31 49
31 51
31 54
31 55
31 60
31 64
31 65
31 66
31 68
31 69
31 70
31 75
31 76
31 84
31 86
31 91
31 100
31 108
31 111
31 116
31 121
31 124
31 131
31 138
31 143
31 151
31 153
31 154
31 162
31 168
31 170
31 173
31 180
31 181
31 194
31 204
31 207
31 208
31 216
31 217
31 221
31 226
31 233
31 239
31 241
31 242
31 249
32 33
32 39
32 40
32 41
32 42
32 43
32 45
32 46
32 49
32 52
32 56
32 57
32 59
32 61
32 66
32 67
32 68
32 70
32 71
32 72
32 73
32 78
32 94
32 96
32 99
32 101
32 109
32 113
32 114
32 115
32 119
32 131
32 132
32 133
32 138
32 144
32 145
32 150
32 151
32 154
32 156
32 159
32 166
32 170
32 174
32 182
32 183
32 188
32 193
32 210
32 219
32 221
32 241
33 35
33 36
33 37
33 38
33 39
33 40
33 41
33 43
33 44
33 46
33 47
33 51
33 52
33 54
33 55
33 57
33 59
33 61
33 63
33 64
33 69
33 72
33 75
33 76
33 79
33 82
33 84
33 87
33 90
33 92
33 98
33 99
33 111
33 112
33 116
33 125
33 134
33 138
33 148
33 149
33 151
33 153
33 165
33 167
33 173
33 175
33 177
33 181
33 184
33 185
33 187
33 188
33 192
33 196
33 198
33 202
33 208
33 209
33 212
33 214
33 225
33 227
33 230
33 236
33 237
33 243
33 247
34 35
34 36
34 38
34 42
34 43
34 44
34 46
34 49
34 50
34 51
34 54
34 57
34 58
34 60
34 63
34 65
34 66
34 69
34 71
34 73
34 78
34 79
34 82
34 85
34 90
34 91
34 93
34 100
34 101
34 104
34 107
34 110
34 114
34 117
34 120
34 123
34 126
34 128
34 131
34 132
34 133
34 134
34 136
34 137
34 141
34 145
34 148
34 152
34 154
34 157
34 161
34 163
34 166
34 170
34 181
34 185
34 203
34 209
34 213
34 218
34 224
34 231
34 236
34 238
34 244
34 245
35 36
35 38
35 39
35 41
35 43
35 44
35 45
35 47
35 50
35 54
35 55
35 56
35 58
35 63
35 64
35 67
35 69
35 70
35 76
35 82
35 84
35 87
35 89
35 95
35 100
35 102
35 104
35 105
35 109
35 113
35 118
35 119
35 120
35 121
35 122
35 123
35 124
35 127
35 131
35 139
35 147
35 148
35 159
35 160
35 161
35 162
35 166
35 168
35 171
35 172
35 175
35 178
35 185
35 186
35 192
35 195
35 198
35 203
35 207
35 209
35 212
35 220
35 222
35 232
35 240
35 244
35 249
36 38
36 40
36 42
36 43
36 44
36 45
36 49
36 51
36 52
36 54
36 57
36 59
36 60
36 62
36 63
36 65
36 68
36 71
36 73
36 79
36 80
36 88
36 93
36 97
36 106
36 110
36 113
36 121
36 124
36 125
36 128
36 129
36 140
36 151
36 155
36 156
36 161
36 163
36 164
36 168
36 197
36 205
36 207
36 215
36 220
36 222
36 224
36 229
36 231
36 234
36 238
36 240
37 38
37 39
37 40
37 41
37 42
37 44
37 45
37 47
37 48
37 49
37 52
37 56
37 57
37 60
37 61
37 62
37 63
37 66
37 71
37 73
37 74
37 77
37 78
37 79
37 80
37 90
37 92
37 96
37 101
37 106
37 108
37 109
37 110
37 111
37 112
37 127
37 134
37 137
37 147
37 148
37 150
37 152
37 153
37 157
37 159
37 169
37 172
37 176
37 180
37 186
37 189
37 193
37 201
37 203
37 204
37 207
37 209
37 210
37 212
37 217
37 218
37 220
37 221
37 236
37 239
37 249
38 40
38 41
38 46
38 47
38 48
38 50
38 52
38 56
38 57
38 58
38 63
38 66
38 68
38 74
38 79
38 80
38 84
38 85
38 93
38 97
38 98
38 100
38 103
38 107
38 110
38 123
38 130
38 132
38 134
38 141
38 145
38 146
38 156
38 168
38 172
38 178
38 185
38 200
38 201
38 205
38 217
38 222
38 226
38 230
38 240
39 43
39 44
39 45
39 46
39 50
39 52
39 53
39 59
39 61
39 66
39 67
39 71
39 73
39 75
39 76
39 78
39 79
39 82
39 84
39 85
39 95
39 98
39 102
39 108
39 109
39 113
39 115
39 117
39 119
39 121
39 122
39 126
39 132
39 137
39 138
39 145
39 148
39 150
39 158
39 174
39 177
39 188
39 190
39 203
39 207
39 213
39 216
39 231
39 233
39 236
39 238
39 239
39 243
39 246
40 41
40 45
40 46
40 47
40 48
40 49
40 50
40 52
40 55
40 57
40 58
40 61
40 65
40 66
40 70
40 71
40 74
40 75
40 82
40 85
40 86
40 89
40 90
40 93
40 96
40 98
40 101
40 107
40 110
40 113
40 118
40 120
40 122
40 128
40 134
40 140
40 144
40 146
40 147
40 153
40 154
40 159
40 162
40 166
40 168
40 184
40 185
40 200
40 207
40 211
40 212
40 215
40 221
40 227
40 232
40 238
40 241
40 249
41 42
41 45
41 48
41 53
41 60
41 62
41 66
41 68
41 71
41 80
41 84
41 90
41 91
41 92
41 99
41 102
41 103
41 107
41 116
41 125
41 143
41 149
41 164
41 176
41 181
41 197
41 215
41 225
41 228
41 232
41 240
42 43
42 44
42 54
42 67
42 74
42 75
42 76
42 81
42 84
42 86
42 87
42 89
42 90
42 97
42 100
42 104
42 105
42 106
42 119
42 132
42 136
42 139
42 147
42 152
42 155
42 156
42 157
42 158
42 159
42 164
42 165
42 167
42 169
42 178
42 185
42 187
42 193
42 194
42 197
42 207
42 208
42 212
42 216
42 218
42 223
42 224
42 226
42 230
42 231
42 233
42 234
42 237
43 45
43 53
43 54
43 60
43 61
43 63
43 69
43 71
43 72
43 76
43 78
43 80
43 93
43 97
43 98
43 102
43 103
43 107
43 109
43 110
43 125
43 137
43 138
43 139
43 141
43 142
43 144
43 149
43 150
43 158
43 170
43 171
43 177
43 181
43 186
43 188
43 191
43 204
43 213
43 232
43 246
43 248
44 45
44 46
44 52
44 53
44 54
44 55
44 56
44 58
44 59
44 60
44 61
44 63
44 76
44 78
44 80
44 83
44 85
44 87
44 88
44 92
44 94
44 99
44 101
44 109
44 112
44 116
44 128
44 129
44 131
44 133
44 139
44 142
44 148
44 155
44 160
44 175
44 178
44 188
44 193
44 198
44 201
44 205
44 215
44 219
44 223
44 228
44 238
44 247
45 47
45 52
45 57
45 67
45 77
45 79
45 81
45 83
45 85
45 87
45 91
45 108
45 109
45 113
45 117
45 120
45 122
45 132
45 141
45 158
45 160
45 165
45 175
45 176
45 180
45 192
45 196
45 213
45 217
45 224
45 229
45 234
45 241
45 245
45 246
45 248
46 49
46 56
46 58
46 59
46 65
46 66
46 69
46 71
46 72
46 75
46 81
46 85
46 89
46 94
46 95
46 98
46 102
46 103
46 105
46 109
46 114
46 115
46 123
46 131
46 132
46 133
46 138
46 141
46 142
46 143
46 145
46 154
46 155
46 158
46 161
46 162
46 166
46 177
46 184
46 190
46 202
46 206
46 208
46 215
46 239
46 245
47 53
47 68
47 69
47 70
47 76
47 77
47 78
47 80
47 83
47 88
47 90
47 92
47 93
47 95
47 107
47 113
47 114
47 116
47 128
47 130
47 136
47 141
47 144
47 146
47 155
47 157
47 162
47 169
47 175
47 180
47 182
47 184
47 210
47 213
47 214
47 219
47 220
47 225
47 226
47 230
47 238
47 242
47 245
48 50
48 52
48 53
48 56
48 59
48 62
48 64
48 65
48 68
48 70
48 78
48 82
48 84
48 86
48 87
48 88
48 90
48 93
48 97
48 98
48 104
48 106
48 108
48 117
48 118
48 122
48 124
48 126
48 127
48 128
48 138
48 139
48 140
48 143
48 153
48 154
48 157
48 165
48 171
48 175
48 177
48 179
48 191
48 195
48 196
48 202
48 206
48 221
48 234
48 236
48 244
49 65
49 66
49 77
49 80
49 82
49 105
49 108
49 110
49 119
49 121
49 135
49 139
49 146
49 157
49 161
49 188
49 190
49 191
49 194
49 198
49 200
49 201
49 204
49 205
49 208
49 209
49 215
49 223
49 229
49 233
50 57
50 60
50 63
50 65
50 67
50 81
50 87
50 88
50 95
50 102
50 115
50 123
50 131
50 134
50 136
50 144
50 146
50 152
50 156
50 169
50 174
50 177
50 182
50 185
50 187
50 189
50 190
50 191
50 200
50 208
50 212
50 214
50 226
50 229
50 246
51 52
51 60
51 61
51 64
51 68
51 73
51 81
51 82
51 94
51 96
51 107
51 117
51 120
51 133
51 134
51 153
51 158
51 160
51 173
51 174
51 183
51 189
51 191
51 194
51 199
51 202
51 237
51 240
51 247
52 55
52 57
52 64
52 67
52 70
52 77
52 81
52 84
52 85
52 86
52 88
52 98
52 104
52 105
52 106
52 115
52 116
52 124
52 130
52 137
52 142
52 148
52 159
52 161
52 166
52 187
52 217
52 218
52 228
52 232
52 239
52 245
52 248
53 61
53 68
53 72
53 74
53 77
53 90
53 99
53 101
53 104
53 106
53 112
53 122
53 123
53 124
53 132
53 167
53 172
53 175
53 196
53 211
53 217
53 234
53 237
54 55
54 60
54 62
54 63
54 70
54 72
54 79
54 81
54 86
54 87
54 89
54 91
54 93
54 104
54 107
54 114
54 122
54 129
54 131
54 141
54 145
54 146
54 147
54 153
54 154
54 173
54 177
54 184
54 193
54 222
54 236
54 238
54 242
54 244
55 56
55 60
55 69
55 72
55 73
55 74
55 81
55 82
55 88
55 101
55 103
55 118
55 119
55 127
55 143
55 147
55 149
55 150
55 155
55 160
55 177
55 186
55 200
55 204
55 206
55 214
55 218
55 249
56 59
56 60
56 65
56 68
56 70
56 71
56 74
56 78
56 82
56 83
56 86
56 92
56 95
56 98
56 110
56 112
56 114
56 115
56 120
56 131
56 136
56 142
56 149
56 151
56 153
56 171
56 180
56 183
56 195
56 196
56 199
56 217
56 229
56 231
56 238
57 60
57 61
57 63
57 64
57 70
57 71
57 72
57 73
57 74
57 84
57 99
57 100
57 109
57 112
57 116
57 128
57 129
57 130
57 133
57 134
57 139
57 153
57 156
57 158
57 166
57 170
57 174
57 184
57 186
57 193
57 199
57 200
57 201
57 217
57 228
57 240
57 247
57 248
57 249
58 67
58 72
58 80
58 89
58 93
58 96
58 105
58 110
58 113
58 114
58 120
58 133
58 143
58 158
58 188
58 199
58 218
58 230
58 232
59 61
59 66
59 73
59 87
59 97
59 102
59 119
59 120
59 133
59 134
59 139
59 140
59 141
59 145
59 152
59 153
59 162
59 164
59 189
59 193
59 195
59 198
59 205
59 211
59 216
60 64
60 67
60 68
60 70
60 71
60 74
60 75
60 84
60 86
60 89
60 94
60 95
60 98
60 103
60 111
60 112
60 119
60 130
60 134
60 139
60 159
60 170
60 175
60 190
60 191
60 200
60 202
60 211
60 231
60 246
60 248
61 72
61 75
61 77
61 80
61 85
61 86
61 90
61 93
61 97
61 104
61 107
61 118
61 120
61 125
61 157
61 165
61 177
61 184
61 188
61 190
61 196
61 202
61 203
61 205
61 221
61 222
61 229
61 231
61 239
61 246
62 63
62 65
62 66
62 79
62 82
62 87
62 106
62 110
62 117
62 125
62 134
62 135
62 152
62 160
62 169
62 174
62 176
62 205
62 215
62 218
62 224
62 238
62 240
63 66
63 69
63 70
63 73
63 75
63 81
63 85
63 91
63 92
63 97
63 102
63 116
63 123
63 138
63 141
63 153
63 173
63 179
63 181
63 191
63 204
63 210
63 216
63 219
63 231
63 233
63 237
63 241
63 242
64 67
64 91
64 98
64 103
64 107
64 121
64 132
64 133
64 137
64 145
64 151
64 170
64 173
64 192
64 206
64 216
65 73
65 74
65 80
65 83
65 94
65 109
65 111
65 124
65 130
65 139
65 150
65 155
65 158
65 161
65 167
65 169
65 174
65 183
65 191
65 192
65 218
65 219
65 224
65 233
65 236
65 238
66 69
66 80
66 82
66 83
66 86
66 87
66 89
66 96
66 100
66 105
66 111
66 113
66 121
66 125
66 129
66 141
66 156
66 161
66 169
66 173
66 178
66 179
66 184
66 220
66 225
66 226
66 242
67 71
67 76
67 83
67 102
67 105
67 114
67 140
67 170
67 195
67 222
68 70
68 79
68 83
68 93
68 94
68 109
68 111
68 115
68 117
68 118
68 123
68 124
68 128
68 135
68 137
68 138
68 145
68 152
68 161
68 169
68 172
68 180
68 188
68 191
68 199
68 204
68 216
68 225
69 75
69 76
69 79
69 91
69 109
69 115
69 125
69 132
69 133
69 146
69 155
69 159
69 164
69 172
69 180
69 181
69 183
69 197
69 222
69 226
69 227
69 230
69 245
70 78
70 87
70 88
70 89
70 97
70 98
70 99
70 105
70 117
70 124
70 126
70 135
70 144
70 145
70 151
70 153
70 160
70 179
70 180
70 190
70 192
70 213
70 215
70 235
70 245
71 76
71 81
71 90
71 91
71 106
71 114
71 115
71 135
71 136
71 137
71 142
71 154
71 156
71 169
71 173
71 189
71 197
71 198
71 206
71 209
71 220
71 222
71 232
71 240
72 76
72 91
72 92
72 93
72 94
72 101
72 113
72 118
72 139
72 168
72 170
72 175
72 182
72 196
72 208
73 79
73 80
73 83
73 107
73 113
73 119
73 123
73 126
73 128
73 144
73 160
73 175
73 176
73 188
73 197
73 201
73 224
73 243
74 81
74 82
74 84
74 86
74 92
74 95
74 100
74 105
74 113
74 117
74 126
74 127
74 128
74 134
74 135
74 137
74 145
74 147
74 150
74 161
74 163
74 166
74 168
74 186
74 206
74 214
74 215
74 219
74 228
74 229
74 232
74 237
74 243
74 246
75 81
75 83
75 85
75 89
75 94
75 95
75 96
75 107
75 126
75 177
75 189
75 192
75 205
75 214
75 235
75 242
76 81
76 89
76 108
76 120
76 127
76 178
76 197
76 199
76 209
76 211
76 221
76 243
76 245
77 78
77 84
77 87
77 88
77 89
77 98
77 114
77 141
77 150
77 169
77 179
77 182
77 211
77 230
78 89
78 99
78 106
78 108
78 120
78 123
78 127
78 152
78 160
78 161
78 165
78 183
78 191
78 192
78 212
78 214
78 223
78 227
78 241
79 88
79 90
79 112
79 116
79 136
79 138
79 145
79 161
79 194
79 205
79 232
79 240
80 82
80 93
80 101
80 108
80 134
80 144
80 156
80 165
80 242
81 86
81 88
81 89
81 94
81 102
81 105
81 109
81 116
81 127
81 134
81 177
81 184
81 190
81 193
81 231
81 238
81 248
82 85
82 95
82 125
82 142
82 151
82 164
82 181
82 182
82 202
82 203
82 214
82 226
82 233
82 241
83 102
83 107
83 109
83 111
83 122
83 134
83 135
83 153
83 169
83 171
83 182
83 190
83 192
83 209
83 214
83 223
83 226
83 228
83 242
83 246
84 88
84 96
84 105
84 121
84 123
84 135
84 143
84 150
84 153
84 156
84 165
84 184
84 212
84 227
84 235
85 108
85 114
85 115
85 127
85 129
85 131
85 137
85 150
85 158
85 162
85 176
85 188
85 201
85 206
85 208
85 215
86 87
86 91
86 95
86 106
86 117
86 121
86 124
86 130
86 140
86 159
86 178
86 186
86 198
86 201
86 207
86 221
86 226
86 230
86 244
87 88
87 92
87 97
87 103
87 112
87 114
87 118
87 120
87 125
87 132
87 133
87 165
87 175
87 176
87 249
88 91
88 94
88 97
88 99
88 101
88 106
88 108
88 128
88 135
88 137
88 148
88 149
88 151
88 152
88 166
88 174
88 177
88 180
88 187
88 188
88 202
88 218
88 222
88 230
88 243
88 244
88 248
89 95
89 119
89 127
89 131
89 135
89 148
89 149
89 164
89 172
89 187
89 220
89 222
89 223
89 230
89 236
89 240
89 248
89 249
90 104
90 110
90 111
90 114
90 117
90 118
90 123
90 135
90 150
90 154
90 165
90 166
90 167
90 171
90 192
90 193
90 197
90 200
90 224
90 237
91 97
91 107
91 116
91 118
91 122
91 125
91 135
91 136
91 137
91 141
91 168
91 171
91 176
91 192
91 209
91 211
91 219
91 223
91 225
91 233
91 236
91 238
91 240
91 241
91 244
92 103
92 111
92 112
92 116
92 132
92 133
92 135
92 144
92 146
92 148
92 152
92 154
92 156
92 163
92 172
92 179
92 180
92 184
92 199
92 203
92 214
92 224
92 227
93 97
93 100
93 105
93 112
93 113
93 119
93 131
93 151
93 163
93 165
93 192
93 203
93 219
93 226
93 232
93 233
94 102
94 126
94 143
94 159
94 160
94 164
94 172
94 179
94 185
94 187
94 194
94 197
94 207
94 210
94 241
94 246
95 101
95 103
95 111
95 125
95 130
95 136
95 173
95 182
95 189
95 203
95 219
95 235
95 243
95 244
96 101
96 108
96 110
96 121
96 130
96 132
96 135
96 137
96 141
96 150
96 159
96 171
96 175
96 184
96 194
96 203
96 212
96 234
96 241
97 101
97 102
97 104
97 118
97 124
97 133
97 144
97 146
97 152
97 155
97 165
97 205
97 207
97 209
97 225
97 236
97 247
98 106
98 109
98 110
98 113
98 114
98 116
98 128
98 136
98 138
98 144
98 150
98 151
98 157
98 167
98 179
98 180
98 187
98 196
98 199
98 211
98 238
99 104
99 119
99 121
99 159
99 174
99 221
100 105
100 107
100 115
100 117
100 124
100 125
100 143
100 150
100 162
100 174
100 176
100 190
100 201
100 210
100 221
100 234
100 236
100 239
101 122
101 142
101 157
101 171
101 200
101 211
101 213
101 221
101 222
101 246
102 108
102 119
102 120
102 125
102 129
102 146
102 148
102 149
102 151
102 158
102 165
102 174
102 175
102 178
102 187
102 198
102 201
102 211
103 120
103 123
103 146
103 164
103 174
103 176
103 188
103 191
103 207
103 213
103 225
103 243
104 113
104 116
104 119
104 129
104 137
104 147
104 163
104 165
104 167
104 176
104 179
104 195
104 198
104 208
104 209
104 210
104 222
104 230
105 106
105 110
105 112
105 115
105 123
105 134
105 142
105 154
105 156
105 175
105 199
105 202
105 205
105 238
105 245
106 110
106 117
106 140
106 143
106 147
106 149
106 156
106 163
106 176
106 201
106 220
106 231
107 109
107 140
107 159
107 167
107 211
108 121
108 122
108 123
108 130
108 136
108 137
108 148
108 155
108 160
108 166
108 175
108 197
108 202
108 204
108 219
108 224
108 240
109 115
109 116
109 122
109 144
109 154
109 155
109 156
109 160
109 172
109 185
109 196
109 213
109 225
109 245
110 157
110 165
110 167
110 184
110 214
110 226
110 234
110 237
111 144
111 149
111 171
111 176
111 180
111 183
111 191
111 197
111 210
111 220
111 232
112 122
112 126
112 136
112 137
112 147
112 164
112 166
112 169
112 177
112 185
112 199
112 206
112 208
112 210
112 211
112 235
113 114
113 129
113 131
113 132
113 133
113 148
113 158
113 165
113 187
113 229
113 245
114 121
114 126
114 138
114 146
114 163
114 164
114 171
114 202
114 210
114 216
114 220
114 221
114 226
114 229
115 117
115 118
115 121
115 130
115 140
115 143
115 144
115 148
115 153
115 154
115 164
115 177
115 182
115 193
115 201
115 224
115 244
116 117
116 142
116 144
116 164
116 175
116 194
116 208
116 223
117 122
117 176
117 196
117 204
117 218
117 248
118 167
118 182
118 188
118 206
118 220
118 233
119 135
119 145
119 158
119 165
119 180
119 189
119 190
119 203
119 213
119 215
119 224
119 231
119 232
120 167
120 168
120 203
120 211
120 228
120 242
121 125
121 129
121 130
121 131
121 133
121 140
121 141
121 142
121 156
121 158
121 162
121 179
121 181
121 185
121 207
121 211
121 219
121 224
121 226
121 236
122 124
122 139
122 142
122 162
122 174
122 179
122 184
122 210
122 219
122 235
123 129
123 157
123 162
123 170
123 176
123 182
123 232
123 237
123 249
124 129
124 149
124 150
124 162
124 173
124 181
124 184
124 185
124 194
124 195
124 204
124 244
125 133
125 136
125 151
125 157
125 163
125 166
125 167
125 178
125 183
125 189
125 224
126 128
126 131
126 142
126 146
126 147
126 160
126 161
126 173
126 174
126 199
127 140
127 179
127 194
127 203
127 236
127 241
128 141
128 149
128 173
128 180
128 211
129 132
129 162
129 163
129 210
129 224
129 232
130 167
130 175
130 178
130 181
130 187
130 189
130 194
130 206
130 229
130 244
131 171
131 195
131 196
131 214
131 215
131 222
131 225
131 229
131 242
131 244
132 153
132 181
132 217
132 218
132 229
132 241
132 242
133 142
133 144
133 151
133 161
133 162
133 198
133 210
133 211
133 215
133 234
133 235
133 237
133 243
134 139
134 145
134 154
134 159
134 183
134 211
135 143
135 146
135 193
135 202
135 204
136 140
136 179
136 182
136 242
137 142
137 154
137 172
137 178
137 189
137 197
137 218
137 220
137 227
137 235
138 144
138 170
138 181
138 226
138 235
138 247
138 249
139 149
139 158
139 159
139 170
139 185
139 186
139 192
139 193
139 200
139 204
139 217
139 218
139 222
139 230
139 247
140 152
140 157
140 160
140 181
140 207
140 210
140 225
140 228
141 149
141 164
141 175
141 189
141 199
141 209
141 217
141 242
142 154
142 165
142 167
142 175
142 185
142 198
142 217
142 239
143 163
143 187
143 208
143 213
143 220
143 221
143 246
144 149
144 161
144 167
144 172
144 184
144 189
144 202
144 219
144 235
145 147
145 170
145 190
145 196
145 231
146 158
146 183
146 192
146 205
146 210
146 213
146 236
146 243
147 158
147 179
147 186
147 237
147 241
148 161
148 164
148 168
148 186
148 203
148 208
148 231
148 246
148 248
149 150
149 153
149 155
149 156
149 160
149 176
149 197
149 202
149 213
149 237
149 239
150 168
150 181
150 223
151 156
151 208
151 219
152 219
152 249
153 195
153 213
153 233
154 170
154 172
154 176
154 186
154 193
154 205
154 223
154 225
154 247
155 160
155 161
155 171
155 172
155 191
155 206
155 227
155 235
155 248
156 169
156 186
156 195
156 200
156 216
156 220
156 248
157 183
157 228
158 164
158 179
158 209
158 222
158 225
158 227
159 188
159 190
159 203
159 206
159 211
160 162
160 175
160 188
160 207
160 216
160 222
160 230
160 247
161 164
161 165
161 168
161 180
161 220
161 247
162 179
162 198
162 206
162 214
162 228
163 167
163 173
163 176
163 177
163 184
163 186
163 187
163 201
163 207
163 230
163 237
163 241
164 183
164 199
164 213
165 171
165 190
165 191
165 217
165 246
166 213
166 247
167 179
167 191
167 201
167 222
167 228
168 172
168 178
168 182
168 187
168 194
168 195
168 215
168 221
169 171
169 185
169 200
169 229
169 242
170 173
170 183
170 227
170 239
170 249
171 173
171 206
171 225
171 232
172 178
172 186
172 187
172 188
172 201
172 202
172 210
172 228
173 190
173 212
173 230
174 181
174 191
174 216
174 220
174 236
175 178
175 180
175 200
175 206
175 233
175 246
176 178
176 186
176 219
176 249
177 178
177 249
178 189
178 195
178 197
178 207
179 215
179 237
179 242
179 243
179 244
180 203
180 219
180 221
181 208
181 226
182 184
182 213
184 200
184 215
184 216
184 226
185 200
185 202
185 204
185 233
185 234
185 245
186 231
187 206
187 214
187 228
187 241
188 204
189 193
189 197
189 212
189 227
189 241
189 245
189 247
190 195
190 197
190 198
190 216
190 228
191 225
192 195
192 201
192 205
192 206
192 209
192 215
192 216
192 225
192 242
193 195
193 209
193 216
193 222
193 236
193 246
194 238
194 239
195 202
195 227
195 243
196 231
197 218
197 229
198 240
199 240
199 248
200 223
200 224
201 239
201 245
202 203
202 223
202 231
202 245
203 242
204 208
204 224
204 227
204 236
204 240
205 215
205 239
206 212
206 222
206 230
207 249
208 247
209 249
211 223
211 235
211 237
211 246
212 218
212 227
212 229
212 233
212 235
213 235
215 234
215 245
216 221
216 232
216 247
217 224
219 243
219 244
220 230
220 243
221 228
221 229
221 233
221 236
221 243
221 248
222 225
222 229
223 247
224 233
225 234
229 238
229 240
230 235
234 240
236 245
237 243
239 249
246 248
