0 1
0 2
0 3
0 4
0 5
0 6
0 7
0 8
0 9
0 10
0 11
0 12
0 14
0 15
0 16
0 17
0 18
0 19
0 20
0 21
0 22
0 24
0 25
0 26
0 28
0 29
0 30
0 31
0 33
0 36
0 37
0 40
0 41
0 48
0 49
0 50
0 54
0 56
0 58
0 59
0 66
0 67
0 69
0 72
0 74
0 76
0 78
0 80
0 83
0 86
0 87
0 90
0 98
0 102
0 121
0 128
0 142
0 146
0 162
0 164
0 168
0 171
0 176
0 178
0 179
0 180
0 183
0 191
0 197
0 198
0 225
0 228
0 229
0 233
0 235
0 247
1 9
1 10
1 11
1 12
1 13
1 14
1 16
1 17
1 18
1 20
1 22
1 24
1 25
1 26
1 27
1 30
1 31
1 35
1 36
1 38
1 44
1 49
1 51
1 52
1 53
1 54
1 55
1 67
1 70
1 73
1 82
1 84
1 100
1 106
1 112
1 116
1 119
1 127
1 132
1 135
1 137
1 153
1 160
1 161
1 165
1 168
1 190
1 221
2 9
2 10
2 11
2 12
2 15
2 21
2 23
2 38
2 43
2 69
2 133
2 173
2 218
2 219
2 224
2 226
2 239
3 9
3 10
3 11
3 14
3 31
3 38
3 47
3 53
3 60
3 70
3 86
3 97
3 100
3 105
3 119
3 126
3 130
3 131
3 138
3 141
3 150
3 152
3 153
3 155
3 156
3 157
3 162
3 184
3 189
3 193
3 195
3 223
3 229
3 236
4 9
4 10
4 11
4 18
4 24
4 27
4 49
4 59
4 62
4 118
4 146
4 196
4 220
5 152
5 192
5 242
6 9
6 11
6 12
6 13
6 15
6 16
6 17
6 20
6 21
6 29
6 30
6 32
6 33
6 34
6 35
6 43
6 49
6 63
6 71
6 74
6 75
6 81
6 106
6 115
6 125
6 128
6 140
6 143
6 153
6 155
6 159
6 164
6 168
6 175
6 181
6 188
6 192
6 193
6 201
6 207
6 216
6 220
6 232
6 238
7 9
7 10
7 12
7 13
7 15
7 19
7 20
7 21
7 24
7 25
7 30
7 37
7 40
7 43
7 45
7 67
7 74
7 104
7 107
7 110
7 131
7 154
7 162
7 166
7 185
7 198
7 200
7 207
7 210
7 211
8 9
8 10
8 13
8 16
8 17
8 18
8 19
8 23
8 25
8 26
8 32
8 33
8 35
8 45
8 47
8 62
8 64
8 75
8 77
8 87
8 103
8 115
8 131
8 192
8 195
8 200
8 203
8 208
8 214
8 215
8 228
8 240
8 247
9 10
9 11
9 12
9 13
9 14
9 16
9 17
9 19
9 21
9 22
9 23
9 26
9 31
9 34
9 35
9 40
9 42
9 44
9 45
9 47
9 49
9 58
9 81
9 84
9 91
9 100
9 102
9 111
9 114
9 118
9 120
9 125
9 135
9 136
9 138
9 139
9 144
9 150
9 152
9 157
9 159
9 160
9 169
9 177
9 186
9 192
9 197
9 202
9 204
9 211
9 226
9 243
10 11
10 12
10 13
10 14
10 15
10 16
10 17
10 18
10 19
10 21
10 23
10 26
10 28
10 31
10 32
10 33
10 35
10 39
10 40
10 50
10 55
10 58
10 60
10 61
10 64
10 65
10 68
10 76
10 79
10 81
10 82
10 89
10 91
10 96
10 99
10 100
10 105
10 108
10 110
10 112
10 113
10 122
10 123
10 125
10 127
10 136
10 151
10 194
10 198
10 201
10 203
10 218
10 229
10 231
10 232
10 234
10 237
10 238
11 12
11 13
11 14
11 17
11 18
11 19
11 20
11 22
11 27
11 31
11 32
11 33
11 34
11 36
11 37
11 40
11 46
11 48
11 58
11 63
11 78
11 90
11 102
11 113
11 125
11 131
11 139
11 147
11 148
11 156
11 157
11 158
11 161
11 175
11 178
11 197
11 199
11 219
11 232
12 13
12 14
12 15
12 19
12 21
12 22
12 24
12 25
12 26
12 29
12 34
12 41
12 45
12 52
12 54
12 62
12 65
12 79
12 82
12 83
12 87
12 105
12 107
12 109
12 128
12 132
12 134
12 137
12 146
12 154
12 172
12 173
12 178
12 190
12 204
12 205
12 219
12 220
12 221
12 222
12 223
12 230
12 236
12 238
12 247
13 14
13 15
13 16
13 17
13 18
13 19
13 20
13 22
13 26
13 27
13 28
13 29
13 31
13 32
13 35
13 36
13 43
13 50
13 51
13 52
13 53
13 56
13 57
13 65
13 71
13 80
13 81
13 84
13 86
13 88
13 103
13 108
13 111
13 118
13 123
13 126
13 131
13 132
13 133
13 135
13 138
13 160
13 164
13 190
13 213
13 221
14 15
14 27
14 40
14 45
14 46
14 51
14 63
14 73
14 84
14 92
14 93
14 94
14 97
14 102
14 116
14 123
14 124
14 127
14 147
14 153
14 161
14 182
14 183
14 185
14 186
14 188
14 197
14 227
15 16
15 22
15 23
15 28
15 43
15 49
15 52
15 55
15 61
15 77
15 117
15 118
15 124
15 163
15 184
15 197
15 204
15 207
16 23
16 25
16 30
16 46
16 51
16 59
16 62
16 66
16 69
16 86
16 90
16 92
16 115
16 119
16 129
16 187
16 245
17 18
17 20
17 23
17 32
17 44
17 46
17 56
17 68
17 71
17 76
17 94
17 95
17 113
17 115
17 131
17 170
17 173
17 187
17 217
18 21
18 34
18 53
18 58
18 83
18 88
18 103
18 104
18 163
19 20
19 22
19 24
19 28
19 29
19 32
19 36
19 41
19 45
19 51
19 54
19 55
19 58
19 60
19 61
19 66
19 72
19 74
19 79
19 82
19 117
19 126
19 129
19 130
19 156
19 170
19 172
19 176
19 210
19 211
19 212
19 216
19 218
19 237
19 242
20 24
20 27
20 30
20 32
20 37
20 41
20 42
20 44
20 48
20 50
20 62
20 64
20 68
20 71
20 84
20 85
20 93
20 101
20 116
20 124
20 139
20 146
20 162
20 193
20 195
20 210
20 215
20 224
21 23
21 36
21 39
21 42
21 47
21 64
21 65
21 79
21 141
21 144
21 148
21 156
21 170
21 182
21 191
22 27
22 28
22 29
22 34
22 37
22 38
22 43
22 45
22 56
22 59
22 68
22 69
22 70
22 78
22 82
22 90
22 92
22 97
22 121
22 125
22 134
22 136
22 141
22 169
22 176
22 184
22 194
22 201
22 204
22 226
22 231
22 238
23 24
23 25
23 26
23 28
23 30
23 34
23 36
23 39
23 41
23 57
23 58
23 67
23 72
23 83
23 91
23 96
23 99
23 122
23 141
23 151
23 159
23 165
23 173
23 176
23 178
23 196
23 199
23 200
23 216
23 218
24 25
24 37
24 38
24 44
24 50
24 63
24 78
24 86
24 103
24 104
24 152
24 178
24 184
24 221
24 233
25 29
25 37
25 39
25 60
25 64
25 74
25 78
25 104
25 106
25 112
25 118
25 163
25 171
25 183
25 207
25 216
25 223
25 227
26 27
26 29
26 50
26 65
26 107
26 108
26 123
26 127
26 132
26 137
26 148
26 149
26 165
26 172
26 176
26 202
26 209
26 241
27 28
27 30
27 33
27 35
27 43
27 52
27 61
27 68
27 72
27 75
27 77
27 79
27 81
27 96
27 104
27 106
27 110
27 113
27 117
27 120
27 121
27 129
27 136
27 142
27 150
27 155
27 170
27 182
27 201
27 203
27 205
27 212
27 214
27 216
27 224
27 226
27 241
27 246
27 249
28 38
28 39
28 46
28 53
28 55
28 57
28 63
28 77
28 84
28 87
28 88
28 96
28 107
28 113
28 121
28 126
28 130
28 145
28 159
28 162
28 185
28 187
28 192
28 225
29 36
29 39
29 46
29 47
29 48
29 51
29 52
29 56
29 57
29 60
29 66
29 72
29 73
29 76
29 78
29 80
29 83
29 84
29 93
29 102
29 113
29 114
29 126
29 133
29 137
29 141
29 147
29 148
29 151
29 170
29 172
29 184
29 188
29 195
29 199
29 210
29 211
29 215
29 217
29 238
29 248
29 249
30 31
30 34
30 48
30 55
30 62
30 63
30 64
30 86
30 94
30 95
30 98
30 110
30 157
30 181
30 183
30 230
31 33
31 35
31 42
31 48
31 52
31 62
31 65
31 74
31 76
31 82
31 85
31 95
31 98
31 100
31 108
31 111
31 112
31 123
31 130
31 134
31 157
31 174
31 178
31 186
31 188
31 235
32 33
32 41
32 42
32 47
32 68
32 69
32 73
32 77
32 80
32 93
32 99
32 134
32 170
32 181
32 208
32 209
32 214
32 217
32 242
33 37
33 42
33 44
33 65
33 81
33 96
33 98
33 101
33 115
33 140
33 222
34 39
34 41
34 44
34 46
34 47
34 50
34 51
34 59
34 61
34 82
34 85
34 88
34 97
34 98
34 110
34 114
34 140
34 144
34 189
34 238
34 246
35 38
35 97
35 119
35 145
35 212
35 213
36 39
36 40
36 42
36 61
36 62
36 65
36 70
36 71
36 78
36 85
36 111
36 124
36 152
36 179
36 195
36 202
36 205
36 207
36 219
36 244
37 38
37 42
37 48
37 49
37 56
37 57
37 69
37 72
37 73
37 80
37 95
37 101
37 133
37 136
37 148
37 151
37 153
37 156
37 179
37 188
37 195
37 197
37 211
37 224
37 238
38 40
38 43
38 54
38 59
38 64
38 67
38 75
38 95
38 99
38 101
38 104
38 132
38 145
38 157
38 158
38 166
38 170
38 189
38 204
38 205
38 206
38 209
38 228
38 229
39 41
39 50
39 58
39 67
39 71
39 79
39 80
39 81
39 84
39 90
39 97
39 100
39 105
39 143
39 158
39 168
39 191
39 198
39 224
39 235
39 240
39 248
40 48
40 53
40 91
40 166
40 177
40 241
41 47
41 49
41 64
41 90
41 108
41 200
41 214
41 223
42 44
42 51
42 57
42 75
42 90
42 117
42 130
42 136
42 174
42 175
42 181
42 195
42 203
42 207
42 233
42 248
43 46
43 53
43 77
43 79
43 82
43 83
43 91
43 95
43 99
43 101
43 105
43 107
43 110
43 127
43 130
43 142
43 144
43 145
43 164
43 193
43 194
43 239
43 242
44 45
44 54
44 56
44 57
44 80
44 88
44 89
44 94
44 104
44 116
44 124
44 125
44 127
44 144
44 166
44 169
44 180
44 188
44 194
44 202
44 226
44 228
45 52
45 54
45 70
45 75
45 85
45 102
45 154
45 158
45 164
45 177
45 226
46 55
46 57
46 66
46 88
46 95
46 128
46 143
47 70
47 76
47 96
47 108
47 163
47 231
47 243
48 63
48 85
48 101
48 110
48 136
48 144
48 212
48 214
48 218
48 236
49 73
49 89
49 94
49 98
49 100
49 105
49 109
49 115
49 117
49 122
49 133
49 140
49 161
49 232
49 239
50 54
50 56
50 60
50 89
50 100
50 107
50 112
50 120
50 162
50 167
50 173
50 208
50 214
50 223
50 233
50 249
51 60
51 89
51 177
52 53
52 55
52 67
52 68
52 106
52 119
52 142
52 143
52 172
52 183
53 59
53 66
53 67
53 70
53 72
53 92
53 98
53 99
53 118
53 145
53 228
54 61
54 66
54 69
54 71
54 77
54 85
54 89
54 154
54 156
54 160
54 187
54 229
54 246
55 59
55 74
55 113
55 129
55 133
55 135
55 141
55 162
55 169
55 176
55 185
55 199
55 205
55 211
55 222
55 227
56 80
56 89
56 111
56 114
56 123
56 132
56 166
56 172
56 181
56 189
56 205
57 60
57 95
57 113
57 131
58 70
58 88
58 91
58 106
58 117
58 126
58 151
58 163
58 166
58 190
58 215
58 240
59 61
59 68
59 72
59 76
59 122
59 149
59 155
59 173
59 178
59 186
59 201
59 221
59 243
60 63
60 69
60 73
60 76
60 108
60 142
60 174
60 183
60 234
60 248
61 75
61 85
61 105
61 117
61 128
61 131
61 150
61 187
62 66
62 77
62 87
62 93
62 94
62 99
62 104
62 122
62 129
62 133
62 155
63 71
63 114
63 115
63 120
63 169
63 191
63 237
63 247
64 126
64 137
64 220
64 240
65 79
65 109
65 121
65 129
65 149
65 174
66 73
66 86
66 87
66 121
66 133
66 136
66 138
66 168
66 173
66 180
66 208
66 216
67 88
67 221
67 227
67 235
68 94
68 97
68 99
68 128
68 147
68 181
68 191
68 196
68 225
68 228
68 231
69 75
69 198
69 206
69 210
69 216
69 239
69 240
70 74
70 116
70 165
71 127
71 139
71 143
71 150
71 158
71 181
71 192
71 208
71 225
72 87
72 90
72 91
72 92
72 102
72 132
72 159
72 186
72 237
73 81
73 86
73 97
73 109
73 135
73 139
73 143
73 153
73 181
73 182
73 202
73 224
73 237
74 83
74 93
74 96
74 101
74 116
74 119
74 134
74 142
74 235
75 78
75 112
75 129
75 130
75 222
77 124
77 147
77 248
78 92
78 94
78 101
78 108
78 109
78 138
78 217
78 219
78 227
79 83
79 93
79 151
79 161
79 163
79 180
79 189
79 194
80 93
80 180
80 225
81 89
81 92
81 102
81 103
81 106
81 112
81 119
81 120
81 123
81 143
81 163
81 200
82 109
82 138
82 159
83 91
83 109
83 121
83 163
83 176
83 220
84 98
84 103
84 106
84 107
84 114
84 115
84 140
84 155
84 157
84 167
84 171
84 198
85 140
85 150
85 190
85 206
85 216
85 226
85 234
86 87
86 149
86 160
86 176
86 201
86 211
86 219
86 242
87 111
87 120
87 127
87 130
87 165
87 166
87 167
87 198
87 210
87 227
87 248
88 96
88 105
88 114
88 122
88 175
88 179
88 180
88 183
88 223
88 240
89 92
89 103
89 122
91 107
91 149
91 154
91 236
92 137
92 161
92 192
92 228
92 236
93 134
93 135
93 145
93 190
93 196
93 201
93 232
94 118
94 120
94 140
94 148
94 159
94 175
94 199
95 139
95 171
95 210
95 239
96 103
96 121
96 154
96 174
96 203
96 208
97 117
97 144
97 149
97 157
97 172
98 109
98 180
98 184
98 188
98 190
98 243
98 244
98 246
98 247
99 199
100 111
100 171
100 177
100 222
100 240
100 249
101 173
101 175
101 182
101 187
102 138
102 141
102 146
102 156
102 164
102 191
102 235
103 116
103 124
103 138
103 141
103 161
103 179
103 192
103 196
104 114
104 120
104 122
104 142
104 186
104 203
104 209
104 217
104 234
104 236
104 244
105 111
105 150
105 232
106 154
106 159
106 179
106 188
106 202
106 225
107 167
108 110
108 112
108 116
108 118
108 119
108 128
108 144
108 158
108 231
109 129
109 149
109 153
109 155
109 164
109 180
109 189
109 193
109 194
109 207
110 139
110 146
110 191
111 154
111 182
111 203
111 215
112 124
112 125
112 143
112 177
112 178
112 190
112 196
112 198
112 213
112 234
112 239
112 243
113 145
113 245
114 123
114 189
114 199
115 125
115 167
115 205
115 208
116 128
116 156
116 174
116 237
117 189
117 200
117 210
117 230
117 234
118 132
118 152
118 218
118 220
119 126
119 186
119 196
120 134
120 162
120 204
120 213
120 229
120 232
120 241
121 160
121 167
121 211
121 224
122 135
122 160
122 218
122 238
123 137
123 177
123 199
124 174
125 137
125 169
125 245
126 160
126 168
126 169
126 185
126 208
126 217
126 229
127 142
127 146
127 150
127 152
127 158
127 172
127 184
127 185
127 193
127 202
127 246
128 147
128 148
128 152
128 247
129 146
129 153
130 134
130 151
130 217
131 135
131 151
131 187
131 193
131 197
131 201
131 219
131 241
132 139
133 226
134 147
134 161
134 206
134 220
134 249
137 147
137 244
138 140
138 149
138 155
138 185
139 194
139 245
140 179
140 206
140 247
141 206
142 145
142 191
142 202
142 230
143 185
144 167
144 168
144 182
144 200
144 213
145 148
145 164
145 166
145 170
145 175
145 209
146 165
146 175
146 221
146 241
146 249
147 158
147 230
148 171
148 200
149 184
150 221
151 242
152 225
153 165
153 204
153 243
154 169
155 187
155 194
156 227
157 195
157 244
158 171
158 215
158 229
160 174
161 168
162 165
162 203
162 222
162 245
165 167
165 212
165 231
165 242
167 171
167 209
168 182
169 177
169 193
169 206
170 183
171 204
171 212
171 230
172 222
172 242
173 179
173 186
174 197
175 207
175 243
177 209
178 218
178 233
179 213
179 234
179 249
181 212
181 213
184 196
184 212
184 214
184 234
184 244
184 248
185 213
185 246
186 214
186 227
186 233
187 215
190 243
191 222
193 245
194 215
194 228
194 241
195 230
196 209
196 220
197 223
197 232
197 246
198 206
200 239
201 205
202 231
202 237
202 248
203 239
204 235
204 236
205 237
205 245
207 230
208 224
210 217
211 249
212 231
213 244
215 223
216 236
217 233
218 219
219 233
219 245
221 225
224 235
224 247
235 246
236 244
239 240
239 241
