0 1
0 2
0 3
0 4
0 5
0 6
0 7
0 8
0 9
0 10
0 11
0 12
0 13
0 14
0 15
0 16
0 17
0 18
0 19
0 20
0 21
0 22
0 23
0 24
0 25
0 26
0 27
0 28
0 29
0 31
0 32
0 33
0 34
0 37
0 39
0 40
0 42
0 43
0 44
0 46
0 47
0 51
0 57
0 58
0 60
0 63
0 65
0 68
0 70
0 71
0 74
0 75
0 82
0 87
0 91
0 95
0 99
0 103
0 106
0 107
0 111
0 118
0 119
0 120
0 122
0 123
0 126
0 141
0 146
0 151
0 152
0 158
0 159
0 161
0 164
0 165
0 168
0 171
0 179
0 185
0 194
0 198
0 212
0 224
0 227
0 230
0 242
0 247
0 249
1 15
1 16
1 17
1 20
1 22
1 26
1 31
1 32
1 42
1 43
1 50
1 57
1 60
1 64
1 69
1 75
1 77
1 104
1 120
1 140
1 145
1 171
1 174
1 182
1 204
1 237
1 246
1 249
2 15
2 16
2 17
2 20
2 22
2 30
2 31
2 37
2 57
2 81
2 83
2 91
2 97
2 99
2 120
2 121
2 139
2 144
2 145
2 166
2 180
2 183
2 245
3 15
3 16
3 17
3 18
3 19
3 21
3 22
3 25
3 26
3 39
3 41
3 46
3 55
3 61
3 65
3 66
3 69
3 73
3 78
3 82
3 88
3 100
3 104
3 113
3 117
3 125
3 128
3 132
3 133
3 164
3 181
3 187
3 191
3 193
3 196
3 204
3 213
3 219
3 229
3 240
3 248
4 15
4 16
4 17
4 18
4 19
4 20
4 21
4 22
4 26
4 28
4 31
4 33
4 37
4 39
4 40
4 49
4 50
4 51
4 55
4 57
4 58
4 67
4 70
4 74
4 76
4 77
4 78
4 79
4 81
4 86
4 96
4 105
4 106
4 108
4 116
4 118
4 131
4 133
4 139
4 142
4 143
4 147
4 149
4 150
4 156
4 167
4 168
4 175
4 178
4 185
4 190
4 207
4 218
4 231
4 234
4 239
4 247
5 16
5 17
5 18
5 19
5 20
5 21
5 23
5 24
5 25
5 27
5 28
5 30
5 33
5 34
5 35
5 38
5 40
5 44
5 52
5 53
5 60
5 61
5 63
5 71
5 81
5 82
5 83
5 87
5 89
5 90
5 91
5 96
5 98
5 111
5 113
5 114
5 118
5 120
5 127
5 137
5 142
5 155
5 160
5 177
5 188
5 193
5 204
5 215
5 223
5 230
6 15
6 16
6 17
6 18
6 19
6 20
6 22
6 23
6 24
6 25
6 26
6 28
6 29
6 32
6 33
6 34
6 40
6 41
6 48
6 52
6 60
6 64
6 71
6 77
6 85
6 87
6 88
6 90
6 105
6 109
6 114
6 135
6 136
6 143
6 154
6 157
6 158
6 160
6 162
6 171
6 214
6 215
6 216
6 238
6 239
6 243
6 248
6 249
7 15
7 16
7 17
7 19
7 20
7 23
7 26
7 27
7 28
7 31
7 35
7 37
7 45
7 46
7 56
7 58
7 74
7 97
7 110
7 114
7 115
7 119
7 120
7 124
7 129
7 134
7 136
7 160
7 174
7 181
7 185
7 190
7 205
8 15
8 16
8 17
8 18
8 19
8 20
8 21
8 26
8 27
8 28
8 30
8 34
8 36
8 37
8 43
8 47
8 49
8 51
8 55
8 63
8 67
8 70
8 73
8 81
8 84
8 87
8 108
8 120
8 128
8 134
8 139
8 155
8 160
8 170
8 172
8 173
8 175
8 178
8 180
8 185
8 191
8 209
8 224
8 228
8 241
8 246
9 15
9 16
9 17
9 18
9 19
9 22
9 27
9 29
9 34
9 38
9 44
9 50
9 52
9 53
9 55
9 56
9 57
9 60
9 62
9 69
9 88
9 99
9 145
9 147
9 160
9 166
9 171
9 181
9 192
9 193
9 216
9 239
10 15
10 16
10 18
10 19
10 21
10 24
10 28
10 31
10 33
10 36
10 38
10 39
10 44
10 59
10 60
10 66
10 108
10 133
10 156
10 158
10 166
10 170
10 177
10 189
10 191
10 211
10 214
10 219
10 242
11 15
11 16
11 18
11 20
11 23
11 25
11 30
11 35
11 36
11 38
11 40
11 42
11 47
11 49
11 56
11 65
11 66
11 70
11 71
11 90
11 91
11 103
11 108
11 135
11 147
11 170
11 172
11 180
11 181
11 190
11 193
11 199
11 209
11 220
11 235
11 238
11 248
12 15
12 17
12 18
12 20
12 22
12 23
12 24
12 25
12 31
12 36
12 44
12 46
12 47
12 50
12 64
12 77
12 79
12 94
12 95
12 97
12 99
12 103
12 120
12 140
12 177
12 179
12 206
12 209
12 216
12 221
12 224
12 240
12 248
13 15
13 17
13 19
13 21
13 24
13 26
13 29
13 30
13 32
13 40
13 41
13 48
13 51
13 53
13 67
13 71
13 74
13 82
13 86
13 89
13 95
13 96
13 111
13 113
13 115
13 116
13 121
13 135
13 148
13 162
13 163
13 164
13 169
13 170
13 179
13 181
13 186
13 196
13 200
13 205
13 222
13 237
13 245
13 247
14 15
14 16
14 18
14 21
14 22
14 23
14 24
14 25
14 33
14 39
14 41
14 49
14 59
14 71
14 101
14 103
14 108
14 117
14 122
14 137
14 147
14 156
14 158
14 165
14 167
14 176
14 185
14 194
14 204
14 206
14 214
14 241
15 16
15 17
15 18
15 19
15 20
15 21
15 22
15 24
15 25
15 26
15 27
15 30
15 31
15 33
15 35
15 36
15 37
15 40
15 41
15 42
15 43
15 47
15 48
15 49
15 51
15 52
15 54
15 56
15 57
15 58
15 59
15 62
15 63
15 69
15 70
15 72
15 73
15 78
15 79
15 80
15 89
15 90
15 92
15 94
15 96
15 97
15 100
15 105
15 109
15 111
15 112
15 116
15 118
15 119
15 126
15 129
15 131
15 134
15 146
15 154
15 155
15 169
15 175
15 180
15 185
15 186
15 187
15 194
15 195
15 196
15 203
15 205
15 215
15 216
15 229
15 235
15 240
15 241
16 17
16 18
16 19
16 20
16 21
16 23
16 24
16 25
16 27
16 28
16 29
16 30
16 31
16 34
16 35
16 36
16 37
16 38
16 39
16 42
16 43
16 44
16 47
16 54
16 62
16 64
16 65
16 66
16 69
16 70
16 74
16 82
16 83
16 86
16 88
16 89
16 90
16 93
16 97
16 98
16 100
16 101
16 105
16 112
16 113
16 114
16 115
16 118
16 121
16 125
16 128
16 132
16 133
16 138
16 142
16 152
16 157
16 161
16 164
16 169
16 171
16 177
16 179
16 186
16 199
16 222
16 225
16 229
16 232
16 242
17 18
17 19
17 20
17 21
17 22
17 23
17 25
17 26
17 28
17 29
17 30
17 31
17 33
17 35
17 36
17 37
17 38
17 39
17 41
17 42
17 44
17 45
17 46
17 47
17 48
17 55
17 57
17 58
17 62
17 63
17 68
17 75
17 76
17 83
17 84
17 88
17 96
17 102
17 104
17 112
17 115
17 123
17 130
17 135
17 136
17 147
17 150
17 157
17 167
17 170
17 181
17 184
17 195
17 205
17 208
17 210
17 213
17 214
17 215
17 225
17 227
17 234
17 238
17 241
17 243
18 19
18 21
18 22
18 23
18 24
18 25
18 29
18 30
18 32
18 33
18 36
18 38
18 40
18 42
18 54
18 57
18 62
18 63
18 67
18 74
18 79
18 80
18 82
18 90
18 91
18 94
18 95
18 96
18 98
18 99
18 105
18 110
18 112
18 121
18 125
18 129
18 131
18 134
18 135
18 140
18 141
18 143
18 145
18 148
18 149
18 151
18 163
18 165
18 172
18 173
18 174
18 176
18 182
18 184
18 191
18 194
18 197
18 200
18 205
18 206
18 227
18 228
18 232
18 239
18 244
18 246
18 249
19 20
19 21
19 23
19 24
19 26
19 27
19 28
19 29
19 30
19 33
19 34
19 36
19 38
19 39
19 40
19 42
19 45
19 48
19 50
19 51
19 52
19 53
19 57
19 58
19 65
19 66
19 69
19 75
19 79
19 80
19 82
19 86
19 89
19 90
19 94
19 99
19 101
19 105
19 108
19 109
19 116
19 121
19 129
19 130
19 131
19 132
19 135
19 139
19 147
19 148
19 149
19 151
19 152
19 153
19 162
19 163
19 168
19 173
19 179
19 187
19 190
19 199
19 211
19 212
19 213
19 219
19 223
19 224
19 227
19 231
19 247
20 21
20 22
20 23
20 24
20 27
20 28
20 29
20 32
20 36
20 47
20 48
20 51
20 52
20 59
20 61
20 62
20 64
20 73
20 76
20 78
20 84
20 88
20 89
20 90
20 93
20 102
20 104
20 105
20 108
20 111
20 120
20 122
20 123
20 124
20 126
20 128
20 141
20 157
20 163
20 168
20 173
20 177
20 185
20 190
20 197
20 200
20 204
20 206
20 208
20 209
20 225
20 226
20 238
20 245
21 22
21 23
21 24
21 25
21 26
21 28
21 29
21 32
21 34
21 41
21 46
21 47
21 49
21 50
21 54
21 68
21 69
21 73
21 76
21 77
21 87
21 94
21 96
21 99
21 106
21 109
21 129
21 144
21 148
21 152
21 153
21 158
21 161
21 163
21 168
21 176
21 184
21 199
21 203
21 215
21 223
21 228
21 230
22 23
22 24
22 25
22 27
22 28
22 32
22 34
22 35
22 36
22 39
22 42
22 43
22 50
22 51
22 52
22 56
22 59
22 60
22 66
22 70
22 72
22 75
22 76
22 81
22 85
22 87
22 104
22 106
22 113
22 135
22 137
22 144
22 148
22 149
22 153
22 162
22 166
22 171
22 173
22 183
22 187
22 201
22 202
22 204
22 217
22 219
22 223
22 229
22 234
23 25
23 27
23 29
23 30
23 32
23 39
23 40
23 44
23 46
23 52
23 57
23 63
23 65
23 66
23 79
23 81
23 83
23 100
23 103
23 107
23 108
23 110
23 124
23 126
23 135
23 147
23 150
23 159
23 162
23 177
23 179
23 182
23 183
23 186
23 187
23 194
23 196
23 200
23 202
23 206
23 207
23 218
23 232
23 234
23 237
23 239
24 26
24 27
24 28
24 29
24 31
24 33
24 34
24 35
24 37
24 38
24 39
24 43
24 44
24 45
24 48
24 54
24 56
24 58
24 60
24 63
24 64
24 67
24 68
24 75
24 80
24 84
24 88
24 89
24 100
24 101
24 102
24 104
24 113
24 116
24 131
24 135
24 138
24 139
24 141
24 142
24 146
24 151
24 158
24 161
24 183
24 184
24 189
24 191
24 192
24 196
24 199
24 202
24 207
24 208
24 242
25 26
25 27
25 30
25 32
25 39
25 42
25 45
25 48
25 51
25 53
25 56
25 61
25 64
25 70
25 72
25 76
25 79
25 83
25 92
25 94
25 96
25 104
25 105
25 106
25 114
25 115
25 123
25 124
25 126
25 127
25 129
25 131
25 135
25 137
25 141
25 144
25 146
25 149
25 150
25 152
25 157
25 161
25 162
25 163
25 169
25 172
25 174
25 181
25 183
25 186
25 201
25 207
25 210
25 218
25 219
25 226
25 236
25 241
26 27
26 29
26 30
26 32
26 33
26 34
26 36
26 41
26 42
26 43
26 44
26 46
26 47
26 54
26 55
26 62
26 63
26 64
26 65
26 72
26 73
26 79
26 80
26 81
26 107
26 108
26 109
26 112
26 116
26 122
26 132
26 140
26 159
26 171
26 174
26 183
26 190
26 214
26 218
26 236
26 247
27 35
27 37
27 45
27 48
27 49
27 50
27 53
27 59
27 61
27 76
27 79
27 80
27 83
27 84
27 85
27 87
27 91
27 93
27 100
27 103
27 118
27 124
27 126
27 130
27 142
27 144
27 148
27 152
27 158
27 159
27 177
27 199
27 207
27 208
27 209
27 216
27 238
27 240
27 245
27 247
28 29
28 31
28 34
28 35
28 37
28 38
28 41
28 42
28 43
28 45
28 46
28 49
28 50
28 56
28 58
28 59
28 67
28 76
28 80
28 83
28 84
28 85
28 92
28 94
28 97
28 100
28 102
28 103
28 117
28 130
28 138
28 140
28 146
28 150
28 158
28 201
28 206
28 209
28 213
28 220
28 231
28 242
28 249
29 30
29 31
29 32
29 33
29 37
29 43
29 45
29 47
29 49
29 54
29 55
29 56
29 65
29 66
29 68
29 72
29 77
29 80
29 82
29 87
29 91
29 92
29 93
29 95
29 98
29 106
29 109
29 112
29 114
29 116
29 122
29 123
29 125
29 136
29 142
29 153
29 155
29 163
29 166
29 169
29 188
29 193
29 196
29 198
29 201
29 210
29 217
29 232
29 246
29 247
30 31
30 32
30 34
30 35
30 36
30 40
30 41
30 42
30 45
30 49
30 53
30 55
30 59
30 64
30 67
30 72
30 74
30 77
30 81
30 82
30 84
30 85
30 88
30 97
30 100
30 102
30 104
30 111
30 114
30 116
30 117
30 122
30 132
30 137
30 141
30 144
30 148
30 161
30 166
30 167
30 170
30 193
30 198
30 217
30 224
30 244
31 32
31 34
31 40
31 41
31 43
31 44
31 45
31 55
31 61
31 65
31 74
31 77
31 85
31 93
31 103
31 116
31 117
31 120
31 129
31 169
31 170
31 175
31 176
31 194
31 207
31 212
31 218
31 219
31 232
31 235
31 237
31 244
32 33
32 35
32 37
32 38
32 41
32 45
32 46
32 50
32 51
32 52
32 53
32 55
32 57
32 59
32 67
32 68
32 70
32 83
32 85
32 90
32 94
32 95
32 97
32 101
32 107
32 111
32 119
32 123
32 133
32 138
32 144
32 145
32 146
32 154
32 156
32 171
32 184
32 186
32 189
32 194
32 209
32 220
32 240
32 246
33 35
33 36
33 38
33 50
33 54
33 60
33 61
33 64
33 65
33 66
33 67
33 69
33 71
33 72
33 74
33 76
33 79
33 96
33 106
33 108
33 112
33 113
33 118
33 119
33 121
33 127
33 143
33 149
33 154
33 156
33 159
33 163
33 180
33 184
33 200
33 212
33 217
33 231
33 233
33 236
33 242
34 35
34 41
34 45
34 48
34 49
34 51
34 52
34 54
34 55
34 58
34 68
34 69
34 77
34 78
34 81
34 83
34 86
34 87
34 88
34 99
34 106
34 115
34 120
34 123
34 125
34 129
34 131
34 132
34 136
34 137
34 153
34 154
34 161
34 162
34 167
34 169
34 174
34 198
34 200
34 206
34 208
34 209
34 211
34 226
34 230
34 236
34 243
34 246
34 249
35 37
35 40
35 47
35 52
35 56
35 71
35 93
35 110
35 111
35 116
35 119
35 126
35 157
35 158
35 162
35 164
35 165
35 179
35 227
35 232
35 233
35 249
36 38
36 39
36 41
36 43
36 48
36 50
36 54
36 55
36 61
36 66
36 68
36 71
36 76
36 91
36 111
36 115
36 139
36 159
36 161
36 167
36 168
36 172
36 173
36 195
36 203
36 214
36 217
36 230
36 234
37 38
37 40
37 42
37 44
37 45
37 46
37 63
37 72
37 77
37 79
37 80
37 86
37 88
37 94
37 96
37 103
37 106
37 122
37 123
37 147
37 150
37 152
37 159
37 162
37 173
37 176
37 195
37 213
37 217
37 224
37 225
37 237
37 238
38 39
38 43
38 45
38 48
38 51
38 52
38 54
38 58
38 59
38 62
38 69
38 71
38 78
38 79
38 82
38 85
38 86
38 89
38 91
38 92
38 93
38 100
38 111
38 119
38 120
38 126
38 138
38 139
38 140
38 146
38 154
38 159
38 163
38 165
38 167
38 172
38 190
38 192
38 207
38 219
38 225
38 229
38 238
39 44
39 49
39 60
39 64
39 69
39 70
39 81
39 86
39 87
39 104
39 108
39 124
39 140
39 149
39 181
39 182
39 184
39 187
39 189
39 220
39 227
39 228
39 245
40 57
40 60
40 61
40 69
40 93
40 96
40 98
40 101
40 102
40 119
40 133
40 134
40 153
40 156
40 169
40 175
40 176
40 185
40 189
40 237
40 243
40 244
41 44
41 49
41 57
41 58
41 69
41 70
41 86
41 89
41 91
41 92
41 110
41 113
41 117
41 126
41 130
41 141
41 151
41 155
41 162
41 218
41 230
42 43
42 46
42 52
42 53
42 54
42 56
42 57
42 63
42 72
42 83
42 90
42 95
42 101
42 110
42 114
42 115
42 117
42 127
42 128
42 134
42 143
42 149
42 153
42 180
42 181
42 182
42 191
42 193
42 225
42 230
42 233
42 237
42 241
43 46
43 47
43 53
43 58
43 73
43 80
43 84
43 93
43 102
43 103
43 108
43 127
43 130
43 155
43 167
43 170
43 172
43 176
43 181
43 191
43 195
43 203
43 220
43 225
43 246
44 46
44 51
44 56
44 58
44 59
44 61
44 62
44 68
44 70
44 75
44 86
44 87
44 96
44 100
44 103
44 113
44 114
44 116
44 121
44 125
44 126
44 132
44 134
44 140
44 142
44 151
44 154
44 155
44 162
44 176
44 178
44 182
44 185
44 191
44 202
44 217
44 222
45 47
45 48
45 49
45 51
45 53
45 59
45 62
45 75
45 85
45 88
45 89
45 97
45 107
45 109
45 111
45 117
45 123
45 129
45 141
45 144
45 145
45 147
45 151
45 166
45 174
45 175
45 212
45 217
45 221
45 226
45 230
45 236
45 239
45 242
46 48
46 53
46 59
46 60
46 63
46 72
46 73
46 74
46 79
46 87
46 89
46 92
46 103
46 112
46 115
46 117
46 124
46 125
46 129
46 131
46 132
46 137
46 143
46 150
46 152
46 164
46 171
46 176
46 182
46 192
46 193
46 197
46 202
46 221
46 226
46 238
46 239
46 245
47 50
47 54
47 64
47 83
47 86
47 97
47 113
47 115
47 134
47 135
47 140
47 154
47 165
47 169
47 175
47 179
47 186
47 194
47 199
47 201
47 202
47 204
47 210
47 221
47 242
48 52
48 53
48 55
48 56
48 68
48 72
48 92
48 107
48 109
48 134
48 136
48 138
48 171
48 176
48 177
48 181
48 183
48 191
48 193
48 205
48 218
48 222
49 50
49 53
49 54
49 58
49 60
49 61
49 62
49 63
49 65
49 67
49 68
49 72
49 76
49 78
49 90
49 92
49 105
49 107
49 118
49 128
49 132
49 137
49 149
49 150
49 157
49 165
49 175
49 179
49 182
49 188
49 194
49 199
49 202
49 207
49 223
49 234
50 62
50 63
50 65
50 66
50 73
50 74
50 82
50 85
50 90
50 98
50 104
50 109
50 110
50 116
50 130
50 132
50 136
50 138
50 150
50 153
50 183
50 208
50 212
50 216
50 235
50 240
50 243
51 62
51 66
51 68
51 76
51 79
51 82
51 83
51 96
51 97
51 100
51 109
51 117
51 122
51 124
51 128
51 131
51 154
51 172
51 178
51 188
51 189
52 56
52 66
52 68
52 77
52 80
52 81
52 87
52 89
52 124
52 128
52 139
52 168
52 173
52 177
52 192
52 213
52 226
52 235
53 65
53 67
53 77
53 78
53 84
53 93
53 95
53 104
53 106
53 107
53 112
53 128
53 131
53 134
53 148
53 158
53 167
53 178
53 180
53 202
53 207
53 213
53 225
53 241
53 242
54 55
54 71
54 73
54 81
54 91
54 93
54 101
54 111
54 112
54 114
54 118
54 121
54 123
54 128
54 134
54 136
54 143
54 153
54 159
54 160
54 176
54 227
54 237
54 247
55 59
55 61
55 64
55 70
55 77
55 81
55 84
55 102
55 122
55 127
55 139
55 146
55 148
55 150
55 155
55 157
55 175
55 180
55 189
55 194
55 196
55 219
55 231
55 234
56 61
56 67
56 73
56 78
56 101
56 102
56 114
56 127
56 133
56 151
56 153
56 161
56 168
56 170
56 178
56 192
56 193
56 195
56 197
56 198
56 208
56 218
56 221
57 67
57 68
57 70
57 72
57 75
57 83
57 88
57 93
57 103
57 108
57 121
57 129
57 150
57 163
57 165
57 176
57 186
57 201
57 204
57 212
57 215
57 229
57 243
57 244
57 245
58 60
58 65
58 78
58 126
58 142
58 166
58 169
58 183
58 189
58 203
58 230
58 234
59 64
59 75
59 76
59 89
59 109
59 123
59 138
59 143
59 158
59 178
59 241
60 61
60 62
60 67
60 69
60 82
60 84
60 110
60 118
60 148
60 168
60 189
60 218
61 66
61 73
61 75
61 92
61 93
61 102
61 107
61 109
61 115
61 116
61 133
61 140
61 172
61 211
61 213
61 222
61 233
61 238
61 242
61 243
62 78
62 88
62 91
62 95
62 99
62 104
62 105
62 130
62 133
62 144
62 146
62 167
62 195
62 203
62 204
62 210
62 211
62 225
62 236
63 71
63 75
63 80
63 95
63 110
63 113
63 119
63 124
63 138
63 142
63 164
63 173
63 182
64 71
64 73
64 76
64 101
64 151
64 159
64 204
64 219
64 223
64 224
65 71
65 72
65 73
65 75
65 92
65 106
65 107
65 117
65 123
65 133
65 136
65 137
65 143
65 157
65 159
65 167
65 178
65 187
65 194
65 200
65 205
65 208
65 212
65 229
65 244
66 78
66 84
66 95
66 164
66 166
66 180
66 185
66 227
67 88
67 94
67 99
67 102
67 110
67 121
67 128
67 160
67 207
67 248
68 85
68 91
68 114
68 125
68 139
68 155
68 159
68 172
68 183
68 186
68 196
69 75
69 78
69 95
69 123
69 124
69 150
69 157
69 170
69 173
69 176
69 186
69 187
69 188
69 211
69 212
70 81
70 87
70 157
70 172
70 182
70 203
70 205
70 210
70 212
71 74
71 80
71 84
71 89
71 112
71 115
71 127
71 136
71 137
71 142
71 187
71 194
72 74
72 77
72 80
72 99
72 101
72 103
72 105
72 133
72 139
72 212
72 221
72 228
72 233
73 74
73 85
73 95
73 98
73 107
73 112
73 114
73 122
73 156
73 178
73 193
73 197
73 237
74 109
74 143
74 146
74 158
74 163
74 169
74 182
74 201
74 205
74 216
74 230
74 233
74 238
74 241
75 82
75 86
75 98
75 99
75 105
75 106
75 108
75 112
75 135
75 157
75 220
75 222
75 232
76 85
76 98
76 107
76 109
76 123
76 146
76 161
76 195
76 197
76 203
76 225
76 235
77 78
77 95
77 106
77 114
77 119
77 121
77 125
77 144
77 147
77 149
77 156
77 177
77 202
77 213
77 217
78 92
78 94
78 98
78 119
78 132
78 141
78 142
78 151
78 208
78 234
79 84
79 92
79 100
79 117
79 131
79 143
79 172
79 179
80 94
80 97
80 98
80 110
80 119
80 128
80 139
80 143
80 164
80 187
80 195
80 233
80 236
80 240
80 242
81 94
81 137
81 157
81 163
81 164
81 165
81 169
81 182
81 197
81 198
81 216
81 229
81 243
81 244
82 85
82 86
82 99
82 101
82 105
82 119
82 127
82 130
82 155
82 196
82 210
82 211
82 220
82 242
82 249
83 86
83 92
83 102
83 187
83 205
83 221
83 239
83 240
84 148
84 150
84 233
85 91
85 97
85 99
85 101
85 104
85 235
85 240
85 248
86 90
86 106
86 115
86 117
86 120
86 141
86 149
86 151
86 234
86 238
86 245
87 93
87 101
87 121
87 125
87 140
87 165
87 179
87 192
87 196
87 207
87 211
87 220
88 129
88 146
88 161
88 168
88 234
89 90
89 98
89 111
89 135
89 136
89 137
89 144
89 145
89 170
90 94
90 96
90 102
90 104
90 107
90 110
90 112
90 113
90 124
90 138
90 143
90 147
90 155
90 174
90 178
90 184
90 196
90 218
90 221
91 100
91 120
91 126
91 141
91 152
91 156
91 175
91 180
91 214
91 228
91 246
92 97
92 98
92 118
92 149
92 154
92 158
92 180
92 199
92 209
92 211
92 216
92 223
92 226
92 227
92 235
93 113
93 117
93 122
93 132
93 162
93 177
93 188
93 191
93 198
93 199
93 214
93 232
94 116
94 122
94 147
94 201
94 202
94 207
94 238
94 245
95 100
95 102
95 197
95 229
95 235
95 236
95 239
95 243
95 247
96 126
96 151
96 164
96 169
96 171
96 234
97 98
97 110
97 136
97 183
97 192
97 224
97 229
98 134
98 160
98 198
98 205
98 212
98 221
99 118
99 134
99 136
99 156
99 192
99 248
100 131
100 185
100 197
100 200
100 240
101 111
101 127
101 173
101 186
101 191
101 210
101 216
102 105
102 215
102 231
103 133
103 159
103 160
103 167
103 174
103 209
103 215
103 231
103 246
104 107
104 115
104 125
104 141
104 145
104 165
104 180
104 224
104 244
104 246
105 110
105 127
105 148
105 151
105 153
105 191
105 197
105 198
105 215
105 222
105 223
106 120
106 133
106 138
106 140
107 113
107 119
107 125
107 127
107 146
107 152
107 153
107 160
107 201
107 207
107 215
108 118
108 167
108 172
108 224
108 236
108 244
109 124
109 128
109 131
109 184
109 208
109 213
109 225
109 226
109 233
109 240
109 241
110 122
110 125
110 127
110 140
110 141
110 186
110 221
110 227
110 232
110 249
111 130
111 132
111 145
111 152
111 159
111 160
111 189
111 206
111 219
111 231
112 143
112 145
112 202
112 233
113 118
113 139
113 142
113 144
113 178
113 205
114 144
114 145
114 154
114 167
114 199
114 209
114 213
114 220
115 168
115 175
115 197
115 220
116 126
116 128
116 138
116 184
116 198
116 220
116 247
117 122
117 127
117 140
117 160
117 166
117 183
117 187
117 229
117 230
117 249
118 121
118 141
118 152
118 153
118 192
118 200
118 209
118 215
118 243
119 121
119 129
119 130
119 133
119 137
119 149
119 161
119 172
119 184
119 190
119 195
119 203
119 223
119 233
120 124
120 129
120 130
120 134
120 151
120 162
120 182
120 209
120 214
120 228
120 235
121 210
122 125
122 150
122 155
122 197
122 212
122 223
122 227
122 246
122 248
123 130
123 186
123 189
124 132
124 138
124 145
124 147
124 152
124 164
124 231
125 138
125 156
125 192
125 212
125 218
125 226
125 232
125 233
126 153
126 177
127 131
127 137
127 165
127 190
128 130
128 142
128 188
128 198
128 213
128 228
129 184
129 185
129 245
130 154
130 178
130 206
130 207
131 144
131 146
131 152
131 162
131 165
131 188
131 206
131 211
131 223
131 236
131 238
132 135
132 169
132 185
132 210
132 216
133 139
133 148
133 163
133 164
133 237
134 154
134 155
134 161
134 200
134 203
134 205
134 230
134 243
135 136
135 148
135 156
135 192
135 232
136 147
136 161
136 170
136 184
136 209
136 244
137 145
137 175
137 206
137 229
138 168
138 174
138 180
138 189
138 203
138 204
138 210
138 217
138 228
138 232
139 145
139 173
139 204
139 223
139 241
140 142
140 188
140 208
140 222
140 236
141 157
141 166
141 170
142 149
142 216
142 229
143 188
143 197
143 201
143 203
143 220
144 186
144 224
144 240
145 178
145 181
145 226
145 228
145 237
145 240
146 160
146 166
146 181
146 201
146 211
146 215
146 232
146 248
147 177
147 214
147 218
147 230
147 241
148 171
148 192
148 201
148 206
148 211
148 218
148 241
149 155
149 174
149 187
149 191
150 156
150 163
150 166
150 199
150 248
151 154
151 179
151 188
151 195
151 216
152 160
152 168
152 178
152 195
152 235
152 243
153 194
153 206
153 219
154 158
154 165
154 190
154 220
154 244
154 247
155 156
155 173
155 183
155 243
156 216
156 230
157 171
157 196
157 217
158 170
158 188
158 192
158 213
158 240
159 227
159 248
160 164
160 166
160 180
160 223
160 224
160 239
161 177
161 196
161 210
162 174
162 184
162 193
163 205
164 175
164 198
164 213
164 222
164 231
164 245
165 171
165 188
165 190
165 201
166 190
167 168
167 173
167 196
167 200
167 226
167 238
167 244
168 206
168 249
169 215
169 221
169 228
169 249
170 174
170 194
170 214
171 183
171 198
171 200
171 225
172 176
172 182
172 217
173 174
173 175
173 185
173 191
173 222
173 224
174 179
174 195
175 193
176 179
176 231
177 181
177 200
178 187
178 190
178 193
178 210
178 225
178 235
178 244
179 203
179 228
180 219
180 223
181 189
182 224
182 242
183 245
183 247
184 188
184 202
184 208
184 218
184 221
185 197
186 189
186 222
187 204
187 221
187 231
188 190
188 202
189 195
190 199
190 201
190 245
190 246
191 211
191 222
191 236
193 199
193 211
193 214
193 226
193 228
193 241
194 198
194 248
195 227
195 237
196 202
196 231
197 217
198 200
198 214
198 226
198 233
198 245
200 203
200 226
200 229
200 239
201 204
201 210
201 220
201 242
202 208
205 217
205 222
205 225
205 233
205 239
206 208
206 214
206 237
206 239
206 248
207 215
207 219
207 221
210 234
211 235
211 239
212 227
212 247
213 236
213 246
214 243
215 222
216 219
218 244
221 236
225 228
225 232
225 234
227 231
227 246
227 247
230 237
232 249
234 235
238 248
239 249
