0 1
0 2
0 3
0 4
0 5
0 6
0 7
0 8
0 9
0 10
0 11
0 12
0 13
0 14
0 15
0 16
0 17
0 18
0 19
0 20
0 21
0 23
0 24
0 25
0 26
0 27
0 28
0 29
0 30
0 31
0 32
0 34
0 35
0 37
0 39
0 40
0 42
0 43
0 44
0 45
0 47
0 49
0 54
0 55
0 58
0 59
0 63
0 66
0 72
0 75
0 76
0 77
0 78
0 81
0 84
0 86
0 87
0 89
0 91
0 94
0 95
0 98
0 99
0 100
0 101
0 102
0 107
0 108
0 109
0 115
0 117
0 121
0 122
0 125
0 126
0 128
0 129
0 132
0 134
0 139
0 141
0 150
0 151
0 153
0 154
0 156
0 160
0 165
0 166
0 167
0 168
0 171
0 173
0 174
0 176
0 181
0 185
0 188
0 189
0 192
0 193
0 196
0 197
0 200
0 203
0 215
0 219
0 222
0 228
0 231
0 240
0 248
1 15
1 16
1 19
1 21
1 24
1 26
1 27
1 28
1 30
1 33
1 39
1 74
1 76
1 131
1 140
1 146
1 148
1 154
1 158
1 177
1 182
1 184
1 195
1 214
1 228
1 231
1 236
1 247
2 15
2 16
2 17
2 20
2 24
2 31
2 34
2 35
2 40
2 41
2 42
2 47
2 50
2 65
2 67
2 70
2 72
2 79
2 80
2 82
2 85
2 91
2 128
2 140
2 157
2 193
2 203
2 208
2 231
3 15
3 16
3 17
3 18
3 19
3 20
3 22
3 24
3 31
3 33
3 40
3 41
3 42
3 44
3 47
3 56
3 57
3 85
3 100
3 110
3 112
3 119
3 122
3 127
3 139
3 169
3 174
3 198
3 201
3 205
3 237
3 243
4 15
4 16
4 17
4 18
4 20
4 24
4 25
4 27
4 29
4 49
4 60
4 62
4 63
4 64
4 72
4 73
4 80
4 83
4 84
4 94
4 102
4 112
4 115
4 130
4 140
4 157
4 168
4 170
4 172
4 179
4 180
4 194
4 202
4 218
4 232
4 245
5 15
5 16
5 17
5 18
5 19
5 20
5 21
5 22
5 23
5 25
5 27
5 28
5 29
5 33
5 34
5 35
5 37
5 38
5 45
5 47
5 50
5 54
5 61
5 63
5 64
5 65
5 66
5 71
5 77
5 81
5 87
5 96
5 106
5 114
5 124
5 130
5 142
5 152
5 163
5 165
5 183
5 200
5 201
5 202
5 208
5 212
5 213
5 214
5 226
5 241
5 248
6 15
6 18
6 32
6 36
6 80
6 85
6 116
6 125
6 190
6 228
7 15
7 16
7 17
7 19
7 20
7 21
7 23
7 27
7 32
7 43
7 46
7 57
7 62
7 65
7 75
7 83
7 100
7 102
7 113
7 115
7 130
7 143
7 151
7 162
7 168
7 212
7 222
8 15
8 16
8 17
8 18
8 20
8 21
8 22
8 23
8 29
8 30
8 41
8 43
8 45
8 54
8 89
8 104
8 109
8 113
8 120
8 158
8 187
9 15
9 16
9 17
9 18
9 19
9 21
9 22
9 26
9 27
9 30
9 32
9 34
9 35
9 42
9 46
9 47
9 48
9 49
9 51
9 55
9 57
9 60
9 71
9 72
9 73
9 83
9 84
9 85
9 93
9 115
9 125
9 134
9 145
9 164
9 179
9 193
9 200
9 201
9 213
9 238
9 242
10 15
10 16
10 18
10 20
10 21
10 22
10 23
10 24
10 26
10 28
10 29
10 33
10 35
10 37
10 38
10 41
10 48
10 51
10 52
10 54
10 55
10 57
10 64
10 67
10 68
10 76
10 83
10 87
10 88
10 89
10 94
10 97
10 99
10 100
10 101
10 102
10 106
10 119
10 120
10 132
10 135
10 142
10 145
10 163
10 172
10 177
10 185
10 197
10 200
10 214
10 217
10 235
10 240
10 247
11 15
11 16
11 17
11 18
11 19
11 21
11 22
11 23
11 25
11 28
11 29
11 31
11 32
11 36
11 37
11 38
11 39
11 40
11 41
11 43
11 46
11 47
11 53
11 58
11 64
11 80
11 81
11 101
11 105
11 109
11 112
11 114
11 120
11 127
11 149
11 155
11 158
11 159
11 167
11 183
11 184
11 186
11 202
11 206
11 210
11 220
11 231
12 15
12 17
12 19
12 38
12 40
12 51
12 53
12 54
12 73
12 82
12 121
12 139
12 143
12 163
12 202
12 226
12 238
13 15
13 16
13 17
13 18
13 19
13 20
13 21
13 22
13 25
13 26
13 29
13 32
13 33
13 34
13 37
13 44
13 49
13 50
13 52
13 54
13 55
13 56
13 59
13 68
13 69
13 73
13 83
13 90
13 97
13 101
13 105
13 142
13 146
13 147
13 148
13 149
13 151
13 169
13 173
13 183
13 204
13 205
13 227
13 231
13 238
13 244
13 245
14 16
14 17
14 18
14 19
14 22
14 23
14 25
14 27
14 31
14 36
14 39
14 43
14 46
14 52
14 55
14 58
14 62
14 64
14 73
14 75
14 84
14 86
14 87
14 90
14 93
14 107
14 122
14 128
14 138
14 154
14 161
14 177
14 178
14 186
14 193
14 194
14 217
14 218
14 248
15 16
15 17
15 18
15 19
15 20
15 21
15 22
15 23
15 24
15 26
15 27
15 28
15 29
15 30
15 32
15 35
15 37
15 38
15 40
15 41
15 44
15 46
15 47
15 50
15 53
15 55
15 57
15 60
15 64
15 73
15 75
15 78
15 79
15 89
15 94
15 95
15 97
15 99
15 100
15 110
15 122
15 123
15 124
15 126
15 135
15 138
15 141
15 142
15 143
15 144
15 145
15 147
15 148
15 150
15 152
15 157
15 158
15 161
15 163
15 165
15 172
15 173
15 174
15 181
15 182
15 184
15 185
15 187
15 191
15 200
15 202
15 204
15 205
15 207
15 208
15 210
15 213
15 219
15 223
15 224
15 228
15 229
15 231
15 233
15 238
15 249
16 17
16 18
16 19
16 20
16 21
16 22
16 23
16 24
16 25
16 26
16 30
16 31
16 32
16 33
16 34
16 35
16 36
16 38
16 40
16 42
16 47
16 48
16 54
16 60
16 61
16 64
16 68
16 69
16 71
16 72
16 73
16 76
16 80
16 81
16 82
16 83
16 87
16 93
16 99
16 100
16 104
16 106
16 115
16 117
16 125
16 126
16 133
16 137
16 138
16 140
16 146
16 147
16 152
16 160
16 171
16 179
16 181
16 184
16 189
16 194
16 195
16 197
16 207
16 214
16 216
16 220
16 228
16 230
16 237
16 238
16 244
17 18
17 19
17 20
17 21
17 23
17 24
17 25
17 27
17 28
17 29
17 32
17 36
17 37
17 39
17 40
17 43
17 46
17 47
17 48
17 49
17 50
17 52
17 57
17 59
17 61
17 62
17 65
17 68
17 69
17 73
17 76
17 80
17 81
17 89
17 90
17 94
17 95
17 96
17 98
17 101
17 108
17 109
17 112
17 114
17 121
17 129
17 131
17 142
17 146
17 151
17 155
17 163
17 169
17 175
17 177
17 182
17 195
17 201
17 206
17 209
17 215
17 220
17 226
17 234
17 241
17 245
17 246
18 19
18 20
18 21
18 22
18 23
18 24
18 25
18 26
18 28
18 29
18 30
18 33
18 34
18 35
18 39
18 40
18 41
18 43
18 46
18 52
18 53
18 56
18 58
18 59
18 60
18 62
18 63
18 70
18 74
18 75
18 76
18 81
18 85
18 86
18 87
18 88
18 90
18 95
18 97
18 100
18 102
18 105
18 107
18 110
18 117
18 118
18 119
18 120
18 121
18 128
18 129
18 131
18 132
18 134
18 137
18 141
18 149
18 155
18 157
18 164
18 172
18 173
18 176
18 185
18 189
18 204
18 207
18 210
18 215
18 216
18 227
18 231
18 232
18 237
18 238
18 241
19 20
19 21
19 22
19 24
19 26
19 27
19 28
19 31
19 32
19 35
19 36
19 37
19 39
19 42
19 44
19 45
19 46
19 47
19 48
19 49
19 50
19 51
19 52
19 56
19 60
19 61
19 62
19 65
19 69
19 71
19 72
19 76
19 78
19 84
19 86
19 88
19 89
19 96
19 98
19 103
19 106
19 110
19 111
19 113
19 117
19 121
19 125
19 128
19 129
19 134
19 135
19 136
19 137
19 144
19 145
19 146
19 148
19 152
19 153
19 156
19 161
19 167
19 168
19 170
19 173
19 175
19 182
19 187
19 190
19 194
19 202
19 204
19 208
19 218
19 220
19 221
19 223
19 224
19 235
19 237
19 239
19 241
19 242
19 243
19 248
20 22
20 23
20 24
20 25
20 28
20 29
20 30
20 31
20 34
20 35
20 36
20 40
20 41
20 42
20 43
20 44
20 45
20 46
20 50
20 52
20 53
20 60
20 62
20 65
20 67
20 72
20 76
20 77
20 90
20 91
20 93
20 94
20 95
20 106
20 111
20 112
20 117
20 118
20 121
20 124
20 125
20 130
20 132
20 144
20 145
20 148
20 151
20 156
20 157
20 158
20 164
20 167
20 170
20 171
20 178
20 181
20 189
20 192
20 196
20 201
20 204
20 206
20 212
20 214
20 216
20 217
20 224
20 230
20 233
20 237
20 247
21 22
21 23
21 24
21 25
21 26
21 27
21 30
21 31
21 32
21 35
21 36
21 37
21 38
21 41
21 47
21 49
21 50
21 51
21 52
21 55
21 57
21 62
21 66
21 67
21 73
21 78
21 86
21 89
21 90
21 92
21 96
21 97
21 98
21 106
21 108
21 110
21 111
21 115
21 119
21 124
21 125
21 131
21 140
21 148
21 151
21 153
21 154
21 155
21 156
21 160
21 164
21 166
21 167
21 170
21 185
21 187
21 202
21 209
21 213
21 220
21 235
21 238
21 239
21 245
21 247
22 23
22 25
22 26
22 28
22 30
22 31
22 35
22 36
22 39
22 44
22 47
22 62
22 65
22 67
22 69
22 71
22 72
22 74
22 75
22 78
22 85
22 88
22 98
22 100
22 102
22 115
22 117
22 121
22 130
22 131
22 135
22 137
22 162
22 172
22 179
22 183
22 186
22 193
22 197
22 205
22 207
22 215
22 221
22 227
22 239
23 24
23 25
23 26
23 27
23 28
23 30
23 32
23 33
23 34
23 36
23 39
23 43
23 45
23 48
23 50
23 51
23 54
23 56
23 57
23 58
23 61
23 66
23 76
23 86
23 87
23 98
23 101
23 104
23 107
23 116
23 122
23 124
23 127
23 134
23 146
23 151
23 153
23 156
23 167
23 168
23 169
23 170
23 181
23 182
23 185
23 190
23 196
23 201
23 212
23 214
23 223
23 225
24 25
24 26
24 27
24 29
24 30
24 31
24 32
24 33
24 36
24 38
24 39
24 40
24 41
24 42
24 44
24 48
24 51
24 56
24 58
24 60
24 62
24 64
24 74
24 77
24 78
24 79
24 81
24 83
24 88
24 91
24 103
24 109
24 111
24 113
24 114
24 118
24 128
24 130
24 132
24 136
24 145
24 150
24 157
24 158
24 161
24 177
24 178
24 181
24 182
24 188
24 209
24 216
24 227
24 229
24 231
24 235
24 240
24 245
24 248
25 26
25 27
25 28
25 29
25 31
25 33
25 34
25 35
25 37
25 41
25 43
25 45
25 48
25 49
25 51
25 52
25 53
25 55
25 57
25 58
25 60
25 66
25 67
25 69
25 71
25 74
25 85
25 86
25 87
25 93
25 96
25 100
25 105
25 106
25 111
25 113
25 115
25 117
25 118
25 121
25 141
25 144
25 149
25 150
25 151
25 160
25 163
25 164
25 170
25 171
25 175
25 179
25 180
25 186
25 196
25 203
25 205
25 210
25 211
25 223
25 225
25 237
26 33
26 39
26 40
26 42
26 47
26 53
26 61
26 65
26 70
26 71
26 89
26 103
26 106
26 115
26 123
26 131
26 139
26 141
26 148
26 168
26 169
26 183
26 201
26 215
27 28
27 29
27 30
27 32
27 33
27 35
27 37
27 38
27 44
27 45
27 56
27 59
27 60
27 62
27 68
27 75
27 82
27 91
27 92
27 103
27 104
27 123
27 129
27 138
27 168
27 169
27 180
27 196
27 199
27 203
27 210
27 233
27 236
27 249
28 33
28 34
28 38
28 39
28 43
28 46
28 50
28 54
28 59
28 63
28 65
28 77
28 79
28 82
28 83
28 94
28 118
28 120
28 125
28 131
28 134
28 136
28 141
28 142
28 146
28 152
28 159
28 176
28 186
28 193
28 198
28 200
28 219
28 232
29 30
29 31
29 34
29 36
29 38
29 42
29 48
29 49
29 62
29 76
29 77
29 78
29 87
29 93
29 96
29 99
29 117
29 126
29 128
29 132
29 133
29 134
29 137
29 149
29 161
29 165
29 169
29 209
29 210
29 218
29 223
29 231
30 31
30 34
30 38
30 45
30 51
30 52
30 71
30 74
30 78
30 94
30 110
30 111
30 113
30 121
30 140
30 145
30 156
30 177
30 182
30 188
30 198
30 206
30 207
30 210
30 223
31 33
31 37
31 42
31 43
31 45
31 48
31 52
31 53
31 54
31 56
31 60
31 61
31 63
31 65
31 66
31 68
31 70
31 74
31 84
31 85
31 86
31 88
31 91
31 93
31 110
31 113
31 117
31 118
31 120
31 122
31 131
31 137
31 146
31 148
31 155
31 169
31 170
31 173
31 180
31 182
31 188
31 190
31 199
31 218
31 224
31 229
31 249
32 36
32 55
32 56
32 58
32 66
32 67
32 68
32 71
32 72
32 74
32 82
32 83
32 84
32 90
32 92
32 94
32 95
32 100
32 101
32 106
32 109
32 110
32 112
32 116
32 134
32 135
32 137
32 146
32 149
32 150
32 156
32 165
32 168
32 170
32 173
32 178
32 185
32 186
32 189
32 190
32 191
32 207
32 209
32 216
32 220
32 227
32 228
32 230
32 235
32 240
32 243
33 34
33 36
33 37
33 39
33 41
33 44
33 47
33 53
33 55
33 59
33 61
33 63
33 65
33 75
33 78
33 79
33 84
33 92
33 95
33 96
33 97
33 99
33 119
33 144
33 160
33 165
33 166
33 186
33 195
33 199
33 210
33 226
33 233
33 237
34 38
34 46
34 54
34 57
34 63
34 66
34 72
34 86
34 88
34 98
34 101
34 102
34 113
34 118
34 121
34 132
34 135
34 143
34 145
34 166
34 175
34 176
34 192
34 198
34 205
34 211
34 222
34 243
35 37
35 40
35 41
35 43
35 44
35 48
35 49
35 52
35 56
35 59
35 61
35 64
35 66
35 67
35 79
35 89
35 91
35 97
35 107
35 109
35 122
35 136
35 150
35 166
35 168
35 171
35 173
35 175
35 184
35 191
35 203
35 221
35 237
36 38
36 39
36 42
36 46
36 48
36 49
36 51
36 53
36 63
36 66
36 68
36 69
36 74
36 85
36 90
36 93
36 102
36 104
36 109
36 119
36 123
36 125
36 126
36 127
36 136
36 137
36 138
36 140
36 161
36 193
36 203
36 214
36 216
36 217
36 234
36 235
36 249
37 41
37 42
37 56
37 67
37 69
37 70
37 72
37 75
37 77
37 103
37 105
37 106
37 109
37 124
37 130
37 133
37 135
37 145
37 161
37 172
37 206
37 208
37 225
38 40
38 43
38 44
38 45
38 51
38 54
38 59
38 61
38 64
38 68
38 71
38 79
38 84
38 87
38 88
38 92
38 103
38 114
38 116
38 120
38 141
38 148
38 153
38 174
38 180
38 187
38 192
38 217
38 220
38 227
38 234
39 45
39 54
39 57
39 59
39 60
39 61
39 62
39 63
39 69
39 75
39 89
39 90
39 91
39 94
39 112
39 119
39 125
39 130
39 133
39 141
39 146
39 147
39 153
39 159
39 164
39 175
39 184
39 186
39 194
39 199
39 201
39 209
39 237
39 249
40 50
40 53
40 58
40 63
40 79
40 83
40 88
40 91
40 92
40 96
40 102
40 105
40 108
40 140
40 142
40 158
40 169
40 184
40 185
40 201
40 207
40 217
40 221
40 229
40 232
40 244
41 42
41 49
41 50
41 51
41 55
41 57
41 63
41 68
41 77
41 90
41 96
41 119
41 134
41 145
41 149
41 150
41 151
41 153
41 159
41 160
41 162
41 180
41 185
41 194
41 201
41 214
41 233
41 247
42 44
42 48
42 53
42 59
42 61
42 68
42 75
42 84
42 88
42 91
42 98
42 99
42 103
42 106
42 111
42 112
42 114
42 120
42 123
42 125
42 129
42 133
42 140
42 144
42 152
42 156
42 160
42 164
42 165
42 184
42 188
42 190
42 192
42 196
42 197
42 200
42 206
42 218
42 221
42 240
43 44
43 45
43 46
43 48
43 53
43 55
43 70
43 82
43 87
43 97
43 98
43 99
43 102
43 103
43 107
43 119
43 126
43 127
43 130
43 132
43 147
43 151
43 160
43 170
43 174
43 182
43 192
43 197
43 199
43 210
43 234
43 243
43 247
44 45
44 50
44 51
44 52
44 53
44 55
44 56
44 68
44 69
44 70
44 80
44 94
44 109
44 113
44 120
44 128
44 129
44 131
44 134
44 143
44 144
44 145
44 150
44 153
44 155
44 157
44 158
44 162
44 173
44 183
44 197
44 211
44 219
44 223
44 236
45 46
45 49
45 50
45 58
45 67
45 75
45 76
45 100
45 102
45 109
45 113
45 118
45 156
45 157
45 159
45 161
45 174
45 177
45 195
45 206
45 222
45 224
45 239
46 59
46 66
46 69
46 73
46 91
46 95
46 101
46 104
46 110
46 128
46 130
46 138
46 197
46 215
46 230
47 60
47 66
47 76
47 77
47 89
47 93
47 103
47 160
47 198
47 218
47 219
48 49
48 56
48 65
48 74
48 80
48 84
48 97
48 102
48 103
48 108
48 113
48 123
48 146
48 150
48 163
48 177
48 184
48 195
48 196
48 198
48 200
48 201
48 203
48 208
48 212
48 220
48 236
49 63
49 69
49 72
49 80
49 81
49 98
49 118
49 120
49 123
49 142
49 158
49 173
49 176
49 181
49 191
49 201
49 205
49 231
50 51
50 52
50 59
50 61
50 62
50 65
50 72
50 74
50 75
50 77
50 85
50 92
50 97
50 103
50 106
50 110
50 114
50 122
50 126
50 133
50 141
50 142
50 154
50 178
50 179
50 189
50 193
50 198
50 204
50 221
50 222
51 55
51 56
51 59
51 64
51 85
51 95
51 100
51 108
51 111
51 136
51 159
51 167
51 178
51 179
51 183
51 184
51 192
51 202
51 245
52 58
52 64
52 67
52 70
52 73
52 76
52 93
52 107
52 112
52 123
52 142
52 152
52 160
52 167
52 207
52 211
52 222
52 239
52 240
52 247
53 54
53 57
53 58
53 79
53 92
53 98
53 99
53 114
53 125
53 132
53 154
53 162
53 173
53 187
53 199
54 58
54 67
54 70
54 78
54 88
54 92
54 94
54 96
54 101
54 104
54 123
54 135
54 148
54 167
54 176
54 183
54 184
54 191
54 203
54 205
54 209
54 211
54 213
54 219
54 233
54 236
54 242
55 57
55 73
55 81
55 82
55 87
55 97
55 110
55 115
55 132
55 137
55 147
55 205
56 58
56 60
56 64
56 71
56 98
56 101
56 104
56 141
56 144
56 162
56 163
56 182
56 228
57 63
57 64
57 65
57 73
57 83
57 86
57 90
57 94
57 96
57 107
57 117
57 136
57 138
57 143
57 149
57 168
57 196
57 199
57 225
57 245
58 61
58 70
58 74
58 77
58 78
58 82
58 105
58 107
58 144
58 147
58 167
58 189
58 199
58 239
59 67
59 69
59 77
59 78
59 86
59 90
59 94
59 112
59 124
59 125
59 126
59 147
59 177
59 180
59 202
59 222
59 243
60 70
60 91
60 96
60 116
60 137
60 144
60 149
60 153
60 161
60 181
60 191
60 194
60 202
60 213
60 239
61 66
61 91
61 109
61 112
61 124
61 139
61 154
61 158
61 163
61 172
61 175
61 182
61 198
61 206
61 221
61 232
61 243
62 68
62 69
62 70
62 74
62 77
62 103
62 104
62 108
62 131
62 133
62 162
62 164
62 178
62 181
62 187
62 198
62 200
62 208
62 211
62 215
62 216
62 217
62 226
62 233
62 246
63 67
63 68
63 71
63 80
63 84
63 97
63 107
63 118
63 140
63 151
63 154
63 166
63 182
63 189
63 195
63 199
63 202
63 214
63 227
63 230
63 235
64 66
64 71
64 72
64 79
64 83
64 84
64 86
64 88
64 92
64 110
64 113
64 124
64 131
64 137
64 142
64 158
64 159
64 162
64 163
64 171
64 206
64 216
64 222
64 234
65 70
65 73
65 78
65 81
65 83
65 88
65 95
65 99
65 100
65 104
65 114
65 116
65 131
65 132
65 145
65 159
65 181
65 213
65 220
66 71
66 76
66 79
66 86
66 126
66 188
66 191
66 200
66 207
67 79
67 82
67 84
67 127
67 129
67 205
67 212
67 243
67 248
68 79
68 81
68 90
68 91
68 93
68 97
68 103
68 105
68 128
68 133
68 139
68 146
68 154
68 155
68 172
68 179
68 183
68 188
68 189
68 228
68 229
68 238
68 239
68 249
69 70
69 75
69 77
69 78
69 80
69 93
69 108
69 116
69 120
69 126
69 139
69 140
69 144
69 149
69 164
69 191
69 216
69 245
70 74
70 87
70 89
70 92
70 99
70 106
70 136
70 139
70 162
70 195
70 202
70 214
70 232
70 241
71 80
71 92
71 95
71 111
71 116
71 170
71 171
71 180
71 193
71 224
72 81
72 90
72 92
72 95
72 99
72 104
72 109
72 128
72 129
72 132
72 146
72 152
72 158
72 160
72 185
72 206
72 220
72 232
72 236
73 81
73 82
73 85
73 96
73 105
73 150
73 210
73 222
73 242
73 244
74 105
74 112
74 115
74 132
74 133
74 143
74 156
74 158
74 165
74 197
74 205
74 218
74 247
75 82
75 115
75 127
75 150
75 209
75 228
75 236
76 122
76 147
76 162
76 174
76 176
76 186
76 194
76 229
76 231
77 79
77 80
77 87
77 98
77 101
77 103
77 124
77 127
77 135
77 157
77 179
77 182
77 186
77 200
77 204
77 206
77 207
77 221
77 224
77 234
77 247
78 80
78 82
78 89
78 96
78 105
78 122
78 124
78 136
78 140
78 153
78 154
78 192
78 210
78 214
78 242
78 246
79 82
79 85
79 104
79 113
79 126
79 153
79 163
79 175
79 185
79 187
79 217
79 227
80 81
80 83
80 104
80 116
80 119
80 134
80 159
80 163
80 166
80 175
80 191
80 210
80 221
80 232
80 242
81 86
81 99
81 111
81 116
81 117
81 120
81 128
81 133
81 135
81 138
81 143
81 150
81 165
81 166
81 189
81 192
81 216
81 225
81 228
82 93
82 100
82 101
82 102
82 114
82 125
82 129
82 130
82 134
82 140
82 150
82 152
82 222
82 226
82 235
82 236
82 243
82 248
83 85
83 88
83 92
83 99
83 128
83 190
83 203
84 110
84 136
84 152
84 195
84 200
84 207
84 234
84 236
84 247
85 108
85 114
85 118
85 129
85 144
85 157
85 160
85 164
85 176
85 180
85 215
86 93
86 157
86 169
86 173
86 175
86 189
86 211
86 247
86 249
87 89
87 127
87 129
87 141
87 152
87 155
87 236
87 245
88 95
88 98
88 111
88 116
88 117
88 118
88 144
88 174
88 176
88 189
88 200
88 204
88 234
88 241
89 107
89 112
89 117
89 123
89 129
89 143
89 203
89 216
89 217
89 228
90 115
90 116
90 128
90 141
90 228
90 229
90 234
90 238
90 245
90 248
91 121
91 165
91 190
91 191
91 199
91 211
91 237
91 246
91 249
92 102
92 121
92 135
92 138
92 147
92 152
92 161
92 179
92 186
92 198
92 241
93 95
93 112
93 114
93 121
93 137
93 142
93 171
93 174
93 194
93 221
93 226
93 246
94 105
94 106
94 108
94 116
94 119
94 127
94 143
94 162
94 167
94 179
94 180
94 188
94 234
94 235
95 111
95 150
95 193
95 224
95 230
95 244
96 97
96 108
96 148
96 163
96 164
96 187
96 200
96 205
97 113
97 119
97 141
97 142
97 161
97 212
97 217
97 223
97 225
97 248
98 108
98 118
98 122
98 123
98 133
98 136
98 212
98 240
98 244
98 248
99 107
99 130
99 155
99 191
99 196
99 235
99 239
99 249
100 101
100 108
100 110
100 131
100 137
100 152
100 173
100 178
100 209
100 220
100 228
100 232
100 236
101 117
101 119
101 142
101 162
101 188
101 199
101 211
101 223
101 230
101 236
102 104
102 107
102 141
102 143
102 172
102 186
102 245
103 105
103 145
103 157
103 165
103 197
103 226
103 227
103 249
104 105
104 107
104 111
104 122
104 126
104 138
104 178
104 241
105 108
105 115
105 122
105 181
105 185
105 209
105 238
105 246
106 193
107 109
107 120
107 127
107 137
107 158
107 170
107 171
107 201
107 205
107 219
107 240
108 127
108 217
108 242
109 116
109 139
109 170
109 177
109 190
109 210
109 239
110 111
110 127
110 133
110 147
110 177
110 187
110 195
110 204
111 188
111 191
111 230
112 114
112 127
112 132
112 136
112 140
112 153
112 213
112 219
112 248
113 114
113 119
113 126
113 130
113 139
113 168
113 209
113 217
113 220
113 233
113 236
114 118
114 138
114 139
114 149
114 168
114 171
114 177
114 225
115 124
115 135
115 148
115 159
115 164
115 183
115 184
115 189
115 221
115 248
116 123
116 126
116 139
116 147
116 196
116 209
116 212
116 242
116 246
117 120
117 136
117 138
117 143
117 155
117 165
117 168
117 176
117 216
117 242
117 243
118 124
118 138
118 144
118 165
118 176
118 183
118 184
118 188
119 123
119 134
119 147
119 226
120 121
120 123
120 124
120 135
120 139
120 147
120 156
120 157
120 167
120 188
120 212
120 238
121 122
121 130
121 187
121 215
121 223
121 237
121 243
122 129
122 138
122 197
122 203
123 131
123 135
123 155
123 166
123 181
123 183
123 188
123 194
123 230
123 233
123 240
123 245
124 133
124 170
124 179
124 193
124 232
125 134
125 202
125 218
126 167
126 195
126 225
127 133
127 143
127 153
127 174
127 180
127 211
127 243
127 244
128 151
128 161
128 172
128 198
128 202
128 205
129 172
129 191
129 219
129 225
130 152
130 153
130 156
130 208
130 219
131 148
131 157
131 168
131 169
131 174
131 175
131 178
132 136
132 160
132 170
132 190
132 204
132 226
132 239
132 241
132 247
133 139
133 166
133 175
133 190
133 222
133 229
133 233
133 249
134 159
134 166
134 208
134 234
134 242
135 145
135 171
135 174
135 182
135 210
135 213
135 224
135 241
136 154
136 159
136 178
136 211
136 242
137 143
137 148
137 149
137 160
137 218
137 226
137 229
138 201
138 207
139 155
139 174
139 180
139 211
139 217
139 229
140 146
140 180
141 166
141 181
141 190
141 204
141 214
141 226
141 248
142 156
142 188
142 229
142 233
143 155
143 159
143 169
143 173
143 180
143 209
143 219
144 149
144 175
144 198
144 216
145 165
145 171
145 176
145 184
145 212
145 239
146 149
146 154
146 164
146 169
146 179
146 187
146 218
146 225
146 230
146 238
147 151
147 216
148 154
148 161
148 177
148 179
148 194
148 196
148 213
149 151
149 154
149 172
149 178
149 187
149 203
149 235
149 241
150 190
151 221
151 226
151 229
152 156
152 162
152 176
152 178
152 190
152 192
152 194
152 213
152 225
152 232
153 155
153 167
153 194
153 221
154 159
154 175
154 244
155 172
155 177
155 186
155 189
155 194
155 213
155 215
155 225
155 232
156 162
156 199
156 215
156 227
156 238
156 243
156 246
157 166
157 222
157 228
157 244
158 212
158 240
158 244
159 161
159 222
160 164
160 203
160 234
161 163
161 169
161 204
161 239
161 246
162 195
162 197
162 209
162 219
162 236
162 246
163 171
163 244
164 221
164 240
165 166
165 181
166 185
166 220
167 171
167 174
167 192
167 208
167 211
167 222
167 232
168 176
168 178
168 215
168 231
169 193
170 191
170 244
170 246
171 172
171 218
172 192
172 215
173 183
173 192
174 198
174 206
174 235
175 204
175 215
175 226
176 185
176 186
176 192
176 193
176 206
176 227
176 233
177 203
177 244
177 249
178 199
178 207
178 224
178 233
179 196
179 217
180 183
180 208
180 223
180 227
181 187
181 211
181 224
182 208
182 235
182 239
183 195
183 212
184 196
184 240
185 199
186 218
186 233
187 197
187 204
187 229
187 243
188 246
189 225
189 230
189 240
190 195
191 196
191 198
191 218
192 208
192 230
192 247
193 214
193 219
193 232
194 197
194 224
194 229
194 249
195 212
196 208
197 242
198 206
198 249
199 213
199 234
203 224
203 245
205 207
207 227
207 246
208 223
208 227
209 234
210 220
210 225
210 231
210 242
211 213
211 223
212 214
212 237
213 223
213 246
214 237
215 230
215 231
216 230
216 237
216 238
216 247
217 219
217 224
219 235
220 241
224 248
225 240
225 241
226 244
237 242
237 245
240 241
