0 1
0 2
0 3
0 4
0 5
0 6
0 7
0 8
0 9
0 10
0 11
0 12
0 13
0 14
0 15
0 16
0 17
0 18
0 19
0 20
0 21
0 22
0 23
0 24
0 25
0 26
0 27
0 29
0 30
0 31
0 32
0 33
0 34
0 35
0 36
0 37
0 38
0 39
0 40
0 42
0 43
0 44
0 45
0 46
0 47
0 49
0 51
0 52
0 53
0 54
0 57
0 58
0 59
0 65
0 68
0 70
0 73
0 74
0 75
0 77
0 79
0 80
0 81
0 83
0 86
0 87
0 90
0 93
0 95
0 99
0 101
0 107
0 109
0 117
0 118
0 120
0 126
0 130
0 132
0 138
0 150
0 154
0 160
0 169
0 170
0 174
0 176
0 177
0 178
0 181
0 199
0 201
0 205
0 220
0 225
0 227
0 233
0 238
0 242
1 21
1 22
1 23
1 24
1 26
1 30
1 31
1 33
1 36
1 40
1 41
1 42
1 43
1 44
1 45
1 51
1 53
1 55
1 56
1 57
1 59
1 71
1 79
1 87
1 105
1 111
1 115
1 153
1 160
1 181
1 184
1 186
1 190
1 200
1 202
1 207
1 223
1 226
1 231
2 21
2 22
2 23
2 25
2 27
2 28
2 29
2 30
2 33
2 45
2 46
2 48
2 49
2 50
2 51
2 53
2 54
2 66
2 68
2 70
2 71
2 74
2 80
2 82
2 85
2 100
2 102
2 103
2 104
2 126
2 127
2 128
2 131
2 134
2 145
2 151
2 177
2 190
2 195
2 198
2 200
2 221
2 225
2 241
3 21
3 23
3 24
3 25
3 26
3 27
3 29
3 30
3 32
3 33
3 34
3 35
3 36
3 42
3 43
3 44
3 46
3 47
3 48
3 49
3 50
3 53
3 56
3 62
3 63
3 67
3 69
3 70
3 83
3 84
3 91
3 94
3 97
3 98
3 101
3 119
3 122
3 130
3 132
3 135
3 136
3 147
3 149
3 154
3 158
3 165
3 168
3 169
3 171
3 183
3 198
3 202
3 211
3 220
3 226
3 234
3 242
3 244
3 246
4 21
4 22
4 23
4 24
4 25
4 26
4 28
4 29
4 30
4 31
4 32
4 34
4 35
4 36
4 42
4 46
4 47
4 48
4 52
4 57
4 58
4 60
4 62
4 65
4 66
4 67
4 71
4 73
4 77
4 78
4 87
4 89
4 91
4 98
4 100
4 102
4 110
4 120
4 135
4 139
4 143
4 148
4 151
4 166
4 178
4 179
4 188
4 197
4 204
4 205
4 217
4 227
4 232
4 234
4 238
4 246
5 21
5 22
5 23
5 24
5 25
5 26
5 27
5 28
5 30
5 31
5 36
5 37
5 39
5 44
5 46
5 47
5 48
5 50
5 51
5 55
5 57
5 58
5 62
5 66
5 71
5 72
5 75
5 80
5 82
5 85
5 102
5 106
5 107
5 108
5 109
5 110
5 112
5 113
5 121
5 127
5 132
5 133
5 134
5 142
5 144
5 151
5 155
5 162
5 169
5 171
5 172
5 179
5 203
5 210
5 221
5 232
5 235
5 239
5 246
6 21
6 22
6 25
6 27
6 29
6 31
6 32
6 33
6 36
6 41
6 44
6 51
6 66
6 68
6 73
6 78
6 120
6 145
6 149
6 168
6 180
6 183
6 192
6 197
6 207
6 211
7 21
7 23
7 24
7 25
7 26
7 27
7 28
7 29
7 30
7 31
7 32
7 34
7 38
7 43
7 51
7 54
7 61
7 70
7 77
7 85
7 91
7 95
7 97
7 106
7 113
7 115
7 116
7 140
7 144
7 155
7 161
7 162
7 163
7 176
7 189
7 195
7 204
7 206
7 208
7 211
7 221
7 226
7 235
7 239
7 245
8 21
8 22
8 23
8 25
8 26
8 27
8 28
8 36
8 37
8 39
8 44
8 47
8 49
8 50
8 51
8 54
8 55
8 59
8 64
8 66
8 72
8 80
8 87
8 88
8 107
8 108
8 109
8 112
8 113
8 114
8 121
8 122
8 131
8 136
8 138
8 139
8 146
8 147
8 148
8 164
8 167
8 178
8 193
8 194
8 199
8 205
8 220
8 239
8 240
8 246
8 247
9 21
9 22
9 24
9 25
9 26
9 27
9 28
9 29
9 32
9 33
9 34
9 35
9 40
9 41
9 54
9 56
9 60
9 68
9 72
9 74
9 76
9 79
9 80
9 87
9 89
9 92
9 96
9 97
9 101
9 121
9 127
9 138
9 152
9 160
9 174
9 185
9 186
9 188
9 200
9 203
9 242
9 243
9 245
10 21
10 22
10 23
10 24
10 29
10 36
10 79
10 88
10 90
10 109
10 117
10 124
10 127
10 143
10 144
10 151
10 172
10 181
10 209
10 215
10 221
10 226
11 21
11 22
11 23
11 25
11 27
11 29
11 32
11 33
11 34
11 37
11 42
11 44
11 48
11 50
11 56
11 57
11 58
11 60
11 63
11 65
11 82
11 85
11 89
11 95
11 97
11 105
11 108
11 126
11 141
11 152
11 178
11 186
11 205
11 213
11 214
11 244
11 246
12 21
12 22
12 23
12 24
12 26
12 30
12 31
12 34
12 35
12 38
12 40
12 51
12 59
12 60
12 61
12 62
12 71
12 79
12 80
12 82
12 90
12 104
12 106
12 112
12 121
12 137
12 140
12 141
12 146
12 159
12 160
12 162
12 166
12 169
12 179
12 182
12 200
12 210
13 21
13 22
13 24
13 25
13 26
13 27
13 31
13 32
13 35
13 37
13 40
13 41
13 43
13 45
13 47
13 49
13 52
13 53
13 55
13 57
13 66
13 70
13 71
13 80
13 82
13 86
13 91
13 116
13 119
13 132
13 145
13 152
13 160
13 161
13 172
13 177
13 178
13 183
13 187
13 192
13 194
13 196
13 198
13 201
13 208
13 227
13 238
13 240
14 21
14 22
14 23
14 24
14 28
14 31
14 32
14 33
14 36
14 37
14 38
14 39
14 42
14 43
14 60
14 65
14 69
14 92
14 93
14 94
14 97
14 98
14 106
14 109
14 115
14 122
14 126
14 141
14 144
14 165
14 174
14 195
14 199
14 204
14 205
14 231
14 232
14 245
15 22
15 23
15 24
15 25
15 26
15 27
15 28
15 30
15 38
15 41
15 47
15 49
15 56
15 60
15 69
15 77
15 81
15 91
15 97
15 98
15 100
15 102
15 112
15 119
15 122
15 126
15 127
15 134
15 138
15 141
15 142
15 155
15 166
15 170
15 177
15 178
15 203
15 223
15 226
15 239
16 21
16 22
16 23
16 24
16 25
16 27
16 28
16 29
16 30
16 31
16 32
16 33
16 35
16 37
16 38
16 40
16 42
16 44
16 46
16 47
16 53
16 55
16 57
16 58
16 60
16 61
16 71
16 72
16 73
16 76
16 78
16 80
16 82
16 83
16 85
16 87
16 88
16 89
16 100
16 104
16 107
16 115
16 116
16 123
16 126
16 129
16 132
16 137
16 139
16 144
16 148
16 155
16 164
16 168
16 171
16 192
16 193
16 204
16 210
16 216
16 221
16 222
16 224
16 228
16 232
16 245
16 247
17 21
17 22
17 23
17 24
17 25
17 26
17 28
17 34
17 35
17 39
17 50
17 56
17 57
17 62
17 65
17 70
17 74
17 86
17 95
17 100
17 105
17 110
17 137
17 150
17 167
17 178
17 187
17 215
17 222
18 21
18 22
18 23
18 24
18 26
18 27
18 28
18 29
18 31
18 34
18 36
18 38
18 39
18 40
18 41
18 47
18 49
18 51
18 52
18 56
18 57
18 58
18 59
18 60
18 61
18 63
18 64
18 70
18 73
18 75
18 79
18 82
18 83
18 93
18 94
18 95
18 97
18 109
18 110
18 113
18 117
18 122
18 126
18 127
18 139
18 140
18 147
18 152
18 158
18 160
18 163
18 172
18 185
18 191
18 194
18 211
18 214
18 219
18 225
18 227
18 231
18 240
18 244
18 246
19 21
19 22
19 23
19 24
19 25
19 26
19 28
19 29
19 30
19 31
19 41
19 48
19 54
19 59
19 62
19 67
19 81
19 85
19 94
19 96
19 100
19 101
19 114
19 120
19 125
19 128
19 131
19 142
19 159
19 172
19 174
19 175
19 180
19 196
19 206
19 210
19 218
19 225
19 234
19 245
20 21
20 22
20 23
20 24
20 25
20 26
20 27
20 28
20 29
20 32
20 33
20 38
20 39
20 40
20 42
20 45
20 46
20 48
20 50
20 51
20 60
20 61
20 62
20 64
20 65
20 66
20 69
20 72
20 77
20 82
20 88
20 92
20 94
20 99
20 101
20 107
20 108
20 116
20 119
20 123
20 125
20 126
20 133
20 135
20 142
20 148
20 149
20 155
20 178
20 194
20 197
20 208
20 218
20 232
20 233
20 238
20 243
20 248
21 22
21 23
21 24
21 25
21 26
21 27
21 28
21 29
21 30
21 32
21 33
21 34
21 35
21 36
21 37
21 39
21 40
21 41
21 42
21 43
21 44
21 45
21 46
21 47
21 52
21 53
21 55
21 57
21 60
21 62
21 65
21 66
21 67
21 68
21 75
21 76
21 77
21 81
21 88
21 92
21 96
21 99
21 101
21 111
21 113
21 115
21 117
21 118
21 123
21 125
21 128
21 135
21 140
21 143
21 149
21 154
21 158
21 159
21 161
21 163
21 174
21 175
21 177
21 179
21 181
21 182
21 184
21 185
21 187
21 189
21 190
21 194
21 197
21 198
21 200
21 202
21 204
21 206
21 212
21 216
21 220
21 226
21 233
21 246
22 23
22 24
22 25
22 26
22 27
22 28
22 29
22 30
22 31
22 32
22 33
22 34
22 35
22 36
22 37
22 38
22 39
22 40
22 41
22 42
22 43
22 45
22 47
22 48
22 50
22 51
22 53
22 58
22 59
22 64
22 65
22 67
22 72
22 73
22 75
22 76
22 77
22 81
22 82
22 83
22 85
22 86
22 93
22 95
22 108
22 109
22 113
22 117
22 119
22 123
22 124
22 128
22 130
22 133
22 134
22 143
22 144
22 146
22 148
22 154
22 155
22 159
22 162
22 172
22 174
22 175
22 179
22 181
22 182
22 183
22 185
22 190
22 192
22 194
22 195
22 201
22 202
22 204
22 206
22 207
22 221
22 223
22 224
22 225
22 227
22 236
22 240
22 242
22 249
23 24
23 25
23 26
23 27
23 28
23 29
23 30
23 31
23 32
23 33
23 34
23 35
23 37
23 38
23 39
23 40
23 41
23 45
23 47
23 49
23 50
23 52
23 54
23 55
23 56
23 57
23 58
23 59
23 61
23 62
23 64
23 67
23 68
23 71
23 77
23 78
23 80
23 81
23 92
23 94
23 96
23 98
23 99
23 108
23 114
23 115
23 116
23 118
23 120
23 121
23 127
23 128
23 130
23 134
23 138
23 139
23 145
23 146
23 150
23 158
23 162
23 181
23 182
23 189
23 192
23 193
23 194
23 196
23 199
23 206
23 219
23 222
23 223
23 230
23 240
23 244
23 248
24 25
24 26
24 27
24 28
24 29
24 30
24 31
24 32
24 33
24 35
24 36
24 37
24 39
24 40
24 41
24 43
24 44
24 45
24 47
24 48
24 49
24 51
24 53
24 54
24 55
24 56
24 58
24 59
24 61
24 64
24 65
24 68
24 71
24 75
24 77
24 79
24 80
24 88
24 89
24 103
24 105
24 106
24 108
24 111
24 114
24 115
24 116
24 120
24 125
24 127
24 130
24 131
24 132
24 133
24 135
24 136
24 139
24 140
24 143
24 151
24 152
24 153
24 154
24 155
24 156
24 157
24 166
24 168
24 169
24 171
24 176
24 177
24 178
24 183
24 188
24 207
24 219
24 220
24 224
24 234
24 240
24 242
24 245
24 248
25 26
25 27
25 28
25 29
25 30
25 32
25 33
25 35
25 38
25 40
25 43
25 45
25 48
25 49
25 50
25 52
25 56
25 57
25 59
25 60
25 64
25 65
25 69
25 70
25 71
25 73
25 76
25 78
25 81
25 82
25 84
25 85
25 86
25 87
25 89
25 94
25 95
25 96
25 99
25 104
25 106
25 108
25 110
25 119
25 120
25 126
25 132
25 133
25 143
25 144
25 145
25 153
25 156
25 160
25 167
25 171
25 172
25 185
25 193
25 196
25 197
25 202
25 210
25 212
25 215
25 224
25 229
25 230
25 231
26 27
26 28
26 29
26 30
26 31
26 32
26 33
26 34
26 35
26 37
26 38
26 39
26 41
26 43
26 46
26 47
26 50
26 51
26 53
26 54
26 56
26 58
26 59
26 64
26 66
26 69
26 74
26 75
26 76
26 79
26 80
26 82
26 83
26 84
26 85
26 86
26 89
26 90
26 93
26 94
26 101
26 102
26 104
26 106
26 107
26 110
26 113
26 115
26 116
26 117
26 118
26 119
26 121
26 125
26 131
26 142
26 149
26 150
26 151
26 159
26 161
26 170
26 171
26 176
26 178
26 179
26 180
26 182
26 184
26 189
26 198
26 203
26 204
26 206
26 211
26 215
26 217
26 218
26 221
26 227
26 230
26 233
26 234
26 236
26 237
26 244
26 249
27 28
27 29
27 30
27 31
27 32
27 34
27 35
27 36
27 37
27 39
27 40
27 42
27 43
27 44
27 45
27 46
27 47
27 48
27 49
27 50
27 52
27 53
27 55
27 56
27 58
27 59
27 60
27 61
27 62
27 64
27 65
27 67
27 69
27 70
27 77
27 80
27 81
27 86
27 88
27 92
27 96
27 105
27 111
27 121
27 125
27 128
27 129
27 130
27 134
27 135
27 137
27 138
27 145
27 153
27 156
27 164
27 166
27 167
27 179
27 190
27 191
27 208
27 213
27 221
27 225
27 230
27 234
27 247
28 30
28 31
28 33
28 34
28 35
28 36
28 37
28 39
28 41
28 43
28 44
28 49
28 50
28 51
28 53
28 56
28 58
28 60
28 61
28 62
28 66
28 69
28 70
28 72
28 83
28 86
28 87
28 88
28 91
28 93
28 94
28 97
28 99
28 101
28 107
28 108
28 109
28 114
28 116
28 121
28 123
28 139
28 144
28 147
28 149
28 166
28 168
28 169
28 181
28 196
28 197
28 219
28 229
28 241
29 30
29 31
29 34
29 35
29 36
29 37
29 38
29 39
29 42
29 43
29 45
29 46
29 50
29 51
29 52
29 54
29 55
29 57
29 58
29 60
29 61
29 68
29 70
29 73
29 76
29 78
29 79
29 80
29 83
29 85
29 88
29 95
29 98
29 102
29 107
29 108
29 110
29 112
29 113
29 114
29 115
29 116
29 118
29 119
29 120
29 121
29 129
29 131
29 132
29 135
29 138
29 139
29 145
29 149
29 153
29 155
29 163
29 173
29 175
29 176
29 180
29 182
29 183
29 187
29 190
29 194
29 195
29 208
29 215
29 216
29 226
29 231
29 237
29 241
30 31
30 32
30 33
30 34
30 35
30 36
30 37
30 38
30 39
30 42
30 45
30 46
30 47
30 49
30 50
30 51
30 52
30 54
30 55
30 57
30 58
30 59
30 61
30 62
30 63
30 64
30 66
30 67
30 68
30 69
30 71
30 75
30 76
30 81
30 85
30 88
30 89
30 93
30 95
30 97
30 102
30 103
30 104
30 106
30 108
30 114
30 118
30 119
30 120
30 123
30 124
30 125
30 126
30 130
30 136
30 137
30 143
30 144
30 148
30 149
30 150
30 154
30 157
30 158
30 159
30 160
30 162
30 170
30 171
30 176
30 180
30 185
30 186
30 195
30 196
30 207
30 208
30 209
30 211
30 212
30 225
30 231
30 233
30 235
30 237
30 243
30 246
31 32
31 33
31 34
31 35
31 36
31 37
31 38
31 39
31 40
31 43
31 44
31 45
31 46
31 48
31 50
31 52
31 54
31 55
31 59
31 62
31 64
31 66
31 67
31 73
31 75
31 76
31 79
31 83
31 84
31 87
31 88
31 90
31 94
31 96
31 97
31 98
31 99
31 100
31 103
31 104
31 108
31 113
31 120
31 123
31 125
31 128
31 130
31 132
31 133
31 136
31 140
31 149
31 152
31 155
31 156
31 157
31 162
31 173
31 183
31 185
31 186
31 195
31 202
31 212
31 217
31 220
31 225
31 230
31 236
31 238
31 239
31 240
32 33
32 34
32 36
32 37
32 38
32 40
32 42
32 45
32 46
32 53
32 54
32 55
32 59
32 60
32 61
32 62
32 63
32 64
32 67
32 69
32 71
32 74
32 78
32 79
32 81
32 89
32 90
32 102
32 103
32 104
32 105
32 108
32 116
32 117
32 123
32 127
32 128
32 129
32 133
32 137
32 139
32 140
32 151
32 154
32 163
32 173
32 174
32 175
32 177
32 189
32 191
32 217
32 223
32 226
32 243
32 245
32 246
32 247
32 248
33 34
33 35
33 36
33 38
33 40
33 41
33 43
33 45
33 47
33 48
33 49
33 52
33 55
33 56
33 57
33 59
33 63
33 64
33 65
33 71
33 74
33 76
33 78
33 79
33 81
33 82
33 89
33 91
33 92
33 94
33 97
33 100
33 106
33 107
33 108
33 109
33 111
33 132
33 134
33 137
33 149
33 153
33 157
33 171
33 174
33 176
33 182
33 186
33 194
33 196
33 197
33 200
33 202
33 205
33 209
33 214
33 217
33 220
33 221
33 223
33 231
33 238
33 241
33 242
33 245
34 37
34 38
34 41
34 42
34 45
34 48
34 50
34 51
34 53
34 56
34 58
34 59
34 60
34 61
34 62
34 63
34 64
34 68
34 80
34 83
34 84
34 85
34 86
34 87
34 91
34 99
34 100
34 109
34 112
34 117
34 119
34 126
34 129
34 141
34 142
34 149
34 152
34 154
34 173
34 176
34 179
34 181
34 188
34 196
34 199
34 203
34 205
34 206
34 209
34 211
34 214
34 217
34 226
34 229
34 231
34 245
35 37
35 38
35 41
35 42
35 44
35 45
35 46
35 48
35 50
35 51
35 54
35 61
35 69
35 73
35 74
35 85
35 86
35 87
35 88
35 89
35 91
35 92
35 95
35 102
35 103
35 106
35 115
35 118
35 124
35 125
35 127
35 129
35 132
35 141
35 147
35 149
35 150
35 155
35 157
35 159
35 163
35 167
35 174
35 177
35 178
35 183
35 185
35 194
35 198
35 202
35 206
35 218
35 224
35 231
35 236
35 239
36 39
36 40
36 41
36 44
36 47
36 49
36 59
36 61
36 63
36 68
36 76
36 78
36 80
36 81
36 84
36 86
36 88
36 90
36 96
36 97
36 98
36 107
36 115
36 116
36 119
36 127
36 130
36 137
36 143
36 147
36 154
36 170
36 178
36 181
36 186
36 195
36 229
36 232
36 235
37 38
37 39
37 41
37 42
37 43
37 44
37 46
37 51
37 52
37 58
37 61
37 63
37 69
37 71
37 75
37 84
37 86
37 90
37 91
37 94
37 95
37 103
37 104
37 117
37 121
37 124
37 125
37 129
37 135
37 138
37 140
37 156
37 165
37 167
37 172
37 173
37 188
37 203
37 204
37 205
37 213
37 222
37 229
37 235
38 39
38 40
38 41
38 42
38 43
38 44
38 46
38 48
38 49
38 52
38 54
38 55
38 56
38 58
38 62
38 63
38 67
38 74
38 84
38 89
38 91
38 94
38 95
38 96
38 99
38 101
38 104
38 105
38 106
38 110
38 113
38 114
38 118
38 120
38 121
38 128
38 131
38 141
38 145
38 146
38 147
38 148
38 153
38 154
38 159
38 162
38 166
38 171
38 174
38 178
38 180
38 188
38 204
38 206
38 210
38 218
38 220
38 222
38 228
38 233
38 234
38 235
38 239
38 240
39 40
39 41
39 46
39 48
39 49
39 52
39 53
39 55
39 61
39 65
39 66
39 67
39 75
39 78
39 79
39 81
39 83
39 87
39 90
39 92
39 93
39 94
39 96
39 100
39 101
39 109
39 110
39 111
39 116
39 122
39 124
39 147
39 151
39 165
39 167
39 173
39 179
39 180
39 184
39 190
39 191
39 192
39 202
39 206
39 215
39 216
39 222
39 234
39 237
39 243
39 249
40 42
40 43
40 44
40 46
40 52
40 55
40 58
40 60
40 69
40 76
40 78
40 80
40 81
40 84
40 85
40 87
40 88
40 89
40 90
40 99
40 108
40 111
40 138
40 141
40 146
40 150
40 158
40 162
40 164
40 167
40 170
40 173
40 190
40 205
40 210
40 227
40 235
40 237
40 241
41 42
41 43
41 44
41 45
41 48
41 49
41 53
41 55
41 57
41 64
41 65
41 70
41 71
41 87
41 99
41 102
41 105
41 107
41 118
41 121
41 124
41 128
41 136
41 139
41 140
41 143
41 150
41 153
41 170
41 175
41 183
41 189
41 190
41 194
41 198
41 209
41 216
41 217
41 224
41 226
41 227
41 229
41 230
42 45
42 46
42 47
42 49
42 51
42 52
42 53
42 54
42 58
42 60
42 62
42 63
42 68
42 70
42 72
42 73
42 74
42 77
42 80
42 82
42 86
42 90
42 93
42 94
42 97
42 98
42 101
42 103
42 106
42 112
42 118
42 120
42 124
42 139
42 140
42 150
42 155
42 168
42 200
42 206
42 223
42 229
42 237
43 44
43 47
43 48
43 50
43 54
43 62
43 63
43 64
43 65
43 67
43 72
43 76
43 77
43 78
43 83
43 92
43 100
43 103
43 112
43 113
43 115
43 116
43 126
43 127
43 132
43 133
43 137
43 139
43 140
43 151
43 157
43 159
43 164
43 171
43 187
43 188
43 200
43 202
43 209
43 223
43 228
43 238
43 240
43 247
44 52
44 53
44 54
44 66
44 72
44 75
44 78
44 85
44 87
44 90
44 91
44 94
44 106
44 108
44 137
44 142
44 145
44 147
44 148
44 149
44 158
44 160
44 163
44 184
44 185
44 193
44 200
44 210
44 213
44 214
44 216
44 218
44 224
44 241
44 244
44 246
45 48
45 65
45 66
45 67
45 69
45 70
45 72
45 78
45 81
45 86
45 87
45 88
45 90
45 93
45 98
45 100
45 102
45 119
45 123
45 136
45 139
45 151
45 152
45 180
45 194
45 205
45 211
45 212
45 225
45 230
46 53
46 57
46 60
46 61
46 63
46 72
46 75
46 76
46 89
46 90
46 93
46 99
46 118
46 126
46 132
46 134
46 135
46 136
46 146
46 147
46 150
46 151
46 158
46 193
46 196
46 199
46 219
46 222
46 228
46 236
46 240
47 49
47 54
47 56
47 60
47 63
47 66
47 68
47 73
47 74
47 75
47 76
47 78
47 88
47 89
47 97
47 103
47 106
47 115
47 117
47 118
47 126
47 127
47 131
47 135
47 136
47 137
47 138
47 141
47 144
47 145
47 151
47 152
47 153
47 156
47 161
47 172
47 183
47 194
47 199
47 202
47 220
47 235
47 237
47 243
47 247
48 52
48 63
48 68
48 69
48 71
48 90
48 92
48 95
48 111
48 112
48 113
48 124
48 151
48 152
48 165
48 177
48 222
48 225
48 230
48 242
49 50
49 52
49 56
49 59
49 63
49 65
49 75
49 76
49 81
49 82
49 84
49 94
49 109
49 119
49 120
49 122
49 129
49 133
49 135
49 157
49 161
49 164
49 167
49 170
49 177
49 180
49 181
49 189
49 200
49 217
49 223
49 230
49 240
49 244
49 245
50 57
50 71
50 72
50 73
50 82
50 85
50 89
50 92
50 109
50 117
50 123
50 145
50 163
50 165
50 209
50 216
50 217
50 218
50 222
50 231
50 239
50 248
51 57
51 67
51 70
51 71
51 73
51 75
51 77
51 82
51 90
51 91
51 95
51 101
51 121
51 128
51 130
51 138
51 145
51 150
51 153
51 156
51 157
51 161
51 173
51 175
51 176
51 179
51 196
51 201
51 202
51 204
51 211
51 212
51 218
51 220
51 223
51 225
51 227
51 243
51 247
52 53
52 54
52 55
52 56
52 63
52 64
52 65
52 68
52 72
52 74
52 77
52 78
52 88
52 90
52 96
52 97
52 104
52 108
52 110
52 116
52 122
52 131
52 138
52 142
52 154
52 159
52 167
52 174
52 186
52 191
52 228
52 229
52 235
52 248
53 58
53 59
53 63
53 64
53 66
53 67
53 69
53 70
53 73
53 74
53 76
53 77
53 78
53 79
53 92
53 93
53 96
53 98
53 100
53 105
53 114
53 115
53 118
53 134
53 138
53 146
53 147
53 151
53 153
53 154
53 171
53 174
53 177
53 179
53 185
53 188
53 192
53 195
53 199
53 207
53 209
53 210
53 218
53 219
53 224
53 239
53 240
54 55
54 56
54 57
54 62
54 70
54 74
54 77
54 79
54 90
54 91
54 93
54 95
54 96
54 98
54 102
54 104
54 113
54 114
54 146
54 159
54 180
54 186
54 198
54 216
54 238
54 248
55 61
55 64
55 66
55 70
55 73
55 74
55 79
55 83
55 84
55 86
55 92
55 93
55 95
55 96
55 99
55 100
55 103
55 105
55 112
55 162
55 191
55 196
55 229
55 233
55 243
55 246
55 248
56 68
56 69
56 72
56 74
56 75
56 81
56 84
56 85
56 89
56 93
56 96
56 99
56 103
56 104
56 113
56 125
56 142
56 146
56 150
56 153
56 154
56 160
56 179
56 180
56 181
56 230
56 236
56 241
57 65
57 67
57 71
57 72
57 73
57 79
57 80
57 92
57 94
57 99
57 101
57 110
57 112
57 114
57 121
57 122
57 123
57 125
57 133
57 139
57 140
57 141
57 146
57 158
57 174
57 182
57 196
57 203
57 204
57 205
57 206
57 211
57 217
57 228
57 244
58 62
58 66
58 67
58 68
58 74
58 84
58 86
58 87
58 100
58 102
58 107
58 109
58 117
58 131
58 142
58 144
58 149
58 160
58 188
58 203
58 219
58 223
58 227
58 228
58 241
59 63
59 72
59 73
59 77
59 78
59 83
59 86
59 89
59 91
59 103
59 104
59 105
59 106
59 110
59 116
59 118
59 130
59 134
59 142
59 148
59 159
59 169
59 184
59 188
59 207
59 232
59 235
59 237
59 238
59 243
59 249
60 61
60 63
60 69
60 70
60 74
60 78
60 82
60 83
60 88
60 99
60 113
60 117
60 120
60 127
60 131
60 137
60 138
60 141
60 162
60 191
60 207
60 209
60 214
60 215
60 221
60 240
61 65
61 68
61 69
61 72
61 75
61 77
61 80
61 82
61 84
61 89
61 92
61 93
61 104
61 105
61 108
61 109
61 111
61 113
61 114
61 115
61 127
61 132
61 137
61 156
61 157
61 163
61 175
61 183
61 184
61 186
61 187
61 199
61 200
61 215
61 219
61 221
61 222
61 229
61 236
61 237
61 238
61 239
61 245
61 247
62 64
62 78
62 87
62 92
62 103
62 105
62 111
62 112
62 117
62 136
62 138
62 141
62 163
62 167
62 172
62 173
62 174
62 178
62 202
62 205
62 210
62 215
63 67
63 74
63 79
63 80
63 85
63 91
63 98
63 101
63 107
63 113
63 116
63 119
63 120
63 123
63 125
63 126
63 135
63 138
63 139
63 146
63 161
63 163
63 165
63 175
63 182
63 205
63 214
63 228
63 233
64 66
64 75
64 83
64 84
64 90
64 91
64 103
64 112
64 114
64 122
64 124
64 127
64 140
64 148
64 151
64 165
64 181
64 183
64 234
65 67
65 68
65 73
65 97
65 100
65 104
65 108
65 110
65 111
65 143
65 144
65 146
65 148
65 158
65 163
65 167
65 170
65 185
65 199
65 215
65 222
65 232
65 247
66 69
66 77
66 82
66 86
66 94
66 105
66 108
66 109
66 111
66 114
66 118
66 119
66 135
66 137
66 144
66 146
66 152
66 155
66 156
66 161
66 162
66 167
66 173
66 175
66 186
66 188
66 198
66 208
66 211
66 216
66 217
66 218
66 219
66 236
67 68
67 86
67 90
67 117
67 119
67 121
67 123
67 124
67 130
67 136
67 140
67 148
67 150
67 155
67 157
67 183
67 204
67 212
67 246
68 72
68 97
68 102
68 104
68 114
68 129
68 147
68 156
68 179
68 184
68 187
68 192
68 195
68 199
68 205
68 214
68 215
68 221
68 225
68 241
69 70
69 92
69 95
69 100
69 106
69 116
69 118
69 121
69 124
69 129
69 140
69 144
69 152
69 170
69 175
69 191
69 208
69 225
69 233
70 71
70 73
70 83
70 98
70 112
70 114
70 134
70 141
70 149
70 161
70 169
70 177
70 184
70 189
70 203
70 213
70 215
70 220
70 248
71 72
71 74
71 75
71 76
71 92
71 102
71 115
71 120
71 123
71 124
71 136
71 149
71 154
71 164
71 184
71 187
71 189
71 190
71 192
71 202
71 203
71 211
71 223
71 241
71 242
71 249
72 76
72 82
72 84
72 96
72 118
72 122
72 124
72 133
72 139
72 144
72 148
72 149
72 156
72 157
72 161
72 168
72 171
72 189
72 191
72 193
72 199
72 201
72 211
72 214
72 222
72 227
73 77
73 81
73 125
73 127
73 149
73 154
73 158
73 161
73 162
73 173
73 216
73 219
73 226
74 81
74 84
74 93
74 102
74 104
74 105
74 106
74 107
74 118
74 133
74 160
74 163
74 189
74 192
74 196
74 199
74 201
74 213
74 234
74 235
74 242
74 247
75 76
75 83
75 87
75 93
75 97
75 110
75 111
75 129
75 140
75 145
75 153
75 156
75 159
75 160
75 172
75 176
75 177
75 184
75 190
75 197
75 198
75 201
75 227
75 229
75 248
75 249
76 79
76 84
76 96
76 99
76 115
76 122
76 124
76 126
76 127
76 140
76 143
76 144
76 152
76 161
76 163
76 166
76 170
76 193
76 194
76 197
76 212
77 81
77 84
77 93
77 98
77 101
77 104
77 107
77 111
77 122
77 131
77 132
77 142
77 143
77 148
77 156
77 165
77 168
77 175
77 187
77 189
77 195
77 204
77 208
77 211
77 216
77 222
77 248
77 249
78 79
78 85
78 88
78 91
78 93
78 96
78 98
78 99
78 101
78 106
78 125
78 132
78 142
78 146
78 158
78 162
78 164
78 168
78 184
78 187
78 191
78 193
78 195
78 227
78 228
78 244
78 248
79 85
79 97
79 102
79 106
79 114
79 144
79 145
79 185
79 227
79 248
80 84
80 86
80 99
80 119
80 121
80 123
80 126
80 152
80 185
80 187
80 192
80 196
80 197
80 202
80 214
81 83
81 88
81 89
81 91
81 95
81 101
81 110
81 112
81 128
81 130
81 133
81 147
81 152
81 157
81 164
81 175
81 181
81 190
81 196
81 215
81 224
81 227
82 83
82 101
82 105
82 117
82 128
82 132
82 147
82 169
82 180
82 183
82 196
82 201
82 209
82 210
82 213
82 215
82 217
82 224
82 226
82 228
82 245
83 87
83 92
83 100
83 102
83 123
83 145
83 146
83 148
83 154
83 156
83 164
83 169
83 172
83 173
83 176
83 184
83 200
83 205
83 236
84 100
84 105
84 112
84 117
84 122
84 134
84 155
84 158
84 171
84 175
84 185
84 193
84 200
84 201
84 228
84 245
84 246
84 247
85 94
85 96
85 105
85 109
85 123
85 138
85 154
85 156
85 162
85 180
85 197
86 101
86 107
86 141
86 171
86 172
86 178
86 203
86 221
86 231
86 234
86 238
86 241
86 246
87 98
87 99
87 110
87 113
87 128
87 129
87 134
87 135
87 137
87 144
87 168
87 176
87 190
87 208
87 213
87 215
87 219
87 223
87 232
87 236
87 239
87 248
88 91
88 98
88 103
88 111
88 123
88 124
88 130
88 133
88 137
88 144
88 147
88 150
88 156
88 161
88 174
88 177
88 203
88 222
88 241
88 242
88 243
89 95
89 96
89 112
89 125
89 131
89 157
89 164
89 165
89 166
89 168
89 169
89 170
89 171
89 173
89 198
89 203
89 226
89 229
89 241
90 103
90 104
90 110
90 157
90 162
90 165
90 168
90 179
90 205
90 208
90 213
90 230
90 246
90 247
90 248
91 95
91 116
91 121
91 122
91 160
91 165
91 169
91 176
91 189
91 193
91 198
91 200
91 216
91 217
91 230
91 233
92 97
92 98
92 100
92 101
92 102
92 105
92 107
92 111
92 129
92 134
92 136
92 138
92 139
92 141
92 155
92 164
92 166
92 174
92 186
92 189
92 219
92 226
92 249
93 110
93 151
93 153
93 156
93 161
93 164
93 176
93 182
93 193
93 207
93 212
93 216
93 221
93 225
93 232
94 98
94 102
94 107
94 109
94 117
94 129
94 137
94 140
94 151
94 161
94 163
94 166
94 170
94 176
94 187
94 204
94 230
94 240
94 245
95 103
95 112
95 114
95 116
95 126
95 134
95 135
95 143
95 144
95 164
95 168
95 185
95 193
95 194
95 195
96 103
96 105
96 117
96 123
96 124
96 129
96 170
96 173
96 179
96 197
97 111
97 119
97 128
97 131
97 140
97 153
97 154
97 163
97 168
97 220
97 223
97 233
97 238
97 239
98 103
98 114
98 115
98 117
98 120
98 121
98 131
98 141
98 154
98 156
98 167
98 168
98 173
98 192
98 193
98 210
98 215
98 216
98 244
99 107
99 109
99 119
99 134
99 165
99 173
99 205
99 209
99 218
100 111
100 125
100 127
100 128
100 131
100 149
100 151
100 152
100 159
100 166
100 186
100 188
100 198
100 199
100 210
100 218
100 236
100 239
100 244
101 112
101 122
101 125
101 143
101 148
101 151
101 155
101 160
101 165
101 167
101 188
101 209
101 220
101 232
102 106
102 110
102 128
102 130
102 132
102 135
102 136
102 145
102 150
102 159
102 162
102 165
102 175
102 186
102 191
102 199
102 206
102 223
102 225
102 228
102 238
102 246
102 249
103 111
103 112
103 152
103 169
103 214
104 109
104 110
104 114
104 118
104 130
104 147
104 150
104 152
104 167
104 169
104 190
104 192
104 214
104 225
104 227
104 231
104 242
105 107
105 120
105 122
105 134
105 153
105 158
105 165
105 166
105 169
105 184
105 197
105 213
105 214
105 234
105 239
105 243
106 115
106 118
106 133
106 135
106 136
106 139
106 142
106 143
106 160
106 222
107 111
107 113
107 115
107 120
107 124
107 142
107 157
107 172
107 183
107 198
107 207
107 217
107 229
107 237
108 116
108 121
108 128
108 129
108 133
108 141
108 167
108 182
108 186
108 192
108 200
108 212
108 216
108 235
109 126
109 130
109 137
109 146
109 153
109 158
109 186
109 191
109 194
109 209
109 230
109 240
110 119
110 127
110 133
110 134
110 136
110 139
110 145
110 147
110 168
110 177
110 186
110 187
110 188
110 195
110 200
111 113
111 126
111 130
111 141
111 142
111 169
111 172
111 173
111 174
111 182
111 187
111 188
111 192
111 208
111 218
111 219
111 223
111 231
111 236
111 243
112 122
112 124
112 129
112 130
112 143
112 160
112 236
113 135
113 139
113 155
113 161
113 176
113 197
113 202
113 212
113 213
113 240
114 160
114 169
114 177
114 182
114 195
114 207
114 224
114 225
114 229
114 233
114 244
115 125
115 129
115 132
115 133
115 134
115 146
115 159
115 171
115 181
115 187
115 197
115 207
115 216
115 222
115 242
116 124
116 158
116 161
116 166
116 172
116 196
116 198
116 203
116 212
116 213
116 234
116 235
116 240
116 248
117 120
117 128
117 136
117 141
117 158
117 160
117 161
117 197
117 200
117 213
117 217
117 227
118 122
118 131
118 138
118 142
118 143
118 147
118 166
118 185
118 203
118 206
118 222
119 133
119 145
119 149
119 151
119 168
119 181
119 187
119 203
119 220
119 232
120 122
120 123
120 128
120 130
120 134
120 156
120 160
120 164
120 166
120 168
120 173
120 180
120 187
120 190
120 195
120 204
120 212
120 213
120 223
120 239
121 136
121 148
121 172
121 175
121 176
121 192
121 196
121 201
121 211
121 236
121 243
122 131
122 138
122 142
122 145
122 147
122 150
122 163
122 168
122 171
122 196
122 230
123 125
123 131
123 132
123 171
123 187
123 191
123 206
123 238
124 131
124 133
124 136
124 159
124 188
124 210
124 212
124 214
124 217
124 228
124 234
125 162
125 165
125 177
125 182
125 186
125 189
125 191
125 197
125 198
125 204
125 219
125 230
125 236
125 247
126 129
126 135
126 150
126 154
126 179
126 195
126 204
126 236
126 239
126 243
127 129
127 142
127 175
127 180
127 189
127 195
127 196
127 207
127 228
128 135
128 137
128 156
128 183
128 190
128 197
128 208
128 217
128 231
128 236
129 155
129 171
129 173
129 184
129 209
129 211
129 212
129 232
129 244
129 247
130 137
130 146
130 155
130 157
130 170
130 176
130 179
130 181
130 183
130 190
130 192
130 202
130 209
130 220
130 248
131 136
131 158
131 212
131 232
132 140
132 143
132 146
132 162
132 163
132 177
132 179
132 182
132 199
132 208
132 224
133 143
133 148
133 164
133 188
133 200
133 207
133 208
133 209
133 214
133 216
133 221
133 224
133 230
133 237
133 242
134 145
134 153
134 170
134 178
134 182
134 194
134 206
134 220
134 228
135 166
135 179
135 197
135 210
135 234
135 237
135 244
136 148
136 150
136 170
136 175
136 201
136 223
137 143
137 157
137 164
137 166
137 167
137 172
137 174
137 179
137 181
137 208
138 142
138 147
138 157
138 172
138 212
138 214
138 219
138 231
139 141
139 152
139 162
139 218
139 221
140 158
140 175
140 181
140 184
140 199
140 247
141 190
141 198
141 219
142 150
142 153
142 155
142 159
142 166
142 216
142 224
142 233
142 239
142 241
142 247
143 148
143 165
143 201
143 203
143 206
143 212
143 224
143 237
143 241
143 249
144 158
144 164
144 169
144 183
144 189
144 191
144 198
144 207
144 208
144 215
144 222
144 232
144 235
144 238
145 228
145 235
146 180
146 207
146 234
146 237
147 161
147 166
147 178
147 191
147 193
147 207
147 208
147 213
147 216
148 152
148 153
148 165
148 167
148 180
148 184
148 213
148 219
148 233
148 237
148 242
148 243
148 245
148 247
149 159
149 163
149 164
149 169
149 176
149 210
149 238
150 157
150 170
150 193
150 206
150 212
151 168
151 174
151 185
151 199
151 209
152 167
152 178
152 183
152 184
152 203
152 217
152 233
152 239
153 169
153 178
153 195
154 159
154 176
154 191
154 236
155 157
155 164
155 170
155 191
155 193
155 206
155 211
155 225
155 231
155 240
156 163
156 183
156 209
156 224
156 237
157 174
157 193
157 207
157 209
157 210
157 214
157 219
157 229
157 241
157 245
158 172
158 184
158 185
158 195
158 214
158 215
159 165
159 187
159 201
159 204
159 232
160 170
160 177
160 199
160 200
160 222
160 243
161 184
161 188
161 192
161 218
162 181
162 233
163 180
163 193
163 198
163 211
163 221
164 188
164 207
164 217
164 229
164 244
165 185
165 218
165 249
166 173
166 186
166 235
166 236
166 244
166 247
167 180
167 194
167 231
168 177
168 187
168 192
168 220
169 171
169 186
169 194
169 201
169 229
169 231
169 237
169 245
170 175
170 182
170 205
170 228
170 238
171 192
171 220
172 216
172 242
172 249
173 182
173 189
173 218
174 182
174 189
174 191
174 235
174 243
175 178
175 180
175 222
175 224
176 188
176 190
176 199
176 233
177 201
177 203
177 205
177 219
177 221
177 240
177 246
178 181
178 185
178 201
178 202
178 226
178 230
178 243
179 193
179 201
179 213
179 223
179 227
180 189
180 248
180 249
181 182
181 200
181 217
181 221
181 231
181 247
182 198
182 223
182 237
182 241
183 190
183 208
183 232
184 191
184 219
184 242
185 202
185 212
185 214
185 225
185 234
185 245
186 218
186 229
186 244
187 204
187 210
187 211
187 232
187 236
187 241
188 204
188 226
188 242
189 194
189 224
190 197
192 209
192 228
192 231
192 238
192 249
195 203
195 233
195 235
196 201
196 205
196 211
197 201
197 213
197 234
197 239
198 202
198 218
198 220
199 221
199 226
199 249
200 201
200 213
200 225
200 237
200 238
201 215
201 226
201 227
201 228
201 242
202 208
202 213
202 230
203 206
203 248
204 244
204 249
205 238
206 207
206 237
207 210
207 227
207 240
209 210
209 226
210 214
210 228
210 235
211 218
211 241
212 220
212 246
213 215
213 244
215 235
216 224
216 234
217 226
217 239
218 224
219 249
221 242
223 229
224 241
224 242
224 247
226 230
226 232
227 232
228 229
228 249
230 233
231 233
231 243
231 248
232 234
232 245
233 245
233 249
235 244
237 246
239 249
241 246
242 243
