0 1
0 2
0 3
0 4
0 5
0 6
0 7
0 8
0 9
0 10
0 11
0 12
0 13
0 14
0 15
0 16
0 17
0 18
0 19
0 20
0 21
0 22
0 23
0 24
0 25
0 26
0 28
0 29
0 30
0 31
0 34
0 40
0 41
0 42
0 45
0 46
0 49
0 50
0 52
0 54
0 55
0 57
0 58
0 59
0 66
0 67
0 68
0 71
0 76
0 77
0 78
0 79
0 80
0 84
0 85
0 87
0 89
0 95
0 96
0 98
0 102
0 108
0 113
0 115
0 126
0 127
0 132
0 133
0 134
0 138
0 141
0 143
0 145
0 146
0 150
0 151
0 155
0 156
0 157
0 167
0 168
0 173
0 178
0 186
0 196
0 201
0 203
0 208
0 211
0 212
0 213
0 217
0 218
0 220
0 232
0 238
0 239
0 241
0 247
0 248
1 17
1 18
1 19
1 20
1 21
1 22
1 24
1 25
1 26
1 27
1 28
1 32
1 33
1 34
1 36
1 37
1 39
1 43
1 52
1 53
1 56
1 57
1 60
1 61
1 64
1 65
1 74
1 80
1 94
1 95
1 101
1 104
1 112
1 114
1 127
1 135
1 137
1 142
1 149
1 155
1 161
1 164
1 165
1 167
1 171
1 190
1 191
1 192
1 195
1 214
1 220
1 232
1 247
1 249
2 17
2 18
2 20
2 21
2 22
2 23
2 24
2 32
2 36
2 37
2 38
2 39
2 41
2 61
2 65
2 66
2 73
2 75
2 79
2 84
2 91
2 92
2 93
2 109
2 118
2 123
2 128
2 144
2 149
2 151
2 155
2 183
2 199
2 201
2 212
2 216
2 235
2 241
2 246
2 248
2 249
3 17
3 24
3 26
3 27
3 29
3 32
3 33
3 34
3 35
3 37
3 41
3 43
3 45
3 46
3 47
3 48
3 54
3 64
3 76
3 77
3 90
3 92
3 97
3 98
3 133
3 142
3 147
3 154
3 156
3 158
3 159
3 168
3 170
3 213
3 217
3 230
3 232
3 246
4 17
4 19
4 20
4 23
4 25
4 31
4 35
4 37
4 38
4 41
4 43
4 45
4 48
4 57
4 58
4 62
4 66
4 94
4 107
4 120
4 126
4 128
4 133
4 134
4 135
4 137
4 152
4 161
4 179
4 187
4 190
4 195
4 213
4 219
4 235
4 238
5 18
5 20
5 21
5 22
5 24
5 25
5 27
5 28
5 30
5 33
5 36
5 42
5 45
5 49
5 59
5 62
5 63
5 64
5 66
5 70
5 87
5 114
5 134
5 154
5 161
5 175
5 182
5 187
5 216
5 221
5 228
5 230
5 231
5 232
5 234
5 240
5 244
5 248
6 17
6 18
6 19
6 21
6 22
6 24
6 28
6 29
6 31
6 32
6 35
6 39
6 47
6 62
6 64
6 68
6 74
6 75
6 83
6 100
6 102
6 106
6 113
6 121
6 137
6 149
6 154
6 158
6 162
6 165
6 171
6 173
6 190
6 199
6 204
7 17
7 18
7 19
7 20
7 21
7 22
7 24
7 25
7 26
7 28
7 31
7 34
7 39
7 41
7 42
7 44
7 45
7 46
7 48
7 51
7 56
7 60
7 68
7 71
7 73
7 75
7 85
7 89
7 90
7 91
7 98
7 110
7 116
7 129
7 130
7 136
7 137
7 139
7 142
7 149
7 164
7 175
7 180
7 186
7 194
7 198
7 199
7 200
7 201
7 203
7 211
7 213
7 229
7 233
7 238
8 17
8 18
8 19
8 20
8 22
8 24
8 25
8 29
8 32
8 33
8 35
8 36
8 38
8 46
8 51
8 52
8 55
8 61
8 69
8 79
8 80
8 83
8 85
8 90
8 95
8 105
8 106
8 107
8 112
8 113
8 117
8 126
8 132
8 139
8 147
8 153
8 155
8 163
8 169
8 174
8 176
8 183
8 187
8 213
8 231
8 233
8 234
8 236
8 243
9 17
9 18
9 19
9 20
9 23
9 27
9 33
9 35
9 39
9 40
9 41
9 47
9 49
9 53
9 63
9 71
9 75
9 81
9 88
9 93
9 106
9 135
9 141
9 149
9 160
9 162
9 171
9 175
9 200
9 214
9 242
9 245
10 17
10 18
10 19
10 20
10 21
10 22
10 23
10 26
10 29
10 30
10 31
10 32
10 36
10 41
10 43
10 45
10 51
10 63
10 64
10 66
10 68
10 71
10 77
10 81
10 109
10 116
10 120
10 129
10 141
10 153
10 169
10 182
10 190
10 211
10 213
10 225
10 227
10 230
11 17
11 18
11 19
11 20
11 21
11 23
11 24
11 26
11 27
11 29
11 34
11 35
11 37
11 44
11 59
11 69
11 73
11 87
11 94
11 112
11 124
11 139
11 143
11 158
11 203
11 228
11 233
12 17
12 18
12 19
12 21
12 23
12 25
12 26
12 31
12 34
12 40
12 46
12 47
12 60
12 68
12 70
12 76
12 85
12 88
12 94
12 95
12 104
12 132
12 147
12 151
12 174
12 176
12 210
12 226
12 229
13 17
13 18
13 19
13 20
13 23
13 25
13 26
13 27
13 30
13 35
13 43
13 51
13 59
13 61
13 69
13 70
13 77
13 79
13 83
13 87
13 89
13 92
13 101
13 102
13 103
13 108
13 110
13 115
13 127
13 130
13 139
13 140
13 151
13 162
13 185
13 187
13 194
13 199
13 205
13 212
13 236
13 249
14 17
14 18
14 19
14 21
14 22
14 23
14 25
14 27
14 28
14 31
14 34
14 35
14 36
14 38
14 39
14 40
14 52
14 54
14 63
14 65
14 68
14 69
14 71
14 81
14 82
14 85
14 95
14 101
14 102
14 104
14 105
14 110
14 111
14 115
14 127
14 133
14 150
14 152
14 156
14 177
14 182
14 194
14 196
14 204
14 206
14 215
14 222
14 229
14 232
14 248
15 17
15 18
15 19
15 20
15 21
15 22
15 23
15 24
15 27
15 28
15 32
15 33
15 40
15 42
15 44
15 45
15 47
15 51
15 53
15 54
15 56
15 57
15 65
15 69
15 70
15 73
15 74
15 76
15 81
15 82
15 84
15 85
15 97
15 108
15 116
15 119
15 126
15 128
15 134
15 141
15 147
15 148
15 162
15 177
15 185
15 201
15 202
15 208
15 226
15 229
15 237
15 238
15 240
15 243
16 17
16 18
16 19
16 20
16 21
16 22
16 24
16 25
16 28
16 29
16 32
16 33
16 35
16 38
16 41
16 43
16 51
16 52
16 54
16 55
16 58
16 59
16 64
16 70
16 75
16 77
16 81
16 84
16 88
16 95
16 100
16 112
16 124
16 130
16 140
16 146
16 159
16 162
16 164
16 168
16 172
16 173
16 199
16 202
16 217
16 230
16 234
16 241
17 18
17 19
17 20
17 21
17 22
17 23
17 24
17 25
17 26
17 27
17 28
17 30
17 31
17 32
17 33
17 36
17 39
17 40
17 41
17 42
17 43
17 44
17 48
17 51
17 54
17 56
17 57
17 58
17 61
17 62
17 66
17 73
17 74
17 78
17 81
17 85
17 92
17 97
17 103
17 104
17 116
17 119
17 122
17 123
17 124
17 132
17 135
17 138
17 147
17 153
17 155
17 159
17 161
17 169
17 182
17 184
17 189
17 191
17 200
17 202
17 203
17 204
17 205
17 211
17 227
17 233
17 241
17 249
18 19
18 20
18 21
18 22
18 23
18 25
18 26
18 27
18 28
18 29
18 30
18 31
18 32
18 33
18 34
18 36
18 37
18 38
18 39
18 40
18 41
18 42
18 43
18 46
18 51
18 54
18 55
18 57
18 58
18 60
18 62
18 65
18 72
18 73
18 76
18 79
18 80
18 82
18 85
18 86
18 87
18 89
18 90
18 92
18 94
18 97
18 98
18 105
18 106
18 108
18 111
18 113
18 120
18 121
18 122
18 123
18 129
18 137
18 140
18 142
18 145
18 146
18 155
18 156
18 157
18 158
18 159
18 163
18 165
18 167
18 177
18 178
18 180
18 182
18 183
18 184
18 185
18 188
18 189
18 190
18 196
18 198
18 202
18 204
18 209
18 220
18 221
18 227
18 228
18 233
18 235
18 242
18 244
18 246
18 248
19 20
19 21
19 22
19 23
19 24
19 25
19 26
19 27
19 29
19 30
19 31
19 32
19 33
19 35
19 36
19 44
19 47
19 49
19 50
19 53
19 55
19 56
19 57
19 59
19 61
19 68
19 72
19 76
19 77
19 82
19 83
19 85
19 86
19 87
19 89
19 91
19 93
19 100
19 101
19 107
19 121
19 122
19 124
19 130
19 131
19 136
19 138
19 140
19 144
19 145
19 150
19 151
19 153
19 168
19 186
19 187
19 188
19 193
19 198
19 206
19 207
19 210
19 215
19 218
19 222
19 224
19 228
19 245
20 21
20 22
20 23
20 24
20 26
20 27
20 28
20 29
20 30
20 31
20 36
20 37
20 38
20 39
20 40
20 44
20 49
20 50
20 52
20 53
20 55
20 56
20 57
20 58
20 60
20 62
20 64
20 72
20 76
20 78
20 82
20 84
20 86
20 88
20 96
20 97
20 98
20 100
20 103
20 107
20 108
20 109
20 115
20 121
20 122
20 124
20 139
20 143
20 150
20 159
20 160
20 161
20 162
20 170
20 171
20 174
20 176
20 181
20 182
20 188
20 189
20 193
20 203
20 205
20 218
20 230
20 236
20 240
20 246
20 249
21 22
21 23
21 24
21 25
21 26
21 27
21 28
21 29
21 31
21 33
21 34
21 36
21 37
21 39
21 40
21 43
21 46
21 48
21 49
21 51
21 52
21 53
21 55
21 56
21 58
21 60
21 61
21 63
21 64
21 65
21 66
21 67
21 70
21 72
21 73
21 76
21 80
21 83
21 86
21 87
21 93
21 96
21 98
21 99
21 104
21 105
21 110
21 118
21 120
21 122
21 123
21 127
21 136
21 142
21 146
21 155
21 159
21 167
21 168
21 171
21 176
21 184
21 185
21 186
21 187
21 193
21 199
21 202
21 206
21 210
21 220
21 221
21 224
21 225
21 235
22 23
22 24
22 26
22 28
22 29
22 30
22 34
22 37
22 38
22 42
22 44
22 45
22 47
22 49
22 50
22 52
22 53
22 55
22 72
22 74
22 78
22 79
22 90
22 91
22 96
22 100
22 101
22 109
22 122
22 124
22 127
22 128
22 133
22 135
22 144
22 154
22 155
22 158
22 159
22 161
22 169
22 171
22 173
22 189
22 194
22 195
22 197
22 202
22 221
22 227
22 228
22 237
22 245
23 25
23 26
23 27
23 28
23 29
23 30
23 31
23 32
23 33
23 35
23 37
23 38
23 39
23 42
23 44
23 45
23 47
23 48
23 50
23 53
23 54
23 55
23 57
23 58
23 60
23 61
23 63
23 67
23 77
23 78
23 79
23 81
23 82
23 88
23 89
23 90
23 96
23 103
23 104
23 110
23 112
23 113
23 115
23 121
23 124
23 131
23 134
23 138
23 141
23 142
23 144
23 148
23 149
23 158
23 159
23 163
23 164
23 166
23 170
23 176
23 189
23 190
23 193
23 194
23 198
23 203
23 205
23 215
23 224
23 231
23 235
23 236
23 243
24 25
24 29
24 30
24 32
24 33
24 34
24 36
24 38
24 40
24 41
24 42
24 43
24 44
24 46
24 50
24 51
24 53
24 56
24 60
24 62
24 64
24 65
24 68
24 72
24 78
24 91
24 93
24 96
24 107
24 113
24 114
24 115
24 122
24 125
24 126
24 130
24 140
24 141
24 143
24 147
24 149
24 156
24 158
24 166
24 168
24 177
24 185
24 192
24 197
24 207
24 210
24 211
24 217
24 220
24 227
24 238
24 240
25 26
25 27
25 28
25 30
25 34
25 35
25 36
25 37
25 38
25 40
25 42
25 43
25 46
25 47
25 48
25 52
25 57
25 62
25 65
25 69
25 72
25 74
25 75
25 76
25 78
25 81
25 82
25 84
25 87
25 100
25 102
25 105
25 108
25 109
25 110
25 111
25 112
25 114
25 117
25 121
25 122
25 124
25 125
25 126
25 128
25 134
25 135
25 143
25 148
25 149
25 164
25 167
25 175
25 176
25 177
25 182
25 183
25 186
25 190
25 191
25 194
25 198
25 212
25 218
25 225
25 235
25 236
25 244
25 248
26 27
26 29
26 30
26 31
26 33
26 34
26 37
26 38
26 39
26 40
26 41
26 42
26 43
26 44
26 45
26 47
26 50
26 56
26 57
26 59
26 63
26 64
26 65
26 66
26 72
26 74
26 78
26 88
26 92
26 93
26 102
26 104
26 108
26 114
26 115
26 118
26 119
26 131
26 133
26 135
26 137
26 149
26 153
26 157
26 167
26 171
26 179
26 180
26 181
26 193
26 198
26 199
26 200
26 201
26 206
26 209
26 220
26 223
26 225
26 228
26 244
26 246
26 247
26 249
27 28
27 30
27 31
27 32
27 35
27 38
27 39
27 42
27 44
27 50
27 52
27 59
27 61
27 67
27 70
27 71
27 72
27 74
27 80
27 84
27 91
27 95
27 96
27 97
27 99
27 101
27 103
27 110
27 112
27 120
27 131
27 138
27 140
27 149
27 158
27 161
27 163
27 181
27 185
27 189
27 197
27 200
27 209
27 213
27 216
27 224
27 231
28 29
28 30
28 31
28 33
28 35
28 36
28 37
28 38
28 39
28 40
28 42
28 43
28 44
28 45
28 46
28 48
28 50
28 57
28 64
28 69
28 76
28 78
28 80
28 86
28 89
28 91
28 106
28 108
28 109
28 117
28 121
28 129
28 132
28 140
28 141
28 142
28 148
28 157
28 158
28 167
28 170
28 190
28 195
28 207
28 211
28 219
28 223
28 224
28 227
28 229
28 231
28 238
29 30
29 33
29 35
29 44
29 46
29 49
29 59
29 73
29 83
29 86
29 90
29 93
29 105
29 107
29 117
29 124
29 132
29 143
29 148
29 157
29 160
29 163
29 172
29 175
29 177
29 179
29 194
29 196
29 204
29 207
29 209
30 32
30 34
30 48
30 55
30 62
30 77
30 83
30 87
30 90
30 103
30 122
30 135
30 164
30 168
30 170
30 179
30 182
30 191
30 199
30 206
30 224
30 227
30 229
30 236
31 32
31 37
31 38
31 39
31 44
31 45
31 46
31 48
31 49
31 51
31 58
31 61
31 65
31 67
31 69
31 71
31 72
31 73
31 74
31 75
31 80
31 83
31 111
31 114
31 115
31 116
31 121
31 122
31 123
31 125
31 129
31 130
31 133
31 137
31 144
31 145
31 146
31 170
31 172
31 178
31 183
31 193
31 204
31 205
31 215
31 236
32 34
32 40
32 41
32 43
32 44
32 50
32 68
32 69
32 70
32 79
32 86
32 100
32 102
32 105
32 111
32 112
32 119
32 120
32 126
32 128
32 138
32 145
32 149
32 156
32 167
32 169
32 170
32 178
32 179
32 180
32 192
32 195
32 225
32 230
32 231
32 240
32 243
33 34
33 36
33 37
33 43
33 46
33 49
33 50
33 51
33 52
33 54
33 59
33 62
33 65
33 67
33 71
33 72
33 83
33 92
33 104
33 110
33 115
33 118
33 141
33 145
33 152
33 158
33 159
33 162
33 166
33 174
33 195
33 197
33 205
33 208
33 214
33 219
33 223
33 228
33 233
33 237
33 247
34 35
34 38
34 40
34 55
34 58
34 60
34 61
34 62
34 63
34 66
34 77
34 78
34 79
34 82
34 89
34 92
34 98
34 99
34 100
34 109
34 119
34 136
34 147
34 150
34 159
34 160
34 167
34 180
34 190
34 192
34 193
34 196
34 199
34 201
34 209
34 216
34 217
34 225
34 228
34 232
34 237
34 247
34 248
35 36
35 41
35 43
35 53
35 54
35 69
35 78
35 86
35 87
35 98
35 104
35 107
35 108
35 109
35 117
35 127
35 143
35 151
35 156
35 161
35 165
35 169
35 173
35 181
35 186
35 196
35 223
35 224
35 226
35 229
35 230
35 244
36 37
36 40
36 41
36 42
36 51
36 56
36 59
36 61
36 63
36 66
36 67
36 69
36 92
36 105
36 111
36 122
36 131
36 142
36 145
36 152
36 175
36 179
36 183
36 196
36 197
36 215
36 229
36 242
36 244
37 45
37 47
37 48
37 52
37 56
37 58
37 60
37 63
37 64
37 68
37 74
37 76
37 79
37 84
37 86
37 91
37 98
37 99
37 105
37 113
37 119
37 120
37 121
37 125
37 132
37 137
37 138
37 142
37 143
37 148
37 154
37 155
37 162
37 169
37 179
37 193
37 199
37 207
37 242
37 244
38 39
38 42
38 46
38 49
38 50
38 51
38 53
38 55
38 56
38 63
38 76
38 79
38 84
38 86
38 88
38 90
38 95
38 100
38 102
38 103
38 109
38 117
38 120
38 123
38 124
38 125
38 127
38 144
38 146
38 150
38 151
38 161
38 162
38 167
38 169
38 174
38 177
38 192
38 204
38 219
38 220
38 223
38 226
38 242
39 44
39 45
39 48
39 53
39 54
39 57
39 62
39 79
39 84
39 85
39 87
39 88
39 99
39 106
39 118
39 132
39 139
39 169
39 173
39 175
39 178
39 179
39 198
39 205
39 211
39 216
39 217
39 230
39 245
40 41
40 45
40 48
40 49
40 50
40 59
40 60
40 61
40 62
40 63
40 68
40 71
40 75
40 76
40 77
40 78
40 79
40 80
40 82
40 86
40 91
40 92
40 99
40 102
40 107
40 110
40 116
40 117
40 120
40 121
40 125
40 127
40 143
40 144
40 148
40 151
40 152
40 153
40 156
40 159
40 164
40 167
40 171
40 196
40 205
40 214
40 215
40 217
40 229
40 247
41 42
41 45
41 47
41 48
41 50
41 61
41 63
41 66
41 67
41 71
41 75
41 76
41 81
41 97
41 117
41 120
41 148
41 160
41 165
41 169
41 177
41 187
41 194
41 202
41 206
41 226
41 234
41 236
41 239
41 244
41 248
42 47
42 49
42 52
42 55
42 56
42 59
42 60
42 64
42 65
42 66
42 67
42 68
42 72
42 74
42 77
42 85
42 89
42 93
42 94
42 96
42 97
42 104
42 107
42 108
42 113
42 119
42 125
42 150
42 154
42 157
42 159
42 165
42 166
42 171
42 186
42 197
42 202
42 215
42 218
42 223
42 224
42 247
42 248
43 47
43 50
43 53
43 59
43 62
43 70
43 73
43 81
43 98
43 100
43 111
43 114
43 121
43 123
43 125
43 128
43 133
43 137
43 139
43 154
43 157
43 188
43 193
43 210
43 212
43 218
43 230
43 232
43 236
43 239
43 246
44 46
44 49
44 50
44 51
44 53
44 54
44 55
44 58
44 62
44 63
44 67
44 68
44 70
44 72
44 77
44 81
44 84
44 89
44 92
44 97
44 99
44 106
44 121
44 128
44 131
44 141
44 150
44 154
44 156
44 161
44 166
44 195
44 199
44 210
44 211
44 213
44 218
44 219
44 231
44 247
45 46
45 47
45 48
45 49
45 52
45 53
45 54
45 57
45 58
45 59
45 65
45 66
45 73
45 74
45 78
45 84
45 86
45 93
45 105
45 118
45 143
45 149
45 155
45 157
45 159
45 160
45 183
45 185
45 197
45 204
45 208
45 209
45 222
45 239
45 247
46 47
46 51
46 52
46 55
46 56
46 61
46 64
46 67
46 69
46 71
46 72
46 74
46 81
46 83
46 93
46 95
46 100
46 101
46 107
46 114
46 117
46 119
46 136
46 151
46 152
46 185
46 193
46 200
46 209
46 235
47 48
47 67
47 82
47 118
47 119
47 124
47 128
47 147
47 148
47 176
47 194
47 243
48 49
48 53
48 54
48 61
48 69
48 73
48 116
48 135
48 143
48 146
48 148
48 175
48 186
48 230
48 248
48 249
49 52
49 54
49 57
49 59
49 60
49 65
49 67
49 87
49 88
49 91
49 92
49 94
49 111
49 120
49 152
49 168
49 173
49 183
49 184
49 200
49 201
49 202
49 216
49 221
49 226
50 55
50 56
50 57
50 58
50 60
50 68
50 70
50 71
50 74
50 81
50 88
50 91
50 106
50 107
50 108
50 110
50 114
50 117
50 118
50 123
50 131
50 163
50 164
50 177
50 180
50 195
50 197
50 211
50 212
50 228
51 67
51 73
51 78
51 79
51 80
51 82
51 83
51 97
51 99
51 101
51 111
51 114
51 117
51 126
51 129
51 136
51 140
51 143
51 153
51 163
51 166
51 183
51 187
51 191
51 192
51 220
51 224
51 232
52 54
52 87
52 113
52 220
53 56
53 63
53 73
53 90
53 101
53 102
53 103
53 105
53 112
53 124
53 129
53 144
53 176
53 209
53 214
53 235
54 69
54 72
54 89
54 90
54 91
54 92
54 103
54 115
54 138
54 164
54 173
54 192
54 205
54 207
54 245
55 58
55 73
55 83
55 95
55 105
55 116
55 136
55 139
55 160
55 167
55 195
55 215
55 225
55 240
55 246
55 249
56 60
56 66
56 68
56 70
56 75
56 76
56 79
56 87
56 88
56 94
56 97
56 99
56 102
56 114
56 115
56 122
56 123
56 130
56 131
56 139
56 157
56 169
56 170
56 172
56 173
56 176
56 198
56 206
56 216
56 234
57 58
57 64
57 75
57 79
57 85
57 90
57 96
57 104
57 107
57 111
57 113
57 145
57 164
57 165
57 177
57 190
57 200
57 203
57 214
57 222
57 234
58 73
58 78
58 85
58 96
58 114
58 121
58 131
58 168
58 174
58 181
58 184
58 190
58 194
58 195
58 206
58 211
58 212
58 225
58 226
59 60
59 62
59 66
59 74
59 84
59 85
59 94
59 102
59 103
59 106
59 113
59 119
59 128
59 140
59 154
59 163
59 165
59 174
59 175
59 178
59 192
59 194
59 201
59 219
59 230
59 243
59 247
60 65
60 95
60 102
60 135
60 151
60 165
60 192
60 222
61 63
61 65
61 67
61 70
61 75
61 77
61 80
61 82
61 87
61 89
61 97
61 100
61 113
61 115
61 117
61 123
61 144
61 148
61 157
61 158
61 161
61 162
61 163
61 215
61 220
61 226
61 240
61 243
62 64
62 70
62 71
62 78
62 98
62 104
62 151
62 156
62 158
62 165
62 180
62 181
62 199
62 204
62 231
62 244
63 66
63 67
63 68
63 70
63 83
63 89
63 94
63 107
63 109
63 112
63 118
63 119
63 124
63 140
63 145
63 153
63 155
63 159
63 167
63 171
63 179
63 185
63 186
63 188
63 198
63 200
63 206
63 209
63 214
63 225
63 226
63 234
63 235
63 236
63 244
64 69
64 71
64 74
64 75
64 80
64 87
64 97
64 104
64 118
64 121
64 125
64 130
64 144
64 162
64 182
64 183
64 203
64 209
64 219
64 222
64 224
64 239
64 240
64 245
65 69
65 91
65 100
65 130
65 133
65 136
65 143
65 156
65 168
65 175
65 188
65 189
65 191
65 195
65 205
65 212
65 215
65 223
65 232
65 241
66 75
66 90
66 91
66 94
66 101
66 102
66 150
66 165
66 167
66 174
66 178
66 208
66 211
66 212
66 230
67 71
67 82
67 92
67 97
67 109
67 115
67 117
67 119
67 123
67 136
67 158
67 166
67 178
67 189
67 227
67 238
68 71
68 80
68 89
68 98
68 100
68 103
68 104
68 110
68 116
68 126
68 139
68 146
68 147
68 149
68 161
68 164
68 173
68 176
68 178
68 191
68 196
68 233
68 237
68 241
68 249
69 70
69 75
69 80
69 81
69 97
69 99
69 110
69 113
69 126
69 134
69 149
69 156
69 166
69 172
69 187
69 194
69 203
69 232
70 72
70 83
70 88
70 90
70 92
70 108
70 125
70 141
70 145
70 148
70 152
70 162
70 178
70 181
70 182
70 207
70 233
71 77
71 81
71 82
71 84
71 86
71 88
71 99
71 103
71 114
71 121
71 125
71 126
71 129
71 139
71 151
71 152
71 154
71 160
71 162
71 186
71 213
71 239
71 248
72 75
72 80
72 86
72 88
72 92
72 93
72 96
72 121
72 131
72 145
72 146
72 150
72 176
72 181
72 191
72 193
72 196
72 211
72 225
72 227
72 231
72 249
73 76
73 83
73 88
73 89
73 103
73 105
73 115
73 116
73 119
73 124
73 131
73 137
73 142
73 162
73 168
73 186
73 190
73 204
73 205
73 223
73 246
74 116
74 123
74 127
74 178
74 206
74 213
74 216
74 229
75 77
75 82
75 88
75 94
75 105
75 106
75 107
75 108
75 131
75 133
75 137
75 139
75 154
75 156
75 172
75 178
75 189
75 196
75 202
75 230
75 234
75 238
75 246
76 77
76 85
76 93
76 95
76 109
76 111
76 114
76 141
76 155
76 206
76 230
76 241
76 247
77 83
77 84
77 86
77 90
77 97
77 102
77 103
77 125
77 127
77 129
77 130
77 134
77 135
77 137
77 161
77 170
77 176
77 177
77 188
77 189
77 190
77 241
78 89
78 90
78 91
78 93
78 103
78 110
78 113
78 118
78 119
78 134
78 138
78 144
78 145
78 146
78 154
78 177
78 197
78 210
78 220
78 245
78 249
79 80
79 82
79 94
79 99
79 100
79 101
79 112
79 118
79 136
79 147
79 160
79 168
79 173
79 189
79 191
79 207
79 209
79 233
79 234
79 237
80 81
80 91
80 93
80 96
80 101
80 105
80 106
80 112
80 130
80 147
80 150
80 160
80 164
80 169
80 175
80 184
80 196
80 210
80 232
80 233
80 237
81 84
81 94
81 95
81 96
81 101
81 109
81 111
81 129
81 180
81 223
82 85
82 110
82 114
82 122
82 127
82 129
82 133
82 144
82 145
82 159
82 161
82 167
82 181
82 196
82 203
82 208
82 223
83 94
83 95
83 118
83 130
83 134
83 142
83 179
83 181
83 196
83 232
84 86
84 98
84 101
84 105
84 131
84 142
84 147
84 165
84 167
84 181
84 188
84 200
84 213
84 216
84 228
84 233
84 244
85 93
85 112
85 130
85 131
85 141
85 168
85 171
85 172
86 95
86 123
86 130
86 132
86 140
86 143
86 153
86 172
86 174
86 178
86 229
87 93
87 96
87 98
87 106
87 108
87 120
87 126
87 127
87 128
87 141
87 153
87 166
87 180
87 184
87 187
87 207
87 223
87 241
87 245
87 246
88 106
88 108
88 122
88 129
88 132
88 137
88 150
88 156
88 166
88 187
88 226
89 98
89 109
89 110
89 115
89 138
89 142
89 145
89 151
89 160
89 169
89 170
89 177
89 189
89 207
89 219
89 220
89 222
89 235
89 237
90 94
90 96
90 99
90 101
90 102
90 116
90 118
90 126
90 135
90 136
90 152
90 158
90 159
90 198
90 240
90 241
90 245
90 249
91 99
91 125
91 135
91 178
91 184
91 186
91 195
91 197
91 207
91 210
91 213
91 214
92 100
92 101
92 129
92 130
92 146
92 150
92 155
92 178
92 183
92 198
92 209
92 213
92 219
92 246
93 96
93 99
93 153
93 221
93 225
93 243
93 249
94 95
94 98
94 106
94 118
94 131
94 132
94 136
94 149
94 164
94 187
95 106
95 111
95 117
95 133
95 136
95 157
95 162
95 168
95 185
95 204
95 221
95 238
96 99
96 107
96 112
96 128
96 142
96 144
96 146
96 160
96 175
96 179
96 180
96 198
96 220
96 245
97 104
97 117
97 124
97 132
97 134
97 192
97 224
97 232
97 234
97 248
98 104
98 111
98 113
98 118
98 179
98 187
98 201
98 222
98 228
98 243
98 249
99 111
99 116
99 122
99 129
99 164
99 172
99 179
99 184
99 191
99 229
99 237
100 106
100 123
100 133
100 147
100 152
100 174
100 181
100 192
100 209
100 211
100 221
100 241
101 112
101 132
101 145
101 160
101 163
101 172
101 192
101 194
101 198
101 202
101 219
102 103
102 108
102 125
102 136
102 175
102 176
103 133
103 142
103 157
103 213
103 232
103 236
103 238
103 239
104 107
104 109
104 113
104 114
104 117
104 129
104 132
104 148
104 151
104 152
104 154
104 163
104 170
104 181
104 182
104 187
104 197
104 208
104 224
104 228
104 230
105 109
105 138
105 141
105 151
105 166
105 186
105 199
105 219
106 110
106 116
106 128
106 132
106 135
106 138
106 144
106 165
106 169
106 171
106 174
106 221
106 234
107 125
107 126
107 146
107 173
107 175
107 202
107 207
108 115
108 116
108 127
108 146
108 179
108 191
108 208
108 240
108 242
109 111
109 116
109 120
109 128
109 131
109 136
109 137
109 154
109 244
109 246
110 112
110 123
110 128
110 133
110 135
110 140
110 143
110 153
110 166
110 183
110 185
110 208
110 211
110 212
110 214
110 222
110 225
111 129
111 138
111 153
111 160
111 161
111 173
111 195
111 209
111 212
111 236
111 239
112 127
112 163
112 172
112 235
113 119
113 134
113 163
113 182
113 219
113 232
114 122
114 134
114 163
114 188
114 197
114 216
115 119
115 120
115 158
115 174
115 197
115 203
115 210
115 214
115 233
116 128
116 133
116 154
116 160
116 186
116 188
116 201
116 204
116 212
116 217
116 218
116 229
116 241
116 245
117 120
117 135
117 139
117 153
117 157
117 161
117 170
117 187
117 213
117 217
117 231
117 237
118 123
118 126
118 134
118 140
118 173
118 226
118 227
119 120
119 124
119 145
119 152
119 173
119 179
119 182
119 200
119 209
119 216
119 221
119 222
119 231
119 234
119 240
119 242
120 139
120 190
120 197
120 199
120 203
120 204
120 207
120 217
121 125
121 137
121 140
121 178
121 212
121 226
122 157
122 185
122 191
122 203
122 228
123 126
123 127
123 137
123 148
123 149
123 156
123 158
123 177
123 210
123 215
123 217
123 237
123 243
124 141
124 168
124 208
124 227
124 243
125 130
125 140
125 169
125 170
125 201
125 208
125 231
126 134
126 138
126 141
126 181
126 184
126 193
127 183
127 184
127 185
127 188
127 202
127 218
127 228
128 148
128 170
128 198
128 217
129 132
129 138
129 157
129 165
129 172
129 180
129 185
129 198
129 242
130 139
130 144
130 147
130 155
130 172
130 218
130 220
130 245
130 246
131 134
131 152
131 157
131 237
131 239
131 242
132 138
132 166
132 172
132 184
132 194
132 221
132 225
132 236
132 239
132 240
133 152
133 173
133 206
133 241
133 242
134 139
134 140
134 147
135 136
135 142
135 143
135 176
135 191
135 213
136 150
136 155
136 169
136 180
136 186
136 223
137 160
137 166
137 221
137 229
138 148
138 172
138 195
138 227
139 222
139 242
139 245
140 146
140 176
140 189
140 243
140 246
141 144
141 151
141 183
141 188
141 189
141 201
141 216
141 217
141 222
141 227
141 248
142 147
142 152
142 175
142 185
142 196
142 200
142 204
142 207
142 219
142 242
143 164
143 174
143 184
143 208
143 212
143 223
143 239
143 242
143 247
144 146
144 150
144 172
144 175
144 208
144 218
144 221
145 156
145 174
145 191
145 200
145 202
145 214
145 215
146 170
146 177
146 190
146 203
146 230
146 241
147 153
147 155
147 184
147 204
147 217
147 236
148 153
148 222
149 150
149 180
149 183
149 216
150 192
150 195
151 204
152 194
152 200
152 216
152 221
152 238
152 243
152 249
153 154
153 166
153 191
153 218
154 163
154 183
154 186
154 193
154 201
154 202
154 209
154 210
154 214
154 215
154 219
154 247
156 170
156 180
156 185
156 190
156 212
156 215
156 225
157 171
157 205
157 233
158 174
158 187
158 210
158 233
159 162
159 165
159 166
159 168
160 200
161 163
161 165
161 180
161 215
161 240
162 164
162 189
162 197
162 210
162 235
162 240
162 247
163 181
163 182
163 216
163 246
164 171
164 218
165 171
165 188
165 198
165 218
165 219
166 171
166 174
166 180
166 205
167 184
167 206
167 244
167 249
168 182
168 203
168 208
168 210
168 234
169 192
169 201
169 241
170 188
170 193
170 222
171 181
172 176
172 200
172 211
172 233
173 182
173 188
173 192
173 227
173 229
173 234
174 195
174 199
174 205
174 214
174 242
175 189
175 201
175 236
175 238
176 177
176 184
177 179
177 206
177 243
179 206
182 196
182 205
182 225
182 236
183 240
185 191
186 192
186 193
186 228
186 232
186 233
186 234
186 235
187 188
187 210
187 218
187 223
187 246
188 234
189 199
189 208
189 231
189 237
190 193
190 205
190 243
191 197
191 201
191 203
191 220
191 231
191 235
192 194
192 202
192 231
194 207
194 225
195 239
196 222
196 235
197 206
197 227
198 207
198 239
199 224
200 248
201 211
202 237
203 243
204 217
204 245
205 208
205 214
206 214
206 226
207 212
207 214
207 217
209 222
210 215
210 221
210 224
210 226
211 226
211 241
212 223
212 237
213 220
214 216
214 231
215 238
215 239
216 219
216 242
217 218
217 224
217 229
217 237
217 239
219 224
219 242
220 221
220 223
220 228
222 226
222 227
222 247
226 238
226 248
227 244
227 247
228 235
228 245
229 240
229 245
232 238
232 248
233 238
235 244
237 239
243 244
