0 1
0 2
0 3
0 4
0 5
0 6
0 7
0 8
0 9
0 10
0 11
0 12
0 13
0 14
0 15
0 16
0 17
0 18
0 19
0 20
0 21
0 22
0 23
0 24
0 25
0 26
0 27
0 28
0 29
0 30
0 31
0 32
0 33
0 35
0 36
0 37
0 40
0 41
0 42
0 44
0 45
0 46
0 47
0 48
0 49
0 52
0 56
0 58
0 59
0 60
0 63
0 64
0 65
0 67
0 70
0 74
0 78
0 83
0 95
0 96
0 103
0 104
0 105
0 106
0 108
0 111
0 112
0 115
0 116
0 121
0 122
0 123
0 124
0 125
0 127
0 130
0 131
0 132
0 133
0 135
0 139
0 145
0 148
0 150
0 151
0 153
0 162
0 163
0 169
0 171
0 172
0 182
0 184
0 185
0 186
0 190
0 191
0 192
0 199
0 200
0 204
0 208
0 216
0 220
0 224
0 227
0 230
0 231
0 236
0 239
0 244
0 248
1 21
1 22
1 23
1 24
1 25
1 27
1 28
1 29
1 33
1 34
1 43
1 49
1 50
1 59
1 62
1 64
1 75
1 86
1 90
1 97
1 106
1 113
1 116
1 117
1 118
1 122
1 126
1 127
1 139
1 143
1 144
1 145
1 160
1 197
1 203
1 221
1 232
1 243
2 21
2 23
2 24
2 28
2 29
2 37
2 39
2 45
2 47
2 55
2 61
2 62
2 65
2 70
2 71
2 75
2 98
2 102
2 113
2 128
2 135
2 143
2 160
2 193
2 234
2 241
3 21
3 22
3 23
3 24
3 25
3 26
3 28
3 33
3 36
3 37
3 39
3 41
3 42
3 43
3 44
3 46
3 47
3 49
3 53
3 54
3 57
3 59
3 63
3 65
3 69
3 70
3 71
3 73
3 74
3 76
3 77
3 78
3 81
3 85
3 87
3 91
3 94
3 95
3 100
3 101
3 114
3 115
3 118
3 122
3 124
3 129
3 133
3 134
3 138
3 144
3 148
3 155
3 161
3 162
3 163
3 172
3 174
3 185
3 193
3 203
3 207
3 214
3 226
3 232
3 243
3 248
3 249
4 22
4 23
4 26
4 28
4 29
4 30
4 31
4 32
4 34
4 35
4 36
4 38
4 39
4 40
4 41
4 46
4 54
4 66
4 68
4 71
4 73
4 75
4 79
4 81
4 85
4 86
4 91
4 102
4 109
4 113
4 132
4 133
4 136
4 171
4 179
4 180
4 185
4 191
4 201
4 211
4 214
4 216
4 218
4 230
4 231
4 239
4 242
4 245
4 248
5 21
5 22
5 23
5 25
5 26
5 27
5 29
5 30
5 32
5 33
5 34
5 35
5 36
5 38
5 40
5 41
5 42
5 44
5 48
5 49
5 50
5 52
5 54
5 55
5 60
5 63
5 65
5 66
5 67
5 73
5 83
5 87
5 88
5 89
5 90
5 91
5 94
5 99
5 107
5 117
5 129
5 130
5 135
5 137
5 142
5 143
5 167
5 180
5 203
5 211
5 215
5 216
5 222
5 223
5 224
5 225
5 229
5 234
5 247
6 21
6 22
6 23
6 24
6 25
6 26
6 27
6 28
6 32
6 34
6 35
6 37
6 41
6 42
6 43
6 48
6 49
6 50
6 51
6 52
6 62
6 67
6 69
6 70
6 72
6 76
6 77
6 83
6 89
6 90
6 102
6 103
6 107
6 112
6 116
6 124
6 135
6 142
6 145
6 148
6 149
6 151
6 173
6 174
6 176
6 181
6 183
6 196
6 200
6 204
6 206
6 211
6 221
6 232
6 244
6 249
7 21
7 22
7 23
7 24
7 27
7 28
7 31
7 33
7 35
7 38
7 44
7 46
7 48
7 50
7 54
7 58
7 61
7 63
7 68
7 74
7 77
7 81
7 88
7 90
7 101
7 103
7 119
7 123
7 126
7 132
7 138
7 144
7 158
7 166
7 170
7 186
7 190
7 215
7 217
7 226
7 228
7 247
8 21
8 22
8 23
8 24
8 25
8 26
8 27
8 30
8 32
8 37
8 44
8 45
8 47
8 48
8 49
8 53
8 55
8 57
8 61
8 64
8 66
8 69
8 70
8 71
8 73
8 76
8 78
8 91
8 93
8 95
8 121
8 130
8 131
8 132
8 141
8 159
8 183
8 185
8 195
8 196
8 211
8 213
8 217
8 230
8 235
8 247
9 21
9 22
9 23
9 24
9 25
9 27
9 29
9 31
9 32
9 33
9 36
9 38
9 45
9 46
9 55
9 57
9 61
9 62
9 69
9 70
9 71
9 77
9 79
9 86
9 90
9 93
9 94
9 109
9 110
9 111
9 116
9 123
9 135
9 139
9 142
9 148
9 149
9 164
9 185
9 188
9 193
9 204
9 215
9 225
9 227
9 232
9 240
9 243
9 244
10 21
10 22
10 23
10 25
10 26
10 28
10 29
10 30
10 31
10 33
10 35
10 38
10 43
10 46
10 47
10 48
10 54
10 61
10 70
10 74
10 75
10 76
10 93
10 95
10 99
10 104
10 111
10 112
10 123
10 125
10 132
10 140
10 141
10 144
10 147
10 154
10 157
10 158
10 199
10 201
10 226
10 228
10 245
11 21
11 24
11 25
11 26
11 29
11 32
11 33
11 34
11 36
11 42
11 46
11 50
11 53
11 54
11 55
11 58
11 72
11 73
11 82
11 85
11 89
11 96
11 100
11 104
11 105
11 116
11 130
11 135
11 142
11 155
11 158
11 160
11 163
11 167
11 170
11 177
11 182
11 187
11 190
11 202
11 204
11 216
11 227
12 21
12 22
12 23
12 24
12 26
12 27
12 28
12 30
12 35
12 36
12 37
12 39
12 40
12 41
12 47
12 48
12 51
12 52
12 53
12 59
12 60
12 65
12 69
12 70
12 72
12 73
12 77
12 78
12 85
12 86
12 90
12 92
12 103
12 105
12 109
12 110
12 120
12 133
12 136
12 139
12 143
12 149
12 160
12 172
12 175
12 183
12 184
12 185
12 188
12 190
12 201
12 209
12 215
12 236
12 243
13 21
13 22
13 25
13 27
13 28
13 29
13 39
13 42
13 56
13 62
13 64
13 76
13 80
13 108
13 125
13 155
13 205
13 211
13 231
13 245
14 21
14 22
14 23
14 24
14 25
14 26
14 27
14 28
14 29
14 30
14 31
14 32
14 33
14 34
14 35
14 36
14 37
14 40
14 41
14 42
14 43
14 44
14 47
14 48
14 49
14 50
14 51
14 53
14 56
14 57
14 59
14 61
14 62
14 64
14 65
14 66
14 68
14 72
14 83
14 84
14 89
14 94
14 98
14 99
14 102
14 110
14 111
14 113
14 115
14 118
14 121
14 122
14 125
14 126
14 129
14 132
14 133
14 134
14 138
14 139
14 148
14 152
14 159
14 163
14 179
14 183
14 186
14 209
14 211
14 218
14 222
14 239
15 21
15 22
15 23
15 24
15 25
15 26
15 27
15 30
15 31
15 33
15 36
15 38
15 43
15 52
15 56
15 58
15 60
15 62
15 80
15 89
15 101
15 102
15 103
15 112
15 130
15 146
15 151
15 157
15 182
15 188
15 209
15 225
15 231
15 232
15 240
16 21
16 22
16 23
16 24
16 26
16 28
16 29
16 30
16 31
16 32
16 33
16 34
16 36
16 38
16 43
16 44
16 45
16 46
16 49
16 50
16 53
16 57
16 67
16 69
16 82
16 83
16 93
16 106
16 108
16 109
16 113
16 120
16 123
16 134
16 137
16 149
16 151
16 157
16 169
16 180
16 195
16 225
16 235
16 236
17 21
17 22
17 23
17 24
17 25
17 26
17 28
17 30
17 31
17 40
17 42
17 45
17 51
17 62
17 70
17 84
17 92
17 94
17 112
17 114
17 117
17 118
17 132
17 138
17 143
17 144
17 146
17 166
17 183
17 200
17 202
17 207
17 227
17 248
18 21
18 22
18 23
18 24
18 25
18 26
18 27
18 30
18 31
18 37
18 38
18 39
18 40
18 44
18 46
18 51
18 70
18 79
18 80
18 85
18 94
18 96
18 104
18 115
18 127
18 133
18 169
18 173
18 186
18 211
18 212
18 239
18 243
18 246
18 248
19 21
19 22
19 24
19 25
19 27
19 29
19 31
19 33
19 34
19 35
19 38
19 39
19 40
19 41
19 43
19 44
19 46
19 49
19 52
19 58
19 66
19 75
19 77
19 80
19 90
19 96
19 98
19 115
19 123
19 135
19 150
19 151
19 152
19 154
19 156
19 163
19 164
19 166
19 212
19 227
19 236
19 243
19 248
20 21
20 22
20 23
20 24
20 25
20 26
20 27
20 28
20 30
20 31
20 32
20 33
20 34
20 37
20 44
20 49
20 51
20 54
20 55
20 60
20 61
20 62
20 65
20 71
20 72
20 79
20 81
20 82
20 84
20 85
20 118
20 127
20 144
20 148
20 158
20 178
20 179
20 180
20 188
20 205
20 212
20 215
20 217
20 218
20 224
20 226
20 231
20 233
20 234
20 248
21 22
21 23
21 24
21 25
21 26
21 27
21 28
21 29
21 30
21 31
21 32
21 33
21 34
21 36
21 37
21 38
21 39
21 41
21 43
21 44
21 46
21 47
21 48
21 49
21 51
21 52
21 53
21 57
21 58
21 61
21 65
21 80
21 81
21 84
21 85
21 86
21 88
21 92
21 94
21 96
21 98
21 100
21 101
21 104
21 105
21 106
21 107
21 112
21 114
21 116
21 128
21 130
21 131
21 133
21 135
21 136
21 140
21 141
21 142
21 143
21 147
21 150
21 151
21 154
21 158
21 159
21 161
21 167
21 169
21 171
21 174
21 175
21 185
21 191
21 199
21 208
21 210
21 220
21 229
21 232
21 235
21 239
21 240
21 245
21 246
21 247
21 249
22 23
22 24
22 25
22 26
22 27
22 28
22 29
22 30
22 32
22 33
22 34
22 35
22 37
22 38
22 39
22 40
22 41
22 42
22 43
22 44
22 45
22 46
22 48
22 50
22 51
22 53
22 54
22 55
22 56
22 60
22 61
22 66
22 67
22 70
22 77
22 79
22 81
22 82
22 85
22 86
22 88
22 92
22 96
22 97
22 99
22 101
22 111
22 112
22 113
22 116
22 118
22 119
22 127
22 129
22 130
22 131
22 135
22 138
22 139
22 142
22 150
22 151
22 153
22 156
22 158
22 159
22 160
22 163
22 164
22 166
22 167
22 169
22 172
22 173
22 176
22 177
22 178
22 185
22 189
22 192
22 194
22 197
22 198
22 200
22 210
22 223
22 227
22 234
22 246
22 247
23 24
23 25
23 26
23 27
23 28
23 29
23 31
23 32
23 34
23 35
23 41
23 48
23 49
23 50
23 51
23 52
23 53
23 54
23 55
23 57
23 58
23 59
23 63
23 64
23 66
23 68
23 71
23 74
23 78
23 79
23 80
23 82
23 86
23 87
23 88
23 93
23 95
23 101
23 104
23 105
23 106
23 109
23 110
23 113
23 115
23 117
23 118
23 122
23 131
23 132
23 133
23 136
23 140
23 142
23 143
23 147
23 148
23 149
23 150
23 155
23 158
23 165
23 169
23 182
23 183
23 189
23 191
23 200
23 202
23 203
23 209
23 217
23 219
23 220
23 229
23 234
23 239
23 240
23 245
24 25
24 26
24 27
24 28
24 29
24 30
24 32
24 34
24 35
24 36
24 37
24 38
24 40
24 43
24 45
24 49
24 50
24 51
24 52
24 54
24 59
24 61
24 63
24 64
24 69
24 72
24 75
24 76
24 77
24 79
24 80
24 81
24 84
24 91
24 94
24 95
24 97
24 101
24 102
24 108
24 109
24 113
24 114
24 117
24 119
24 120
24 124
24 131
24 135
24 138
24 139
24 142
24 145
24 153
24 154
24 156
24 158
24 161
24 163
24 170
24 176
24 180
24 189
24 190
24 194
24 195
24 196
24 199
24 204
24 211
24 215
24 217
24 219
24 225
24 235
24 236
24 238
24 239
24 243
25 26
25 27
25 28
25 29
25 30
25 31
25 32
25 33
25 34
25 35
25 36
25 37
25 39
25 41
25 44
25 46
25 51
25 54
25 56
25 58
25 59
25 60
25 61
25 64
25 67
25 68
25 71
25 74
25 75
25 76
25 77
25 79
25 83
25 84
25 85
25 86
25 87
25 89
25 97
25 99
25 106
25 107
25 110
25 111
25 119
25 121
25 123
25 124
25 125
25 127
25 130
25 131
25 146
25 147
25 152
25 160
25 161
25 164
25 169
25 174
25 175
25 178
25 179
25 181
25 185
25 187
25 190
25 193
25 194
25 202
25 203
25 204
25 212
25 225
25 236
25 240
25 244
25 249
26 27
26 28
26 29
26 30
26 31
26 32
26 34
26 35
26 37
26 41
26 42
26 44
26 45
26 48
26 50
26 52
26 53
26 56
26 60
26 62
26 64
26 65
26 66
26 69
26 70
26 74
26 75
26 80
26 81
26 82
26 83
26 84
26 87
26 91
26 95
26 96
26 98
26 104
26 127
26 129
26 134
26 137
26 138
26 139
26 140
26 141
26 142
26 144
26 146
26 149
26 151
26 155
26 156
26 158
26 162
26 167
26 169
26 173
26 178
26 179
26 193
26 199
26 203
26 206
26 211
26 218
26 222
26 223
26 227
26 231
26 234
26 235
26 249
27 29
27 30
27 31
27 32
27 33
27 34
27 35
27 36
27 37
27 39
27 43
27 44
27 45
27 48
27 50
27 55
27 59
27 60
27 62
27 64
27 65
27 68
27 72
27 74
27 77
27 82
27 83
27 84
27 88
27 91
27 96
27 101
27 116
27 119
27 121
27 124
27 128
27 130
27 133
27 136
27 143
27 144
27 150
27 151
27 152
27 154
27 163
27 164
27 165
27 166
27 173
27 186
27 193
27 194
27 201
27 208
27 220
27 223
27 234
28 29
28 30
28 31
28 33
28 34
28 35
28 37
28 38
28 40
28 41
28 42
28 44
28 45
28 46
28 54
28 55
28 56
28 57
28 60
28 61
28 62
28 67
28 71
28 72
28 73
28 76
28 80
28 81
28 82
28 83
28 85
28 88
28 89
28 93
28 94
28 100
28 103
28 107
28 110
28 115
28 117
28 128
28 132
28 137
28 148
28 156
28 162
28 181
28 183
28 187
28 192
28 199
28 202
28 204
28 205
28 208
28 211
28 212
28 213
28 214
28 219
28 220
28 231
28 233
28 236
28 249
29 30
29 31
29 32
29 33
29 34
29 35
29 37
29 38
29 40
29 41
29 42
29 43
29 45
29 46
29 48
29 51
29 52
29 53
29 55
29 56
29 58
29 61
29 62
29 64
29 65
29 71
29 72
29 73
29 74
29 76
29 78
29 80
29 85
29 86
29 87
29 90
29 93
29 94
29 100
29 101
29 102
29 105
29 112
29 113
29 115
29 117
29 122
29 129
29 130
29 131
29 136
29 140
29 150
29 172
29 175
29 177
29 190
29 194
29 196
29 213
29 215
29 229
29 247
30 31
30 32
30 35
30 36
30 38
30 39
30 42
30 43
30 45
30 47
30 48
30 52
30 53
30 55
30 57
30 59
30 62
30 68
30 70
30 72
30 74
30 75
30 76
30 84
30 86
30 87
30 88
30 89
30 93
30 96
30 100
30 102
30 107
30 108
30 109
30 112
30 114
30 122
30 123
30 133
30 135
30 137
30 141
30 142
30 145
30 151
30 154
30 160
30 167
30 171
30 174
30 186
30 188
30 190
30 194
30 198
30 201
30 208
30 211
30 212
30 215
30 220
30 237
30 238
30 244
31 32
31 33
31 34
31 35
31 36
31 37
31 38
31 39
31 40
31 41
31 47
31 51
31 54
31 55
31 58
31 60
31 63
31 66
31 70
31 71
31 79
31 81
31 90
31 92
31 95
31 99
31 104
31 109
31 111
31 112
31 118
31 128
31 130
31 134
31 137
31 140
31 146
31 154
31 157
31 163
31 166
31 173
31 178
31 185
31 192
31 194
31 205
31 208
31 224
31 227
31 230
31 246
32 36
32 37
32 38
32 39
32 40
32 43
32 44
32 45
32 46
32 48
32 49
32 50
32 52
32 54
32 58
32 64
32 68
32 73
32 75
32 76
32 81
32 83
32 99
32 103
32 109
32 111
32 116
32 121
32 124
32 127
32 134
32 155
32 158
32 171
32 184
32 186
32 188
32 204
32 212
32 215
32 218
32 222
32 224
32 233
32 238
32 242
32 245
32 249
33 34
33 35
33 36
33 39
33 40
33 42
33 45
33 48
33 51
33 52
33 56
33 58
33 59
33 60
33 68
33 69
33 75
33 83
33 87
33 89
33 95
33 103
33 109
33 113
33 134
33 138
33 140
33 141
33 144
33 152
33 159
33 165
33 167
33 172
33 173
33 182
33 198
33 202
33 204
33 206
33 211
33 216
33 219
33 221
33 222
33 226
33 228
33 242
33 245
33 248
34 36
34 39
34 40
34 41
34 43
34 45
34 46
34 49
34 51
34 52
34 57
34 58
34 62
34 64
34 65
34 66
34 67
34 68
34 69
34 78
34 81
34 82
34 84
34 85
34 87
34 88
34 89
34 92
34 100
34 101
34 104
34 105
34 107
34 113
34 119
34 120
34 123
34 124
34 125
34 132
34 133
34 143
34 153
34 157
34 163
34 170
34 172
34 176
34 178
34 181
34 183
34 199
34 205
34 209
34 210
34 214
34 218
34 224
34 227
34 229
34 230
34 240
34 242
34 247
35 36
35 38
35 39
35 40
35 42
35 43
35 45
35 47
35 49
35 57
35 60
35 63
35 72
35 73
35 76
35 80
35 81
35 82
35 84
35 94
35 101
35 105
35 106
35 117
35 120
35 122
35 128
35 133
35 153
35 155
35 157
35 159
35 164
35 170
35 185
35 189
35 191
35 214
35 218
35 221
35 231
35 233
36 37
36 38
36 39
36 40
36 41
36 43
36 44
36 45
36 46
36 47
36 48
36 49
36 55
36 56
36 60
36 63
36 67
36 69
36 71
36 80
36 82
36 84
36 87
36 88
36 89
36 91
36 93
36 96
36 98
36 99
36 102
36 107
36 110
36 114
36 120
36 124
36 127
36 131
36 142
36 145
36 154
36 157
36 160
36 165
36 168
36 175
36 181
36 191
36 203
36 205
36 217
36 219
36 224
36 228
36 229
36 237
37 38
37 39
37 40
37 42
37 46
37 47
37 51
37 53
37 54
37 56
37 61
37 64
37 66
37 67
37 69
37 78
37 79
37 86
37 89
37 97
37 98
37 99
37 100
37 104
37 106
37 108
37 110
37 111
37 118
37 121
37 122
37 124
37 129
37 136
37 144
37 146
37 154
37 157
37 163
37 166
37 167
37 170
37 171
37 173
37 181
37 184
37 186
37 188
37 200
37 209
37 218
37 224
37 227
37 228
37 233
37 240
37 243
37 245
38 39
38 41
38 42
38 44
38 47
38 52
38 53
38 54
38 57
38 58
38 61
38 63
38 65
38 66
38 73
38 74
38 77
38 82
38 83
38 88
38 94
38 98
38 99
38 103
38 107
38 108
38 109
38 115
38 116
38 120
38 121
38 122
38 125
38 135
38 141
38 145
38 146
38 156
38 167
38 171
38 187
38 199
38 201
38 209
38 219
38 224
38 225
38 230
38 233
38 243
38 247
39 40
39 41
39 42
39 47
39 48
39 50
39 51
39 52
39 57
39 59
39 64
39 66
39 68
39 73
39 75
39 76
39 77
39 85
39 87
39 90
39 91
39 99
39 102
39 106
39 110
39 113
39 114
39 117
39 119
39 125
39 126
39 133
39 135
39 137
39 140
39 141
39 142
39 147
39 150
39 151
39 156
39 161
39 163
39 164
39 165
39 173
39 175
39 187
39 194
39 204
39 206
39 228
39 233
39 234
39 235
39 238
39 241
39 243
39 244
40 42
40 47
40 51
40 54
40 57
40 59
40 61
40 63
40 66
40 73
40 74
40 76
40 85
40 91
40 92
40 94
40 98
40 99
40 106
40 111
40 115
40 135
40 140
40 148
40 154
40 159
40 177
40 181
40 191
40 193
40 205
40 221
40 225
41 42
41 43
41 44
41 45
41 50
41 53
41 54
41 59
41 61
41 65
41 67
41 68
41 69
41 71
41 76
41 78
41 79
41 80
41 83
41 85
41 96
41 101
41 104
41 108
41 109
41 111
41 117
41 118
41 119
41 121
41 123
41 128
41 129
41 137
41 140
41 145
41 147
41 148
41 151
41 153
41 159
41 161
41 165
41 167
41 171
41 179
41 180
41 186
41 192
41 216
41 222
41 230
41 244
41 245
42 43
42 45
42 46
42 52
42 53
42 56
42 57
42 59
42 61
42 67
42 69
42 73
42 79
42 84
42 87
42 91
42 92
42 97
42 107
42 119
42 121
42 131
42 135
42 136
42 146
42 152
42 157
42 160
42 162
42 176
42 189
42 192
42 201
42 205
42 206
42 211
42 232
42 245
43 47
43 48
43 58
43 63
43 66
43 77
43 80
43 83
43 86
43 87
43 105
43 111
43 114
43 120
43 125
43 134
43 137
43 145
43 150
43 151
43 154
43 156
43 161
43 162
43 170
43 186
43 191
43 210
43 221
43 226
43 231
43 236
43 241
43 242
44 47
44 49
44 50
44 51
44 54
44 56
44 57
44 60
44 67
44 78
44 83
44 87
44 89
44 90
44 100
44 102
44 105
44 106
44 115
44 116
44 118
44 121
44 122
44 126
44 127
44 128
44 132
44 148
44 159
44 180
44 181
44 184
44 186
44 195
44 209
44 210
44 212
44 217
44 227
44 229
44 234
44 240
44 241
45 47
45 49
45 50
45 55
45 56
45 57
45 61
45 63
45 65
45 69
45 74
45 78
45 81
45 85
45 87
45 89
45 92
45 93
45 101
45 110
45 116
45 126
45 129
45 137
45 146
45 158
45 160
45 173
45 177
45 183
45 187
45 188
45 197
45 200
45 202
45 215
45 217
45 220
45 222
45 223
45 224
45 225
45 226
45 229
45 241
45 242
45 245
46 47
46 50
46 52
46 54
46 55
46 57
46 60
46 70
46 74
46 82
46 91
46 97
46 111
46 112
46 114
46 121
46 122
46 124
46 128
46 135
46 136
46 138
46 140
46 142
46 144
46 145
46 149
46 152
46 159
46 166
46 167
46 172
46 177
46 188
46 189
46 190
46 203
46 208
46 213
46 216
46 218
46 225
46 228
46 229
46 233
46 235
47 58
47 59
47 62
47 64
47 68
47 69
47 71
47 75
47 77
47 80
47 84
47 93
47 95
47 99
47 107
47 109
47 112
47 116
47 118
47 130
47 131
47 138
47 141
47 143
47 161
47 170
47 172
47 175
47 176
47 188
47 207
47 212
47 222
47 238
47 239
47 242
48 49
48 50
48 52
48 53
48 56
48 57
48 58
48 59
48 62
48 66
48 68
48 79
48 81
48 82
48 89
48 94
48 96
48 97
48 98
48 100
48 103
48 110
48 111
48 113
48 120
48 124
48 126
48 136
48 138
48 141
48 147
48 148
48 163
48 166
48 168
48 179
48 182
48 186
48 189
48 191
48 193
48 200
48 207
48 212
48 219
48 220
48 226
48 227
48 231
48 232
49 50
49 55
49 56
49 58
49 64
49 65
49 71
49 73
49 78
49 81
49 88
49 89
49 92
49 93
49 96
49 97
49 100
49 106
49 108
49 117
49 119
49 124
49 128
49 132
49 136
49 137
49 149
49 156
49 174
49 206
49 207
49 225
49 228
50 51
50 53
50 60
50 100
50 101
50 102
50 105
50 108
50 114
50 127
50 130
50 131
50 133
50 142
50 144
50 147
50 149
50 151
50 155
50 157
50 161
50 174
50 176
50 191
50 196
50 197
50 199
50 200
50 204
50 228
50 236
50 238
51 53
51 55
51 59
51 63
51 67
51 68
51 86
51 88
51 90
51 97
51 101
51 102
51 103
51 107
51 110
51 114
51 115
51 116
51 120
51 128
51 130
51 131
51 138
51 154
51 159
51 161
51 164
51 171
51 183
51 185
51 198
51 199
51 208
51 210
51 213
51 223
51 225
51 229
51 231
51 236
51 239
51 241
51 242
52 53
52 55
52 56
52 67
52 69
52 74
52 75
52 79
52 82
52 85
52 87
52 93
52 98
52 103
52 123
52 135
52 143
52 146
52 163
52 167
52 170
52 179
52 186
52 189
52 211
52 220
52 222
52 237
52 238
52 244
52 246
53 55
53 63
53 66
53 67
53 68
53 71
53 72
53 75
53 77
53 78
53 79
53 84
53 85
53 88
53 93
53 95
53 100
53 105
53 107
53 113
53 120
53 121
53 124
53 125
53 126
53 130
53 132
53 134
53 136
53 137
53 147
53 150
53 155
53 156
53 171
53 177
53 182
53 190
53 195
53 196
53 202
53 203
53 205
53 207
53 213
53 217
53 231
53 234
53 249
54 56
54 58
54 60
54 63
54 65
54 68
54 69
54 76
54 78
54 81
54 88
54 95
54 96
54 97
54 100
54 106
54 114
54 121
54 139
54 140
54 146
54 157
54 164
54 177
54 178
54 195
54 207
54 209
54 212
54 232
54 238
54 239
54 242
55 56
55 58
55 59
55 60
55 62
55 64
55 67
55 71
55 89
55 90
55 91
55 95
55 97
55 106
55 110
55 115
55 121
55 123
55 127
55 128
55 166
55 168
55 177
55 194
55 198
55 207
55 210
55 238
56 57
56 59
56 60
56 63
56 64
56 70
56 72
56 73
56 74
56 76
56 80
56 84
56 85
56 87
56 93
56 94
56 98
56 100
56 102
56 111
56 117
56 122
56 129
56 132
56 137
56 139
56 142
56 146
56 150
56 157
56 162
56 168
56 175
56 193
56 194
56 195
56 220
56 229
56 230
56 234
56 247
56 248
57 62
57 80
57 90
57 110
57 118
57 119
57 168
57 172
57 192
57 201
57 213
57 235
57 246
58 62
58 63
58 64
58 65
58 70
58 72
58 91
58 97
58 98
58 99
58 119
58 120
58 127
58 136
58 147
58 148
58 149
58 154
58 156
58 167
58 172
58 173
58 183
58 188
58 197
58 210
58 225
58 229
59 72
59 75
59 77
59 78
59 83
59 90
59 91
59 92
59 94
59 98
59 115
59 117
59 118
59 119
59 127
59 129
59 145
59 149
59 162
59 164
59 166
59 177
59 183
59 184
59 187
59 192
59 194
59 197
59 198
59 218
59 223
59 232
59 235
59 237
59 244
60 61
60 63
60 67
60 73
60 75
60 80
60 82
60 87
60 92
60 98
60 107
60 111
60 113
60 129
60 135
60 139
60 144
60 147
60 148
60 160
60 161
60 173
60 182
60 187
60 196
60 197
60 206
60 208
60 220
60 222
60 244
61 63
61 65
61 66
61 67
61 68
61 79
61 87
61 89
61 96
61 97
61 100
61 105
61 108
61 109
61 123
61 127
61 134
61 135
61 142
61 152
61 173
61 174
61 175
61 183
61 194
61 199
61 200
61 207
61 209
61 215
61 227
61 236
61 240
62 68
62 73
62 78
62 80
62 81
62 83
62 86
62 93
62 97
62 98
62 100
62 112
62 120
62 121
62 128
62 129
62 130
62 146
62 148
62 152
62 179
62 180
62 187
62 206
62 213
62 217
62 219
62 244
62 248
63 65
63 67
63 69
63 72
63 75
63 78
63 79
63 82
63 85
63 91
63 92
63 95
63 97
63 100
63 103
63 106
63 108
63 112
63 114
63 122
63 123
63 127
63 132
63 137
63 143
63 144
63 147
63 165
63 167
63 168
63 169
63 174
63 183
63 184
63 185
63 186
63 193
63 195
63 197
63 198
63 200
63 201
63 206
63 209
63 210
63 213
63 223
63 228
63 230
63 238
63 246
64 66
64 70
64 77
64 78
64 79
64 86
64 89
64 90
64 91
64 92
64 95
64 101
64 105
64 113
64 114
64 126
64 149
64 164
64 165
64 174
64 178
64 179
64 185
64 201
64 203
64 205
64 208
64 211
64 240
65 66
65 70
65 71
65 74
65 75
65 77
65 89
65 93
65 97
65 99
65 102
65 104
65 106
65 112
65 118
65 120
65 128
65 130
65 131
65 136
65 144
65 146
65 147
65 151
65 155
65 170
65 197
65 207
65 212
65 216
65 218
65 219
65 223
65 224
65 234
65 235
65 240
66 68
66 69
66 71
66 72
66 73
66 76
66 79
66 82
66 90
66 95
66 97
66 113
66 121
66 122
66 131
66 143
66 168
66 176
66 178
66 179
66 182
66 184
66 190
66 192
66 203
66 207
66 208
66 214
66 218
66 225
66 229
66 242
66 243
66 245
67 74
67 79
67 81
67 82
67 93
67 94
67 102
67 110
67 111
67 122
67 124
67 126
67 131
67 139
67 142
67 149
67 153
67 156
67 157
67 166
67 169
67 173
67 176
67 192
67 195
67 210
67 219
67 231
68 70
68 73
68 74
68 82
68 86
68 98
68 101
68 102
68 109
68 111
68 123
68 125
68 132
68 138
68 145
68 155
68 164
68 165
68 186
68 190
68 197
68 201
68 230
69 72
69 83
69 94
69 95
69 108
69 124
69 132
69 158
69 161
69 198
69 205
69 220
69 232
70 71
70 72
70 75
70 91
70 108
70 112
70 115
70 117
70 131
70 133
70 139
70 148
70 163
70 181
70 191
70 206
70 229
70 232
70 238
71 72
71 84
71 88
71 98
71 102
71 103
71 106
71 116
71 126
71 138
71 175
71 184
71 192
71 196
71 201
71 236
72 77
72 81
72 83
72 99
72 101
72 107
72 112
72 116
72 118
72 135
72 143
72 149
72 152
72 153
72 158
72 169
72 171
72 176
72 196
72 218
72 235
72 240
72 241
73 74
73 76
73 78
73 83
73 84
73 86
73 100
73 101
73 104
73 113
73 120
73 121
73 123
73 125
73 128
73 142
73 153
73 157
73 159
73 179
73 180
73 181
73 194
73 195
73 239
73 245
73 246
74 76
74 88
74 91
74 95
74 99
74 104
74 110
74 129
74 137
74 143
74 147
74 177
74 178
74 182
74 188
74 196
74 197
74 210
74 219
74 232
74 233
74 246
75 77
75 90
75 104
75 114
75 118
75 119
75 129
75 143
75 160
75 168
75 173
75 197
75 198
75 207
75 224
75 230
75 239
75 240
75 247
76 92
76 103
76 108
76 117
76 120
76 137
76 150
76 162
76 170
76 214
76 217
76 223
76 238
76 246
77 78
77 88
77 97
77 104
77 105
77 114
77 119
77 125
77 127
77 130
77 134
77 177
77 195
77 205
77 219
77 221
77 225
77 232
78 80
78 86
78 90
78 92
78 107
78 108
78 116
78 117
78 141
78 143
78 153
78 161
78 176
78 179
78 182
78 185
78 199
78 203
78 207
78 232
78 246
78 247
79 84
79 107
79 128
79 141
79 153
79 171
79 181
79 187
79 191
79 200
79 231
79 237
80 84
80 86
80 88
80 91
80 104
80 105
80 106
80 119
80 120
80 125
80 137
80 146
80 147
80 155
80 159
80 174
80 175
80 180
80 189
80 196
80 203
80 213
80 217
80 219
80 225
80 228
80 237
81 87
81 88
81 92
81 103
81 122
81 125
81 139
81 152
81 153
81 171
81 181
81 184
81 196
81 202
81 204
81 221
81 223
81 224
81 233
81 234
82 94
82 95
82 104
82 109
82 128
82 140
82 148
82 149
82 159
82 162
82 164
82 180
82 189
82 199
83 92
83 94
83 95
83 99
83 108
83 110
83 159
83 160
83 168
83 171
83 187
83 190
83 202
83 205
83 226
83 249
84 96
84 103
84 104
84 119
84 140
84 151
84 168
84 174
84 186
84 199
84 237
84 248
85 86
85 92
85 96
85 97
85 108
85 110
85 125
85 126
85 127
85 155
85 159
85 160
85 167
85 171
85 185
85 200
85 201
85 203
85 210
85 221
85 236
85 241
85 246
86 90
86 93
86 99
86 101
86 108
86 113
86 123
86 130
86 133
86 136
86 148
86 162
86 164
86 166
86 170
86 191
86 192
86 195
86 228
86 231
87 96
87 105
87 115
87 133
87 150
87 162
87 195
87 225
87 247
88 106
88 133
88 157
88 161
88 162
88 174
88 175
88 176
88 239
88 244
89 103
89 111
89 115
89 122
89 139
89 143
89 149
89 153
89 158
89 167
89 168
89 170
89 175
89 181
89 195
89 196
89 207
89 226
89 237
89 241
90 92
90 100
90 103
90 107
90 116
90 117
90 140
90 144
90 150
90 170
90 177
90 181
90 211
90 213
90 216
90 222
90 246
91 93
91 105
91 110
91 127
91 128
91 129
91 132
91 138
91 143
91 145
91 149
91 152
91 161
91 166
91 172
91 173
91 176
91 182
91 225
91 226
91 227
91 234
91 236
92 96
92 99
92 102
92 104
92 105
92 114
92 115
92 119
92 127
92 134
92 141
92 150
92 160
92 165
92 179
92 180
92 192
92 218
92 221
92 222
92 223
92 226
92 230
93 98
93 114
93 144
93 169
93 173
93 175
93 183
93 197
93 203
93 209
93 231
93 237
93 238
94 124
94 128
94 164
94 169
94 175
94 177
94 200
94 206
94 212
94 217
94 243
95 96
95 98
95 118
95 123
95 126
95 129
95 136
95 140
95 144
95 162
95 169
95 175
95 178
95 184
95 202
95 210
95 214
95 222
95 237
95 244
95 247
95 248
96 105
96 114
96 140
96 143
96 145
96 169
96 173
96 176
96 203
96 206
96 214
96 226
96 242
96 243
97 118
97 124
97 134
97 138
97 181
97 186
98 106
98 107
98 109
98 114
98 115
98 119
98 126
98 128
98 129
98 134
98 149
98 152
98 163
98 165
98 168
98 177
98 184
98 191
98 210
98 217
98 221
98 235
98 238
98 239
99 115
99 121
99 122
99 123
99 126
99 146
99 147
99 154
99 168
99 192
99 193
99 210
99 212
99 215
99 219
99 222
99 223
99 226
99 232
99 246
100 102
100 120
100 125
100 134
100 149
100 160
100 179
100 193
100 194
100 228
101 112
101 247
102 103
102 124
102 129
102 137
102 141
102 146
102 150
102 230
102 235
102 245
103 117
103 122
103 125
103 139
103 165
103 171
103 178
103 181
103 196
103 219
103 232
104 109
104 110
104 111
104 117
104 140
104 147
104 154
104 156
104 158
104 160
104 165
104 171
104 174
104 194
104 202
104 209
104 210
104 214
104 234
105 109
105 112
105 152
105 156
105 165
105 189
106 107
106 109
106 118
106 125
106 141
106 142
106 199
106 224
106 225
106 245
107 108
107 116
107 117
107 119
107 120
107 123
107 126
107 158
107 168
107 174
107 176
107 177
107 189
107 191
107 198
107 242
108 164
108 180
108 192
108 219
109 126
109 134
109 145
109 146
109 158
109 162
109 182
109 187
109 189
109 192
110 112
110 124
110 148
110 151
110 174
110 175
110 178
110 179
110 180
110 207
110 211
110 213
110 221
110 224
110 244
111 120
111 132
111 151
111 155
111 166
111 167
111 172
112 113
112 116
112 161
112 170
112 182
112 187
112 208
112 214
112 221
112 233
112 241
113 126
113 136
113 139
113 153
113 154
113 159
113 161
113 164
113 166
113 176
113 189
113 190
113 193
113 212
113 230
113 239
113 246
114 138
114 199
114 201
114 213
114 216
114 231
114 234
115 125
115 134
115 140
115 146
115 195
115 246
116 141
116 151
116 170
116 187
116 197
116 223
116 242
116 243
116 244
117 130
117 153
117 156
117 163
117 173
117 176
117 181
117 203
117 223
118 121
118 126
118 131
118 139
118 157
118 167
118 170
118 189
118 225
118 249
119 150
119 154
119 158
119 166
119 178
119 182
119 212
119 222
119 226
119 228
119 248
120 126
120 134
120 141
120 142
120 145
120 148
120 156
120 170
120 181
120 184
120 193
120 240
120 243
121 132
121 141
121 153
121 155
121 161
121 178
121 217
121 224
121 227
121 241
122 137
122 146
122 154
122 166
122 175
122 193
122 195
122 228
122 234
123 136
123 138
123 141
123 144
123 152
123 155
123 156
123 159
123 162
123 165
123 178
123 188
123 191
123 216
123 217
123 226
124 136
124 140
124 152
124 179
124 188
124 209
124 213
125 129
125 134
125 139
125 145
125 155
125 161
125 174
125 183
125 190
125 198
125 212
125 216
125 221
125 234
125 237
126 131
126 133
126 136
126 145
126 162
126 187
126 192
126 195
126 218
126 219
126 237
126 240
127 131
127 138
127 145
127 147
127 152
127 157
127 169
127 172
127 175
127 193
127 210
127 219
127 241
127 247
128 137
128 145
128 154
128 155
128 168
128 180
128 184
128 189
128 209
128 218
128 237
128 247
129 133
129 134
129 153
129 157
129 165
129 182
129 196
129 208
129 233
129 238
129 247
130 149
130 150
130 171
130 205
131 153
131 159
131 192
131 194
131 202
131 208
131 210
131 233
132 165
132 166
132 168
132 178
132 205
133 158
133 198
133 208
133 209
133 210
134 141
134 156
134 162
134 183
134 202
134 204
134 207
134 217
134 221
134 224
134 247
134 249
135 147
135 154
135 159
135 177
135 178
135 180
135 181
135 200
135 202
135 230
136 139
136 166
136 168
136 174
136 177
136 184
136 185
136 205
136 206
137 138
137 163
137 168
137 179
137 180
137 184
137 202
137 205
137 206
137 207
137 208
137 209
137 212
137 215
137 221
137 242
138 157
138 162
138 172
138 178
138 180
138 191
138 214
138 220
139 151
139 155
139 163
139 176
139 191
139 193
140 167
140 169
140 188
140 192
140 201
140 216
140 222
140 248
141 150
141 161
141 164
141 198
141 203
141 205
141 208
141 215
141 216
141 224
141 236
141 239
141 248
141 249
142 156
142 160
142 170
142 187
142 188
142 189
142 195
142 197
142 204
142 208
142 248
143 144
143 164
143 169
143 188
143 198
143 201
143 241
143 249
144 147
144 150
144 165
144 168
144 169
144 180
144 182
144 199
144 223
144 235
144 236
144 237
145 170
145 176
145 184
145 238
146 157
146 194
146 196
147 152
147 153
147 162
147 163
147 183
147 186
147 206
147 208
147 245
148 152
148 167
148 172
148 179
149 153
149 156
149 188
149 195
149 207
150 155
150 183
150 206
150 213
150 226
151 152
151 171
151 179
151 188
151 215
151 234
151 235
151 249
152 178
152 199
152 200
152 245
153 160
153 164
153 188
153 211
153 228
153 246
154 158
154 189
154 196
154 235
154 240
154 246
155 168
155 169
155 186
155 191
155 194
155 202
155 204
155 216
155 222
156 190
156 196
156 200
156 202
156 204
156 236
156 243
157 172
157 189
157 220
157 221
157 239
158 160
158 172
158 174
158 195
158 207
158 214
158 227
158 239
159 204
159 215
160 165
160 174
160 182
160 200
160 213
160 230
160 231
160 243
161 171
161 173
161 184
161 197
161 204
161 217
161 226
161 235
161 242
161 243
162 175
162 190
162 196
162 204
162 205
162 206
162 214
162 221
163 165
163 182
163 198
163 224
163 237
163 244
164 172
164 176
164 187
164 190
165 180
165 185
165 198
165 202
165 223
166 198
166 211
166 226
166 227
167 187
167 196
167 197
167 200
167 206
167 220
167 223
167 227
167 249
168 181
168 182
168 197
168 199
168 202
168 215
168 236
168 240
169 187
169 190
169 193
169 198
169 212
169 219
169 244
170 172
170 191
170 193
170 215
170 217
170 249
171 197
171 213
172 193
172 223
172 226
172 229
172 236
173 177
173 185
173 209
173 222
173 229
173 230
174 184
174 247
174 248
175 199
175 218
175 232
176 177
176 184
176 185
176 198
176 213
176 218
176 227
176 239
176 242
177 192
177 201
177 224
177 228
177 240
178 198
178 204
178 221
178 229
178 238
179 194
179 230
179 242
180 186
180 200
181 183
181 223
181 245
181 249
183 214
183 217
183 230
183 243
183 249
184 201
184 206
184 216
184 222
184 237
184 241
185 187
185 194
185 210
185 229
185 237
185 241
185 242
185 245
186 190
186 207
186 220
186 233
186 249
187 189
187 213
187 216
187 233
187 235
188 201
188 212
188 222
188 244
189 206
189 214
190 209
190 218
191 209
191 214
191 242
192 201
192 203
193 214
194 211
195 221
195 237
196 197
196 214
196 216
196 231
197 213
197 249
198 203
198 241
199 208
199 216
199 243
201 219
201 233
202 205
202 216
204 238
205 220
205 227
205 235
206 230
207 220
207 233
208 228
208 229
208 232
208 233
209 215
209 244
209 247
210 218
211 214
211 215
211 220
211 237
212 231
212 234
212 237
212 238
213 229
213 241
215 220
215 228
216 233
216 246
218 232
218 236
219 228
219 238
219 241
219 242
223 233
223 240
226 235
226 248
227 245
228 244
230 240
231 248
232 248
233 241
235 239
237 241
239 246
