0 1
0 2
0 3
0 4
0 5
0 6
0 7
0 8
0 9
0 10
0 11
0 12
0 13
0 14
0 15
0 16
0 17
0 18
0 19
0 20
0 21
0 22
0 23
0 24
0 25
0 26
0 27
0 28
0 29
0 31
0 32
0 33
0 34
0 36
0 37
0 38
0 39
0 40
0 41
0 42
0 43
0 44
0 45
0 46
0 47
0 48
0 49
0 51
0 53
0 55
0 57
0 65
0 68
0 70
0 74
0 75
0 77
0 79
0 80
0 81
0 83
0 88
0 90
0 94
0 101
0 110
0 113
0 117
0 121
0 123
0 125
0 127
0 128
0 140
0 141
0 143
0 148
0 150
0 151
0 160
0 164
0 166
0 170
0 181
0 186
0 187
0 188
0 191
0 193
0 198
0 206
0 211
0 215
0 222
0 228
0 231
0 236
0 237
1 21
1 23
1 24
1 26
1 27
1 29
1 31
1 32
1 38
1 41
1 43
1 44
1 47
1 49
1 51
1 63
1 65
1 68
1 69
1 70
1 71
1 77
1 85
1 88
1 89
1 92
1 93
1 98
1 101
1 104
1 109
1 114
1 130
1 139
1 143
1 155
1 158
1 163
1 165
1 166
1 173
1 180
1 183
1 187
1 197
1 202
1 206
1 207
1 210
1 212
1 214
1 225
1 232
2 21
2 22
2 23
2 24
2 25
2 27
2 28
2 29
2 30
2 32
2 36
2 42
2 43
2 47
2 49
2 52
2 53
2 54
2 56
2 57
2 59
2 72
2 75
2 76
2 77
2 82
2 86
2 87
2 89
2 102
2 107
2 128
2 136
2 146
2 157
2 158
2 175
2 184
2 190
2 195
2 198
2 217
2 220
2 237
2 240
2 245
3 21
3 22
3 23
3 24
3 25
3 26
3 27
3 28
3 29
3 32
3 33
3 34
3 35
3 39
3 40
3 49
3 50
3 53
3 55
3 57
3 59
3 64
3 71
3 74
3 75
3 79
3 94
3 98
3 105
3 118
3 127
3 133
3 134
3 140
3 147
3 150
3 158
3 168
3 171
3 172
3 182
3 191
3 192
3 198
3 203
3 206
3 210
3 211
3 223
3 234
4 21
4 22
4 23
4 24
4 25
4 26
4 27
4 29
4 30
4 33
4 35
4 55
4 59
4 62
4 66
4 69
4 78
4 80
4 88
4 90
4 93
4 95
4 99
4 102
4 103
4 105
4 118
4 119
4 138
4 159
4 171
4 172
4 176
4 185
4 192
4 193
4 194
4 200
4 220
4 246
5 21
5 22
5 23
5 24
5 26
5 28
5 31
5 34
5 36
5 37
5 39
5 44
5 52
5 56
5 68
5 70
5 71
5 76
5 89
5 91
5 101
5 111
5 113
5 121
5 124
5 142
5 147
5 150
5 154
5 164
5 180
5 190
5 195
5 213
5 222
5 233
5 242
6 21
6 22
6 23
6 26
6 28
6 33
6 36
6 45
6 48
6 49
6 50
6 52
6 62
6 65
6 67
6 71
6 72
6 86
6 109
6 110
6 113
6 117
6 128
6 130
6 132
6 137
6 141
6 144
6 145
6 154
6 166
6 191
6 193
6 201
6 205
6 209
6 216
6 225
6 226
7 21
7 22
7 23
7 24
7 25
7 27
7 28
7 31
7 33
7 38
7 40
7 43
7 48
7 53
7 54
7 58
7 59
7 60
7 63
7 64
7 66
7 76
7 79
7 82
7 85
7 86
7 94
7 96
7 97
7 111
7 122
7 125
7 141
7 154
7 162
7 171
7 185
7 203
7 231
7 240
8 22
8 23
8 26
8 28
8 29
8 31
8 33
8 34
8 35
8 36
8 38
8 40
8 41
8 44
8 45
8 46
8 47
8 50
8 55
8 56
8 63
8 65
8 68
8 69
8 73
8 74
8 89
8 93
8 98
8 103
8 107
8 113
8 117
8 124
8 132
8 133
8 150
8 151
8 155
8 163
8 165
8 168
8 181
8 184
8 186
8 216
8 224
8 246
9 21
9 22
9 24
9 25
9 27
9 29
9 30
9 31
9 34
9 36
9 37
9 39
9 40
9 42
9 46
9 48
9 49
9 50
9 51
9 55
9 57
9 58
9 59
9 61
9 63
9 64
9 70
9 81
9 92
9 93
9 94
9 97
9 106
9 107
9 110
9 115
9 119
9 134
9 137
9 139
9 144
9 150
9 158
9 161
9 163
9 171
9 182
9 203
9 225
9 228
9 232
9 237
10 21
10 22
10 24
10 26
10 27
10 29
10 32
10 34
10 35
10 38
10 41
10 61
10 79
10 83
10 111
10 112
10 118
10 120
10 130
10 134
10 139
10 143
10 147
10 184
10 201
10 215
10 220
10 229
11 21
11 22
11 23
11 24
11 25
11 26
11 27
11 28
11 29
11 30
11 32
11 36
11 37
11 38
11 40
11 41
11 43
11 44
11 51
11 53
11 54
11 56
11 68
11 71
11 75
11 78
11 81
11 90
11 92
11 95
11 96
11 119
11 125
11 126
11 133
11 144
11 146
11 156
11 157
11 161
11 171
11 181
11 183
11 194
11 195
11 199
11 207
11 219
11 224
11 236
11 239
11 244
11 246
11 248
12 21
12 22
12 23
12 25
12 26
12 28
12 30
12 31
12 33
12 35
12 44
12 45
12 52
12 56
12 58
12 60
12 61
12 63
12 70
12 74
12 76
12 81
12 82
12 84
12 86
12 89
12 95
12 103
12 111
12 115
12 122
12 124
12 149
12 170
12 173
12 185
12 194
12 219
12 222
12 230
12 232
12 237
12 246
12 248
13 21
13 22
13 23
13 24
13 25
13 26
13 27
13 28
13 29
13 30
13 31
13 33
13 36
13 37
13 39
13 40
13 41
13 44
13 47
13 53
13 55
13 56
13 59
13 60
13 62
13 66
13 68
13 75
13 96
13 116
13 126
13 129
13 138
13 159
13 175
13 176
13 185
13 188
13 190
13 194
13 205
13 209
13 218
13 219
13 223
13 245
14 21
14 22
14 23
14 24
14 25
14 26
14 27
14 28
14 29
14 31
14 32
14 35
14 39
14 42
14 45
14 47
14 48
14 50
14 52
14 55
14 58
14 61
14 65
14 67
14 70
14 72
14 74
14 84
14 85
14 88
14 90
14 113
14 114
14 116
14 127
14 141
14 146
14 148
14 151
14 152
14 153
14 155
14 159
14 161
14 169
14 178
14 181
14 182
14 186
14 196
14 210
14 218
14 219
14 229
14 248
15 21
15 22
15 23
15 24
15 25
15 26
15 27
15 28
15 29
15 30
15 31
15 32
15 34
15 35
15 38
15 39
15 44
15 58
15 76
15 77
15 79
15 80
15 88
15 90
15 92
15 95
15 123
15 135
15 137
15 147
15 152
15 155
15 157
15 167
15 173
15 180
15 181
15 188
15 202
15 208
15 209
15 217
15 249
16 21
16 22
16 23
16 24
16 25
16 31
16 41
16 42
16 45
16 46
16 59
16 60
16 61
16 62
16 66
16 67
16 77
16 87
16 90
16 99
16 102
16 103
16 107
16 108
16 112
16 113
16 116
16 128
16 139
16 142
16 147
16 158
16 169
16 170
16 177
16 182
16 184
16 195
16 212
16 214
16 216
16 217
16 220
16 222
16 225
16 226
16 227
16 233
16 236
16 243
16 246
17 21
17 23
17 24
17 25
17 26
17 28
17 30
17 32
17 33
17 35
17 36
17 37
17 39
17 40
17 46
17 49
17 50
17 56
17 59
17 61
17 65
17 75
17 83
17 88
17 90
17 94
17 99
17 105
17 106
17 107
17 108
17 110
17 114
17 117
17 124
17 126
17 133
17 134
17 141
17 148
17 150
17 151
17 153
17 154
17 159
17 167
17 173
17 185
17 192
17 197
17 201
17 203
17 205
17 208
17 221
17 230
18 21
18 22
18 24
18 25
18 26
18 27
18 30
18 33
18 34
18 36
18 37
18 38
18 40
18 42
18 43
18 46
18 48
18 51
18 54
18 57
18 64
18 66
18 71
18 76
18 77
18 78
18 81
18 82
18 100
18 108
18 111
18 121
18 123
18 128
18 142
18 144
18 157
18 169
18 176
18 188
18 201
18 210
18 231
19 21
19 22
19 23
19 24
19 25
19 27
19 30
19 36
19 37
19 38
19 42
19 64
19 67
19 83
19 97
19 109
19 110
19 117
19 139
19 158
19 165
19 222
19 229
19 232
20 21
20 22
20 23
20 25
20 28
20 30
20 32
20 34
20 36
20 39
20 41
20 45
20 49
20 63
20 66
20 67
20 69
20 73
20 75
20 79
20 82
20 84
20 94
20 105
20 107
20 111
20 120
20 128
20 141
20 146
20 155
20 157
20 171
20 173
20 178
20 192
20 200
20 202
20 215
20 224
20 228
21 22
21 23
21 24
21 25
21 26
21 27
21 28
21 29
21 30
21 31
21 32
21 34
21 36
21 38
21 39
21 40
21 41
21 42
21 43
21 45
21 46
21 48
21 49
21 50
21 51
21 52
21 53
21 54
21 55
21 59
21 68
21 71
21 78
21 80
21 81
21 83
21 84
21 86
21 97
21 98
21 99
21 102
21 107
21 108
21 114
21 115
21 126
21 128
21 131
21 135
21 136
21 137
21 142
21 147
21 150
21 154
21 163
21 165
21 166
21 167
21 168
21 183
21 184
21 188
21 191
21 202
21 208
21 219
21 221
21 223
21 224
21 226
21 230
21 232
21 237
21 238
21 242
21 245
22 23
22 24
22 25
22 26
22 27
22 28
22 29
22 30
22 31
22 32
22 33
22 34
22 35
22 36
22 37
22 39
22 42
22 43
22 44
22 45
22 46
22 47
22 48
22 50
22 51
22 52
22 54
22 55
22 56
22 57
22 58
22 60
22 61
22 64
22 68
22 69
22 71
22 72
22 73
22 74
22 78
22 81
22 82
22 84
22 88
22 89
22 90
22 94
22 95
22 97
22 99
22 104
22 107
22 109
22 110
22 114
22 115
22 117
22 118
22 120
22 121
22 122
22 124
22 125
22 126
22 127
22 128
22 129
22 130
22 131
22 141
22 142
22 150
22 155
22 156
22 157
22 160
22 161
22 184
22 191
22 193
22 200
22 206
22 207
22 210
22 212
22 216
22 218
22 224
22 229
22 230
22 232
22 234
22 237
22 239
22 243
23 24
23 25
23 26
23 27
23 28
23 29
23 30
23 31
23 32
23 33
23 34
23 35
23 36
23 39
23 40
23 41
23 43
23 45
23 46
23 47
23 48
23 51
23 53
23 54
23 58
23 59
23 61
23 62
23 66
23 71
23 72
23 73
23 76
23 78
23 81
23 82
23 86
23 91
23 93
23 94
23 96
23 97
23 101
23 102
23 105
23 107
23 108
23 109
23 110
23 113
23 114
23 116
23 121
23 123
23 128
23 132
23 133
23 135
23 139
23 143
23 145
23 151
23 160
23 162
23 163
23 166
23 177
23 179
23 181
23 183
23 186
23 187
23 188
23 191
23 203
23 205
23 206
23 208
23 215
23 220
23 223
23 225
23 227
23 229
23 234
23 237
23 239
23 243
24 25
24 26
24 27
24 28
24 29
24 30
24 31
24 32
24 33
24 34
24 35
24 37
24 38
24 39
24 40
24 43
24 45
24 46
24 47
24 48
24 50
24 52
24 55
24 57
24 59
24 60
24 62
24 65
24 68
24 69
24 73
24 75
24 77
24 78
24 87
24 88
24 91
24 92
24 96
24 101
24 104
24 112
24 116
24 121
24 124
24 125
24 127
24 133
24 134
24 135
24 136
24 137
24 138
24 139
24 141
24 145
24 147
24 154
24 157
24 162
24 165
24 167
24 176
24 178
24 180
24 182
24 183
24 187
24 189
24 194
24 195
24 198
24 203
24 204
24 206
24 216
24 220
24 222
24 223
24 226
24 234
24 237
24 240
24 244
24 249
25 26
25 27
25 29
25 30
25 31
25 32
25 33
25 34
25 35
25 36
25 38
25 40
25 45
25 46
25 47
25 48
25 49
25 50
25 54
25 57
25 59
25 60
25 61
25 62
25 63
25 70
25 72
25 74
25 75
25 77
25 86
25 89
25 90
25 96
25 97
25 99
25 100
25 101
25 102
25 110
25 118
25 120
25 122
25 124
25 129
25 135
25 136
25 137
25 140
25 146
25 152
25 154
25 158
25 161
25 165
25 167
25 168
25 170
25 173
25 175
25 176
25 178
25 183
25 184
25 186
25 189
25 190
25 193
25 196
25 208
25 211
25 215
25 219
25 225
25 229
25 231
25 235
25 240
25 242
25 247
26 27
26 28
26 29
26 30
26 31
26 32
26 33
26 35
26 37
26 38
26 39
26 42
26 43
26 46
26 47
26 50
26 51
26 52
26 53
26 55
26 56
26 57
26 62
26 65
26 74
26 82
26 91
26 93
26 98
26 103
26 107
26 108
26 109
26 115
26 120
26 122
26 126
26 133
26 136
26 138
26 141
26 142
26 145
26 148
26 153
26 157
26 164
26 178
26 179
26 188
26 190
26 204
26 212
26 222
26 235
26 248
27 28
27 29
27 30
27 31
27 32
27 33
27 34
27 35
27 37
27 39
27 40
27 41
27 42
27 45
27 48
27 49
27 50
27 52
27 54
27 56
27 57
27 58
27 60
27 61
27 64
27 65
27 66
27 67
27 69
27 70
27 72
27 73
27 75
27 80
27 81
27 83
27 84
27 85
27 89
27 93
27 97
27 103
27 104
27 109
27 111
27 112
27 118
27 120
27 122
27 127
27 134
27 136
27 144
27 148
27 151
27 158
27 159
27 162
27 163
27 170
27 176
27 182
27 185
27 186
27 190
27 199
27 200
27 205
27 217
27 227
27 228
27 230
27 231
27 243
27 247
27 248
28 29
28 30
28 31
28 33
28 34
28 35
28 37
28 38
28 40
28 41
28 42
28 44
28 45
28 48
28 49
28 50
28 51
28 52
28 53
28 56
28 60
28 62
28 63
28 66
28 68
28 73
28 74
28 77
28 79
28 85
28 89
28 90
28 92
28 93
28 97
28 99
28 111
28 112
28 120
28 121
28 122
28 129
28 130
28 132
28 136
28 140
28 142
28 150
28 154
28 166
28 169
28 171
28 178
28 180
28 189
28 204
28 207
28 209
28 217
28 226
28 234
28 237
28 238
28 239
28 241
29 30
29 31
29 32
29 33
29 34
29 35
29 36
29 37
29 38
29 39
29 41
29 42
29 43
29 44
29 46
29 47
29 48
29 49
29 51
29 52
29 53
29 54
29 55
29 57
29 60
29 61
29 64
29 65
29 67
29 68
29 70
29 71
29 72
29 73
29 74
29 76
29 77
29 78
29 80
29 81
29 82
29 83
29 87
29 88
29 90
29 91
29 96
29 100
29 103
29 107
29 108
29 109
29 111
29 115
29 118
29 119
29 122
29 123
29 124
29 125
29 127
29 128
29 131
29 137
29 138
29 142
29 143
29 146
29 151
29 156
29 157
29 158
29 160
29 161
29 165
29 166
29 172
29 175
29 179
29 187
29 188
29 190
29 196
29 198
29 199
29 205
29 208
29 209
29 210
29 211
29 222
29 224
29 226
29 227
29 233
29 234
29 236
29 237
29 241
29 245
29 247
29 248
30 32
30 33
30 34
30 35
30 36
30 37
30 38
30 40
30 41
30 42
30 43
30 44
30 45
30 46
30 47
30 48
30 49
30 50
30 52
30 54
30 56
30 57
30 58
30 59
30 60
30 61
30 63
30 64
30 70
30 71
30 72
30 73
30 79
30 81
30 84
30 86
30 96
30 101
30 102
30 110
30 111
30 121
30 123
30 126
30 128
30 129
30 135
30 136
30 146
30 147
30 149
30 150
30 160
30 166
30 170
30 173
30 175
30 179
30 183
30 194
30 200
30 201
30 204
30 213
30 216
30 219
30 226
30 232
30 234
30 235
30 242
30 247
31 32
31 33
31 34
31 35
31 37
31 39
31 40
31 41
31 42
31 43
31 44
31 46
31 47
31 48
31 49
31 50
31 51
31 53
31 55
31 58
31 63
31 67
31 71
31 73
31 75
31 76
31 79
31 80
31 84
31 85
31 86
31 87
31 91
31 94
31 97
31 98
31 101
31 104
31 106
31 114
31 116
31 120
31 123
31 129
31 133
31 139
31 144
31 146
31 148
31 149
31 151
31 153
31 161
31 162
31 165
31 171
31 181
31 182
31 198
31 201
31 203
31 204
31 205
31 207
31 220
31 224
31 229
31 231
31 240
31 242
32 36
32 37
32 38
32 41
32 43
32 46
32 50
32 51
32 52
32 56
32 57
32 58
32 60
32 62
32 63
32 66
32 67
32 69
32 70
32 71
32 72
32 78
32 79
32 80
32 81
32 83
32 84
32 86
32 87
32 88
32 91
32 93
32 102
32 103
32 111
32 116
32 120
32 122
32 124
32 129
32 132
32 148
32 150
32 151
32 161
32 163
32 176
32 192
32 193
32 198
32 200
32 202
32 205
32 218
32 219
32 223
32 225
32 245
33 34
33 35
33 36
33 37
33 38
33 39
33 42
33 43
33 44
33 51
33 52
33 53
33 54
33 55
33 56
33 57
33 61
33 62
33 63
33 64
33 73
33 75
33 76
33 82
33 91
33 92
33 98
33 99
33 100
33 103
33 105
33 115
33 127
33 134
33 149
33 150
33 152
33 156
33 164
33 166
33 167
33 172
33 176
33 192
33 195
33 197
33 206
33 210
33 221
33 227
33 228
33 230
33 234
33 235
33 246
33 247
33 249
34 35
34 37
34 39
34 40
34 41
34 44
34 45
34 47
34 50
34 54
34 57
34 59
34 60
34 61
34 65
34 67
34 73
34 75
34 78
34 80
34 84
34 92
34 98
34 100
34 104
34 107
34 110
34 114
34 115
34 124
34 126
34 127
34 128
34 135
34 141
34 146
34 153
34 157
34 159
34 163
34 172
34 175
34 194
34 195
34 198
34 202
34 204
34 210
34 213
34 221
34 224
34 226
34 230
34 242
34 244
35 38
35 41
35 42
35 43
35 46
35 48
35 49
35 51
35 54
35 63
35 64
35 65
35 72
35 78
35 79
35 80
35 82
35 85
35 88
35 92
35 95
35 100
35 105
35 106
35 109
35 115
35 116
35 120
35 121
35 129
35 130
35 131
35 132
35 134
35 146
35 150
35 165
35 166
35 169
35 177
35 182
35 184
35 187
35 196
35 210
35 220
35 232
35 236
35 238
35 244
35 245
35 247
36 37
36 39
36 40
36 44
36 47
36 49
36 51
36 52
36 54
36 55
36 59
36 61
36 63
36 68
36 69
36 74
36 76
36 89
36 90
36 91
36 93
36 96
36 100
36 105
36 112
36 119
36 125
36 126
36 131
36 133
36 134
36 136
36 137
36 158
36 159
36 160
36 161
36 162
36 164
36 166
36 167
36 169
36 176
36 187
36 189
36 191
36 192
36 220
36 222
36 224
36 227
36 249
37 38
37 41
37 42
37 43
37 44
37 47
37 48
37 49
37 50
37 51
37 55
37 64
37 67
37 76
37 77
37 81
37 87
37 90
37 95
37 98
37 100
37 110
37 113
37 115
37 116
37 121
37 130
37 134
37 136
37 141
37 149
37 150
37 156
37 158
37 162
37 176
37 193
37 194
37 196
37 203
37 206
37 225
37 226
37 229
37 239
37 247
37 248
38 41
38 42
38 43
38 44
38 46
38 51
38 53
38 64
38 67
38 72
38 73
38 75
38 77
38 78
38 79
38 88
38 89
38 90
38 93
38 95
38 97
38 98
38 100
38 102
38 106
38 108
38 115
38 123
38 127
38 131
38 139
38 143
38 145
38 149
38 152
38 156
38 170
38 171
38 174
38 182
38 191
38 197
38 199
38 201
38 208
38 216
38 221
38 228
38 243
38 248
39 40
39 42
39 44
39 47
39 53
39 56
39 60
39 63
39 66
39 69
39 71
39 75
39 76
39 79
39 85
39 87
39 88
39 89
39 91
39 93
39 94
39 101
39 102
39 104
39 114
39 134
39 138
39 140
39 142
39 144
39 153
39 154
39 163
39 188
39 189
39 190
39 194
39 196
39 197
39 214
39 224
39 234
39 236
39 239
39 242
39 243
39 246
40 44
40 45
40 50
40 55
40 57
40 65
40 68
40 69
40 78
40 83
40 88
40 92
40 93
40 94
40 96
40 97
40 98
40 99
40 103
40 114
40 128
40 130
40 131
40 136
40 155
40 159
40 170
40 171
40 172
40 186
40 188
40 197
40 202
40 207
40 208
40 211
40 214
40 231
40 246
40 247
41 45
41 47
41 52
41 57
41 59
41 63
41 65
41 66
41 69
41 70
41 74
41 75
41 79
41 80
41 84
41 87
41 95
41 102
41 113
41 134
41 140
41 144
41 151
41 159
41 162
41 171
41 172
41 180
41 183
41 184
41 187
41 194
41 202
41 209
41 215
41 217
41 230
42 43
42 45
42 48
42 52
42 54
42 55
42 56
42 58
42 59
42 60
42 62
42 63
42 64
42 68
42 71
42 76
42 87
42 104
42 107
42 114
42 117
42 119
42 127
42 129
42 132
42 133
42 135
42 154
42 159
42 174
42 177
42 183
42 188
42 189
42 194
42 212
42 219
42 228
42 237
42 238
43 45
43 46
43 47
43 49
43 54
43 57
43 59
43 62
43 66
43 71
43 73
43 77
43 78
43 81
43 85
43 87
43 91
43 106
43 109
43 116
43 118
43 119
43 122
43 127
43 130
43 131
43 137
43 144
43 148
43 152
43 159
43 160
43 167
43 173
43 182
43 190
43 194
43 239
43 245
44 48
44 50
44 53
44 56
44 57
44 58
44 59
44 63
44 64
44 65
44 68
44 70
44 80
44 84
44 90
44 95
44 96
44 100
44 101
44 102
44 103
44 104
44 117
44 119
44 122
44 130
44 132
44 133
44 139
44 142
44 148
44 159
44 161
44 163
44 167
44 172
44 174
44 185
44 189
44 192
44 206
44 214
44 218
44 233
44 242
44 244
45 46
45 49
45 54
45 58
45 60
45 62
45 64
45 69
45 71
45 78
45 89
45 92
45 95
45 96
45 101
45 104
45 106
45 108
45 142
45 145
45 147
45 149
45 153
45 156
45 164
45 172
45 178
45 180
45 187
45 196
45 200
45 204
45 217
45 219
45 222
45 223
45 244
45 245
45 246
46 51
46 53
46 54
46 55
46 60
46 62
46 64
46 66
46 74
46 76
46 83
46 91
46 92
46 100
46 102
46 109
46 117
46 118
46 123
46 125
46 127
46 131
46 135
46 147
46 148
46 149
46 155
46 167
46 169
46 174
46 175
46 179
46 183
46 195
46 202
46 204
46 206
46 209
46 215
46 220
46 234
46 236
46 248
47 52
47 61
47 70
47 74
47 78
47 79
47 91
47 93
47 94
47 97
47 99
47 100
47 105
47 107
47 112
47 138
47 152
47 169
47 189
47 193
47 205
47 228
47 240
47 249
48 52
48 53
48 56
48 60
48 62
48 77
48 83
48 84
48 85
48 87
48 88
48 91
48 94
48 95
48 98
48 100
48 104
48 106
48 109
48 115
48 126
48 127
48 134
48 137
48 138
48 139
48 140
48 144
48 145
48 146
48 152
48 156
48 161
48 162
48 164
48 168
48 174
48 177
48 186
48 211
48 227
48 230
48 237
48 238
49 58
49 61
49 67
49 68
49 70
49 82
49 87
49 94
49 100
49 104
49 106
49 107
49 112
49 116
49 119
49 124
49 147
49 149
49 153
49 155
49 160
49 168
49 169
49 175
49 178
49 185
49 192
49 208
49 215
49 221
49 248
50 51
50 53
50 64
50 75
50 80
50 81
50 87
50 89
50 92
50 97
50 98
50 115
50 118
50 120
50 123
50 124
50 125
50 126
50 136
50 137
50 139
50 145
50 152
50 155
50 157
50 164
50 170
50 179
50 180
50 182
50 183
50 186
50 201
50 202
50 216
50 227
50 240
50 248
51 53
51 58
51 60
51 61
51 65
51 66
51 80
51 81
51 85
51 91
51 93
51 96
51 102
51 111
51 119
51 132
51 135
51 136
51 140
51 148
51 149
51 157
51 169
51 172
51 177
51 187
51 192
51 195
51 197
51 200
51 215
51 222
51 240
51 242
51 246
52 54
52 57
52 65
52 67
52 69
52 72
52 83
52 85
52 95
52 99
52 106
52 108
52 110
52 114
52 143
52 152
52 155
52 159
52 160
52 163
52 167
52 170
52 176
52 203
52 205
52 207
52 209
52 213
52 222
52 226
52 232
52 233
52 236
52 238
52 240
53 55
53 56
53 58
53 59
53 62
53 63
53 65
53 67
53 68
53 74
53 79
53 87
53 91
53 92
53 94
53 97
53 101
53 103
53 104
53 116
53 117
53 121
53 129
53 130
53 135
53 140
53 142
53 143
53 146
53 150
53 153
53 154
53 158
53 163
53 172
53 174
53 175
53 181
53 183
53 192
53 193
53 196
53 197
53 202
53 203
53 205
53 213
53 220
53 223
53 235
54 58
54 67
54 73
54 75
54 79
54 83
54 91
54 92
54 106
54 112
54 114
54 128
54 130
54 131
54 145
54 154
54 162
54 175
54 181
54 182
54 189
54 194
54 228
54 234
54 235
54 238
54 242
55 56
55 58
55 60
55 64
55 65
55 68
55 69
55 70
55 72
55 76
55 81
55 83
55 107
55 113
55 116
55 139
55 142
55 151
55 173
55 179
55 189
55 197
55 214
55 227
55 242
55 249
56 61
56 62
56 65
56 69
56 72
56 74
56 80
56 85
56 87
56 89
56 96
56 98
56 99
56 102
56 104
56 105
56 109
56 112
56 115
56 119
56 120
56 121
56 122
56 123
56 124
56 134
56 138
56 140
56 149
56 159
56 161
56 162
56 170
56 172
56 176
56 180
56 186
56 195
56 197
56 206
56 209
56 216
56 220
56 229
56 232
56 237
56 238
56 239
56 241
57 58
57 61
57 62
57 73
57 105
57 133
57 134
57 135
57 142
57 146
57 160
57 164
57 165
57 168
57 191
57 196
57 198
57 209
57 224
57 233
57 238
57 242
58 66
58 68
58 69
58 73
58 84
58 86
58 100
58 119
58 121
58 134
58 141
58 149
58 174
58 177
58 179
58 205
58 226
58 227
58 242
59 62
59 67
59 70
59 80
59 81
59 84
59 87
59 97
59 99
59 101
59 103
59 104
59 112
59 114
59 124
59 129
59 133
59 135
59 136
59 142
59 146
59 147
59 155
59 166
59 176
59 182
59 188
59 194
59 195
59 210
59 214
59 221
59 223
60 66
60 73
60 74
60 78
60 79
60 80
60 83
60 85
60 86
60 93
60 115
60 117
60 131
60 132
60 134
60 140
60 142
60 146
60 151
60 153
60 154
60 156
60 161
60 164
60 171
60 188
60 191
60 203
60 205
60 206
60 207
60 219
60 228
60 237
61 66
61 70
61 77
61 86
61 99
61 101
61 102
61 103
61 108
61 115
61 130
61 138
61 159
61 160
61 173
61 197
61 207
61 209
61 219
61 228
62 63
62 64
62 67
62 69
62 70
62 72
62 80
62 84
62 86
62 88
62 90
62 96
62 99
62 107
62 108
62 116
62 117
62 136
62 138
62 149
62 164
62 169
62 173
62 177
62 205
62 212
62 216
62 227
62 245
63 66
63 70
63 71
63 76
63 79
63 106
63 107
63 108
63 112
63 119
63 121
63 125
63 134
63 148
63 152
63 164
63 213
64 71
64 72
64 74
64 81
64 86
64 87
64 94
64 96
64 110
64 117
64 145
64 149
64 152
64 157
64 198
64 200
64 210
64 249
65 66
65 67
65 72
65 76
65 83
65 84
65 88
65 98
65 99
65 100
65 102
65 104
65 106
65 107
65 111
65 118
65 120
65 123
65 125
65 143
65 145
65 156
65 166
65 172
65 174
65 178
65 187
65 189
65 195
65 206
65 210
65 217
65 219
65 240
65 242
65 249
66 67
66 69
66 71
66 72
66 73
66 75
66 77
66 79
66 80
66 81
66 84
66 85
66 86
66 94
66 96
66 104
66 105
66 112
66 116
66 117
66 128
66 129
66 132
66 137
66 146
66 148
66 150
66 157
66 159
66 163
66 170
66 176
66 179
66 181
66 186
66 204
66 212
66 233
66 237
66 241
66 243
66 246
67 68
67 69
67 77
67 87
67 89
67 92
67 93
67 95
67 98
67 105
67 113
67 129
67 138
67 149
67 167
67 172
67 178
67 187
67 199
67 205
67 211
67 217
67 223
67 236
67 241
68 72
68 78
68 90
68 92
68 101
68 108
68 114
68 117
68 132
68 138
68 140
68 158
68 160
68 164
68 166
68 173
68 182
68 209
68 215
68 216
68 219
68 222
68 233
68 241
69 73
69 74
69 76
69 77
69 82
69 84
69 88
69 93
69 103
69 105
69 113
69 115
69 120
69 121
69 129
69 133
69 142
69 148
69 172
69 173
69 174
69 182
69 192
69 193
69 206
69 208
69 213
69 225
69 238
69 245
69 248
70 75
70 76
70 80
70 82
70 87
70 89
70 97
70 101
70 104
70 106
70 108
70 111
70 112
70 124
70 135
70 141
70 147
70 148
70 152
70 164
70 184
70 187
70 188
70 193
70 211
70 224
70 225
70 226
70 229
70 230
70 242
70 244
71 82
71 83
71 86
71 89
71 92
71 97
71 106
71 108
71 114
71 117
71 123
71 128
71 129
71 131
71 137
71 144
71 145
71 147
71 162
71 163
71 164
71 165
71 169
71 174
71 177
71 184
71 192
71 210
71 212
71 213
71 215
71 231
71 232
71 239
71 242
71 245
72 85
72 88
72 89
72 93
72 101
72 110
72 112
72 118
72 119
72 121
72 126
72 135
72 146
72 155
72 156
72 163
72 169
72 170
72 175
72 191
72 201
72 203
72 218
72 234
72 243
73 74
73 78
73 83
73 84
73 112
73 121
73 122
73 124
73 136
73 144
73 154
73 187
73 214
73 217
73 237
73 241
73 247
74 82
74 86
74 97
74 99
74 112
74 120
74 125
74 126
74 153
74 157
74 160
74 166
74 168
74 179
74 195
74 207
74 227
74 233
74 234
75 77
75 82
75 94
75 96
75 98
75 103
75 108
75 113
75 114
75 125
75 127
75 129
75 132
75 133
75 138
75 143
75 150
75 161
75 168
75 179
75 228
75 229
75 233
75 238
76 77
76 78
76 82
76 86
76 102
76 104
76 108
76 119
76 125
76 128
76 131
76 155
76 157
76 164
76 178
76 179
76 200
76 201
76 209
76 244
77 82
77 90
77 97
77 100
77 101
77 105
77 106
77 126
77 132
77 137
77 141
77 146
77 152
77 156
77 171
77 173
77 180
77 201
77 241
78 83
78 91
78 99
78 101
78 105
78 116
78 126
78 131
78 135
78 136
78 144
78 145
78 156
78 162
78 167
78 181
78 187
78 204
78 208
78 210
78 213
78 214
78 222
78 228
78 231
78 243
79 85
79 95
79 101
79 108
79 115
79 116
79 118
79 120
79 128
79 137
79 168
79 169
79 188
79 190
79 207
79 212
79 213
79 228
79 231
80 88
80 89
80 95
80 96
80 133
80 138
80 151
80 155
80 198
80 201
80 204
80 211
80 229
81 82
81 83
81 85
81 86
81 92
81 103
81 106
81 110
81 138
81 142
81 171
81 176
81 181
81 188
81 197
81 211
81 212
81 227
81 235
81 238
82 95
82 96
82 106
82 110
82 114
82 116
82 121
82 126
82 129
82 147
82 151
82 153
82 156
82 168
82 177
82 188
82 192
82 193
82 196
82 219
82 224
82 226
82 227
82 237
82 239
83 85
83 127
83 135
83 165
83 177
83 178
83 201
83 215
83 225
83 241
84 85
84 92
84 98
84 99
84 102
84 109
84 115
84 123
84 133
84 136
84 140
84 153
84 162
84 166
84 171
84 180
84 189
84 190
84 194
84 198
84 207
84 211
84 212
84 219
84 228
84 235
84 239
85 90
85 91
85 95
85 100
85 102
85 111
85 124
85 130
85 148
85 149
85 150
85 156
85 158
85 166
85 175
85 185
85 196
85 198
85 238
85 249
86 93
86 94
86 103
86 109
86 115
86 122
86 130
86 140
86 146
86 152
86 156
86 173
86 174
86 181
86 187
86 194
86 204
86 207
86 216
86 217
86 218
86 225
86 241
86 242
86 245
87 105
87 110
87 113
87 123
87 148
87 174
87 184
87 208
87 225
87 238
87 239
88 90
88 104
88 105
88 118
88 119
88 124
88 125
88 139
88 140
88 161
88 162
88 203
88 219
88 230
88 231
89 91
89 98
89 99
89 109
89 118
89 119
89 130
89 147
89 148
89 151
89 152
89 172
89 182
89 196
89 205
89 209
89 217
89 218
89 225
90 94
90 95
90 117
90 122
90 132
90 143
90 173
90 174
90 177
90 183
90 202
90 208
90 249
91 112
91 119
91 120
91 135
91 168
91 184
91 185
91 209
91 218
92 100
92 109
92 122
92 123
92 126
92 152
92 165
92 180
92 181
92 196
92 202
92 210
92 214
92 221
92 229
92 238
93 95
93 98
93 103
93 107
93 114
93 122
93 136
93 143
93 154
93 156
93 164
93 173
93 179
93 185
93 190
93 196
93 197
93 198
93 213
93 216
93 221
93 228
93 241
93 249
94 105
94 108
94 112
94 118
94 123
94 151
94 171
94 181
94 185
94 190
94 192
94 197
94 199
94 201
94 209
94 211
94 217
94 218
94 233
95 110
95 113
95 117
95 120
95 121
95 132
95 141
95 163
95 165
95 166
95 170
95 179
95 185
95 209
95 219
95 240
96 100
96 111
96 117
96 120
96 122
96 128
96 129
96 147
96 178
96 180
96 200
96 204
96 207
96 208
96 211
96 213
96 219
96 232
96 241
97 140
97 172
97 195
97 196
97 199
97 203
97 211
97 213
97 214
97 215
97 235
97 239
98 113
98 114
98 119
98 124
98 129
98 139
98 143
98 150
98 160
98 168
98 188
98 190
98 191
98 197
98 223
98 238
98 246
99 103
99 111
99 113
99 118
99 131
99 134
99 152
99 156
99 164
99 174
99 175
99 192
99 194
99 197
99 199
99 207
99 216
99 229
99 238
99 248
100 125
100 131
100 138
100 158
100 235
101 106
101 113
101 126
101 186
101 205
101 218
101 224
102 105
102 110
102 117
102 123
102 130
102 134
102 137
102 139
102 141
102 142
102 144
102 145
102 183
102 191
102 195
102 206
102 245
103 127
103 172
103 176
103 177
103 180
103 192
103 204
104 106
104 154
104 161
104 168
104 190
104 225
104 238
104 240
105 111
105 116
105 120
105 124
105 128
105 132
105 143
105 159
105 177
105 185
105 217
105 241
106 109
106 113
106 122
106 125
106 130
106 145
106 168
106 223
106 224
106 225
106 236
106 241
106 246
107 109
107 111
107 118
107 130
107 131
107 132
107 154
107 170
107 171
107 193
107 203
107 234
108 109
108 110
108 112
108 118
108 135
108 137
108 141
108 158
108 165
108 198
108 199
108 207
108 209
108 214
108 218
108 229
109 111
109 113
109 158
109 182
109 191
109 213
110 127
110 131
110 137
110 144
110 161
110 170
110 181
110 182
110 198
110 203
110 216
111 138
111 139
111 141
111 143
111 153
111 160
111 163
111 169
111 173
111 188
111 213
111 245
112 127
112 139
112 146
112 149
112 162
112 175
112 176
112 178
112 184
112 188
112 193
112 228
112 242
112 243
113 116
113 121
113 164
113 186
113 197
113 199
113 225
113 226
113 231
114 125
114 132
114 133
114 144
114 161
114 162
114 193
114 196
114 230
115 118
115 139
115 160
115 180
115 190
115 191
115 193
115 201
115 219
115 220
115 242
116 119
116 127
116 133
116 139
116 147
116 174
116 190
116 212
116 220
117 125
117 154
117 170
117 175
117 191
117 202
117 203
117 237
118 122
118 123
118 137
118 189
118 199
118 239
119 126
119 130
119 144
119 148
119 153
119 155
119 176
119 179
119 189
119 220
119 239
119 244
120 158
120 177
120 179
120 187
120 193
120 199
120 205
120 221
120 239
121 123
121 140
121 143
121 144
121 163
121 165
121 171
121 172
121 178
121 197
121 199
121 208
121 210
121 231
121 233
122 125
122 129
122 136
122 148
122 153
122 162
122 172
122 202
122 206
122 224
123 132
123 141
123 149
123 160
123 163
123 184
123 214
123 215
123 220
123 221
123 222
123 242
123 249
124 126
124 144
124 150
124 154
124 160
124 176
124 179
124 195
124 209
124 223
124 231
124 235
124 237
124 240
125 131
125 143
125 168
125 174
125 178
125 180
125 191
125 200
125 233
125 235
126 131
126 133
126 138
126 158
126 165
126 201
126 207
126 208
126 212
126 222
126 248
127 140
127 145
127 165
127 167
127 170
127 179
127 191
127 193
127 226
127 244
127 246
127 247
128 140
128 145
128 160
128 185
128 212
128 244
129 196
129 217
129 238
129 246
130 135
130 145
130 147
130 164
130 175
130 201
130 223
130 240
130 246
130 248
131 204
131 214
131 221
132 149
132 151
132 156
132 158
132 175
132 179
132 213
132 221
132 235
132 238
132 243
132 244
133 143
133 152
133 169
133 236
133 237
134 140
134 143
134 180
134 192
134 232
135 151
135 154
135 167
135 169
135 170
135 177
135 178
135 214
135 215
135 216
135 223
135 225
136 137
136 138
136 145
136 152
136 174
136 183
136 232
136 245
137 147
137 201
137 217
137 218
137 243
137 247
138 142
138 153
138 157
138 184
138 196
138 224
138 241
139 163
139 197
139 228
140 141
140 143
140 232
141 145
141 160
141 187
141 214
141 223
141 230
141 243
142 156
142 157
142 159
142 169
142 170
142 200
142 222
142 230
142 240
142 241
142 244
143 144
143 167
143 195
143 200
143 205
143 210
143 227
143 228
144 180
144 214
144 215
145 151
145 153
145 155
145 177
145 186
146 149
146 161
146 165
146 175
146 184
146 201
146 206
146 213
146 232
146 249
147 153
147 174
147 218
147 227
147 247
148 177
148 183
148 198
148 221
148 236
149 151
149 153
149 155
149 183
149 225
149 231
149 236
150 181
150 192
150 193
150 215
150 244
151 180
151 189
151 198
151 200
151 235
152 155
152 157
152 161
152 167
152 168
152 179
152 209
152 212
152 214
152 215
152 232
152 233
152 236
152 247
153 155
153 231
154 157
154 167
154 168
154 181
154 184
154 194
154 199
154 212
154 222
154 229
154 234
154 239
154 240
154 245
155 167
155 173
155 175
155 204
155 212
155 229
155 249
156 159
156 183
156 185
156 186
156 187
156 202
156 208
156 231
156 239
157 162
157 165
157 169
157 174
157 175
157 213
157 236
157 246
158 159
158 169
158 190
158 221
158 245
159 162
159 176
159 182
159 189
159 203
159 222
159 235
160 166
160 177
160 183
160 190
160 202
160 214
160 227
160 235
161 168
161 171
161 173
161 181
161 186
161 187
161 189
162 167
162 178
162 185
162 186
162 212
163 166
163 210
163 211
163 216
163 217
163 223
164 246
165 168
165 174
165 199
165 217
166 199
166 216
166 220
166 230
167 178
167 184
167 186
167 194
167 199
167 229
168 185
168 220
169 171
169 177
169 181
169 241
170 185
170 198
170 208
171 182
171 186
171 207
171 211
171 236
172 199
172 207
172 218
173 195
173 206
173 207
173 227
173 243
173 245
174 190
174 191
174 208
174 217
174 244
175 180
175 213
175 227
175 230
175 245
176 185
176 201
176 203
176 221
176 235
176 243
177 178
177 189
177 193
177 215
177 218
177 249
178 189
178 217
179 183
179 191
179 204
179 211
179 233
179 234
180 186
180 192
180 208
180 216
180 223
181 195
181 204
181 210
181 211
181 243
183 184
183 196
183 235
184 189
184 198
184 200
184 239
185 200
185 233
185 235
186 202
186 211
186 215
186 226
187 199
187 205
188 200
188 202
189 195
189 230
189 247
189 248
190 240
190 246
191 196
191 214
192 197
192 200
192 226
192 244
193 194
193 199
193 204
193 213
194 218
194 221
194 245
195 210
195 220
196 200
196 202
196 229
196 247
197 206
197 212
197 220
197 222
198 218
198 234
198 247
199 203
199 232
199 233
200 221
200 224
200 227
201 221
201 230
201 235
201 244
201 247
202 216
202 224
202 243
202 249
203 204
203 211
203 226
203 236
204 206
204 231
204 241
204 244
204 249
205 226
205 240
205 247
206 231
206 248
207 221
207 229
207 230
208 212
208 234
209 223
209 231
209 234
209 236
210 225
210 241
210 244
211 232
212 248
213 223
213 233
213 244
214 218
214 246
215 218
215 241
216 226
216 240
218 248
220 243
221 228
222 224
222 230
223 247
224 243
226 240
227 232
229 234
229 247
230 233
230 236
230 239
231 233
234 243
235 236
237 249
242 249
246 249
247 248
