0 1
0 2
0 3
0 4
0 5
0 7
0 11
0 14
0 15
0 18
0 23
0 25
0 27
0 28
0 32
0 33
0 44
0 45
0 47
0 58
0 65
0 67
0 68
0 73
0 83
0 93
0 95
0 99
0 110
0 120
0 130
0 140
0 142
0 158
0 183
0 185
0 186
0 194
0 199
0 205
0 232
0 235
0 238
0 242
0 249
1 101
2 3
2 4
2 7
2 10
2 13
2 15
2 53
2 63
2 77
2 80
2 89
2 132
2 176
2 244
3 5
3 13
3 23
3 24
3 38
3 47
3 50
3 73
3 84
3 147
3 197
3 226
3 230
3 238
4 6
4 9
4 14
4 24
4 26
4 36
4 45
4 49
4 52
4 58
4 101
4 133
4 181
4 184
4 223
5 6
5 21
5 25
5 27
5 35
5 64
5 70
5 116
5 164
5 170
5 178
5 203
6 8
6 11
6 12
6 16
6 22
6 41
6 57
6 59
6 74
6 91
6 92
6 135
6 212
7 8
7 9
7 10
7 12
7 16
7 18
7 19
7 20
7 22
7 26
7 39
7 43
7 46
7 49
7 51
7 60
7 62
7 63
7 70
7 81
7 85
7 86
7 87
7 93
7 114
7 128
7 143
7 150
7 160
7 166
7 169
7 170
7 182
7 191
7 200
7 212
7 222
8 17
8 42
8 88
8 92
8 122
8 123
8 190
8 193
8 208
8 219
8 226
8 236
8 240
9 42
9 72
9 106
9 149
9 231
10 19
10 30
10 66
10 111
10 122
10 156
10 198
11 33
11 71
11 79
11 89
11 90
11 95
11 103
11 229
12 37
12 68
12 69
12 115
12 117
12 148
13 17
13 40
13 118
13 169
14 36
14 38
14 54
14 98
14 105
14 119
14 145
14 233
15 59
15 81
15 100
15 123
15 131
15 155
15 172
16 132
16 156
16 168
17 105
18 21
18 41
18 202
18 213
19 20
19 34
19 48
19 55
19 77
20 28
20 109
20 245
21 31
21 35
21 50
21 67
21 87
21 96
21 97
21 118
21 161
21 179
21 195
21 204
21 217
21 241
21 242
22 30
22 32
22 66
22 82
22 107
22 124
22 125
22 126
22 146
22 151
22 159
22 162
22 183
22 190
22 198
22 246
23 114
23 168
24 31
24 60
24 61
25 34
26 29
26 231
26 243
27 106
27 137
27 157
28 29
28 44
28 75
28 83
28 188
28 227
29 72
29 76
29 112
30 46
31 112
31 120
31 185
31 206
31 207
31 239
32 48
32 64
33 40
33 55
33 102
33 110
33 127
33 131
33 141
33 210
34 61
34 65
34 192
35 37
35 43
35 126
35 134
35 177
35 191
35 237
36 39
36 99
36 103
36 121
36 139
36 165
36 202
36 203
36 214
37 90
37 97
37 134
37 186
39 108
39 152
39 175
40 146
41 189
41 249
42 75
42 174
42 240
43 80
43 154
43 246
45 52
45 107
45 121
45 155
45 232
46 51
46 53
46 54
46 160
46 163
47 91
47 145
47 167
48 180
49 71
49 104
49 108
49 149
49 179
49 225
52 116
53 56
53 96
53 165
54 173
55 56
55 62
55 76
55 196
55 233
56 57
56 74
56 129
61 136
61 150
62 229
63 69
63 209
64 85
64 142
64 171
64 188
64 217
64 220
65 104
65 109
65 127
65 206
66 113
66 138
67 175
67 228
70 113
70 119
71 78
71 82
71 225
71 234
72 102
72 139
72 174
72 197
72 247
73 78
73 144
74 117
74 218
75 79
76 84
77 218
77 224
81 94
81 98
81 115
81 147
82 86
82 128
82 213
83 141
83 162
83 189
83 207
84 94
84 137
84 176
84 182
84 194
84 230
84 248
85 205
86 88
86 221
87 195
89 100
89 111
89 211
90 129
90 151
91 208
92 136
96 148
96 158
96 199
97 133
97 140
97 171
97 214
99 153
99 173
99 224
101 159
104 178
104 196
104 201
106 143
107 245
108 210
108 227
109 153
113 221
114 125
114 154
114 215
115 124
116 181
118 163
124 144
127 201
128 130
128 177
129 167
130 135
130 138
130 161
131 152
132 192
133 223
139 166
139 235
140 157
141 172
144 187
146 247
148 211
150 216
152 187
152 219
160 164
161 204
161 239
161 241
162 236
167 200
173 222
178 180
179 184
179 193
179 237
187 234
191 216
192 244
202 220
202 243
203 209
207 228
212 215
222 248
