0 1
0 2
0 3
0 4
0 5
0 6
0 7
0 8
0 9
0 10
0 11
0 12
0 13
0 14
0 15
0 16
0 17
0 18
0 19
0 20
0 21
0 22
0 23
0 24
0 25
0 26
0 27
0 28
0 29
0 30
0 31
0 32
0 33
0 34
0 35
0 36
0 38
0 40
0 44
0 45
0 46
0 47
0 49
0 50
0 51
0 52
0 54
0 55
0 56
0 58
0 59
0 61
0 62
0 64
0 66
0 69
0 71
0 72
0 73
0 74
0 77
0 79
0 82
0 84
0 88
0 90
0 92
0 94
0 95
0 99
0 100
0 102
0 103
0 104
0 107
0 109
0 111
0 115
0 120
0 121
0 122
0 132
0 134
0 135
0 136
0 138
0 145
0 154
0 156
0 157
0 162
0 163
0 164
0 172
0 173
0 174
0 175
0 176
0 179
0 186
0 188
0 191
0 205
0 212
0 219
0 222
0 229
0 236
0 244
1 21
1 22
1 23
1 24
1 26
1 28
1 29
1 30
1 31
1 32
1 33
1 35
1 36
1 38
1 44
1 53
1 64
1 67
1 68
1 80
1 82
1 85
1 101
1 104
1 108
1 128
1 136
1 154
1 175
1 186
1 199
1 219
2 21
2 22
2 23
2 24
2 25
2 26
2 27
2 28
2 29
2 32
2 36
2 40
2 41
2 42
2 43
2 44
2 50
2 55
2 59
2 60
2 62
2 65
2 67
2 86
2 91
2 95
2 96
2 102
2 103
2 105
2 122
2 140
2 145
2 147
2 163
2 176
2 177
2 180
2 186
2 192
2 201
2 202
2 207
2 210
2 220
2 221
2 229
2 243
3 21
3 22
3 23
3 24
3 25
3 26
3 28
3 29
3 30
3 31
3 33
3 36
3 37
3 41
3 42
3 43
3 45
3 47
3 49
3 50
3 54
3 55
3 69
3 75
3 78
3 80
3 82
3 87
3 97
3 98
3 99
3 103
3 108
3 109
3 114
3 115
3 119
3 124
3 126
3 127
3 131
3 141
3 143
3 149
3 159
3 162
3 165
3 166
3 187
3 188
3 189
3 205
3 217
3 229
3 230
3 233
3 249
4 21
4 23
4 26
4 29
4 38
4 79
4 104
4 109
4 133
4 156
4 181
4 200
4 208
4 214
4 217
4 245
4 247
5 21
5 22
5 23
5 24
5 25
5 27
5 28
5 30
5 31
5 32
5 34
5 35
5 36
5 37
5 41
5 47
5 67
5 69
5 79
5 80
5 82
5 84
5 93
5 95
5 104
5 109
5 115
5 123
5 156
5 163
5 170
5 173
5 177
5 195
5 198
5 203
5 217
5 231
5 233
6 21
6 22
6 23
6 24
6 25
6 27
6 28
6 30
6 31
6 32
6 34
6 36
6 37
6 39
6 40
6 42
6 48
6 55
6 56
6 58
6 59
6 67
6 73
6 76
6 77
6 89
6 98
6 105
6 110
6 120
6 122
6 125
6 127
6 133
6 140
6 141
6 147
6 149
6 160
6 161
6 176
6 183
6 188
6 191
6 192
6 198
6 219
6 228
6 229
6 237
6 240
6 241
7 21
7 22
7 23
7 24
7 26
7 27
7 28
7 29
7 30
7 31
7 32
7 33
7 34
7 35
7 38
7 39
7 40
7 41
7 43
7 44
7 45
7 47
7 50
7 59
7 64
7 73
7 76
7 84
7 86
7 87
7 89
7 90
7 92
7 94
7 96
7 97
7 98
7 99
7 110
7 115
7 121
7 129
7 144
7 166
7 178
7 180
7 182
7 187
7 201
7 208
7 209
7 211
7 231
7 240
7 243
8 21
8 22
8 23
8 24
8 25
8 26
8 27
8 28
8 30
8 36
8 37
8 38
8 40
8 43
8 46
8 47
8 52
8 55
8 56
8 57
8 59
8 61
8 69
8 76
8 81
8 82
8 90
8 94
8 100
8 111
8 113
8 114
8 119
8 125
8 126
8 127
8 131
8 133
8 134
8 136
8 141
8 151
8 154
8 164
8 166
8 168
8 170
8 171
8 173
8 175
8 176
8 188
8 194
8 195
8 199
8 203
8 209
8 214
8 216
8 228
8 243
8 249
9 23
9 24
9 25
9 27
9 28
9 30
9 31
9 34
9 36
9 44
9 46
9 47
9 64
9 65
9 70
9 80
9 86
9 88
9 92
9 107
9 129
9 134
9 138
9 148
9 153
9 187
9 200
9 205
9 207
9 220
10 21
10 22
10 25
10 29
10 30
10 34
10 37
10 38
10 41
10 43
10 45
10 46
10 48
10 49
10 52
10 54
10 57
10 63
10 64
10 68
10 69
10 71
10 74
10 77
10 80
10 83
10 86
10 88
10 100
10 102
10 115
10 140
10 144
10 145
10 148
10 149
10 155
10 162
10 166
10 201
10 222
10 228
10 240
10 242
11 21
11 22
11 23
11 24
11 25
11 26
11 28
11 29
11 32
11 33
11 34
11 35
11 36
11 37
11 39
11 40
11 41
11 43
11 44
11 46
11 52
11 55
11 56
11 61
11 68
11 72
11 75
11 84
11 85
11 88
11 90
11 94
11 98
11 101
11 103
11 105
11 109
11 117
11 119
11 126
11 129
11 132
11 141
11 144
11 147
11 148
11 150
11 157
11 164
11 167
11 171
11 173
11 174
11 177
11 178
11 185
11 194
11 203
11 205
11 207
11 213
11 217
11 221
11 226
11 229
11 234
11 241
11 243
11 247
12 21
12 22
12 23
12 25
12 27
12 28
12 31
12 34
12 44
12 45
12 50
12 52
12 58
12 59
12 80
12 83
12 93
12 103
12 114
12 143
12 155
12 156
12 165
12 168
12 172
12 182
12 193
12 208
12 220
12 236
13 21
13 22
13 23
13 24
13 25
13 29
13 33
13 36
13 37
13 42
13 45
13 51
13 54
13 66
13 70
13 76
13 84
13 94
13 100
13 126
13 135
13 136
13 141
13 153
13 156
13 158
13 165
13 214
14 21
14 22
14 23
14 26
14 27
14 28
14 29
14 30
14 31
14 34
14 35
14 36
14 37
14 40
14 41
14 51
14 54
14 59
14 80
14 85
14 90
14 91
14 93
14 101
14 106
14 109
14 111
14 112
14 114
14 119
14 120
14 121
14 124
14 128
14 134
14 138
14 143
14 152
14 162
14 163
14 169
14 174
14 179
14 188
14 198
14 210
14 221
14 225
14 240
15 21
15 22
15 23
15 24
15 25
15 26
15 27
15 31
15 33
15 36
15 37
15 39
15 42
15 46
15 58
15 63
15 65
15 78
15 90
15 102
15 103
15 110
15 132
15 133
15 146
15 151
15 159
15 162
15 180
15 197
15 213
15 232
15 249
16 21
16 22
16 24
16 26
16 38
16 46
16 52
16 63
16 67
16 73
16 74
16 85
16 101
16 105
16 118
16 136
16 139
16 163
16 167
16 175
16 179
16 186
17 21
17 22
17 24
17 25
17 26
17 27
17 29
17 33
17 34
17 38
17 39
17 40
17 41
17 44
17 46
17 56
17 62
17 63
17 65
17 69
17 71
17 75
17 81
17 85
17 90
17 93
17 100
17 101
17 103
17 113
17 132
17 144
17 153
17 159
17 172
17 176
17 196
17 197
17 199
17 201
17 206
17 216
17 222
17 230
17 239
17 244
18 21
18 22
18 23
18 24
18 25
18 26
18 27
18 28
18 30
18 32
18 33
18 34
18 35
18 37
18 38
18 42
18 44
18 45
18 48
18 50
18 53
18 54
18 56
18 57
18 58
18 60
18 61
18 62
18 66
18 68
18 69
18 70
18 71
18 72
18 74
18 75
18 79
18 85
18 87
18 89
18 90
18 96
18 98
18 106
18 109
18 110
18 111
18 118
18 119
18 132
18 133
18 140
18 146
18 150
18 153
18 154
18 165
18 174
18 176
18 182
18 188
18 191
18 197
18 198
18 204
18 207
18 214
18 221
18 234
18 239
18 242
18 247
18 249
19 21
19 22
19 23
19 24
19 25
19 26
19 27
19 28
19 31
19 33
19 36
19 41
19 61
19 64
19 66
19 72
19 75
19 76
19 78
19 80
19 82
19 92
19 94
19 96
19 97
19 98
19 108
19 122
19 123
19 125
19 129
19 137
19 138
19 140
19 155
19 165
19 181
19 188
19 213
19 222
19 233
19 236
19 238
19 239
19 242
20 21
20 22
20 23
20 24
20 25
20 26
20 27
20 28
20 29
20 30
20 31
20 32
20 39
20 46
20 47
20 48
20 52
20 54
20 60
20 65
20 66
20 70
20 73
20 82
20 85
20 96
20 101
20 106
20 109
20 112
20 125
20 146
20 152
20 155
20 166
20 170
20 204
20 206
20 211
20 218
20 221
20 243
21 22
21 23
21 24
21 25
21 26
21 27
21 29
21 30
21 31
21 32
21 34
21 35
21 38
21 44
21 45
21 46
21 47
21 48
21 49
21 53
21 57
21 58
21 59
21 67
21 69
21 70
21 71
21 72
21 77
21 82
21 86
21 88
21 91
21 96
21 97
21 104
21 105
21 107
21 108
21 114
21 117
21 118
21 123
21 131
21 137
21 139
21 142
21 143
21 147
21 148
21 149
21 151
21 153
21 154
21 164
21 165
21 166
21 167
21 171
21 178
21 179
21 181
21 182
21 199
21 203
21 205
21 208
21 210
21 220
21 229
21 237
21 243
21 244
21 245
21 248
22 23
22 24
22 25
22 26
22 27
22 28
22 29
22 30
22 31
22 32
22 33
22 34
22 35
22 37
22 38
22 39
22 40
22 41
22 45
22 47
22 48
22 49
22 51
22 53
22 54
22 56
22 57
22 61
22 63
22 64
22 65
22 66
22 67
22 69
22 71
22 74
22 75
22 97
22 98
22 99
22 100
22 105
22 109
22 110
22 116
22 117
22 118
22 120
22 123
22 126
22 133
22 134
22 136
22 139
22 142
22 144
22 147
22 151
22 152
22 154
22 156
22 157
22 171
22 180
22 181
22 183
22 185
22 188
22 195
22 196
22 197
22 214
22 218
22 221
22 225
22 229
22 232
22 238
22 246
22 248
23 24
23 25
23 26
23 27
23 28
23 29
23 30
23 31
23 32
23 33
23 34
23 35
23 36
23 38
23 39
23 40
23 41
23 42
23 43
23 45
23 46
23 47
23 49
23 50
23 53
23 55
23 56
23 60
23 62
23 68
23 69
23 70
23 71
23 72
23 73
23 76
23 77
23 81
23 86
23 87
23 88
23 89
23 91
23 92
23 94
23 98
23 99
23 101
23 103
23 105
23 108
23 109
23 118
23 122
23 123
23 124
23 125
23 137
23 138
23 148
23 149
23 150
23 155
23 157
23 161
23 164
23 165
23 166
23 168
23 172
23 175
23 178
23 181
23 182
23 186
23 187
23 199
23 208
23 209
23 212
23 213
23 215
23 219
23 221
23 224
23 234
23 238
23 239
23 241
24 25
24 26
24 27
24 28
24 29
24 30
24 32
24 33
24 34
24 35
24 36
24 37
24 38
24 39
24 40
24 41
24 42
24 43
24 44
24 45
24 47
24 49
24 51
24 52
24 53
24 54
24 55
24 56
24 57
24 58
24 59
24 62
24 63
24 64
24 66
24 67
24 68
24 70
24 71
24 74
24 75
24 78
24 79
24 82
24 83
24 87
24 90
24 92
24 93
24 94
24 98
24 99
24 103
24 106
24 111
24 112
24 113
24 114
24 116
24 117
24 127
24 128
24 129
24 130
24 131
24 132
24 136
24 137
24 139
24 143
24 144
24 145
24 151
24 153
24 154
24 156
24 158
24 160
24 172
24 173
24 174
24 177
24 178
24 184
24 187
24 191
24 194
24 203
24 204
24 210
24 213
24 216
24 226
24 230
24 231
24 232
24 236
24 245
25 26
25 27
25 28
25 29
25 32
25 33
25 35
25 36
25 39
25 40
25 41
25 42
25 43
25 44
25 47
25 51
25 52
25 56
25 57
25 59
25 60
25 61
25 62
25 63
25 64
25 68
25 69
25 83
25 84
25 85
25 99
25 100
25 103
25 108
25 111
25 112
25 116
25 117
25 118
25 119
25 120
25 121
25 122
25 125
25 136
25 137
25 144
25 154
25 178
25 185
25 195
25 199
25 230
25 233
25 235
25 238
25 241
26 27
26 29
26 30
26 31
26 32
26 33
26 34
26 39
26 41
26 44
26 45
26 46
26 48
26 50
26 51
26 54
26 55
26 58
26 60
26 62
26 69
26 71
26 75
26 77
26 81
26 82
26 83
26 88
26 94
26 95
26 100
26 101
26 102
26 109
26 112
26 113
26 114
26 115
26 118
26 126
26 128
26 131
26 134
26 157
26 161
26 162
26 165
26 168
26 172
26 180
26 182
26 183
26 189
26 192
26 200
26 206
26 212
26 213
26 225
26 226
26 227
26 229
26 236
26 237
26 243
26 246
27 28
27 29
27 30
27 31
27 32
27 35
27 37
27 39
27 40
27 41
27 43
27 47
27 48
27 49
27 50
27 51
27 52
27 53
27 54
27 57
27 58
27 60
27 63
27 64
27 69
27 70
27 72
27 73
27 75
27 77
27 80
27 83
27 84
27 85
27 87
27 90
27 94
27 95
27 104
27 107
27 111
27 114
27 118
27 122
27 124
27 126
27 127
27 131
27 133
27 140
27 144
27 146
27 157
27 159
27 163
27 164
27 171
27 185
27 187
27 190
27 196
27 197
27 200
27 202
27 218
27 225
27 232
27 234
27 237
27 243
27 247
28 29
28 30
28 31
28 32
28 33
28 34
28 35
28 37
28 39
28 42
28 43
28 47
28 51
28 52
28 53
28 56
28 58
28 59
28 62
28 63
28 67
28 74
28 78
28 80
28 84
28 87
28 90
28 91
28 93
28 100
28 113
28 115
28 119
28 124
28 131
28 134
28 150
28 169
28 174
28 178
28 180
28 181
28 183
28 188
28 190
28 191
28 195
28 201
28 202
28 214
28 215
28 218
28 234
28 236
28 241
28 242
28 243
29 30
29 31
29 32
29 33
29 34
29 35
29 36
29 37
29 38
29 39
29 40
29 41
29 42
29 43
29 44
29 46
29 48
29 49
29 51
29 53
29 54
29 55
29 56
29 57
29 59
29 60
29 63
29 64
29 65
29 71
29 74
29 75
29 78
29 82
29 86
29 94
29 99
29 104
29 106
29 107
29 109
29 111
29 114
29 123
29 124
29 125
29 137
29 140
29 142
29 143
29 145
29 151
29 154
29 158
29 161
29 163
29 164
29 170
29 173
29 188
29 190
29 197
29 199
29 201
29 202
29 203
29 206
29 210
29 214
29 215
29 219
29 220
29 223
29 225
29 231
29 233
29 238
30 31
30 32
30 33
30 34
30 35
30 36
30 37
30 38
30 39
30 40
30 41
30 43
30 44
30 45
30 46
30 48
30 49
30 50
30 51
30 52
30 54
30 55
30 57
30 60
30 61
30 62
30 65
30 66
30 67
30 70
30 72
30 73
30 75
30 78
30 81
30 83
30 85
30 86
30 88
30 93
30 97
30 100
30 103
30 104
30 110
30 118
30 122
30 123
30 124
30 128
30 133
30 142
30 145
30 151
30 158
30 169
30 171
30 172
30 174
30 176
30 181
30 184
30 186
30 187
30 191
30 192
30 194
30 198
30 201
30 204
30 206
30 209
30 222
30 226
30 232
30 236
30 240
30 241
30 242
30 248
31 32
31 33
31 35
31 37
31 39
31 40
31 41
31 45
31 47
31 48
31 49
31 51
31 53
31 55
31 61
31 66
31 68
31 69
31 72
31 76
31 80
31 81
31 83
31 89
31 91
31 95
31 96
31 106
31 118
31 133
31 134
31 144
31 150
31 151
31 157
31 164
31 171
31 178
31 180
31 189
31 194
31 196
31 198
31 204
31 205
31 208
31 209
31 210
31 212
31 215
31 220
31 225
32 33
32 34
32 35
32 36
32 37
32 38
32 42
32 45
32 46
32 47
32 48
32 50
32 54
32 55
32 57
32 58
32 61
32 62
32 63
32 65
32 73
32 74
32 79
32 81
32 87
32 89
32 93
32 96
32 97
32 103
32 106
32 110
32 112
32 113
32 119
32 120
32 123
32 125
32 127
32 128
32 129
32 130
32 139
32 140
32 144
32 161
32 169
32 185
32 192
32 198
32 202
32 206
32 224
32 233
32 242
32 247
33 35
33 38
33 39
33 40
33 42
33 44
33 47
33 48
33 49
33 50
33 51
33 52
33 53
33 55
33 56
33 57
33 60
33 63
33 66
33 68
33 72
33 74
33 77
33 79
33 83
33 85
33 86
33 89
33 91
33 92
33 94
33 98
33 99
33 104
33 107
33 108
33 114
33 115
33 120
33 123
33 130
33 133
33 136
33 145
33 148
33 151
33 153
33 159
33 160
33 165
33 170
33 171
33 172
33 178
33 179
33 182
33 184
33 189
33 190
33 191
33 192
33 193
33 195
33 196
33 202
33 210
33 215
33 222
33 232
33 236
33 238
33 242
33 245
33 249
34 35
34 37
34 38
34 39
34 41
34 42
34 44
34 45
34 48
34 49
34 50
34 52
34 53
34 55
34 56
34 57
34 58
34 60
34 65
34 67
34 68
34 73
34 74
34 75
34 76
34 77
34 81
34 92
34 96
34 97
34 99
34 102
34 105
34 110
34 117
34 120
34 126
34 135
34 141
34 147
34 148
34 160
34 162
34 163
34 169
34 177
34 185
34 191
34 193
34 195
34 199
34 205
34 206
34 211
34 216
34 221
34 227
34 233
34 245
34 246
34 249
35 36
35 37
35 40
35 42
35 43
35 44
35 46
35 49
35 50
35 53
35 58
35 62
35 65
35 69
35 71
35 78
35 80
35 84
35 93
35 95
35 101
35 102
35 111
35 112
35 113
35 121
35 122
35 123
35 127
35 129
35 130
35 131
35 134
35 139
35 140
35 142
35 146
35 153
35 156
35 161
35 167
35 168
35 207
35 212
35 215
35 224
35 225
35 227
35 231
35 242
35 246
36 38
36 39
36 40
36 42
36 44
36 45
36 47
36 48
36 51
36 54
36 56
36 57
36 58
36 59
36 60
36 61
36 66
36 67
36 68
36 71
36 73
36 75
36 76
36 77
36 80
36 82
36 84
36 85
36 89
36 93
36 95
36 98
36 100
36 101
36 102
36 103
36 104
36 106
36 109
36 110
36 113
36 116
36 125
36 128
36 130
36 133
36 135
36 136
36 137
36 139
36 149
36 161
36 163
36 170
36 174
36 182
36 183
36 192
36 199
36 201
36 217
36 227
36 237
37 38
37 39
37 42
37 43
37 47
37 48
37 49
37 50
37 52
37 53
37 56
37 59
37 60
37 61
37 65
37 70
37 78
37 79
37 81
37 88
37 89
37 92
37 96
37 102
37 110
37 113
37 118
37 122
37 129
37 143
37 146
37 179
37 181
37 191
37 196
37 199
37 210
37 220
37 222
37 226
37 228
37 232
37 239
38 40
38 43
38 46
38 50
38 51
38 61
38 65
38 68
38 72
38 81
38 94
38 115
38 133
38 141
38 142
38 144
38 175
38 177
38 184
38 185
38 188
38 194
38 203
38 204
38 217
38 228
38 239
38 244
39 42
39 43
39 45
39 48
39 51
39 52
39 53
39 58
39 66
39 72
39 73
39 78
39 85
39 86
39 88
39 89
39 96
39 97
39 101
39 105
39 106
39 127
39 131
39 141
39 146
39 149
39 166
39 170
39 182
39 191
39 197
39 201
39 202
39 204
39 206
39 213
39 224
39 229
39 236
39 239
39 244
40 41
40 42
40 43
40 44
40 45
40 46
40 49
40 52
40 54
40 57
40 60
40 62
40 63
40 64
40 65
40 67
40 72
40 74
40 77
40 79
40 80
40 82
40 84
40 85
40 88
40 91
40 94
40 95
40 98
40 101
40 103
40 105
40 121
40 127
40 128
40 129
40 131
40 140
40 146
40 147
40 150
40 152
40 158
40 159
40 165
40 168
40 170
40 223
40 227
40 232
40 234
40 246
40 248
41 42
41 43
41 48
41 50
41 54
41 57
41 67
41 69
41 72
41 73
41 76
41 77
41 80
41 82
41 83
41 84
41 86
41 89
41 92
41 96
41 97
41 100
41 107
41 108
41 111
41 117
41 119
41 124
41 139
41 150
41 151
41 156
41 157
41 158
41 166
41 167
41 170
41 171
41 174
41 183
41 185
41 195
41 205
41 208
41 217
41 235
41 237
41 238
41 243
42 43
42 45
42 46
42 49
42 51
42 60
42 62
42 66
42 67
42 70
42 75
42 78
42 83
42 86
42 96
42 100
42 108
42 112
42 116
42 121
42 123
42 126
42 132
42 135
42 141
42 144
42 146
42 147
42 151
42 152
42 153
42 161
42 190
42 195
42 198
42 203
42 207
42 208
42 212
42 218
42 223
42 232
42 238
43 49
43 50
43 51
43 53
43 63
43 68
43 71
43 72
43 79
43 84
43 90
43 91
43 113
43 120
43 126
43 129
43 130
43 137
43 138
43 159
43 166
43 169
43 181
43 183
43 184
43 186
43 202
43 205
43 240
43 244
44 64
44 66
44 71
44 72
44 74
44 79
44 86
44 87
44 88
44 98
44 108
44 116
44 140
44 147
44 151
44 155
44 160
44 177
44 192
44 194
44 195
44 200
44 214
44 221
44 235
44 236
44 241
45 46
45 48
45 49
45 50
45 53
45 57
45 58
45 67
45 68
45 70
45 76
45 83
45 90
45 91
45 97
45 98
45 100
45 106
45 107
45 108
45 110
45 119
45 126
45 128
45 129
45 132
45 133
45 137
45 138
45 139
45 150
45 151
45 154
45 157
45 159
45 186
45 190
45 192
45 195
45 196
45 235
45 244
45 248
46 47
46 49
46 54
46 56
46 57
46 61
46 63
46 64
46 66
46 68
46 70
46 73
46 74
46 79
46 81
46 89
46 90
46 92
46 98
46 99
46 104
46 108
46 109
46 112
46 114
46 115
46 116
46 117
46 123
46 127
46 128
46 131
46 138
46 142
46 151
46 152
46 156
46 168
46 171
46 173
46 175
46 177
46 180
46 185
46 187
46 189
46 193
46 194
46 195
46 203
46 213
46 228
46 231
46 233
46 234
46 235
46 241
46 243
47 48
47 52
47 55
47 59
47 66
47 71
47 73
47 85
47 89
47 94
47 97
47 108
47 115
47 116
47 117
47 119
47 120
47 121
47 123
47 127
47 134
47 135
47 141
47 145
47 149
47 157
47 158
47 167
47 170
47 172
47 197
47 203
47 221
47 227
47 228
47 249
48 50
48 52
48 55
48 57
48 59
48 60
48 61
48 62
48 64
48 65
48 66
48 73
48 76
48 77
48 84
48 87
48 90
48 95
48 99
48 100
48 101
48 110
48 118
48 119
48 124
48 130
48 131
48 148
48 150
48 152
48 162
48 165
48 172
48 177
48 180
48 182
48 184
48 193
48 194
48 204
48 214
48 216
48 232
48 234
48 242
49 51
49 53
49 55
49 58
49 59
49 60
49 62
49 64
49 68
49 86
49 88
49 89
49 90
49 91
49 94
49 95
49 97
49 101
49 103
49 111
49 113
49 114
49 124
49 136
49 138
49 139
49 140
49 141
49 143
49 144
49 146
49 154
49 158
49 175
49 176
49 178
49 187
49 213
49 222
49 223
49 230
49 234
49 239
49 240
49 241
50 51
50 53
50 55
50 56
50 61
50 62
50 66
50 74
50 77
50 89
50 93
50 97
50 98
50 99
50 103
50 109
50 110
50 114
50 126
50 130
50 133
50 136
50 144
50 146
50 148
50 153
50 154
50 155
50 156
50 159
50 176
50 178
50 182
50 192
50 193
50 212
50 215
50 217
50 219
50 236
50 247
51 52
51 58
51 59
51 62
51 63
51 66
51 67
51 68
51 71
51 76
51 77
51 78
51 79
51 81
51 86
51 91
51 94
51 95
51 102
51 107
51 112
51 114
51 116
51 118
51 128
51 135
51 143
51 148
51 149
51 161
51 163
51 169
51 172
51 173
51 183
51 190
51 194
51 196
51 198
51 199
51 219
51 224
51 228
52 53
52 54
52 58
52 60
52 61
52 65
52 70
52 76
52 77
52 78
52 79
52 83
52 84
52 85
52 86
52 97
52 102
52 105
52 115
52 116
52 117
52 124
52 127
52 145
52 146
52 161
52 169
52 190
52 193
52 204
52 215
53 54
53 56
53 63
53 65
53 66
53 76
53 81
53 83
53 85
53 86
53 88
53 89
53 90
53 92
53 95
53 98
53 100
53 105
53 108
53 110
53 118
53 120
53 127
53 140
53 142
53 147
53 155
53 160
53 166
53 169
53 172
53 175
53 176
53 180
53 182
53 210
53 233
53 242
53 249
54 55
54 62
54 63
54 64
54 67
54 69
54 72
54 75
54 78
54 80
54 82
54 83
54 92
54 93
54 94
54 102
54 106
54 108
54 109
54 115
54 116
54 120
54 125
54 128
54 137
54 151
54 153
54 158
54 165
54 201
54 205
54 209
54 210
54 232
54 234
54 240
54 245
54 248
55 56
55 57
55 58
55 59
55 60
55 64
55 68
55 69
55 70
55 74
55 75
55 76
55 77
55 78
55 81
55 84
55 87
55 90
55 91
55 92
55 102
55 104
55 105
55 108
55 112
55 118
55 122
55 124
55 129
55 145
55 150
55 151
55 163
55 164
55 167
55 174
55 189
55 191
55 200
55 209
55 218
55 230
55 242
55 243
55 247
55 249
56 61
56 64
56 65
56 67
56 78
56 85
56 87
56 88
56 106
56 107
56 108
56 119
56 122
56 124
56 134
56 152
56 155
56 158
56 166
56 173
56 177
56 184
56 209
56 222
56 224
56 234
56 247
57 59
57 61
57 64
57 65
57 72
57 74
57 76
57 83
57 86
57 93
57 96
57 97
57 98
57 99
57 101
57 103
57 106
57 115
57 117
57 120
57 126
57 134
57 137
57 140
57 149
57 152
57 153
57 183
57 186
57 187
57 200
57 201
57 216
57 218
57 220
57 230
57 231
57 240
57 246
58 60
58 62
58 65
58 70
58 76
58 78
58 93
58 124
58 132
58 153
58 155
58 161
58 174
58 198
58 202
58 211
58 212
58 214
58 219
58 223
58 235
58 243
58 246
59 61
59 63
59 70
59 74
59 75
59 76
59 79
59 80
59 81
59 82
59 84
59 91
59 95
59 105
59 121
59 123
59 125
59 127
59 142
59 156
59 160
59 182
59 190
59 201
59 205
59 207
59 211
59 212
59 214
59 223
59 224
59 229
59 238
60 70
60 74
60 78
60 79
60 85
60 87
60 93
60 101
60 104
60 107
60 110
60 113
60 118
60 124
60 128
60 131
60 138
60 165
60 169
60 173
60 175
60 176
60 187
60 196
60 200
60 205
60 206
60 209
60 210
60 222
60 224
61 63
61 68
61 71
61 75
61 89
61 97
61 117
61 120
61 163
61 181
61 184
61 185
61 187
61 198
61 203
61 227
61 232
61 233
62 67
62 68
62 70
62 77
62 83
62 87
62 90
62 102
62 112
62 126
62 130
62 149
62 156
62 158
62 164
62 175
62 176
62 208
62 211
62 213
62 219
62 229
62 231
62 235
62 242
62 243
62 246
62 247
62 249
63 82
63 85
63 86
63 88
63 95
63 107
63 112
63 123
63 131
63 132
63 133
63 140
63 143
63 146
63 147
63 150
63 164
63 175
63 178
63 179
63 181
63 193
63 201
63 204
63 217
63 223
64 69
64 71
64 81
64 84
64 93
64 95
64 96
64 110
64 112
64 115
64 118
64 121
64 125
64 127
64 128
64 140
64 141
64 143
64 145
64 152
64 153
64 168
64 177
64 195
64 205
64 210
64 211
64 216
64 218
64 234
64 238
64 241
64 248
65 70
65 71
65 76
65 89
65 91
65 92
65 95
65 99
65 104
65 106
65 107
65 111
65 128
65 140
65 142
65 155
65 158
65 159
65 171
65 173
65 189
65 193
65 200
65 207
65 211
65 215
65 227
65 237
65 240
65 241
65 246
66 80
66 135
66 139
66 149
66 151
66 165
66 167
66 173
66 185
66 187
66 238
66 245
67 69
67 72
67 82
67 93
67 102
67 106
67 109
67 116
67 117
67 124
67 137
67 140
67 152
67 170
67 177
67 179
67 180
67 206
67 209
67 233
67 234
67 235
67 236
67 244
67 248
68 74
68 79
68 91
68 99
68 100
68 107
68 139
68 148
68 149
68 170
68 173
68 206
68 228
68 249
69 71
69 73
69 75
69 77
69 81
69 82
69 83
69 84
69 91
69 95
69 99
69 129
69 135
69 138
69 152
69 164
69 167
69 171
69 182
69 185
69 195
69 197
69 220
69 222
69 224
69 225
69 240
70 72
70 73
70 78
70 92
70 94
70 100
70 101
70 105
70 134
70 160
70 176
70 182
70 187
70 189
70 192
70 212
70 214
70 215
70 221
70 231
70 239
70 245
71 73
71 77
71 79
71 81
71 82
71 84
71 88
71 91
71 93
71 96
71 98
71 105
71 109
71 112
71 116
71 119
71 126
71 129
71 138
71 144
71 155
71 165
71 176
71 191
71 207
71 216
71 235
72 73
72 78
72 83
72 87
72 97
72 99
72 104
72 111
72 112
72 117
72 120
72 125
72 130
72 148
72 149
72 164
72 175
72 178
72 188
72 194
72 200
72 220
72 225
72 230
72 239
73 81
73 90
73 96
73 106
73 107
73 110
73 113
73 115
73 120
73 127
73 128
73 130
73 154
73 158
73 161
73 168
73 171
73 183
73 207
73 212
73 228
73 246
74 75
74 80
74 87
74 91
74 97
74 98
74 104
74 108
74 116
74 120
74 123
74 126
74 138
74 140
74 141
74 160
74 172
74 177
74 186
74 202
74 206
74 229
75 79
75 86
75 88
75 93
75 104
75 113
75 116
75 125
75 138
75 143
75 149
75 163
75 170
75 174
75 176
75 178
75 181
75 188
75 189
75 194
75 206
75 211
75 224
75 233
75 237
76 89
76 111
76 117
76 119
76 142
76 160
76 162
76 177
76 182
76 185
76 197
76 221
76 227
77 79
77 80
77 83
77 87
77 116
77 128
77 130
77 132
77 138
77 142
77 156
77 160
77 164
77 171
77 181
77 190
77 192
77 201
77 203
77 212
77 217
77 218
77 222
77 236
77 239
78 96
78 97
78 106
78 114
78 121
78 130
78 132
78 136
78 139
78 142
78 155
78 156
78 160
78 178
78 179
78 182
78 186
78 191
78 200
78 229
78 231
78 235
79 88
79 104
79 116
79 117
79 118
79 119
79 129
79 142
79 152
79 167
79 169
79 195
79 196
79 207
79 215
79 227
79 236
79 245
80 81
80 87
80 91
80 110
80 123
80 124
80 130
80 137
80 154
80 158
80 171
80 191
80 215
80 227
80 244
81 99
81 106
81 120
81 130
81 131
81 133
81 135
81 139
81 142
81 143
81 169
81 197
81 244
82 87
82 103
82 121
82 122
82 135
82 136
82 141
82 156
82 165
82 179
82 201
82 244
82 249
83 92
83 93
83 101
83 111
83 115
83 132
83 145
83 147
83 148
83 153
83 159
83 206
83 208
83 221
83 222
83 237
84 95
84 106
84 120
84 122
84 123
84 130
84 153
84 190
84 203
84 207
85 88
85 107
85 139
85 147
85 160
85 177
85 190
85 193
85 236
85 241
85 244
86 87
86 92
86 99
86 119
86 120
86 121
86 124
86 135
86 137
86 144
86 147
86 181
86 193
86 199
86 208
86 228
86 232
87 89
87 92
87 102
87 114
87 118
87 130
87 155
87 169
87 180
87 189
87 192
87 194
87 200
87 206
87 241
88 101
88 102
88 108
88 111
88 127
88 154
88 157
88 158
88 186
88 226
89 102
89 105
89 111
89 113
89 142
89 162
89 163
89 175
89 176
89 177
89 178
89 182
89 193
89 197
89 215
89 228
89 242
89 246
90 96
90 100
90 109
90 111
90 113
90 121
90 122
90 130
90 148
90 150
90 152
90 179
90 181
90 183
90 184
90 187
90 197
90 202
90 213
90 222
90 239
90 241
90 244
91 92
91 94
91 103
91 107
91 110
91 112
91 113
91 131
91 133
91 151
91 154
91 174
91 182
91 186
91 190
91 207
91 225
91 229
91 244
92 95
92 107
92 129
92 159
92 161
92 168
92 204
92 216
92 222
92 223
92 224
92 236
92 238
92 247
93 100
93 103
93 107
93 112
93 115
93 125
93 128
93 134
93 136
93 143
93 145
93 155
93 165
93 178
93 183
93 188
93 196
93 236
93 237
93 238
94 107
94 112
94 114
94 132
94 134
94 135
94 141
94 153
94 166
94 167
94 177
94 190
94 200
94 205
95 96
95 106
95 126
95 132
95 135
95 143
95 159
95 167
95 171
95 177
95 209
95 212
95 221
95 223
95 239
95 243
96 101
96 104
96 105
96 116
96 121
96 127
96 137
96 142
96 144
96 161
96 174
96 181
96 186
96 190
96 198
96 204
96 208
96 231
96 235
97 108
97 111
97 141
97 142
97 150
97 168
97 169
97 186
97 188
97 189
97 202
97 225
98 102
98 104
98 109
98 121
98 150
98 162
98 164
98 173
98 225
98 241
98 242
98 243
99 105
99 114
99 119
99 125
99 126
99 129
99 155
99 157
99 158
99 163
99 179
99 197
99 200
99 219
99 226
99 248
100 118
100 125
100 132
100 169
100 192
100 212
100 216
100 223
100 226
100 231
100 241
101 102
101 132
101 136
101 137
101 139
101 141
101 143
101 155
101 168
101 170
101 179
101 184
101 208
101 211
101 218
101 219
102 105
102 112
102 114
102 143
102 191
102 199
102 213
102 234
102 244
103 115
103 116
103 126
103 127
103 133
103 134
103 141
103 154
103 163
103 185
103 203
103 208
103 209
103 211
103 213
103 214
103 229
103 237
103 242
104 124
104 144
104 150
104 163
104 180
104 183
104 189
104 193
104 224
104 248
105 113
105 125
105 131
105 137
105 138
105 145
105 162
105 174
105 191
105 203
105 206
105 209
105 228
105 230
105 239
105 246
106 113
106 115
106 117
106 122
106 135
106 138
106 159
106 160
106 161
106 164
106 167
106 184
106 192
106 199
106 204
106 215
106 216
106 220
106 228
106 229
106 248
107 110
107 117
107 122
107 129
107 141
107 148
107 157
107 163
107 165
107 168
107 171
107 245
107 246
108 111
108 135
108 136
108 144
108 145
108 154
108 155
108 156
108 174
108 183
108 185
108 187
108 188
108 208
108 216
108 218
108 223
109 119
109 121
109 151
109 157
109 158
109 193
109 194
109 202
109 211
109 227
109 228
109 233
109 237
110 113
110 122
110 124
110 133
110 134
110 135
110 146
110 153
110 162
110 166
110 171
110 202
110 203
110 223
110 233
110 238
111 116
111 119
111 123
111 130
111 132
111 135
111 139
111 149
111 191
111 193
111 203
111 209
111 212
111 214
112 114
112 117
112 122
112 154
112 160
112 167
112 176
112 209
112 221
113 121
113 125
113 129
113 132
113 137
113 139
113 148
113 153
113 169
113 176
113 205
113 206
113 209
113 215
113 230
113 238
114 126
114 134
114 138
114 142
114 152
114 166
114 213
114 237
114 245
114 248
115 117
115 121
115 125
115 127
115 131
115 145
115 156
115 163
115 166
115 217
115 218
116 123
116 133
116 147
116 180
116 193
116 199
116 208
116 212
116 232
117 122
117 146
117 147
117 167
117 187
117 195
117 199
118 137
118 139
118 157
118 162
118 179
118 183
118 193
118 202
118 207
118 214
118 244
119 121
119 147
119 149
119 159
119 160
119 162
119 166
119 171
119 174
119 175
119 178
119 182
119 186
119 196
119 197
119 208
120 128
120 130
120 135
120 138
120 145
120 149
120 158
120 161
120 162
120 177
120 192
120 214
120 227
120 229
121 129
121 132
121 138
121 149
121 160
121 181
121 196
122 128
122 173
122 179
122 184
122 191
122 214
122 216
122 221
122 222
122 232
123 159
123 174
123 179
123 192
123 219
124 131
124 146
124 150
124 164
124 172
124 177
124 185
124 234
125 131
125 139
125 150
125 158
125 160
125 183
125 186
125 198
125 200
125 213
125 224
126 146
126 148
126 172
126 188
126 191
126 230
127 134
127 136
127 152
127 156
127 168
127 179
127 180
127 194
127 230
127 240
128 159
128 167
128 173
128 228
128 229
128 244
128 247
129 136
129 145
129 148
129 150
129 159
129 168
129 170
129 181
129 185
129 186
129 207
129 221
129 230
129 235
129 247
130 134
130 184
130 193
130 209
130 210
130 221
130 229
130 234
130 237
131 135
131 136
131 146
131 164
131 166
131 181
131 183
131 188
131 194
131 226
131 249
132 137
132 142
132 161
132 167
132 171
132 172
132 174
132 176
132 179
132 196
132 220
132 232
132 243
132 249
133 141
133 146
133 147
133 148
133 150
133 155
133 187
133 218
133 231
134 143
134 162
134 188
134 198
134 206
135 140
135 192
135 201
135 214
135 217
135 238
135 239
135 242
136 145
136 152
136 162
136 172
136 178
136 194
136 211
136 220
136 225
136 249
137 169
137 173
137 183
137 194
137 198
137 248
138 143
138 145
138 161
138 180
138 216
138 218
138 224
138 227
139 143
139 165
139 167
139 184
139 189
139 207
139 208
140 146
140 147
140 175
140 225
141 144
141 152
141 158
141 159
141 162
141 164
141 168
141 172
141 184
141 200
141 212
141 218
141 219
141 223
142 147
142 148
142 149
142 157
142 160
142 169
142 170
142 189
142 211
142 213
142 219
142 220
142 227
142 238
142 245
142 248
143 152
143 157
143 184
143 186
143 212
143 220
144 156
144 164
144 170
144 175
144 187
144 210
144 235
144 236
145 154
145 161
145 167
145 187
145 195
145 210
145 215
145 218
145 231
146 163
146 166
146 167
146 168
146 190
146 209
146 216
146 218
146 222
146 226
146 239
147 150
147 157
147 159
147 162
147 223
147 237
148 153
148 157
148 183
148 185
148 190
148 193
148 196
148 197
148 209
148 225
148 231
148 233
148 239
148 240
149 220
150 151
150 152
150 170
150 203
150 213
150 226
150 227
151 157
151 169
151 173
151 179
151 207
151 220
151 223
151 248
152 155
152 180
152 237
152 247
153 165
153 172
153 216
153 217
153 218
153 226
153 230
153 237
154 168
154 176
154 192
154 211
155 189
155 201
155 204
155 213
155 221
155 226
155 246
155 247
156 172
156 189
156 232
156 244
157 160
157 169
157 170
157 180
157 185
157 210
157 216
157 228
157 231
157 235
157 245
158 161
158 178
158 179
158 193
158 196
158 200
158 208
158 215
158 225
159 168
159 197
160 166
160 173
160 196
160 202
160 203
160 217
160 219
160 224
161 189
161 190
161 246
162 184
162 231
162 232
162 243
163 170
163 195
163 202
163 205
163 240
164 175
164 189
164 198
164 207
164 214
165 168
165 200
165 220
166 173
166 174
166 180
166 205
166 210
166 237
166 245
167 186
167 192
167 199
168 175
168 184
168 202
168 217
168 225
169 181
169 189
169 199
169 211
169 220
169 246
170 190
170 194
170 199
170 223
171 175
171 183
171 184
171 185
171 231
171 233
171 234
171 242
172 204
172 211
172 235
172 241
173 219
173 227
173 228
173 230
173 236
173 239
173 242
174 204
174 205
174 246
175 180
175 198
175 217
175 225
175 233
176 184
176 196
176 247
177 197
177 200
177 235
178 189
178 195
178 197
178 201
178 202
178 204
178 205
178 211
178 218
178 223
178 245
179 195
179 211
179 224
179 226
180 233
180 248
181 188
181 190
181 197
181 199
181 212
181 240
182 194
182 208
182 210
182 224
182 243
183 206
183 214
183 232
183 244
183 245
183 246
183 247
184 217
184 224
184 225
184 230
184 249
185 198
185 207
185 209
185 234
185 241
185 243
186 206
187 196
187 198
187 200
187 220
187 226
187 230
187 237
187 238
187 247
188 196
188 224
188 239
188 240
189 198
189 211
189 219
189 235
189 238
189 241
189 246
190 191
190 215
190 229
191 204
191 210
191 222
192 205
192 207
193 217
194 201
194 219
194 231
195 201
195 213
195 219
195 223
196 231
196 246
197 203
197 213
197 221
198 202
198 210
199 216
199 223
199 227
199 240
200 226
200 230
200 240
201 204
201 234
202 215
202 222
202 228
202 248
203 204
203 217
204 218
204 235
204 247
205 245
206 224
207 227
208 212
208 226
209 249
210 215
210 237
212 216
212 219
212 226
212 232
212 235
213 216
214 222
214 245
214 247
215 217
215 230
218 226
218 228
219 233
219 236
220 227
220 230
221 249
222 223
222 225
222 226
222 240
225 233
226 238
228 244
229 242
229 245
229 249
232 234
232 240
233 248
234 235
234 239
238 245
238 248
238 249
239 247
240 241
241 242
241 248
