0 1
0 2
0 3
0 7
0 19
0 20
0 21
0 26
0 34
0 41
0 44
0 46
0 67
0 101
0 152
0 198
0 227
0 237
1 3
1 4
1 6
1 14
1 15
1 27
1 33
1 49
1 59
1 77
1 115
1 149
1 173
1 197
1 214
1 224
2 5
2 12
2 16
2 29
2 36
2 75
2 78
2 101
2 121
2 142
2 176
2 221
2 228
2 229
2 234
2 238
3 4
3 5
3 6
3 8
3 18
3 23
3 24
3 51
3 75
3 82
3 116
3 124
3 159
3 166
3 181
3 203
3 228
3 231
4 7
4 9
4 11
4 14
4 18
4 21
4 31
4 37
4 38
4 40
4 47
4 55
4 57
4 133
4 134
4 135
4 164
4 186
4 202
4 235
5 9
5 55
5 110
5 128
6 28
6 39
6 76
6 132
6 161
6 179
7 8
7 11
7 22
7 30
7 59
7 61
7 88
7 119
7 172
8 10
8 12
8 22
8 24
8 26
8 35
8 62
8 64
8 70
8 71
8 73
8 85
8 86
8 89
8 113
8 137
8 144
8 146
8 147
8 163
8 174
8 199
8 239
8 242
8 245
9 10
9 46
9 48
9 52
9 68
9 84
9 107
9 113
9 115
10 13
10 23
10 34
10 36
10 71
10 77
10 82
10 131
10 180
10 191
10 193
11 13
11 44
11 53
11 57
11 65
11 111
11 125
11 174
11 192
11 212
12 16
12 17
12 20
12 40
12 43
12 69
12 119
12 141
12 146
12 176
12 188
12 195
12 199
12 212
13 32
13 103
13 108
13 165
13 195
13 231
14 15
14 31
14 42
14 81
14 83
14 84
14 204
14 220
14 237
14 241
14 243
15 17
15 25
15 52
15 66
15 80
15 196
15 208
16 30
16 49
16 51
16 58
16 72
16 92
16 95
16 99
16 109
16 123
16 141
16 160
16 183
16 209
16 213
17 158
17 219
18 19
18 27
18 87
18 91
18 170
18 227
20 28
20 45
20 106
20 160
20 216
22 138
23 25
23 95
23 172
24 48
24 91
24 93
24 96
24 100
24 133
24 148
24 151
24 241
26 32
26 42
26 63
26 138
26 152
26 178
26 206
26 229
27 29
27 38
27 47
27 72
27 74
27 87
27 88
27 98
27 124
27 126
27 154
27 191
27 193
27 198
27 211
27 239
28 54
28 63
28 81
28 89
28 92
28 167
28 179
29 33
29 37
29 39
29 43
29 45
29 50
29 56
29 61
29 67
29 76
29 79
29 90
29 110
29 136
29 145
29 150
29 175
29 223
29 245
30 70
30 73
30 74
31 35
31 50
31 114
31 142
31 178
31 185
31 202
31 219
31 221
32 53
32 150
32 190
33 96
33 127
34 125
35 58
35 183
35 224
36 131
38 41
38 83
38 103
39 56
39 79
39 189
40 65
40 157
41 60
41 68
41 117
41 157
42 90
42 107
42 147
42 165
43 122
43 162
44 80
44 114
44 170
44 218
45 112
46 99
46 117
46 209
47 66
47 69
48 186
49 97
49 201
50 54
50 60
50 64
50 120
50 155
50 182
51 62
51 126
51 129
51 164
51 233
54 118
54 194
55 122
56 105
56 205
57 102
58 140
58 169
58 184
58 240
59 111
59 136
59 201
60 135
60 139
60 140
62 128
63 78
64 108
64 112
64 180
64 204
65 98
65 130
65 226
66 85
66 220
66 232
69 94
69 120
69 143
69 175
72 153
72 208
73 121
73 158
73 189
74 214
75 93
77 86
77 161
78 105
78 145
78 217
79 130
80 116
80 168
80 196
82 232
82 243
83 129
83 139
83 235
84 194
85 171
85 197
86 134
86 151
86 182
86 205
86 211
87 94
87 109
87 149
87 188
88 171
88 244
89 127
89 168
89 177
90 137
90 215
90 226
93 216
94 97
94 100
94 104
94 187
94 210
96 236
97 102
101 104
102 192
103 118
104 162
105 106
105 123
105 159
106 244
108 163
110 132
110 166
110 207
114 248
117 203
118 143
118 148
119 167
121 200
124 218
127 230
127 238
129 144
129 206
129 230
133 156
134 173
134 185
135 153
137 156
138 169
138 247
139 242
140 155
140 222
146 240
147 207
148 184
150 154
150 215
154 177
155 190
156 247
157 249
160 210
160 236
165 200
165 213
165 223
166 225
167 181
169 225
171 246
174 249
176 217
178 187
180 222
197 246
210 233
214 234
230 248
