0 1
0 2
0 3
0 4
0 5
0 6
0 7
0 8
0 9
0 10
0 11
0 12
0 13
0 14
0 15
0 16
0 17
0 18
0 19
0 20
0 21
0 22
0 23
0 24
0 25
0 26
0 27
0 28
0 29
0 31
0 32
0 33
0 34
0 36
0 37
0 38
0 39
0 40
0 41
0 43
0 44
0 46
0 48
0 49
0 50
0 53
0 55
0 56
0 57
0 58
0 63
0 65
0 69
0 71
0 72
0 74
0 75
0 78
0 80
0 81
0 82
0 83
0 88
0 92
0 95
0 96
0 97
0 100
0 102
0 104
0 107
0 113
0 114
0 117
0 119
0 123
0 124
0 126
0 127
0 129
0 130
0 133
0 140
0 149
0 154
0 156
0 158
0 160
0 165
0 167
0 168
0 169
0 170
0 176
0 177
0 178
0 185
0 187
0 188
0 189
0 191
0 195
0 199
0 206
0 210
0 214
0 215
0 218
0 220
0 223
0 228
0 229
0 235
0 236
0 238
0 239
0 243
0 247
1 19
1 20
1 21
1 22
1 23
1 24
1 27
1 28
1 29
1 35
1 41
1 44
1 56
1 59
1 62
1 81
1 130
1 137
1 146
1 163
1 181
1 200
2 19
2 20
2 22
2 23
2 24
2 25
2 26
2 27
2 28
2 29
2 32
2 44
2 45
2 48
2 51
2 52
2 61
2 64
2 70
2 72
2 85
2 91
2 92
2 94
2 123
2 133
2 134
2 164
2 170
2 180
2 182
2 199
2 207
2 209
2 219
2 235
3 19
3 20
3 21
3 22
3 23
3 24
3 25
3 26
3 27
3 28
3 29
3 30
3 35
3 38
3 42
3 45
3 47
3 48
3 50
3 51
3 53
3 58
3 60
3 61
3 62
3 66
3 69
3 73
3 90
3 94
3 96
3 100
3 101
3 107
3 110
3 111
3 114
3 117
3 122
3 125
3 134
3 155
3 157
3 162
3 172
3 178
3 185
3 187
3 190
3 192
3 206
3 213
3 219
3 221
3 224
3 225
3 229
3 240
3 245
3 249
4 19
4 20
4 21
4 22
4 23
4 25
4 27
4 28
4 29
4 30
4 31
4 32
4 33
4 34
4 36
4 37
4 38
4 40
4 41
4 42
4 43
4 44
4 45
4 49
4 50
4 54
4 58
4 59
4 60
4 61
4 64
4 66
4 70
4 75
4 77
4 84
4 85
4 87
4 105
4 109
4 110
4 114
4 117
4 130
4 132
4 141
4 148
4 157
4 159
4 163
4 168
4 175
4 184
4 198
4 203
4 205
4 228
4 238
4 242
5 19
5 20
5 21
5 22
5 23
5 24
5 26
5 28
5 29
5 30
5 31
5 32
5 33
5 34
5 38
5 39
5 40
5 43
5 44
5 47
5 48
5 54
5 55
5 56
5 70
5 71
5 75
5 78
5 81
5 91
5 92
5 95
5 109
5 113
5 114
5 118
5 121
5 122
5 135
5 146
5 154
5 155
5 169
5 173
5 184
5 194
5 200
5 201
5 208
5 225
5 230
5 232
5 234
5 244
6 19
6 20
6 21
6 22
6 23
6 25
6 33
6 35
6 36
6 40
6 45
6 47
6 50
6 60
6 61
6 62
6 63
6 69
6 73
6 75
6 79
6 83
6 86
6 89
6 92
6 94
6 97
6 101
6 109
6 118
6 125
6 128
6 147
6 150
6 155
6 160
6 162
6 172
6 185
6 197
6 214
6 216
6 230
6 233
6 237
7 19
7 20
7 23
7 28
7 30
7 31
7 33
7 34
7 35
7 36
7 38
7 41
7 46
7 47
7 48
7 51
7 65
7 72
7 81
7 84
7 99
7 101
7 103
7 113
7 120
7 126
7 135
7 143
7 194
7 202
7 224
7 226
8 19
8 20
8 21
8 22
8 36
8 38
8 41
8 49
8 55
8 63
8 74
8 81
8 99
8 128
8 132
8 150
8 159
8 169
9 19
9 20
9 21
9 23
9 24
9 26
9 31
9 32
9 33
9 39
9 53
9 57
9 60
9 78
9 82
9 100
9 103
9 112
9 114
9 115
9 118
9 125
9 127
9 130
9 140
9 145
9 147
9 158
9 174
9 178
9 195
9 201
9 204
9 237
9 241
10 19
10 20
10 21
10 22
10 23
10 24
10 25
10 26
10 29
10 30
10 35
10 36
10 39
10 40
10 41
10 52
10 53
10 56
10 57
10 74
10 77
10 82
10 87
10 97
10 111
10 118
10 120
10 132
10 134
10 136
10 138
10 144
10 145
10 149
10 160
10 163
10 164
10 166
10 168
10 172
10 218
10 219
10 238
10 248
11 19
11 21
11 24
11 25
11 31
11 48
11 52
11 77
11 81
11 86
11 96
11 135
11 161
11 168
11 197
11 203
12 19
12 20
12 21
12 23
12 24
12 26
12 27
12 29
12 30
12 31
12 32
12 34
12 36
12 38
12 39
12 40
12 41
12 44
12 46
12 53
12 54
12 65
12 71
12 72
12 73
12 78
12 82
12 84
12 85
12 104
12 113
12 121
12 122
12 125
12 136
12 138
12 155
12 185
12 192
12 196
12 217
12 219
12 220
12 222
12 224
12 235
13 22
13 25
13 31
13 40
13 90
13 93
13 115
13 120
13 121
13 132
13 137
13 194
13 199
13 208
13 233
13 247
14 19
14 20
14 21
14 22
14 23
14 24
14 25
14 26
14 27
14 28
14 30
14 31
14 32
14 33
14 34
14 37
14 38
14 41
14 42
14 43
14 47
14 50
14 53
14 54
14 55
14 56
14 61
14 66
14 70
14 82
14 87
14 89
14 98
14 101
14 106
14 107
14 111
14 115
14 125
14 136
14 137
14 143
14 144
14 164
14 173
14 190
14 197
14 209
14 225
14 235
14 239
14 243
15 19
15 20
15 21
15 22
15 24
15 25
15 27
15 28
15 31
15 35
15 36
15 37
15 38
15 40
15 60
15 67
15 71
15 82
15 86
15 89
15 92
15 93
15 99
15 101
15 102
15 123
15 138
15 148
15 154
15 163
15 164
15 186
15 189
15 203
15 210
15 217
15 218
15 230
15 242
16 19
16 20
16 21
16 22
16 24
16 25
16 26
16 27
16 33
16 34
16 35
16 38
16 40
16 42
16 43
16 46
16 51
16 56
16 57
16 58
16 59
16 61
16 62
16 82
16 92
16 112
16 126
16 139
16 141
16 150
16 172
16 194
16 200
16 212
17 19
17 20
17 21
17 22
17 23
17 25
17 26
17 28
17 29
17 37
17 39
17 40
17 44
17 45
17 47
17 55
17 56
17 57
17 58
17 60
17 70
17 73
17 75
17 78
17 80
17 82
17 83
17 85
17 92
17 93
17 94
17 98
17 102
17 109
17 110
17 111
17 115
17 161
17 170
17 190
17 194
17 197
17 200
17 212
17 225
18 19
18 20
18 21
18 22
18 23
18 24
18 25
18 26
18 27
18 30
18 31
18 32
18 34
18 35
18 37
18 39
18 41
18 45
18 48
18 51
18 52
18 54
18 55
18 63
18 66
18 67
18 72
18 77
18 79
18 82
18 83
18 91
18 96
18 101
18 104
18 106
18 108
18 117
18 128
18 131
18 134
18 140
18 141
18 147
18 167
18 175
18 179
18 183
18 194
18 195
18 196
18 199
18 205
18 206
18 208
18 210
18 214
18 219
18 231
18 243
19 20
19 21
19 22
19 23
19 24
19 26
19 27
19 28
19 29
19 30
19 31
19 32
19 34
19 37
19 40
19 41
19 42
19 43
19 44
19 45
19 46
19 47
19 49
19 50
19 51
19 52
19 53
19 54
19 57
19 58
19 60
19 61
19 62
19 63
19 64
19 68
19 69
19 72
19 75
19 76
19 77
19 78
19 81
19 86
19 93
19 94
19 95
19 98
19 100
19 105
19 107
19 110
19 111
19 113
19 114
19 120
19 128
19 129
19 132
19 135
19 136
19 143
19 145
19 148
19 150
19 153
19 155
19 163
19 171
19 172
19 180
19 187
19 193
19 195
19 197
19 199
19 209
19 216
19 217
19 220
19 221
19 230
19 231
19 234
19 240
19 242
20 21
20 22
20 23
20 24
20 25
20 26
20 27
20 28
20 29
20 30
20 31
20 34
20 35
20 36
20 37
20 38
20 39
20 41
20 42
20 43
20 45
20 46
20 47
20 48
20 49
20 50
20 51
20 54
20 56
20 63
20 65
20 70
20 72
20 73
20 76
20 77
20 81
20 82
20 86
20 87
20 88
20 99
20 101
20 103
20 104
20 108
20 110
20 112
20 115
20 117
20 124
20 131
20 138
20 139
20 141
20 150
20 158
20 165
20 167
20 175
20 181
20 186
20 188
20 197
20 199
20 204
20 210
20 212
20 213
20 214
20 217
20 218
20 220
20 223
20 225
20 227
20 229
20 237
21 22
21 23
21 24
21 25
21 26
21 27
21 28
21 29
21 30
21 31
21 32
21 33
21 34
21 36
21 37
21 38
21 39
21 42
21 43
21 44
21 45
21 47
21 50
21 58
21 59
21 64
21 65
21 70
21 71
21 74
21 77
21 79
21 80
21 84
21 85
21 88
21 89
21 93
21 95
21 99
21 104
21 105
21 108
21 110
21 112
21 114
21 116
21 117
21 124
21 129
21 131
21 132
21 151
21 152
21 154
21 163
21 167
21 169
21 170
21 173
21 176
21 184
21 188
21 189
21 190
21 193
21 196
21 198
21 199
21 210
21 215
21 217
21 226
21 228
21 231
21 232
21 238
21 240
21 241
21 242
21 245
22 23
22 24
22 25
22 26
22 27
22 28
22 29
22 30
22 31
22 32
22 34
22 35
22 36
22 37
22 38
22 39
22 40
22 42
22 43
22 44
22 46
22 48
22 50
22 51
22 52
22 57
22 58
22 60
22 61
22 62
22 64
22 68
22 70
22 74
22 76
22 77
22 78
22 81
22 82
22 83
22 84
22 85
22 87
22 91
22 94
22 99
22 100
22 103
22 106
22 108
22 109
22 116
22 118
22 119
22 128
22 130
22 131
22 138
22 145
22 149
22 154
22 156
22 160
22 161
22 168
22 169
22 178
22 182
22 183
22 186
22 190
22 191
22 200
22 202
22 206
22 207
22 209
22 222
22 226
22 229
22 234
22 239
22 249
23 24
23 25
23 26
23 27
23 28
23 29
23 30
23 32
23 33
23 35
23 36
23 37
23 39
23 43
23 46
23 47
23 48
23 51
23 52
23 54
23 56
23 57
23 63
23 67
23 68
23 69
23 72
23 74
23 76
23 79
23 80
23 81
23 84
23 87
23 89
23 90
23 92
23 95
23 101
23 102
23 103
23 106
23 110
23 112
23 117
23 122
23 123
23 128
23 131
23 141
23 144
23 146
23 151
23 152
23 153
23 154
23 155
23 157
23 158
23 160
23 161
23 167
23 179
23 180
23 183
23 184
23 185
23 190
23 192
23 193
23 198
23 199
23 200
23 225
23 232
23 234
23 238
23 240
23 241
23 243
24 25
24 26
24 27
24 28
24 29
24 30
24 31
24 32
24 33
24 35
24 39
24 41
24 42
24 43
24 45
24 47
24 48
24 51
24 52
24 54
24 56
24 58
24 60
24 65
24 67
24 68
24 74
24 77
24 79
24 82
24 84
24 88
24 93
24 100
24 105
24 106
24 117
24 119
24 120
24 122
24 130
24 131
24 133
24 149
24 152
24 155
24 157
24 158
24 164
24 171
24 173
24 177
24 179
24 182
24 185
24 195
24 199
24 204
24 208
24 211
24 217
24 222
24 226
24 232
24 233
24 241
24 243
24 249
25 26
25 27
25 31
25 32
25 33
25 34
25 35
25 38
25 39
25 40
25 41
25 42
25 44
25 45
25 46
25 47
25 48
25 49
25 50
25 52
25 56
25 57
25 62
25 66
25 70
25 78
25 80
25 85
25 86
25 93
25 94
25 99
25 106
25 108
25 109
25 110
25 112
25 114
25 116
25 128
25 129
25 130
25 131
25 132
25 134
25 136
25 149
25 151
25 153
25 158
25 168
25 170
25 177
25 181
25 183
25 190
25 192
25 201
25 208
25 209
25 210
25 213
25 214
25 220
25 225
25 228
25 234
25 236
25 238
25 246
26 27
26 28
26 29
26 30
26 31
26 32
26 33
26 34
26 35
26 40
26 47
26 51
26 55
26 61
26 65
26 67
26 68
26 70
26 73
26 75
26 77
26 79
26 82
26 83
26 87
26 89
26 91
26 94
26 96
26 100
26 103
26 104
26 106
26 111
26 114
26 117
26 118
26 120
26 123
26 126
26 128
26 135
26 137
26 138
26 140
26 146
26 148
26 158
26 159
26 163
26 164
26 173
26 176
26 189
26 190
26 196
26 197
26 200
26 204
26 209
26 213
26 219
26 222
26 229
26 232
26 237
26 240
26 246
26 248
27 28
27 29
27 30
27 32
27 33
27 35
27 36
27 37
27 43
27 44
27 45
27 46
27 47
27 49
27 53
27 54
27 55
27 58
27 59
27 60
27 61
27 63
27 66
27 67
27 74
27 78
27 84
27 88
27 91
27 92
27 93
27 95
27 96
27 98
27 101
27 102
27 103
27 104
27 106
27 115
27 117
27 118
27 120
27 122
27 126
27 128
27 129
27 133
27 139
27 143
27 147
27 148
27 150
27 153
27 163
27 166
27 168
27 170
27 183
27 189
27 191
27 192
27 196
27 197
27 210
27 214
27 221
27 224
27 234
27 235
27 239
27 243
27 247
27 249
28 29
28 30
28 37
28 41
28 42
28 43
28 48
28 49
28 56
28 60
28 64
28 67
28 68
28 69
28 71
28 77
28 78
28 79
28 87
28 89
28 95
28 96
28 98
28 101
28 104
28 105
28 109
28 113
28 114
28 118
28 121
28 137
28 138
28 144
28 154
28 156
28 157
28 158
28 160
28 173
28 184
28 194
28 200
28 209
28 211
28 232
28 245
28 247
29 30
29 32
29 33
29 34
29 36
29 42
29 43
29 45
29 46
29 50
29 51
29 53
29 54
29 55
29 56
29 57
29 61
29 63
29 65
29 67
29 68
29 69
29 76
29 80
29 86
29 120
29 121
29 122
29 123
29 139
29 142
29 145
29 149
29 164
29 168
29 175
29 187
29 191
29 212
29 218
29 219
29 221
29 229
29 236
29 238
29 248
30 33
30 34
30 35
30 36
30 39
30 42
30 43
30 44
30 46
30 49
30 50
30 52
30 53
30 57
30 58
30 59
30 63
30 69
30 74
30 79
30 80
30 85
30 86
30 88
30 90
30 91
30 94
30 96
30 104
30 105
30 106
30 112
30 117
30 120
30 121
30 124
30 128
30 134
30 136
30 145
30 146
30 148
30 152
30 153
30 155
30 156
30 157
30 166
30 167
30 174
30 176
30 180
30 182
30 187
30 188
30 191
30 193
30 194
30 196
30 200
30 203
30 206
30 210
30 213
30 224
30 226
30 247
30 249
31 32
31 33
31 35
31 36
31 39
31 41
31 43
31 44
31 47
31 49
31 50
31 53
31 64
31 66
31 73
31 78
31 79
31 80
31 82
31 83
31 85
31 86
31 88
31 90
31 91
31 94
31 100
31 102
31 107
31 109
31 115
31 124
31 125
31 130
31 143
31 156
31 161
31 165
31 173
31 180
31 181
31 183
31 199
31 211
31 217
31 233
31 238
31 244
32 33
32 34
32 37
32 38
32 39
32 44
32 45
32 47
32 49
32 51
32 53
32 54
32 55
32 59
32 62
32 63
32 65
32 66
32 67
32 70
32 73
32 76
32 80
32 85
32 89
32 97
32 102
32 107
32 108
32 109
32 110
32 111
32 116
32 120
32 121
32 122
32 124
32 126
32 131
32 132
32 135
32 136
32 144
32 152
32 153
32 155
32 158
32 163
32 164
32 165
32 166
32 169
32 171
32 172
32 174
32 181
32 184
32 201
32 205
32 207
32 208
32 214
32 215
32 216
32 226
32 231
32 239
32 249
33 34
33 36
33 37
33 39
33 41
33 42
33 45
33 46
33 47
33 49
33 52
33 55
33 56
33 59
33 63
33 68
33 69
33 71
33 74
33 75
33 76
33 77
33 86
33 91
33 98
33 101
33 102
33 108
33 119
33 121
33 130
33 136
33 137
33 139
33 140
33 142
33 152
33 159
33 163
33 170
33 174
33 177
33 182
33 190
33 199
33 210
33 211
33 212
33 218
33 220
33 223
33 227
33 229
33 240
33 241
33 247
34 35
34 36
34 37
34 38
34 40
34 41
34 44
34 46
34 49
34 54
34 58
34 63
34 68
34 71
34 76
34 78
34 80
34 83
34 87
34 89
34 90
34 96
34 98
34 111
34 113
34 115
34 119
34 122
34 126
34 129
34 138
34 144
34 148
34 150
34 152
34 154
34 157
34 165
34 167
34 174
34 175
34 178
34 179
34 183
34 186
34 192
34 193
34 196
34 201
34 202
34 205
34 207
34 213
34 223
34 231
35 37
35 40
35 42
35 45
35 46
35 51
35 52
35 56
35 57
35 59
35 64
35 65
35 66
35 68
35 69
35 73
35 75
35 77
35 81
35 87
35 91
35 93
35 112
35 118
35 129
35 131
35 133
35 134
35 141
35 144
35 153
35 161
35 168
35 171
35 174
35 177
35 184
35 185
35 201
35 205
35 225
35 240
35 241
35 248
36 37
36 38
36 39
36 40
36 41
36 42
36 43
36 46
36 48
36 50
36 51
36 52
36 55
36 57
36 58
36 59
36 60
36 61
36 62
36 65
36 69
36 71
36 73
36 77
36 83
36 85
36 88
36 89
36 96
36 98
36 99
36 101
36 102
36 103
36 104
36 107
36 114
36 116
36 120
36 136
36 139
36 143
36 144
36 148
36 149
36 151
36 153
36 154
36 163
36 165
36 166
36 169
36 173
36 176
36 179
36 182
36 188
36 190
36 192
36 200
36 201
36 205
36 218
36 220
36 221
36 237
36 238
36 240
36 245
37 38
37 40
37 42
37 46
37 48
37 49
37 50
37 51
37 55
37 57
37 59
37 63
37 65
37 66
37 68
37 72
37 79
37 82
37 83
37 86
37 88
37 89
37 95
37 96
37 102
37 105
37 109
37 113
37 124
37 132
37 135
37 136
37 142
37 145
37 147
37 152
37 155
37 156
37 161
37 165
37 177
37 179
37 183
37 194
37 198
37 199
37 204
37 206
37 207
37 209
37 219
37 221
37 222
37 224
37 225
37 227
37 228
38 53
38 55
38 57
38 59
38 61
38 66
38 69
38 71
38 77
38 81
38 84
38 87
38 88
38 89
38 93
38 96
38 97
38 99
38 105
38 106
38 116
38 117
38 125
38 127
38 132
38 138
38 139
38 142
38 144
38 149
38 150
38 151
38 152
38 160
38 161
38 162
38 166
38 181
38 185
38 186
38 189
38 196
38 201
38 226
38 244
38 247
39 42
39 44
39 46
39 47
39 48
39 49
39 52
39 53
39 54
39 57
39 58
39 61
39 62
39 66
39 69
39 70
39 72
39 74
39 80
39 84
39 88
39 92
39 93
39 94
39 95
39 96
39 97
39 99
39 119
39 120
39 124
39 131
39 136
39 144
39 147
39 159
39 161
39 165
39 169
39 177
39 184
39 189
39 190
39 196
39 197
39 203
39 206
39 214
39 216
39 227
39 234
39 239
39 243
39 244
39 248
39 249
40 48
40 49
40 50
40 54
40 56
40 64
40 68
40 73
40 74
40 75
40 76
40 82
40 86
40 88
40 90
40 92
40 106
40 107
40 108
40 122
40 131
40 135
40 146
40 162
40 163
40 167
40 172
40 188
40 190
40 198
40 228
40 231
40 235
40 244
40 246
41 44
41 45
41 50
41 53
41 55
41 62
41 64
41 67
41 68
41 74
41 76
41 80
41 81
41 90
41 93
41 97
41 113
41 115
41 127
41 142
41 168
41 184
41 210
41 218
41 230
41 231
41 246
42 43
42 60
42 61
42 63
42 67
42 68
42 75
42 76
42 80
42 84
42 90
42 94
42 99
42 105
42 107
42 108
42 114
42 122
42 123
42 126
42 127
42 138
42 144
42 155
42 166
42 171
42 178
42 184
42 187
42 194
42 203
42 204
42 206
42 231
42 242
43 45
43 79
43 81
43 88
43 89
43 103
43 109
43 122
43 123
43 124
43 126
43 143
43 154
43 155
43 176
43 179
43 181
43 205
43 210
43 224
43 228
43 244
44 48
44 49
44 51
44 52
44 61
44 63
44 64
44 65
44 72
44 80
44 87
44 92
44 93
44 94
44 95
44 98
44 100
44 101
44 103
44 129
44 135
44 163
44 168
44 188
44 189
44 193
44 194
44 198
44 202
44 206
44 212
44 222
44 227
44 234
44 236
44 242
44 246
45 50
45 51
45 57
45 64
45 67
45 70
45 71
45 76
45 78
45 87
45 92
45 94
45 98
45 113
45 115
45 123
45 126
45 145
45 147
45 150
45 156
45 162
45 171
45 172
45 175
45 177
45 182
45 191
45 192
45 204
45 206
45 224
45 235
46 52
46 62
46 72
46 84
46 90
46 92
46 97
46 98
46 102
46 103
46 112
46 119
46 120
46 123
46 124
46 125
46 140
46 141
46 142
46 156
46 170
46 179
46 182
46 186
46 199
46 204
46 209
46 220
46 221
46 230
46 237
46 238
46 239
46 241
47 49
47 54
47 58
47 60
47 62
47 63
47 66
47 70
47 80
47 83
47 85
47 89
47 99
47 103
47 104
47 106
47 109
47 110
47 115
47 119
47 136
47 137
47 150
47 159
47 164
47 177
47 195
47 198
47 199
47 204
47 207
47 209
47 211
47 215
47 216
47 233
48 53
48 56
48 58
48 62
48 64
48 65
48 74
48 85
48 89
48 92
48 103
48 111
48 119
48 124
48 133
48 135
48 137
48 148
48 151
48 160
48 175
48 191
48 192
48 193
48 195
48 209
48 212
48 213
48 216
48 226
48 232
48 237
48 239
48 245
49 54
49 55
49 58
49 59
49 60
49 62
49 64
49 67
49 68
49 69
49 72
49 77
49 78
49 83
49 85
49 95
49 111
49 118
49 119
49 121
49 129
49 132
49 133
49 142
49 145
49 146
49 147
49 153
49 154
49 165
49 172
49 175
49 180
49 184
49 192
49 200
49 202
49 223
49 224
49 229
49 230
49 241
50 52
50 53
50 54
50 58
50 59
50 60
50 64
50 65
50 75
50 78
50 80
50 81
50 83
50 86
50 91
50 96
50 99
50 104
50 108
50 121
50 123
50 131
50 132
50 134
50 137
50 139
50 140
50 141
50 152
50 157
50 174
50 178
50 180
50 181
50 183
50 186
50 188
50 198
50 203
50 213
50 215
50 222
50 227
50 234
50 236
50 241
51 52
51 67
51 74
51 75
51 96
51 122
51 123
51 125
51 128
51 130
51 140
51 141
51 144
51 145
51 162
51 165
51 169
51 185
51 190
51 197
51 203
51 210
51 218
51 236
51 247
52 53
52 56
52 59
52 60
52 66
52 67
52 68
52 69
52 71
52 73
52 89
52 91
52 92
52 94
52 95
52 97
52 100
52 102
52 110
52 138
52 141
52 154
52 161
52 166
52 175
52 179
52 181
52 191
52 196
52 202
52 214
52 224
52 232
52 237
52 245
52 249
53 55
53 64
53 65
53 66
53 69
53 71
53 75
53 79
53 82
53 86
53 91
53 105
53 112
53 118
53 120
53 123
53 128
53 131
53 134
53 136
53 144
53 151
53 153
53 163
53 169
53 170
53 171
53 174
53 178
53 181
53 214
53 221
53 223
53 227
53 249
54 55
54 59
54 62
54 69
54 70
54 72
54 74
54 77
54 81
54 86
54 106
54 107
54 108
54 121
54 141
54 146
54 149
54 153
54 174
54 176
54 181
54 183
54 191
54 194
54 195
54 204
55 57
55 62
55 67
55 72
55 74
55 76
55 78
55 80
55 88
55 102
55 111
55 118
55 127
55 129
55 134
55 138
55 143
55 147
55 157
55 165
55 183
55 185
55 189
55 197
55 210
55 221
55 231
55 240
55 241
56 59
56 61
56 65
56 70
56 73
56 86
56 100
56 108
56 113
56 126
56 128
56 130
56 146
56 156
56 161
56 165
56 171
56 201
56 215
56 220
56 230
56 235
56 244
57 60
57 61
57 62
57 68
57 71
57 76
57 78
57 84
57 90
57 95
57 97
57 98
57 105
57 111
57 114
57 117
57 123
57 129
57 139
57 140
57 165
57 205
57 230
57 236
58 59
58 64
58 65
58 67
58 71
58 75
58 79
58 83
58 87
58 91
58 93
58 109
58 113
58 115
58 126
58 134
58 151
58 154
58 160
58 199
58 209
58 211
58 248
58 249
59 71
59 75
59 85
59 95
59 99
59 100
59 105
59 110
59 112
59 114
59 116
59 124
59 125
59 127
59 130
59 135
59 148
59 158
59 162
59 165
59 172
59 177
59 180
59 189
59 193
59 203
59 217
59 231
59 232
60 69
60 70
60 72
60 82
60 84
60 92
60 97
60 99
60 104
60 112
60 124
60 135
60 138
60 145
60 149
60 169
60 170
60 174
60 204
60 210
60 225
60 227
60 229
60 235
60 245
61 63
61 64
61 66
61 71
61 73
61 75
61 79
61 90
61 93
61 94
61 102
61 105
61 108
61 126
61 127
61 149
61 160
61 171
61 186
61 198
61 223
61 227
61 243
61 244
62 66
62 67
62 72
62 80
62 83
62 84
62 97
62 102
62 108
62 119
62 121
62 134
62 139
62 142
62 147
62 177
62 186
62 193
62 203
62 220
62 223
62 227
62 238
62 239
62 243
63 76
63 78
63 119
63 123
63 130
63 136
63 168
63 177
63 182
63 185
63 194
63 195
63 198
63 205
63 211
63 216
63 229
63 239
63 246
64 88
64 102
64 104
64 134
64 151
64 159
64 172
64 208
64 225
64 247
65 66
65 72
65 86
65 111
65 125
65 147
65 166
65 167
65 173
65 195
65 200
65 207
65 217
65 246
65 247
65 249
66 73
66 74
66 90
66 110
66 143
66 156
66 200
66 207
66 212
66 240
66 246
67 68
67 76
67 77
67 90
67 94
67 97
67 108
67 110
67 111
67 112
67 118
67 140
67 141
67 146
67 157
67 161
67 162
67 166
67 173
67 185
67 188
67 192
67 194
67 202
67 218
67 219
67 234
67 237
67 242
67 248
68 70
68 83
68 84
68 93
68 100
68 106
68 109
68 132
68 141
68 142
68 148
68 150
68 151
68 153
68 160
68 161
68 164
68 184
68 188
68 235
68 243
69 71
69 76
69 85
69 93
69 126
69 130
69 140
69 148
69 153
69 156
69 157
69 166
69 174
69 193
69 202
69 203
69 209
69 236
69 242
70 73
70 91
70 93
70 97
70 101
70 111
70 115
70 124
70 125
70 130
70 136
70 158
70 180
70 181
70 184
70 198
70 217
70 243
71 73
71 81
71 84
71 100
71 124
71 132
71 136
71 147
71 151
71 154
71 157
71 161
71 173
71 189
71 191
71 205
71 221
71 235
71 237
71 238
71 244
72 73
72 83
72 97
72 107
72 112
72 120
72 126
72 132
72 134
72 143
72 166
72 177
72 179
72 183
72 196
72 201
72 202
72 205
72 217
72 222
72 234
72 238
72 245
73 75
73 88
73 95
73 100
73 107
73 122
73 133
73 142
73 143
73 151
73 168
73 171
73 206
73 214
73 228
73 231
73 239
73 241
73 243
73 245
74 76
74 79
74 91
74 98
74 108
74 112
74 114
74 123
74 133
74 134
74 138
74 149
74 154
74 160
74 162
74 163
74 164
74 167
74 171
74 192
74 204
74 226
75 79
75 98
75 107
75 125
75 234
75 235
76 79
76 83
76 98
76 99
76 103
76 127
76 153
76 170
76 174
76 193
76 209
76 213
76 214
76 223
76 232
76 244
77 87
77 97
77 99
77 101
77 103
77 104
77 116
77 144
77 150
77 165
77 171
77 179
77 211
77 215
77 223
77 227
77 233
77 248
78 79
78 84
78 86
78 87
78 88
78 95
78 96
78 98
78 104
78 106
78 115
78 127
78 128
78 140
78 151
78 152
78 160
78 172
78 173
78 186
78 187
78 191
78 197
78 202
78 203
78 222
78 224
78 227
78 229
78 234
78 236
79 85
79 87
79 89
79 105
79 107
79 111
79 113
79 119
79 120
79 122
79 124
79 158
79 164
79 174
79 188
79 237
79 239
79 249
80 81
80 96
80 102
80 105
80 116
80 119
80 121
80 133
80 163
80 170
80 182
80 212
80 226
81 106
81 111
81 112
81 118
81 119
81 128
81 140
81 175
81 221
81 226
82 85
82 117
82 135
82 157
82 159
82 191
82 202
82 203
82 207
82 213
83 87
83 90
83 97
83 99
83 100
83 103
83 108
83 111
83 115
83 123
83 125
83 136
83 150
83 162
83 175
83 178
83 179
83 186
83 188
83 225
83 226
83 243
84 91
84 100
84 101
84 118
84 140
84 141
84 143
84 144
84 155
84 159
84 168
84 170
84 175
84 178
84 181
84 186
84 218
84 222
84 245
84 246
85 88
85 89
85 90
85 94
85 117
85 125
85 135
85 147
85 159
85 192
85 207
85 212
85 216
85 221
85 232
85 233
85 237
85 246
85 248
86 101
86 113
86 116
86 119
86 133
86 170
86 200
86 222
86 233
86 239
86 242
87 97
87 102
87 105
87 127
87 137
87 150
87 198
87 203
87 218
87 246
88 90
88 95
88 101
88 103
88 104
88 116
88 118
88 126
88 127
88 129
88 133
88 135
88 141
88 145
88 152
88 164
88 178
88 186
88 190
88 196
89 90
89 91
89 92
89 98
89 103
89 109
89 110
89 113
89 114
89 121
89 122
89 126
89 127
89 132
89 143
89 161
89 175
89 178
89 179
89 203
89 213
89 215
90 100
90 104
90 113
90 116
90 119
90 127
90 131
90 156
90 158
90 166
90 172
90 177
90 182
90 192
90 197
90 201
90 213
90 221
90 222
90 226
90 233
90 249
91 106
91 120
91 122
91 139
91 142
91 154
91 182
91 195
92 96
92 113
92 120
92 137
92 138
92 146
92 147
92 155
92 159
92 171
92 203
92 207
92 211
92 224
92 236
93 107
93 138
93 149
93 160
93 168
93 171
93 197
93 208
93 212
93 222
93 230
93 241
94 95
94 105
94 124
94 126
94 133
94 156
94 159
94 171
94 175
94 181
94 188
94 196
94 201
94 204
94 208
94 215
94 218
94 242
94 247
95 105
95 106
95 114
95 116
95 131
95 135
95 140
95 142
95 144
95 162
95 171
95 213
95 220
96 116
96 131
96 137
96 165
96 180
96 183
96 237
96 243
97 98
97 107
97 110
97 115
97 116
97 117
97 132
97 141
97 145
97 150
97 153
97 198
97 200
97 208
97 223
97 231
97 236
98 115
98 134
98 139
98 147
98 148
98 157
98 158
98 176
98 179
98 181
98 186
98 191
98 207
98 211
98 235
99 109
99 121
99 145
99 146
99 152
99 171
99 176
99 181
99 220
100 107
100 194
100 204
100 213
100 239
100 246
101 114
101 118
101 122
101 139
101 141
101 142
101 162
101 167
101 192
101 202
101 218
101 221
101 224
101 233
101 244
102 107
102 131
102 139
102 173
102 176
102 179
102 208
102 236
103 116
103 137
103 167
103 168
103 176
103 190
104 109
104 117
104 121
104 124
104 129
104 137
104 145
104 151
104 155
104 175
104 185
104 187
104 190
104 196
104 223
104 225
104 232
104 245
105 108
105 125
105 129
105 140
105 149
105 152
105 159
105 162
105 177
105 181
105 184
105 200
105 217
106 115
106 176
106 204
106 220
107 109
107 110
107 116
107 135
107 138
107 149
107 162
107 177
107 182
107 193
107 196
107 207
107 232
107 237
107 245
108 110
108 112
108 117
108 148
108 160
108 179
108 186
108 200
108 237
108 248
109 113
109 119
109 125
109 129
109 142
109 148
109 151
109 164
109 166
109 176
109 185
109 187
109 209
109 229
109 239
110 123
110 129
110 130
111 112
111 118
111 148
111 159
111 174
111 202
111 219
111 225
111 244
112 116
112 121
112 127
112 140
112 142
112 153
112 155
112 157
112 167
112 176
112 178
112 180
112 182
112 183
112 187
112 206
112 211
112 212
112 216
112 227
112 229
112 246
113 139
113 146
113 166
113 167
113 183
113 192
113 193
113 208
113 221
113 228
114 128
114 129
114 132
114 135
114 140
114 150
114 168
114 209
114 228
115 127
115 134
115 137
115 150
115 151
115 161
115 186
115 187
115 193
115 201
115 240
116 127
116 143
116 160
116 164
116 165
116 169
116 174
116 187
116 201
116 224
116 242
116 245
117 128
117 129
117 134
117 148
117 178
117 188
117 200
117 205
117 211
117 224
117 240
117 248
118 121
118 133
118 149
118 154
118 164
118 176
118 195
118 205
118 211
118 227
119 139
119 146
119 151
119 169
119 198
119 202
119 235
119 238
119 243
120 130
120 147
120 156
120 161
120 189
120 242
121 146
121 194
122 145
122 182
122 191
122 218
122 235
123 133
123 136
123 155
123 158
123 160
123 162
123 175
123 183
123 184
123 189
124 125
124 128
124 142
124 156
124 170
124 180
124 189
124 195
124 197
124 226
124 227
124 231
125 127
125 133
125 147
125 158
125 199
125 207
125 232
125 240
125 249
126 137
126 142
126 156
126 167
126 173
126 175
126 188
126 189
126 190
126 205
126 219
126 245
127 133
127 141
127 145
127 157
127 172
127 179
127 180
127 198
127 212
127 219
127 223
127 228
127 241
127 249
128 130
128 139
128 142
128 146
128 152
128 160
128 162
128 166
128 173
128 191
128 198
128 208
128 211
128 214
128 219
128 236
128 246
129 131
129 143
129 149
129 187
129 212
129 215
129 233
129 243
129 245
130 137
130 158
130 169
130 190
130 194
130 226
130 228
131 174
131 189
131 193
131 197
131 213
132 133
132 208
132 214
132 216
132 233
133 139
133 143
133 144
133 178
133 195
133 207
133 248
134 138
134 146
134 152
134 166
134 169
134 185
134 204
134 210
134 228
134 229
134 230
134 232
134 237
135 144
135 206
135 241
136 137
136 143
136 154
136 159
136 216
136 222
137 162
137 184
137 195
137 207
137 213
138 150
138 159
138 162
138 176
138 178
138 191
138 241
139 152
139 169
139 174
139 175
139 183
139 187
139 234
140 145
140 168
140 170
140 172
140 173
140 178
140 199
140 215
140 222
140 230
141 143
141 146
141 157
141 158
141 172
142 149
142 151
142 176
142 178
142 189
142 234
142 235
142 237
143 147
143 159
143 186
143 206
143 225
144 169
144 173
144 233
144 244
145 167
145 222
146 166
146 167
146 186
146 223
146 225
146 242
147 148
147 163
147 174
147 198
147 220
147 230
148 153
148 157
148 191
148 194
148 238
149 153
149 156
149 179
149 204
149 207
149 220
150 152
150 156
150 213
150 215
150 219
150 231
151 172
151 182
151 202
151 209
151 215
152 192
152 228
152 233
152 240
153 155
153 159
153 206
153 230
153 238
154 172
154 205
154 216
154 248
155 164
155 180
155 185
155 187
155 218
156 180
156 201
156 233
157 214
157 233
157 244
158 196
158 201
158 215
158 233
159 161
159 163
159 167
159 187
159 188
159 203
159 208
159 212
159 215
159 216
159 234
159 246
160 170
160 181
160 185
160 205
160 236
161 164
161 169
161 177
161 220
162 170
162 241
163 165
163 192
163 217
163 229
164 188
164 215
164 240
164 243
165 240
166 173
166 180
166 184
166 211
166 219
167 177
167 206
167 223
168 176
168 196
168 235
169 217
169 226
169 238
170 171
170 183
170 184
170 211
170 216
170 220
170 223
171 187
171 249
172 197
172 216
172 224
172 248
173 195
173 216
173 217
173 230
173 239
173 247
174 193
174 195
174 212
174 221
174 226
174 235
175 197
175 234
175 245
175 247
176 180
176 185
176 215
176 219
176 244
177 188
177 209
177 217
177 231
178 180
178 210
178 227
179 187
179 193
179 208
180 182
180 198
180 202
181 182
181 213
182 196
182 202
182 203
182 207
182 215
182 230
182 240
183 223
183 225
183 247
185 189
185 191
187 201
187 205
187 214
187 241
188 205
188 208
188 233
189 195
189 220
189 231
189 240
189 247
190 208
190 224
190 226
190 228
190 239
191 193
191 222
192 214
192 224
193 204
193 238
193 244
194 248
195 199
196 201
196 206
196 211
196 212
196 229
197 206
197 218
197 245
198 202
198 219
198 229
199 228
199 232
200 212
200 218
200 236
200 242
201 217
201 223
202 221
204 229
205 221
205 228
205 234
206 219
206 231
206 246
207 210
207 241
207 242
207 249
208 210
208 211
208 242
209 231
211 227
211 230
211 246
212 214
212 245
213 216
214 216
214 236
214 246
215 227
216 217
216 243
217 225
218 236
219 222
219 242
220 228
220 248
221 236
222 232
223 244
224 242
225 237
226 230
226 248
227 232
227 239
227 244
227 247
235 248
240 247
244 247
246 249
