0 1
0 2
0 3
0 4
0 5
0 6
0 7
0 8
0 9
0 10
0 11
0 13
0 14
0 17
0 19
0 20
0 21
0 22
0 23
0 24
0 25
0 27
0 32
0 33
0 34
0 43
0 47
0 60
0 67
0 69
0 72
0 77
0 92
0 102
0 103
0 107
0 118
0 126
0 127
0 132
0 135
0 151
0 152
0 155
0 156
0 158
0 177
0 198
0 206
0 210
0 214
0 239
1 9
1 10
1 13
1 24
1 26
1 29
1 37
1 44
1 48
1 68
1 72
1 73
1 110
1 145
1 151
1 172
1 235
2 9
2 11
2 15
2 16
2 19
2 27
2 47
2 49
2 51
2 114
2 209
2 217
2 231
3 9
3 12
3 13
3 16
3 17
3 20
3 22
3 29
3 42
3 45
3 53
3 65
3 70
3 74
3 81
3 118
3 128
3 144
3 152
3 161
3 162
3 167
3 171
3 172
3 245
3 249
4 9
4 10
4 11
4 12
4 13
4 15
4 23
4 28
4 29
4 31
4 32
4 37
4 45
4 49
4 61
4 71
4 73
4 85
4 94
4 97
4 100
4 116
4 118
4 127
4 132
4 141
4 143
4 144
4 154
4 163
4 192
4 201
4 206
4 211
4 223
4 233
4 235
4 241
5 9
5 10
5 11
5 12
5 14
5 15
5 16
5 18
5 20
5 21
5 23
5 24
5 25
5 33
5 37
5 44
5 58
5 60
5 63
5 70
5 96
5 108
5 111
5 113
5 117
5 125
5 165
5 177
5 180
5 193
5 232
5 249
6 10
6 39
6 98
6 124
6 125
6 149
6 178
6 197
6 200
6 213
6 224
7 9
7 10
7 11
7 12
7 13
7 14
7 15
7 17
7 18
7 19
7 31
7 39
7 43
7 47
7 63
7 72
7 75
7 78
7 84
7 94
7 96
7 99
7 109
7 135
7 150
7 153
7 168
7 176
7 189
7 193
7 209
7 230
8 9
8 10
8 11
8 12
8 14
8 17
8 19
8 21
8 22
8 30
8 31
8 33
8 34
8 35
8 37
8 38
8 40
8 42
8 44
8 49
8 51
8 52
8 53
8 55
8 58
8 62
8 64
8 67
8 71
8 72
8 76
8 79
8 83
8 93
8 102
8 103
8 110
8 115
8 119
8 136
8 139
8 141
8 147
8 164
8 170
8 177
8 191
8 192
8 194
8 197
8 217
8 220
8 227
8 228
8 234
8 237
8 238
8 241
8 245
9 10
9 11
9 12
9 13
9 14
9 15
9 18
9 19
9 20
9 23
9 25
9 26
9 27
9 28
9 32
9 34
9 41
9 44
9 50
9 60
9 61
9 63
9 64
9 66
9 70
9 73
9 75
9 76
9 77
9 80
9 85
9 93
9 95
9 96
9 97
9 99
9 102
9 106
9 107
9 113
9 131
9 136
9 141
9 142
9 164
9 167
9 168
9 171
9 172
9 180
9 183
9 184
9 190
9 191
9 207
9 209
9 213
9 218
9 224
9 229
9 248
10 11
10 12
10 14
10 16
10 17
10 18
10 20
10 21
10 23
10 29
10 31
10 33
10 40
10 41
10 50
10 51
10 52
10 60
10 69
10 71
10 76
10 81
10 84
10 86
10 93
10 98
10 104
10 105
10 121
10 125
10 137
10 140
10 141
10 147
10 159
10 161
10 166
10 169
10 178
10 187
10 191
10 203
10 221
10 227
10 232
10 245
11 12
11 13
11 15
11 16
11 18
11 21
11 24
11 25
11 26
11 28
11 29
11 30
11 35
11 36
11 38
11 39
11 41
11 44
11 47
11 58
11 60
11 61
11 67
11 68
11 74
11 76
11 80
11 82
11 83
11 84
11 87
11 96
11 105
11 107
11 116
11 117
11 119
11 122
11 124
11 131
11 138
11 145
11 153
11 154
11 160
11 174
11 185
11 188
11 191
11 192
11 198
11 210
11 216
11 222
11 230
11 249
12 13
12 14
12 15
12 16
12 17
12 20
12 21
12 22
12 24
12 25
12 26
12 29
12 30
12 33
12 34
12 37
12 38
12 39
12 40
12 45
12 51
12 52
12 53
12 55
12 59
12 66
12 68
12 71
12 74
12 75
12 77
12 78
12 81
12 82
12 83
12 91
12 98
12 99
12 110
12 114
12 119
12 122
12 126
12 139
12 149
12 151
12 167
12 173
12 175
12 179
12 181
12 187
12 188
12 199
12 216
12 222
12 225
12 239
12 243
13 14
13 16
13 17
13 21
13 24
13 28
13 30
13 33
13 36
13 40
13 45
13 48
13 63
13 64
13 65
13 66
13 80
13 90
13 92
13 137
13 152
13 189
13 203
13 219
13 235
14 15
14 16
14 18
14 19
14 27
14 30
14 32
14 35
14 37
14 40
14 41
14 42
14 43
14 46
14 49
14 52
14 61
14 62
14 64
14 68
14 78
14 84
14 94
14 95
14 109
14 131
14 137
14 138
14 139
14 141
14 148
14 188
14 189
14 195
14 211
14 230
14 233
14 241
14 244
15 17
15 18
15 20
15 23
15 25
15 26
15 29
15 32
15 33
15 39
15 50
15 55
15 57
15 69
15 73
15 76
15 91
15 147
15 154
15 157
15 164
15 174
15 199
15 205
15 218
15 229
15 240
16 22
16 26
16 28
16 29
16 39
16 42
16 49
16 56
16 100
16 110
16 111
16 121
16 123
16 134
16 157
16 177
16 184
16 192
16 208
16 214
16 244
17 18
17 19
17 20
17 22
17 27
17 35
17 43
17 49
17 71
17 93
17 97
17 106
17 108
17 119
17 140
17 148
17 185
17 195
17 196
17 200
17 215
17 217
17 224
17 248
17 249
18 19
18 22
18 23
18 25
18 26
18 27
18 28
18 34
18 44
18 46
18 58
18 60
18 62
18 68
18 71
18 93
18 95
18 133
18 137
18 159
18 167
18 174
18 193
18 201
18 220
18 234
18 235
18 239
18 244
18 246
19 35
19 36
19 56
19 74
19 85
19 100
19 107
19 109
19 158
19 198
19 203
19 205
19 248
20 21
20 22
20 24
20 31
20 35
20 36
20 42
20 43
20 45
20 50
20 54
20 56
20 63
20 66
20 72
20 75
20 78
20 83
20 85
20 88
20 89
20 94
20 98
20 117
20 123
20 124
20 126
20 128
20 129
20 148
20 153
20 158
20 173
20 175
20 177
20 181
20 193
20 198
20 206
20 223
20 247
21 28
21 30
21 32
21 47
21 53
21 54
21 56
21 57
21 63
21 66
21 79
21 81
21 105
21 108
21 111
21 114
21 115
21 123
21 130
21 133
21 135
21 141
21 146
21 169
21 173
21 178
21 186
21 195
21 196
21 202
21 206
21 212
21 240
22 23
22 26
22 31
22 34
22 36
22 46
22 48
22 50
22 57
22 65
22 109
22 111
22 112
22 114
22 117
22 118
22 161
22 165
22 218
22 228
22 229
22 245
23 24
23 25
23 27
23 28
23 31
23 41
23 42
23 46
23 55
23 56
23 62
23 64
23 67
23 70
23 77
23 86
23 88
23 89
23 98
23 103
23 111
23 128
23 134
23 138
23 144
23 145
23 146
23 149
23 155
23 158
23 162
23 171
23 174
23 185
23 191
23 204
23 211
23 222
24 27
24 30
24 55
24 59
24 82
24 89
24 167
24 190
24 216
24 218
25 34
25 40
25 43
25 44
25 54
25 60
25 74
25 79
25 83
25 86
25 103
25 109
25 115
25 116
25 121
25 122
25 194
25 220
25 226
26 32
26 36
26 38
26 39
26 40
26 42
26 48
26 54
26 57
26 78
26 81
26 85
26 97
26 100
26 104
26 110
26 115
26 116
26 125
26 126
26 129
26 143
26 164
26 169
26 179
26 180
26 181
26 186
26 189
26 206
26 234
26 249
27 31
27 34
27 35
27 36
27 38
27 55
27 61
27 80
27 84
27 98
27 106
27 118
27 129
27 130
27 143
27 145
27 156
27 159
27 190
27 212
27 220
27 230
27 234
28 38
28 48
28 51
28 69
28 73
28 95
28 96
28 108
28 136
28 145
28 150
28 155
28 172
28 217
29 30
29 41
29 44
29 70
29 72
29 76
29 90
29 100
29 101
29 132
29 169
29 185
29 201
29 207
29 218
30 32
30 40
30 42
30 43
30 52
30 55
30 57
30 59
30 61
30 69
30 82
30 102
30 121
30 124
30 127
30 132
30 137
30 148
30 149
30 156
30 178
30 180
30 185
30 187
30 227
30 228
31 33
31 35
31 37
31 39
31 41
31 50
31 54
31 56
31 74
31 77
31 108
31 115
31 124
31 170
31 171
31 175
31 179
31 188
31 189
31 191
31 196
31 207
31 209
31 216
31 226
31 231
31 247
32 36
32 37
32 38
32 43
32 48
32 52
32 53
32 62
32 84
32 86
32 92
32 93
32 98
32 110
32 120
32 123
32 129
32 138
32 147
32 155
32 158
32 160
32 203
32 245
32 247
33 38
33 58
33 67
33 77
33 92
33 94
33 95
33 112
33 117
33 125
33 132
33 142
33 143
33 165
33 180
33 183
33 205
33 232
34 41
34 58
34 67
34 70
34 72
34 88
34 97
34 99
34 117
34 119
34 122
34 124
34 167
34 183
35 46
35 47
35 48
35 61
35 75
35 87
35 105
35 106
35 120
35 129
35 133
35 135
35 137
35 143
35 145
35 161
35 174
35 183
35 205
35 208
35 209
35 221
36 53
36 56
36 63
36 69
36 92
36 104
36 114
36 161
36 165
36 207
36 210
36 235
37 54
37 80
37 101
37 105
37 111
37 219
37 238
38 45
38 47
38 50
38 53
38 59
38 68
38 79
38 84
38 87
38 88
38 90
38 91
38 92
38 96
38 100
38 112
38 113
38 118
38 130
38 134
38 145
38 154
38 155
38 166
38 173
38 178
38 196
38 197
38 198
38 204
38 214
39 58
39 59
39 79
39 90
39 93
39 107
39 120
39 128
39 132
39 147
39 153
39 184
39 202
39 226
39 229
40 46
40 54
40 56
40 72
40 86
40 97
40 120
40 130
40 171
40 212
40 213
40 238
40 248
41 45
41 51
41 54
41 59
41 65
41 69
41 75
41 88
41 96
41 105
41 106
41 139
41 156
41 165
41 168
41 175
41 184
41 195
41 202
41 216
41 247
42 45
42 47
42 52
42 55
42 59
42 65
42 68
42 75
42 108
42 142
42 172
42 205
42 236
42 241
43 59
43 61
43 63
43 73
43 97
43 109
43 112
43 128
43 129
43 145
43 154
43 196
43 216
43 217
44 46
44 49
44 51
44 62
44 68
44 73
44 87
44 89
44 99
44 101
44 104
44 121
44 123
44 128
44 137
44 142
44 152
44 174
44 207
44 232
45 46
45 48
45 50
45 57
45 69
45 71
45 83
45 90
45 97
45 101
45 135
45 142
45 159
45 178
45 203
45 219
45 225
46 49
46 77
46 79
46 87
46 94
46 101
46 113
46 139
46 171
46 201
46 210
46 221
46 222
47 51
47 85
47 96
47 118
47 133
47 188
47 190
47 227
47 237
47 242
48 67
48 88
48 108
48 125
48 140
48 150
48 166
48 248
49 52
49 57
49 65
49 78
49 91
49 113
49 136
49 142
49 172
49 182
49 212
50 64
50 74
50 85
50 146
50 147
50 149
50 182
50 188
50 228
50 246
51 94
51 102
51 138
51 154
51 156
51 158
51 215
51 236
52 53
52 60
52 70
52 77
52 86
52 107
52 132
52 151
52 152
52 221
52 242
53 80
53 121
53 162
53 166
53 169
53 172
53 184
53 187
54 87
54 89
54 103
54 150
54 170
54 172
54 176
54 186
54 193
54 209
54 214
54 232
55 57
55 62
55 90
55 107
55 140
56 66
56 89
56 113
56 129
56 166
56 187
56 222
56 239
57 58
57 75
57 79
57 130
57 136
57 166
57 213
57 218
57 232
57 236
58 92
58 106
58 117
58 130
58 140
58 174
58 180
58 216
59 64
59 66
59 67
59 73
59 76
59 81
59 94
59 120
59 159
59 168
59 219
60 64
60 71
60 89
60 90
60 91
60 115
60 117
60 126
60 150
60 151
60 181
60 192
60 202
60 235
60 243
61 62
61 76
61 82
61 86
61 103
61 104
61 113
61 121
61 163
61 191
61 208
61 236
61 244
62 65
62 82
62 83
62 84
62 86
62 102
62 112
62 131
62 134
62 140
62 146
62 170
62 197
62 212
62 236
62 240
62 245
63 65
63 70
63 74
63 80
63 81
63 112
63 133
63 144
63 150
64 66
64 144
64 153
64 164
65 122
65 157
65 179
66 78
66 95
66 100
66 110
67 78
67 108
67 127
67 147
67 148
67 211
67 239
67 243
68 81
68 103
68 106
68 110
68 114
68 166
68 181
68 183
68 193
69 79
69 82
69 156
69 168
69 179
69 182
69 231
69 248
70 230
70 233
71 244
72 114
72 193
72 199
73 151
73 219
73 220
74 80
74 103
74 130
74 138
74 149
74 162
74 177
74 195
74 213
74 214
74 225
74 242
75 82
75 83
75 88
75 91
75 104
75 105
75 125
75 143
75 213
76 109
76 114
76 116
76 119
76 126
76 177
76 184
76 223
76 237
76 243
76 247
77 87
77 91
77 101
77 106
77 165
77 244
78 221
79 92
79 99
79 101
79 116
79 122
79 123
79 131
79 140
79 150
79 162
79 199
79 200
79 216
79 249
80 90
80 107
80 152
80 153
80 191
81 100
81 120
81 168
81 239
81 245
82 115
82 173
82 198
82 199
82 227
83 93
83 104
83 121
83 122
83 131
83 176
83 215
83 243
84 85
84 102
84 148
84 149
84 159
84 176
84 238
85 95
85 112
85 118
85 158
85 181
85 183
85 190
86 87
86 91
86 158
86 210
86 231
86 247
87 88
87 89
87 152
87 197
87 220
87 242
87 244
88 99
88 149
88 175
88 226
89 104
89 115
89 128
89 156
89 161
89 205
89 217
90 136
90 143
90 144
90 160
90 164
90 195
90 203
90 228
92 120
92 131
92 182
92 198
92 205
92 242
93 136
93 146
93 157
93 179
93 184
93 210
93 224
94 95
94 98
94 101
94 165
94 170
94 180
94 225
94 228
95 111
95 133
95 135
96 154
96 163
96 206
96 241
97 102
97 134
97 139
97 176
97 192
97 217
97 247
98 99
98 131
98 163
98 171
98 196
98 197
98 204
99 134
99 175
99 207
99 223
100 127
100 184
100 201
101 120
101 157
101 160
101 175
101 222
102 112
102 116
102 124
102 135
102 164
102 190
102 200
102 203
103 105
103 119
103 124
103 153
103 181
103 190
103 201
104 109
104 113
104 148
104 185
104 194
105 123
105 127
105 133
105 155
105 238
106 116
106 123
106 220
107 138
107 144
107 146
107 152
107 165
107 185
107 192
107 209
107 211
107 235
108 204
108 240
109 135
109 189
110 111
110 126
110 132
110 171
110 222
110 229
110 239
111 127
111 186
111 196
111 200
112 134
112 167
112 177
113 122
113 126
113 143
113 182
113 206
114 147
114 151
114 154
114 238
115 146
115 169
115 199
115 243
115 246
116 119
116 153
116 163
116 182
116 187
116 189
116 197
116 242
117 125
117 133
117 138
117 141
117 157
117 163
117 167
117 176
117 211
117 215
117 249
118 136
118 194
119 134
119 173
119 206
120 204
120 218
120 233
121 130
121 142
121 150
121 188
122 186
122 205
122 220
122 237
123 160
123 161
123 190
123 213
124 162
124 164
124 200
124 212
124 219
124 236
125 127
125 129
125 176
125 211
125 217
125 240
126 128
126 142
126 226
127 162
127 182
127 186
127 208
127 215
128 194
128 199
128 211
128 222
128 237
129 139
129 214
129 232
130 140
130 155
131 137
131 247
131 249
132 168
133 139
133 144
133 169
133 189
134 141
134 146
134 156
134 157
134 159
134 162
134 181
134 214
134 226
134 234
135 170
135 173
135 179
135 195
135 201
135 209
135 238
136 235
137 160
137 179
137 246
137 248
138 238
139 161
139 186
139 208
139 212
139 246
140 151
140 182
140 246
141 148
141 166
141 183
141 185
141 194
141 197
141 210
141 231
141 233
141 241
142 199
142 204
142 223
142 230
142 245
143 155
143 180
143 194
143 202
144 163
144 227
146 159
146 221
147 186
147 221
148 187
148 228
149 223
149 224
151 157
152 221
152 229
152 246
153 174
154 196
154 202
154 214
154 215
155 160
155 173
155 192
155 195
155 204
155 234
156 160
156 244
157 163
158 168
158 237
159 227
160 225
161 175
161 194
162 176
163 212
165 169
165 178
165 225
165 233
166 230
167 170
167 207
168 178
168 208
168 236
168 242
169 170
169 187
170 183
170 198
170 236
171 202
171 225
173 246
174 233
178 188
178 193
178 202
179 225
179 240
180 201
180 223
182 223
182 230
184 239
185 200
185 203
188 213
188 228
188 237
189 243
189 248
190 204
190 208
190 224
190 241
192 219
193 208
193 218
195 200
195 210
195 215
198 226
198 240
199 231
199 242
200 215
200 224
200 229
200 233
201 234
205 207
205 227
205 232
210 241
214 229
215 231
216 219
217 226
221 224
221 231
225 243
226 237
230 234
230 240
