0 1
0 2
0 3
0 4
0 5
0 6
0 7
0 8
0 9
0 10
0 13
0 18
0 19
0 20
0 21
0 27
0 29
0 30
0 32
0 35
0 36
0 39
0 42
0 45
0 48
0 53
0 59
0 62
0 77
0 86
0 105
0 118
0 124
0 132
0 137
0 144
0 145
0 155
0 166
0 167
0 169
0 183
0 187
0 226
1 5
1 6
1 7
1 9
1 10
1 11
1 13
1 16
1 19
1 21
1 27
1 28
1 36
1 57
1 65
1 71
1 83
1 126
1 178
1 228
1 233
2 5
2 7
2 10
2 11
2 12
2 13
2 14
2 19
2 20
2 21
2 24
2 51
2 52
2 62
2 64
2 91
2 100
2 107
2 124
2 125
2 157
2 160
2 198
2 213
2 217
2 231
2 239
3 6
3 12
3 18
3 32
3 55
3 64
3 67
3 83
3 100
3 120
3 136
3 202
3 206
4 5
4 12
4 17
4 23
4 33
4 41
4 44
4 45
4 48
4 54
4 61
4 63
4 70
4 71
4 82
4 88
4 91
4 97
4 104
4 126
4 130
4 146
4 148
4 156
4 171
4 179
4 193
4 208
4 210
4 225
5 6
5 7
5 8
5 9
5 11
5 12
5 14
5 16
5 17
5 22
5 24
5 39
5 40
5 42
5 44
5 51
5 54
5 56
5 63
5 68
5 70
5 87
5 89
5 98
5 102
5 106
5 119
5 122
5 126
5 128
5 142
5 182
5 196
5 205
5 222
5 227
5 230
6 8
6 10
6 25
6 27
6 30
6 50
6 58
6 63
6 73
6 79
6 81
6 82
6 93
6 94
6 100
6 103
6 105
6 106
6 132
6 134
6 148
6 151
6 179
6 184
6 190
6 202
6 211
6 228
6 244
6 248
7 8
7 9
7 15
7 16
7 22
7 25
7 32
7 33
7 37
7 40
7 47
7 49
7 53
7 60
7 66
7 67
7 73
7 78
7 80
7 87
7 91
7 97
7 109
7 115
7 128
7 133
7 140
7 145
7 157
7 172
7 175
7 184
7 190
7 191
7 193
7 232
7 240
7 241
8 17
8 18
8 25
8 28
8 46
8 54
8 72
8 131
8 214
8 248
9 11
9 13
9 14
9 15
9 16
9 18
9 20
9 23
9 29
9 30
9 34
9 37
9 38
9 45
9 47
9 50
9 59
9 61
9 62
9 65
9 74
9 79
9 80
9 89
9 99
9 103
9 114
9 116
9 117
9 129
9 131
9 136
9 141
9 142
9 150
9 164
9 187
9 192
9 203
9 211
9 220
9 231
9 243
9 244
10 15
10 20
10 26
10 30
10 38
10 39
10 46
10 50
10 78
10 95
10 112
10 116
10 120
10 148
10 155
10 160
10 167
10 182
10 187
10 213
10 219
10 226
10 241
11 14
11 15
11 17
11 29
11 31
11 43
11 46
11 52
11 68
11 74
11 81
11 99
11 101
11 110
11 114
11 120
11 124
11 137
11 139
11 142
11 149
11 154
11 170
11 181
11 188
11 198
11 209
11 220
11 222
11 230
11 234
12 28
12 29
12 35
12 36
12 40
12 57
12 76
12 85
12 87
12 126
12 153
12 158
12 167
12 169
12 190
12 212
12 247
13 26
13 27
13 37
13 44
13 56
13 67
13 69
13 95
13 108
13 119
13 140
13 162
13 181
13 212
13 224
13 244
14 22
14 23
14 25
14 50
14 52
14 59
14 60
14 83
14 93
14 95
14 143
14 147
14 164
14 174
14 178
14 179
14 185
14 194
14 200
14 238
14 246
15 24
15 61
15 86
15 107
15 111
15 137
15 151
15 161
15 221
16 19
16 24
16 31
16 35
16 41
16 49
16 55
16 62
16 135
16 144
16 154
16 164
16 186
16 197
16 200
16 217
16 245
17 42
17 85
17 113
17 135
17 156
17 159
17 170
17 209
17 223
17 233
17 240
18 31
18 37
18 68
18 71
18 77
18 103
18 122
18 160
18 244
19 21
19 22
19 31
19 32
19 40
19 45
19 51
19 61
19 75
19 89
19 104
19 110
19 114
19 159
19 176
19 183
19 212
19 220
19 232
19 246
20 26
20 36
20 43
20 49
20 74
20 93
20 96
20 108
20 141
21 57
21 58
21 65
21 69
21 73
21 79
21 82
21 84
21 89
21 92
21 94
21 171
21 196
21 198
21 203
21 213
22 23
22 35
22 46
22 48
22 53
22 85
22 106
22 123
22 143
22 160
22 180
22 232
23 26
23 33
23 39
23 53
23 66
23 75
23 85
23 92
23 96
23 99
23 112
23 121
23 133
23 152
23 162
23 165
23 173
23 180
23 206
23 207
23 238
23 241
23 242
24 33
24 34
24 48
24 63
24 78
24 108
24 118
24 168
24 193
24 201
24 218
24 233
25 98
26 41
26 55
26 184
26 189
26 209
26 224
27 28
27 72
27 74
27 108
27 125
27 205
27 212
27 214
28 34
28 38
28 41
28 73
28 86
28 124
28 195
29 88
29 143
30 38
30 92
30 101
30 171
30 204
30 215
31 98
31 128
31 139
31 158
31 167
31 197
32 34
32 43
32 44
32 52
32 57
32 79
32 95
32 97
32 107
32 111
32 133
32 134
32 146
32 147
32 154
32 183
32 188
32 209
32 210
32 224
32 227
32 232
32 247
33 42
33 47
33 49
33 59
33 64
33 105
33 109
33 133
33 138
33 141
33 189
33 198
33 202
33 204
34 55
34 116
34 125
34 148
35 88
35 242
35 249
36 141
37 121
37 149
37 170
37 239
37 246
38 75
38 107
38 172
38 182
39 118
39 230
40 112
40 122
40 201
40 205
40 216
41 43
41 47
41 60
41 111
41 145
41 152
41 199
41 241
42 51
42 58
42 86
42 101
42 113
42 123
42 136
42 156
42 163
42 168
42 220
42 248
43 64
43 81
43 84
43 151
43 194
44 54
44 115
44 177
45 177
46 56
46 65
46 76
46 121
46 161
47 106
47 168
48 71
48 110
48 217
49 94
49 128
49 129
49 131
49 172
49 214
50 67
50 76
50 104
50 147
50 184
50 230
51 118
51 155
51 193
51 218
52 58
52 81
52 84
53 56
53 69
53 77
53 177
53 246
54 68
54 69
54 76
54 127
54 140
54 153
54 157
54 176
54 187
54 191
54 194
55 60
55 204
55 221
55 248
56 72
56 96
56 109
56 122
56 145
56 174
56 181
56 229
56 240
57 72
57 119
57 125
57 140
59 101
59 102
59 143
59 186
60 82
60 90
60 102
60 211
60 224
60 225
60 249
61 66
61 94
61 166
61 191
61 192
62 163
63 66
63 70
63 87
63 132
63 177
63 225
64 146
65 77
65 113
65 114
65 119
65 139
65 147
65 238
66 102
66 134
66 138
66 153
66 166
66 173
66 181
66 217
67 112
67 186
67 195
67 237
68 70
68 123
68 207
69 75
69 80
69 83
69 92
70 78
70 90
70 93
70 117
70 135
70 138
70 142
70 161
70 200
71 127
71 197
71 201
72 127
72 185
72 234
72 247
73 116
73 175
74 98
74 104
74 115
74 247
75 161
75 226
76 242
77 176
78 80
78 113
78 154
78 222
79 144
79 149
79 188
79 223
79 245
80 84
80 97
80 173
80 233
81 205
81 206
81 234
82 88
82 90
82 115
83 130
83 213
83 216
84 117
84 165
85 111
85 169
86 162
86 185
86 210
87 90
87 91
88 117
88 138
89 127
89 163
89 219
90 159
92 109
93 96
93 121
93 168
93 215
94 144
94 197
95 103
95 166
95 208
95 225
97 99
97 100
97 242
98 178
98 195
98 196
100 136
100 162
102 137
102 208
102 243
103 216
104 105
104 110
104 120
104 188
104 236
105 190
105 221
107 239
108 150
109 130
109 191
110 130
111 199
111 236
112 129
113 135
114 165
115 131
115 151
115 174
115 228
115 249
117 152
117 215
118 123
118 170
118 196
119 134
120 200
121 150
121 223
121 229
123 152
123 219
124 164
124 175
125 173
125 237
126 129
126 146
126 185
126 236
127 139
127 171
128 158
128 195
128 203
129 227
131 132
132 221
133 235
136 174
136 178
136 207
137 155
137 180
137 186
137 189
137 223
137 240
137 243
140 218
141 192
142 179
146 158
146 227
147 207
147 229
148 149
148 150
148 201
148 206
149 153
150 159
150 163
152 156
152 194
152 231
153 157
153 215
154 192
154 228
154 229
155 235
156 202
156 235
158 216
159 169
159 199
162 172
163 175
164 165
166 180
166 239
166 245
168 237
168 249
169 231
170 189
170 199
170 210
171 176
172 214
173 235
173 237
176 182
176 219
177 183
179 226
179 236
180 208
184 203
186 243
200 204
202 238
203 211
216 218
218 222
219 245
228 234
