0 1
0 2
0 3
0 4
0 5
0 6
0 7
0 8
0 9
0 10
0 11
0 12
0 13
0 14
0 15
0 16
0 17
0 18
0 19
0 20
0 21
0 22
0 23
0 24
0 25
0 26
0 27
0 32
0 34
0 36
0 37
0 38
0 39
0 42
0 43
0 45
0 46
0 49
0 52
0 53
0 67
0 75
0 85
0 88
0 89
0 92
0 93
0 94
0 97
0 98
0 104
0 106
0 109
0 111
0 115
0 121
0 122
0 125
0 127
0 131
0 140
0 144
0 156
0 163
0 175
0 181
0 183
0 184
0 185
0 189
0 191
0 195
0 196
0 206
0 231
0 234
0 235
0 236
0 237
0 242
1 15
1 16
1 17
1 19
1 20
1 21
1 22
1 25
1 29
1 31
1 34
1 36
1 38
1 43
1 49
1 51
1 54
1 55
1 58
1 59
1 61
1 65
1 66
1 67
1 79
1 85
1 90
1 93
1 98
1 104
1 127
1 129
1 139
1 141
1 147
1 149
1 169
1 178
1 201
1 205
1 220
1 230
2 15
2 16
2 17
2 18
2 29
2 31
2 38
2 39
2 42
2 55
2 68
2 74
2 112
2 123
2 129
2 134
2 142
2 150
2 160
2 164
2 168
2 183
2 184
2 185
2 194
2 241
2 247
3 16
3 20
3 24
3 34
3 35
3 42
3 78
3 115
3 118
3 120
3 136
3 141
3 154
3 212
3 239
4 15
4 16
4 17
4 18
4 19
4 20
4 21
4 24
4 30
4 31
4 32
4 34
4 35
4 36
4 37
4 41
4 42
4 49
4 56
4 59
4 62
4 68
4 70
4 72
4 73
4 74
4 79
4 81
4 84
4 92
4 95
4 107
4 117
4 139
4 150
4 164
4 169
4 178
4 180
4 203
4 218
4 223
4 237
4 245
5 15
5 18
5 20
5 21
5 22
5 23
5 25
5 30
5 35
5 36
5 37
5 39
5 41
5 43
5 51
5 53
5 54
5 55
5 60
5 62
5 63
5 77
5 83
5 84
5 87
5 90
5 96
5 102
5 116
5 133
5 136
5 139
5 144
5 147
5 153
5 161
5 179
5 180
5 186
5 189
5 194
5 199
5 206
5 217
5 225
5 233
5 236
5 240
5 242
6 15
6 16
6 17
6 18
6 19
6 21
6 29
6 30
6 31
6 39
6 43
6 44
6 51
6 56
6 59
6 60
6 68
6 71
6 73
6 95
6 101
6 108
6 123
6 124
6 129
6 153
6 155
6 180
6 204
6 206
6 209
6 212
6 239
6 243
6 245
7 15
7 16
7 17
7 18
7 19
7 24
7 26
7 28
7 30
7 35
7 43
7 47
7 55
7 56
7 113
7 121
7 125
7 145
7 148
7 155
7 158
7 169
7 171
7 178
7 197
7 202
7 213
7 225
8 15
8 16
8 17
8 18
8 19
8 21
8 22
8 23
8 24
8 25
8 26
8 27
8 28
8 29
8 31
8 32
8 33
8 34
8 36
8 37
8 38
8 39
8 41
8 43
8 47
8 48
8 50
8 51
8 52
8 53
8 54
8 56
8 59
8 62
8 63
8 65
8 68
8 69
8 70
8 71
8 74
8 79
8 86
8 90
8 91
8 92
8 99
8 101
8 103
8 104
8 109
8 134
8 136
8 137
8 142
8 143
8 148
8 149
8 153
8 156
8 165
8 166
8 173
8 176
8 187
8 193
8 197
8 203
8 207
8 209
8 212
8 213
8 224
8 238
8 243
8 247
9 15
9 16
9 18
9 19
9 21
9 25
9 26
9 27
9 29
9 33
9 35
9 36
9 37
9 40
9 42
9 44
9 45
9 46
9 47
9 51
9 57
9 58
9 62
9 74
9 87
9 92
9 95
9 97
9 98
9 99
9 100
9 102
9 106
9 116
9 132
9 133
9 150
9 154
9 156
9 157
9 158
9 166
9 181
9 209
9 219
9 224
9 228
9 235
9 240
9 242
9 246
10 15
10 16
10 17
10 18
10 19
10 20
10 23
10 24
10 26
10 27
10 31
10 33
10 36
10 39
10 40
10 57
10 63
10 65
10 67
10 68
10 71
10 77
10 78
10 84
10 104
10 117
10 127
10 138
10 140
10 157
10 172
10 191
10 214
10 224
10 234
10 245
11 15
11 17
11 20
11 22
11 23
11 25
11 26
11 30
11 40
11 49
11 56
11 61
11 63
11 65
11 77
11 90
11 93
11 126
11 135
11 147
11 174
11 201
11 225
11 228
11 238
12 15
12 16
12 17
12 18
12 20
12 22
12 23
12 24
12 25
12 29
12 30
12 31
12 34
12 36
12 38
12 45
12 46
12 47
12 51
12 52
12 54
12 56
12 62
12 67
12 69
12 71
12 77
12 78
12 81
12 82
12 83
12 86
12 96
12 107
12 111
12 117
12 123
12 124
12 127
12 128
12 130
12 134
12 141
12 147
12 151
12 152
12 154
12 155
12 156
12 170
12 172
12 186
12 190
12 192
12 196
12 197
12 205
12 213
12 217
12 219
12 220
12 222
12 237
13 15
13 16
13 17
13 19
13 20
13 21
13 22
13 30
13 31
13 32
13 34
13 39
13 40
13 45
13 48
13 57
13 69
13 71
13 91
13 101
13 119
13 122
13 126
13 127
13 146
13 153
13 155
13 219
13 247
14 15
14 16
14 17
14 18
14 19
14 20
14 23
14 24
14 28
14 34
14 40
14 45
14 65
14 75
14 80
14 88
14 101
14 112
14 113
14 120
14 135
14 147
14 156
14 166
14 168
14 184
14 191
14 198
14 204
14 208
14 235
15 16
15 17
15 18
15 19
15 20
15 21
15 22
15 23
15 24
15 25
15 27
15 28
15 29
15 33
15 35
15 36
15 37
15 40
15 41
15 42
15 43
15 44
15 45
15 46
15 47
15 48
15 50
15 52
15 53
15 55
15 58
15 61
15 63
15 64
15 65
15 68
15 72
15 73
15 74
15 77
15 80
15 82
15 83
15 85
15 88
15 92
15 93
15 94
15 95
15 100
15 105
15 108
15 115
15 117
15 118
15 121
15 128
15 135
15 137
15 138
15 142
15 151
15 158
15 160
15 163
15 165
15 166
15 170
15 186
15 190
15 194
15 200
15 206
15 216
15 219
15 224
15 227
15 229
16 17
16 18
16 19
16 20
16 21
16 22
16 23
16 24
16 25
16 26
16 27
16 28
16 30
16 31
16 32
16 33
16 34
16 37
16 38
16 40
16 42
16 44
16 45
16 49
16 52
16 53
16 55
16 57
16 58
16 59
16 60
16 62
16 63
16 66
16 67
16 69
16 70
16 73
16 74
16 75
16 78
16 79
16 83
16 89
16 91
16 95
16 96
16 99
16 100
16 101
16 103
16 105
16 110
16 112
16 114
16 119
16 121
16 124
16 128
16 131
16 134
16 137
16 144
16 149
16 151
16 152
16 157
16 158
16 163
16 168
16 170
16 180
16 184
16 187
16 189
16 190
16 195
16 196
16 198
16 204
16 208
16 211
16 216
16 218
16 219
16 220
16 221
16 222
16 223
16 229
16 234
16 236
16 246
17 18
17 19
17 20
17 21
17 22
17 23
17 25
17 26
17 27
17 28
17 29
17 30
17 32
17 33
17 34
17 35
17 36
17 37
17 38
17 40
17 41
17 42
17 45
17 52
17 54
17 55
17 61
17 66
17 67
17 74
17 76
17 82
17 86
17 88
17 95
17 98
17 104
17 105
17 107
17 114
17 115
17 130
17 138
17 145
17 150
17 152
17 161
17 163
17 166
17 176
17 179
17 182
17 190
17 191
17 198
17 203
17 205
17 212
17 215
17 219
17 223
17 225
17 227
17 231
17 237
17 238
17 239
17 242
17 248
18 19
18 21
18 22
18 24
18 27
18 29
18 32
18 34
18 35
18 36
18 38
18 40
18 44
18 47
18 49
18 55
18 60
18 65
18 70
18 84
18 94
18 95
18 98
18 101
18 107
18 114
18 115
18 119
18 120
18 122
18 128
18 133
18 143
18 148
18 149
18 153
18 154
18 155
18 161
18 163
18 175
18 182
18 188
18 189
18 196
18 211
18 219
18 221
18 222
18 239
19 20
19 21
19 22
19 23
19 24
19 25
19 26
19 27
19 28
19 29
19 32
19 35
19 37
19 38
19 41
19 44
19 46
19 50
19 51
19 52
19 53
19 57
19 59
19 64
19 67
19 68
19 70
19 74
19 80
19 89
19 92
19 94
19 95
19 96
19 97
19 99
19 101
19 102
19 105
19 107
19 110
19 113
19 119
19 121
19 125
19 131
19 135
19 137
19 143
19 148
19 149
19 151
19 168
19 185
19 186
19 196
19 199
19 200
19 203
19 209
19 221
19 222
19 226
19 227
19 230
19 240
19 245
19 248
20 21
20 22
20 23
20 25
20 26
20 27
20 28
20 29
20 30
20 32
20 33
20 34
20 35
20 36
20 39
20 45
20 47
20 48
20 50
20 53
20 54
20 55
20 56
20 57
20 59
20 61
20 63
20 67
20 68
20 70
20 72
20 81
20 82
20 85
20 97
20 100
20 103
20 105
20 111
20 116
20 117
20 118
20 119
20 123
20 126
20 128
20 132
20 136
20 140
20 142
20 154
20 156
20 160
20 168
20 169
20 176
20 181
20 183
20 184
20 185
20 193
20 201
20 203
20 205
20 211
20 220
20 222
20 231
20 233
20 235
20 237
20 239
20 243
21 22
21 23
21 24
21 25
21 26
21 27
21 28
21 29
21 33
21 39
21 40
21 41
21 43
21 46
21 47
21 48
21 49
21 51
21 53
21 62
21 72
21 74
21 80
21 82
21 84
21 92
21 95
21 96
21 100
21 105
21 110
21 112
21 114
21 118
21 122
21 138
21 143
21 162
21 165
21 170
21 175
21 181
21 199
21 200
21 207
21 209
21 221
21 226
21 233
21 243
22 23
22 24
22 25
22 26
22 27
22 28
22 29
22 31
22 33
22 36
22 40
22 41
22 46
22 48
22 50
22 51
22 52
22 54
22 55
22 58
22 59
22 65
22 68
22 72
22 80
22 89
22 92
22 99
22 108
22 109
22 112
22 113
22 114
22 117
22 128
22 136
22 139
22 144
22 149
22 151
22 155
22 158
22 160
22 185
22 187
22 207
22 211
22 217
22 244
22 247
23 26
23 27
23 28
23 32
23 33
23 35
23 37
23 42
23 43
23 52
23 53
23 54
23 59
23 62
23 67
23 75
23 78
23 81
23 82
23 84
23 85
23 86
23 87
23 96
23 100
23 101
23 105
23 109
23 110
23 116
23 117
23 120
23 128
23 130
23 132
23 135
23 142
23 143
23 146
23 148
23 152
23 156
23 162
23 164
23 165
23 173
23 174
23 181
23 183
23 187
23 188
23 189
23 197
23 198
23 199
23 227
23 234
23 235
23 243
24 26
24 28
24 29
24 37
24 38
24 39
24 41
24 47
24 49
24 60
24 63
24 66
24 72
24 74
24 88
24 97
24 100
24 125
24 130
24 132
24 133
24 138
24 149
24 161
24 176
24 186
24 189
24 192
24 194
24 204
24 237
24 238
24 244
25 28
25 30
25 31
25 32
25 33
25 35
25 37
25 40
25 41
25 44
25 45
25 47
25 48
25 50
25 56
25 57
25 58
25 60
25 65
25 67
25 73
25 80
25 82
25 85
25 93
25 98
25 99
25 101
25 106
25 108
25 113
25 115
25 129
25 138
25 140
25 144
25 163
25 168
25 174
25 190
25 191
25 194
25 200
25 212
25 214
25 232
25 234
25 235
25 242
26 27
26 28
26 30
26 31
26 32
26 37
26 41
26 43
26 44
26 45
26 47
26 49
26 53
26 54
26 56
26 61
26 64
26 65
26 66
26 68
26 69
26 72
26 75
26 76
26 77
26 80
26 88
26 90
26 96
26 98
26 102
26 103
26 105
26 106
26 109
26 110
26 118
26 119
26 122
26 125
26 140
26 141
26 144
26 146
26 148
26 150
26 154
26 164
26 165
26 168
26 169
26 170
26 172
26 179
26 182
26 188
26 191
26 202
26 207
26 212
26 224
26 230
26 234
27 35
27 39
27 46
27 48
27 49
27 60
27 71
27 76
27 77
27 79
27 84
27 93
27 96
27 102
27 103
27 109
27 130
27 132
27 144
27 152
27 155
27 162
27 169
27 171
27 176
27 200
27 219
27 230
27 236
28 30
28 31
28 33
28 41
28 42
28 45
28 48
28 50
28 54
28 56
28 59
28 64
28 70
28 71
28 72
28 73
28 80
28 83
28 85
28 87
28 96
28 118
28 129
28 132
28 135
28 140
28 148
28 162
28 171
28 177
28 179
28 186
28 194
28 195
28 197
28 201
28 207
28 213
28 218
28 220
28 244
29 30
29 31
29 32
29 34
29 36
29 38
29 40
29 42
29 43
29 44
29 49
29 64
29 69
29 71
29 73
29 82
29 88
29 91
29 95
29 104
29 118
29 129
29 134
29 136
29 138
29 165
29 166
29 175
29 180
29 189
29 203
29 215
29 227
29 232
29 245
29 248
30 33
30 34
30 39
30 40
30 42
30 44
30 46
30 48
30 54
30 59
30 60
30 61
30 62
30 63
30 64
30 69
30 77
30 79
30 83
30 85
30 91
30 94
30 96
30 99
30 103
30 109
30 119
30 121
30 127
30 133
30 135
30 146
30 148
30 153
30 161
30 163
30 164
30 171
30 178
30 182
30 190
30 191
30 195
30 200
30 211
30 212
30 218
30 220
30 227
30 229
31 32
31 35
31 38
31 39
31 43
31 44
31 45
31 46
31 47
31 58
31 62
31 70
31 73
31 75
31 77
31 78
31 88
31 89
31 96
31 102
31 106
31 107
31 113
31 119
31 121
31 131
31 136
31 160
31 162
31 164
31 165
31 171
31 182
31 188
31 193
31 195
31 200
31 203
31 204
31 208
31 209
31 211
31 214
31 218
31 240
32 33
32 38
32 61
32 64
32 67
32 70
32 78
32 81
32 122
32 124
32 130
32 137
32 171
32 185
32 197
32 215
32 217
32 225
33 44
33 47
33 56
33 58
33 61
33 66
33 75
33 76
33 83
33 86
33 89
33 102
33 112
33 118
33 123
33 144
33 155
33 160
33 171
33 181
33 184
33 211
33 224
33 236
33 239
33 247
34 43
34 46
34 51
34 58
34 60
34 63
34 69
34 90
34 101
34 103
34 112
34 137
34 157
34 167
34 169
34 170
34 171
34 211
34 212
34 218
34 233
34 238
35 37
35 41
35 45
35 50
35 52
35 57
35 60
35 66
35 71
35 76
35 81
35 82
35 97
35 98
35 112
35 116
35 123
35 126
35 137
35 164
35 167
35 172
35 183
35 190
35 193
35 194
35 201
35 206
35 208
35 231
35 232
35 239
36 38
36 41
36 42
36 55
36 66
36 67
36 68
36 76
36 77
36 78
36 82
36 83
36 90
36 98
36 106
36 108
36 123
36 126
36 132
36 133
36 137
36 140
36 160
36 195
36 214
36 229
36 232
36 239
36 244
37 42
37 44
37 50
37 55
37 57
37 73
37 76
37 84
37 91
37 98
37 103
37 114
37 115
37 125
37 129
37 132
37 146
37 156
37 159
37 173
37 195
37 226
37 231
37 232
37 243
38 39
38 44
38 46
38 47
38 48
38 53
38 55
38 58
38 64
38 82
38 94
38 104
38 107
38 108
38 109
38 111
38 123
38 124
38 137
38 142
38 146
38 147
38 152
38 160
38 169
38 170
38 182
38 192
38 199
38 211
38 217
38 222
38 226
38 232
38 237
38 240
38 246
38 247
38 248
39 43
39 48
39 52
39 70
39 71
39 81
39 90
39 95
39 103
39 106
39 114
39 115
39 127
39 135
39 136
39 150
39 157
39 174
39 179
39 181
39 188
39 189
39 196
39 218
39 221
39 235
39 240
39 246
40 46
40 48
40 50
40 51
40 64
40 68
40 71
40 79
40 85
40 87
40 88
40 107
40 111
40 127
40 128
40 135
40 140
40 143
40 163
40 180
40 194
40 225
40 238
41 53
41 58
41 59
41 61
41 65
41 66
41 73
41 74
41 89
41 92
41 102
41 110
41 111
41 113
41 128
41 131
41 134
41 145
41 151
41 155
41 156
41 161
41 163
41 164
41 175
41 177
41 187
41 198
41 202
41 203
41 217
41 225
41 230
41 247
42 46
42 49
42 51
42 54
42 60
42 61
42 66
42 75
42 83
42 87
42 89
42 94
42 97
42 157
42 172
42 175
42 180
42 187
42 190
42 191
42 209
42 229
42 239
42 245
42 247
43 50
43 51
43 57
43 64
43 77
43 79
43 94
43 106
43 108
43 159
43 162
43 165
43 185
43 198
43 212
43 236
43 244
43 245
44 48
44 50
44 53
44 61
44 62
44 66
44 69
44 72
44 81
44 92
44 117
44 120
44 123
44 134
44 145
44 157
44 164
44 176
44 180
44 181
44 183
44 194
44 195
44 222
44 234
44 237
44 244
45 49
45 50
45 57
45 58
45 60
45 66
45 78
45 80
45 87
45 93
45 100
45 105
45 112
45 116
45 129
45 136
45 138
45 139
45 171
45 175
45 177
45 178
45 205
45 209
45 210
45 214
45 225
45 230
45 232
45 234
45 239
46 51
46 54
46 56
46 58
46 60
46 61
46 69
46 83
46 84
46 89
46 107
46 117
46 120
46 126
46 127
46 132
46 139
46 148
46 151
46 173
46 177
46 188
46 208
46 222
46 238
46 241
46 249
47 49
47 50
47 52
47 57
47 70
47 73
47 78
47 81
47 87
47 88
47 90
47 92
47 93
47 102
47 113
47 157
47 166
47 168
47 170
47 176
47 179
47 191
47 233
47 246
48 64
48 82
48 86
48 91
48 97
48 121
48 137
48 138
48 141
48 166
48 216
48 247
49 52
49 53
49 57
49 66
49 79
49 85
49 101
49 111
49 113
49 114
49 124
49 125
49 158
49 165
49 179
49 180
49 183
49 212
49 214
50 56
50 61
50 64
50 69
50 85
50 91
50 92
50 93
50 100
50 116
50 120
50 122
50 140
50 141
50 143
50 149
50 162
50 176
50 179
50 189
50 222
50 235
51 52
51 54
51 56
51 57
51 72
51 74
51 76
51 78
51 99
51 108
51 121
51 146
51 169
51 173
51 177
51 178
51 205
51 210
52 59
52 70
52 86
52 87
52 100
52 103
52 106
52 117
52 128
52 130
52 159
52 170
52 183
52 247
53 59
53 72
53 74
53 75
53 76
53 77
53 79
53 83
53 102
53 104
53 105
53 116
53 123
53 138
53 141
53 153
53 174
53 187
53 188
53 190
53 192
53 195
53 215
53 224
54 55
54 60
54 65
54 75
54 78
54 85
54 109
54 110
54 133
54 134
54 135
54 148
54 161
54 174
54 202
54 215
54 234
54 237
55 62
55 63
55 71
55 85
55 94
55 114
55 119
55 135
55 142
55 145
55 150
55 160
55 170
55 175
55 182
55 193
55 208
55 223
55 226
55 230
55 233
55 241
55 247
56 62
56 63
56 65
56 69
56 75
56 76
56 84
56 85
56 95
56 102
56 104
56 139
56 141
56 145
56 149
56 159
56 189
56 190
56 197
56 199
56 225
56 244
57 58
57 65
57 68
57 74
57 75
57 78
57 86
57 91
57 113
57 116
57 119
57 125
57 133
57 138
57 145
57 157
57 158
57 168
57 182
57 186
57 188
57 196
57 204
57 213
58 73
58 84
58 88
58 93
58 99
58 124
58 133
58 150
58 165
58 174
58 200
58 222
58 233
58 239
58 245
58 249
59 68
59 77
59 81
59 91
59 92
59 103
59 108
59 115
59 116
59 119
59 123
59 126
59 141
59 159
59 172
59 173
59 183
59 191
59 196
59 207
59 215
59 219
59 223
60 62
60 63
60 64
60 67
60 69
60 75
60 76
60 79
60 88
60 94
60 98
60 104
60 106
60 107
60 111
60 117
60 120
60 124
60 131
60 132
60 134
60 140
60 152
60 154
60 160
60 171
60 177
60 181
60 184
60 185
60 197
60 198
60 203
60 210
60 214
60 222
60 239
60 243
60 246
61 63
61 66
61 71
61 72
61 83
61 100
61 153
61 162
61 169
61 172
61 179
61 187
61 200
61 201
61 202
61 212
62 64
62 84
62 97
62 119
62 122
62 152
62 167
62 175
62 178
62 186
62 205
62 216
62 235
62 237
63 67
63 80
63 83
63 90
63 97
63 101
63 114
63 118
63 133
63 136
63 138
63 140
63 146
63 177
63 180
63 194
63 201
63 215
63 233
64 78
64 99
64 111
64 118
64 120
64 146
64 149
64 155
64 167
64 169
64 193
64 195
64 212
64 217
64 224
64 226
64 236
64 249
65 70
65 72
65 81
65 102
65 104
65 134
65 144
65 150
65 173
65 177
65 178
65 183
65 188
65 190
65 192
65 208
65 210
65 241
65 243
66 69
66 82
66 86
66 87
66 108
66 112
66 114
66 121
66 140
66 143
66 157
66 160
66 166
66 167
66 170
66 192
66 208
66 210
66 215
66 234
66 243
66 249
67 70
67 86
67 89
67 91
67 95
67 103
67 107
67 119
67 137
67 158
67 169
67 187
67 198
67 214
67 215
67 220
67 234
67 237
68 73
68 76
68 79
68 81
68 88
68 101
68 108
68 121
68 129
68 131
68 133
68 142
68 168
68 200
68 229
68 232
69 71
69 73
69 76
69 86
69 89
69 120
69 146
69 164
69 173
69 203
69 207
70 72
70 79
70 82
70 90
70 94
70 100
70 104
70 106
70 126
70 145
70 152
70 154
70 175
70 184
70 193
70 215
70 216
70 223
70 228
70 236
71 77
71 83
71 87
71 89
71 102
71 103
71 115
71 126
71 130
71 131
71 161
71 172
71 178
71 181
71 216
71 229
71 230
72 76
72 80
72 84
72 86
72 91
72 94
72 97
72 106
72 118
72 134
72 136
72 142
72 143
72 147
72 158
72 167
72 204
72 219
72 229
73 79
73 89
73 93
73 105
73 106
73 115
73 124
73 125
73 134
73 146
73 168
73 172
73 183
73 197
73 208
73 214
73 233
73 249
74 75
74 87
74 94
74 97
74 117
74 129
74 132
74 139
74 141
74 143
74 150
75 89
75 91
75 110
75 111
75 113
75 131
75 143
75 171
75 178
75 194
75 199
75 202
75 228
75 245
76 80
76 88
76 94
76 154
76 161
76 184
76 185
76 193
76 204
76 205
76 207
76 230
76 248
77 80
77 84
77 90
77 98
77 111
77 116
77 134
77 151
77 167
77 184
77 187
77 192
77 202
77 249
78 81
78 86
78 100
78 109
78 110
78 122
78 129
78 144
78 152
78 174
78 177
78 198
78 209
78 220
78 223
78 224
79 80
79 96
79 99
79 110
79 123
79 127
79 130
79 133
79 139
79 145
79 150
79 161
79 174
79 179
79 188
79 199
79 206
79 217
79 218
80 81
80 87
80 90
80 93
80 97
80 104
80 114
80 115
80 125
80 128
80 168
80 172
80 174
80 182
80 185
80 197
80 218
81 102
81 108
81 116
81 137
81 153
81 207
81 218
82 101
82 114
82 126
82 133
82 172
82 179
82 192
83 87
83 93
83 145
83 174
83 213
83 221
83 228
83 231
83 248
84 86
84 108
84 111
84 122
84 141
84 149
84 169
84 192
84 193
84 213
84 228
84 241
85 90
85 92
85 98
85 110
85 123
85 124
85 131
85 136
85 141
85 153
85 212
86 105
86 111
86 157
86 159
86 226
86 241
86 244
86 246
87 91
87 96
87 117
87 127
87 130
87 144
87 146
87 154
87 159
87 174
87 188
87 208
87 210
87 226
87 234
87 240
88 93
88 97
88 98
88 109
88 113
88 124
88 156
88 202
88 214
88 224
88 238
88 242
88 244
89 99
89 117
89 143
89 158
90 99
90 112
90 113
90 118
90 139
90 143
90 183
90 202
90 224
90 230
91 103
91 107
91 120
91 122
91 131
91 156
91 157
91 161
91 164
91 171
91 201
91 205
91 225
91 226
92 107
92 115
92 134
92 139
92 142
92 147
92 164
92 180
92 231
92 249
93 95
93 109
93 125
93 142
93 144
93 149
93 187
93 200
93 213
93 238
94 99
94 126
94 130
94 159
94 176
94 186
94 193
94 196
94 240
95 96
95 105
95 119
95 121
95 136
95 137
95 148
95 152
95 153
95 163
95 171
95 213
95 241
96 104
96 108
96 114
96 125
96 126
96 135
96 177
96 178
96 179
96 187
96 196
96 199
96 206
96 225
96 242
97 112
97 130
97 149
97 172
97 192
97 210
97 242
98 106
98 107
98 122
98 136
98 155
98 166
98 174
98 195
98 217
98 220
98 229
98 240
99 100
99 110
99 112
99 116
99 122
99 125
99 162
99 163
99 165
99 180
99 208
100 118
100 132
100 172
100 184
100 196
100 245
101 105
101 140
101 151
101 167
101 170
101 175
101 189
101 202
101 249
102 120
102 129
102 155
102 206
102 223
102 241
103 131
103 145
103 157
103 158
103 186
104 110
104 120
104 121
104 152
104 202
104 242
104 245
104 246
104 247
105 109
105 111
105 115
105 118
105 139
105 141
105 151
105 191
105 210
105 219
105 223
105 232
105 248
106 113
106 116
106 120
106 127
106 135
106 143
106 150
106 156
106 221
107 109
107 127
107 144
107 178
107 227
107 232
108 124
108 144
108 173
108 183
108 207
108 209
108 211
108 227
109 110
109 167
109 195
109 196
109 209
109 221
109 224
109 232
109 240
110 124
110 125
110 126
110 129
110 147
110 154
110 167
110 184
110 186
110 211
110 233
111 112
111 121
111 124
111 156
111 159
111 163
111 166
111 231
111 246
112 157
112 161
112 201
112 207
112 211
112 218
112 223
112 243
113 122
113 130
113 193
113 199
113 200
113 247
114 204
114 242
115 137
115 138
115 163
115 207
115 208
115 242
116 128
116 147
116 204
117 123
117 131
117 146
117 159
117 166
117 209
117 211
117 216
117 246
118 132
118 153
118 201
118 206
118 217
118 231
118 232
119 126
119 129
119 131
119 151
119 155
119 167
119 174
119 199
119 202
119 229
119 233
120 139
120 190
120 194
120 205
120 214
120 216
121 127
121 128
121 145
121 154
121 158
121 159
121 162
121 164
121 186
121 203
121 240
122 140
122 164
122 173
122 189
122 195
122 208
122 220
122 230
122 244
123 142
123 147
123 153
123 201
124 133
124 165
124 168
124 177
124 178
124 236
125 128
125 147
125 150
125 162
125 166
125 222
125 234
126 165
126 175
126 183
127 130
127 141
127 142
127 145
127 169
127 170
127 194
127 241
128 145
128 149
128 173
128 176
128 178
128 210
128 236
128 244
128 247
128 248
129 132
129 135
129 162
129 185
129 206
129 235
130 139
130 142
130 151
130 204
131 158
131 179
131 244
132 147
132 154
132 162
133 151
133 152
133 156
133 201
133 206
133 228
134 165
134 216
134 241
135 146
135 147
135 151
135 153
135 155
135 158
135 160
135 210
135 222
135 230
135 235
136 159
136 205
136 238
137 138
137 148
137 152
137 160
137 162
137 175
137 177
138 154
138 160
138 172
139 209
140 148
140 150
140 173
140 206
141 175
141 196
141 200
141 241
142 163
142 181
142 189
142 204
143 159
143 182
143 207
143 245
144 191
144 217
145 182
145 194
145 198
146 173
146 222
146 229
146 248
147 148
147 167
147 216
147 237
148 167
148 203
148 204
148 214
149 176
149 177
149 208
149 227
150 159
150 202
150 220
150 241
151 182
151 199
151 218
151 224
151 227
151 232
152 197
153 167
153 180
153 212
153 216
153 228
154 185
154 188
154 226
155 193
155 202
155 204
155 210
155 225
155 246
156 189
156 190
156 200
156 207
156 230
157 191
157 210
157 218
157 223
157 236
158 168
158 197
158 221
158 223
158 226
158 228
159 161
159 166
159 193
159 210
160 161
160 177
160 240
161 192
161 198
162 176
162 186
162 188
162 192
162 228
162 230
162 237
163 170
163 182
163 213
163 228
163 236
164 171
164 192
164 199
164 227
165 197
165 205
165 206
165 217
165 221
165 233
165 238
166 176
166 192
166 242
167 173
167 181
167 187
167 213
168 228
168 231
168 249
169 176
169 198
169 220
169 225
169 241
170 179
170 180
170 196
170 213
170 228
170 231
170 235
170 246
171 181
171 241
172 184
172 197
172 205
172 226
173 185
173 201
173 214
174 181
174 182
174 185
174 187
174 209
174 233
175 195
175 231
175 244
176 216
176 245
177 188
178 215
178 239
179 198
179 201
179 219
179 220
179 221
180 184
180 190
180 216
181 191
182 213
182 223
182 224
183 231
183 249
184 186
184 229
185 198
185 217
185 229
185 248
186 193
186 232
186 238
187 210
187 218
188 216
189 227
189 233
190 199
191 203
191 225
192 242
192 243
193 219
193 235
195 243
196 205
196 215
196 228
197 249
198 206
198 231
200 203
200 221
201 213
201 236
201 239
202 215
203 246
203 248
204 234
205 221
206 211
207 214
207 240
208 226
208 249
210 217
210 240
211 226
211 248
212 219
212 220
212 223
212 245
212 249
213 215
213 227
215 221
215 249
218 238
220 248
225 244
226 227
226 236
226 246
227 229
229 235
233 238
235 237
236 243
238 243
239 242
245 248
