0 1
0 2
0 3
0 4
0 5
0 6
0 7
0 8
0 10
0 11
0 12
0 13
0 16
0 17
0 20
0 25
0 32
0 33
0 36
0 37
0 39
0 41
0 51
0 53
0 60
0 66
0 78
0 79
0 83
0 86
0 88
0 92
0 99
0 109
0 126
0 128
0 136
0 137
0 139
0 140
0 145
0 152
0 156
0 157
0 158
0 160
0 166
0 171
0 176
0 180
0 188
0 195
0 197
0 233
0 238
0 241
0 247
1 7
1 8
1 9
1 10
1 12
1 13
1 14
1 16
1 20
1 23
1 28
1 29
1 32
1 33
1 36
1 38
1 45
1 49
1 59
1 83
1 90
1 96
1 126
1 137
1 145
1 151
1 152
1 154
1 155
1 160
1 172
1 185
1 200
2 7
2 8
2 9
2 11
2 20
2 21
2 22
2 28
2 31
2 40
2 54
2 60
2 71
2 89
2 93
2 96
2 103
2 104
2 112
2 114
2 173
2 174
2 180
2 189
2 212
2 217
2 220
2 224
2 231
2 246
2 247
3 7
3 8
3 10
3 13
3 15
3 17
3 25
3 37
3 49
3 72
3 97
3 102
3 109
3 110
3 116
3 121
3 159
3 168
3 177
3 213
3 217
3 238
3 240
4 7
4 8
4 12
4 13
4 15
4 18
4 19
4 22
4 23
4 26
4 27
4 28
4 31
4 33
4 39
4 40
4 45
4 66
4 68
4 78
4 86
4 90
4 113
4 123
4 130
4 151
4 161
4 163
4 182
4 193
4 208
4 227
4 242
5 7
5 9
5 10
5 11
5 13
5 22
5 24
5 27
5 28
5 31
5 32
5 44
5 46
5 48
5 50
5 53
5 59
5 67
5 75
5 82
5 93
5 98
5 104
5 107
5 135
5 143
5 153
5 155
5 173
5 181
5 186
5 188
5 191
5 213
5 233
5 244
6 9
6 11
6 13
6 14
6 17
6 19
6 20
6 21
6 22
6 23
6 27
6 30
6 35
6 36
6 37
6 42
6 45
6 47
6 48
6 52
6 55
6 56
6 63
6 65
6 69
6 71
6 72
6 75
6 82
6 83
6 85
6 94
6 99
6 100
6 103
6 112
6 114
6 119
6 132
6 146
6 148
6 185
6 187
6 188
6 212
6 216
6 220
6 240
6 243
7 8
7 9
7 10
7 11
7 12
7 15
7 16
7 18
7 19
7 27
7 33
7 35
7 39
7 40
7 41
7 46
7 47
7 60
7 63
7 67
7 80
7 89
7 95
7 98
7 101
7 102
7 105
7 113
7 122
7 130
7 146
7 151
7 176
7 179
7 197
7 212
7 223
7 238
7 247
8 9
8 10
8 15
8 18
8 19
8 21
8 23
8 25
8 26
8 31
8 52
8 64
8 67
8 115
8 116
8 129
8 138
8 169
8 186
8 202
9 11
9 12
9 16
9 20
9 24
9 37
9 43
9 44
9 47
9 50
9 56
9 57
9 62
9 64
9 70
9 73
9 75
9 81
9 102
9 103
9 117
9 148
9 154
9 164
9 175
9 179
9 191
9 196
9 205
9 211
9 214
9 226
9 227
9 238
9 244
9 247
10 12
10 14
10 15
10 21
10 22
10 23
10 26
10 32
10 42
10 48
10 51
10 52
10 63
10 65
10 68
10 72
10 73
10 74
10 75
10 76
10 94
10 103
10 105
10 112
10 133
10 182
10 185
10 192
10 198
10 200
10 239
11 14
11 18
11 25
11 30
11 34
11 40
11 47
11 52
11 80
11 90
11 180
11 209
11 236
11 237
11 244
12 14
12 15
12 17
12 21
12 23
12 25
12 34
12 42
12 47
12 57
12 60
12 109
12 114
12 122
12 129
12 140
12 158
12 176
12 179
12 187
12 194
12 210
12 246
13 14
13 16
13 18
13 20
13 29
13 41
13 42
13 45
13 49
13 55
13 62
13 66
13 110
13 127
13 142
13 143
13 178
13 183
13 230
13 234
13 236
13 237
14 17
14 19
14 22
14 25
14 29
14 38
14 43
14 50
14 54
14 68
14 84
14 91
14 94
14 103
14 105
14 126
14 129
14 149
14 156
14 208
14 211
14 249
15 16
15 41
15 50
15 66
15 74
15 87
15 93
15 107
15 179
15 200
15 210
15 236
16 17
16 18
16 24
16 27
16 48
16 53
16 56
16 62
16 64
16 68
16 69
16 71
16 72
16 74
16 78
16 84
16 87
16 100
16 111
16 123
16 124
16 128
16 131
16 135
16 140
16 155
16 161
16 174
16 175
16 184
16 185
16 189
16 195
16 206
16 222
16 233
16 243
17 19
17 21
17 24
17 30
17 32
17 34
17 35
17 37
17 43
17 53
17 54
17 58
17 61
17 72
17 85
17 87
17 93
17 100
17 104
17 107
17 112
17 119
17 129
17 137
17 144
17 145
17 155
17 160
17 169
17 184
17 187
17 201
17 212
17 216
17 217
17 237
18 31
18 51
18 55
18 67
18 70
18 71
18 81
18 83
18 130
18 135
18 138
18 139
18 157
18 162
18 202
19 24
19 26
19 27
19 34
19 36
19 39
19 44
19 86
19 95
19 131
19 134
19 152
19 162
19 172
19 178
20 28
20 29
20 30
20 58
20 63
20 76
20 77
20 98
20 127
20 132
20 133
20 143
20 147
20 166
20 168
20 188
20 208
20 238
21 26
21 29
21 30
21 45
21 54
21 79
21 88
21 101
21 115
21 118
21 123
21 136
21 142
21 147
21 154
21 183
21 189
21 248
21 249
22 33
22 43
22 53
22 125
22 141
22 142
22 153
22 183
22 221
22 237
22 243
23 24
23 34
23 46
23 48
23 59
23 64
23 87
23 89
23 104
23 121
23 124
23 150
23 167
23 193
23 233
24 26
24 58
24 85
24 96
24 115
24 135
24 141
24 245
24 246
25 28
25 32
25 41
25 44
25 45
25 48
25 53
25 57
25 58
25 65
25 83
25 95
25 101
25 110
25 120
25 122
25 123
25 128
25 129
25 138
25 166
25 206
25 215
25 222
25 234
25 246
26 31
26 37
26 42
26 49
26 60
26 88
26 134
26 162
26 183
26 204
26 209
26 215
26 241
27 29
27 38
27 39
27 41
27 43
27 71
27 93
27 99
27 101
27 106
27 126
27 157
27 181
27 187
27 204
27 221
27 245
28 30
28 35
28 46
28 59
28 85
28 88
28 111
28 128
28 171
28 246
29 34
29 36
29 39
29 49
29 56
29 57
29 62
29 68
29 100
29 106
29 137
29 140
29 151
29 153
29 171
29 194
29 196
29 204
29 205
30 40
30 52
30 61
30 66
30 82
30 85
30 89
30 131
30 143
30 158
31 33
31 35
31 36
31 50
31 65
31 76
31 77
31 125
31 136
31 144
31 155
31 181
31 192
31 198
31 203
31 219
31 226
31 227
31 232
31 248
32 47
32 114
32 177
33 38
33 44
33 63
33 69
33 92
33 120
33 144
33 161
33 168
33 192
33 213
34 35
34 40
34 55
34 61
34 81
34 120
34 199
34 224
35 38
35 49
35 63
35 69
35 144
35 174
35 197
36 38
36 51
36 61
36 66
36 69
36 85
36 126
36 130
36 171
36 201
36 232
36 248
37 46
37 80
37 91
37 101
37 184
37 230
38 42
38 55
38 67
38 84
38 108
38 128
38 135
38 149
38 150
38 177
38 178
38 190
38 226
39 43
39 44
39 46
39 50
39 54
39 60
39 70
39 71
39 73
39 77
39 79
39 83
39 96
39 106
39 122
39 124
39 132
39 151
39 159
39 161
39 167
39 191
39 206
39 223
39 241
39 242
39 244
39 247
40 75
40 78
40 79
40 102
40 123
40 132
40 146
40 148
40 149
40 152
40 190
40 193
40 199
40 219
41 57
41 69
41 92
41 149
41 158
41 176
41 209
41 249
42 51
42 58
42 79
42 145
42 158
42 159
42 186
42 195
42 202
42 211
42 216
42 218
42 222
42 249
43 61
43 77
43 97
43 113
43 129
43 138
43 183
43 185
43 208
43 219
43 224
44 52
44 56
44 58
44 157
44 204
44 241
45 51
45 70
45 93
45 119
45 124
45 138
46 64
46 67
46 76
46 81
46 108
46 192
47 54
47 56
47 57
47 72
47 74
47 84
47 95
47 165
48 59
48 110
48 116
48 204
49 109
49 153
49 179
49 186
51 55
51 78
51 94
51 115
51 118
51 122
51 126
51 134
51 175
51 180
51 207
51 214
52 106
52 210
53 78
53 80
53 94
53 102
53 109
53 113
53 115
53 127
53 151
53 159
53 190
53 213
53 248
54 104
54 113
54 142
54 164
54 218
55 62
55 68
55 75
55 136
55 154
55 160
55 173
55 199
55 209
55 242
56 81
56 94
56 123
56 147
56 154
56 178
57 59
57 61
57 64
57 74
57 76
57 97
57 125
57 133
57 134
57 163
57 173
57 180
57 201
57 228
57 244
57 245
58 198
58 199
59 65
59 91
59 119
59 156
59 203
60 80
60 84
60 88
60 95
60 97
60 124
60 139
60 142
60 169
60 197
60 198
60 231
60 232
60 235
60 237
61 62
61 70
61 163
61 165
62 76
62 77
62 80
62 87
62 125
62 201
62 215
62 235
62 240
63 82
63 105
63 121
64 65
64 89
64 128
64 167
64 195
65 97
65 107
65 108
65 117
65 132
65 152
65 167
65 176
66 81
66 89
66 98
66 100
66 171
66 221
66 242
67 86
67 105
67 111
67 113
67 117
67 139
67 147
67 150
67 234
67 241
68 73
68 77
68 92
68 116
68 117
68 120
68 144
68 178
68 191
68 204
68 206
68 245
69 70
69 74
69 99
69 100
69 116
69 117
69 121
69 147
69 152
69 165
69 189
69 225
69 245
70 73
70 98
71 73
71 86
71 95
71 99
71 106
71 111
71 164
71 182
71 222
71 229
72 79
72 115
72 127
72 130
72 132
72 172
72 182
72 224
73 82
73 101
73 107
73 108
73 124
73 139
73 141
73 158
73 159
73 164
73 168
73 194
74 90
74 111
74 136
74 194
74 203
74 206
74 209
74 234
75 82
75 92
75 97
75 121
75 130
76 90
76 96
76 102
76 122
77 112
77 160
77 249
78 86
78 107
78 181
78 205
79 131
79 137
79 146
79 163
79 182
79 230
80 91
80 110
80 114
80 117
80 201
81 87
81 88
81 90
81 98
81 118
81 133
81 222
81 226
82 84
82 103
82 133
82 141
82 146
82 170
82 235
82 243
83 92
83 118
83 134
83 170
83 192
83 229
84 105
84 108
84 143
84 188
84 193
84 197
84 219
85 225
86 121
86 159
86 170
86 231
87 91
87 96
87 109
87 136
87 229
88 91
88 194
88 233
90 118
90 181
90 189
90 200
91 99
91 104
91 110
91 131
91 196
91 198
91 239
92 106
92 156
92 168
92 189
92 210
92 240
93 144
93 157
93 165
93 196
93 205
93 225
93 231
94 108
94 163
94 165
94 207
94 223
95 119
95 142
95 198
95 217
95 247
96 116
96 162
96 207
96 223
96 240
97 148
97 160
97 169
98 156
98 162
98 173
98 218
98 225
98 227
99 193
100 120
100 149
100 169
100 174
100 184
100 209
100 235
100 236
101 135
102 112
102 150
102 167
102 214
103 114
103 118
103 125
104 143
105 139
106 140
106 148
106 225
107 111
107 146
107 169
107 175
107 216
107 231
108 119
110 140
110 166
110 244
111 127
111 154
111 161
111 239
112 162
112 172
112 225
113 127
113 197
113 215
114 153
115 166
115 181
117 145
117 163
118 141
119 120
119 150
119 177
119 187
120 125
120 134
120 149
120 153
120 170
120 199
120 202
120 208
120 211
120 235
120 249
122 176
122 229
123 191
124 141
124 206
125 228
126 156
126 167
126 190
126 218
127 131
127 133
127 137
127 145
127 184
127 202
127 216
128 211
128 217
129 147
129 173
131 177
131 221
132 172
132 187
132 200
132 232
133 166
134 155
134 221
135 138
135 185
135 207
136 157
137 175
137 210
137 227
138 150
138 184
138 218
138 219
138 220
140 217
141 148
142 174
142 223
142 229
143 164
143 178
144 239
145 172
146 168
146 228
148 177
148 218
152 188
152 248
153 191
153 192
153 237
154 161
154 196
154 221
154 242
155 200
155 210
155 226
157 174
157 190
158 180
158 224
159 195
159 212
159 227
159 236
160 165
160 213
160 230
161 224
162 164
162 171
162 234
163 170
163 215
165 194
165 228
166 202
167 179
167 183
168 214
169 170
169 190
170 193
174 175
177 195
178 220
179 219
179 229
179 230
179 245
180 186
180 243
181 182
181 213
181 215
181 223
181 234
182 196
182 212
184 199
184 211
185 186
185 207
187 208
188 203
188 246
188 248
190 214
190 216
190 220
193 201
194 231
194 239
199 205
199 228
199 243
200 203
201 203
202 207
204 205
205 232
208 222
208 235
209 228
211 214
211 226
213 232
216 220
217 230
220 238
220 240
227 242
229 233
229 236
236 241
238 239
