0 1
0 2
0 3
0 4
0 5
0 6
0 7
0 8
0 9
0 10
0 11
0 12
0 13
0 14
0 15
0 16
0 17
0 18
0 19
0 20
0 21
0 22
0 23
0 27
0 28
0 29
0 30
0 31
0 32
0 35
0 41
0 42
0 44
0 49
0 57
0 66
0 67
0 69
0 70
0 77
0 78
0 80
0 82
0 90
0 92
0 93
0 98
0 104
0 110
0 113
0 118
0 126
0 137
0 138
0 143
0 161
0 165
0 171
0 174
0 177
0 178
0 184
0 188
0 190
0 192
0 200
0 203
0 205
0 210
0 212
0 216
0 221
0 225
0 226
0 227
0 229
0 241
1 12
1 13
1 20
1 21
1 23
1 25
1 29
1 30
1 32
1 33
1 42
1 47
1 52
1 53
1 61
1 65
1 76
1 78
1 80
1 85
1 92
1 93
1 107
1 111
1 116
1 127
1 136
1 143
1 146
1 176
1 197
1 216
1 218
1 219
1 229
1 233
1 235
1 240
2 11
2 12
2 13
2 14
2 15
2 17
2 23
2 24
2 25
2 27
2 32
2 34
2 41
2 43
2 46
2 48
2 55
2 58
2 83
2 97
2 98
2 102
2 136
2 147
2 182
2 207
2 220
2 232
2 235
3 11
3 12
3 13
3 14
3 16
3 18
3 20
3 22
3 23
3 24
3 33
3 34
3 36
3 39
3 40
3 42
3 43
3 46
3 47
3 48
3 53
3 60
3 62
3 63
3 65
3 68
3 69
3 73
3 80
3 89
3 91
3 104
3 106
3 113
3 117
3 120
3 126
3 145
3 146
3 150
3 157
3 197
3 205
3 214
3 216
3 231
3 245
3 246
4 11
4 12
4 13
4 14
4 15
4 16
4 17
4 18
4 19
4 22
4 24
4 25
4 26
4 30
4 32
4 38
4 39
4 43
4 45
4 56
4 57
4 59
4 73
4 75
4 76
4 82
4 87
4 92
4 93
4 105
4 106
4 107
4 114
4 120
4 127
4 128
4 131
4 146
4 149
4 150
4 155
4 157
4 158
4 177
4 186
4 191
4 197
4 209
4 217
4 225
4 237
5 11
5 13
5 15
5 18
5 20
5 22
5 26
5 34
5 35
5 36
5 41
5 54
5 66
5 78
5 104
5 112
5 119
5 142
5 163
5 197
5 222
5 230
5 232
5 235
5 238
5 240
6 11
6 12
6 16
6 18
6 20
6 26
6 46
6 48
6 60
6 64
6 69
6 94
6 96
6 99
6 101
6 112
6 126
6 134
6 147
6 154
6 218
6 236
6 237
7 11
7 12
7 13
7 14
7 16
7 19
7 21
7 22
7 23
7 24
7 26
7 27
7 31
7 38
7 50
7 52
7 56
7 58
7 62
7 65
7 71
7 73
7 74
7 75
7 81
7 82
7 84
7 88
7 89
7 93
7 94
7 100
7 107
7 119
7 128
7 153
7 162
7 169
7 172
7 183
7 202
7 213
8 11
8 14
8 15
8 16
8 18
8 19
8 21
8 23
8 33
8 39
8 43
8 44
8 45
8 52
8 58
8 85
8 87
8 94
8 108
8 114
8 115
8 135
8 142
8 166
8 176
8 195
8 210
8 226
8 244
9 11
9 12
9 13
9 14
9 15
9 17
9 25
9 37
9 46
9 54
9 57
9 64
9 100
9 106
9 127
9 161
9 162
9 174
9 177
9 188
9 193
9 219
9 229
10 11
10 12
10 75
10 79
10 137
10 151
10 166
10 171
10 187
10 193
10 247
11 12
11 13
11 14
11 15
11 16
11 17
11 19
11 20
11 21
11 22
11 23
11 24
11 25
11 26
11 27
11 28
11 29
11 31
11 33
11 36
11 38
11 39
11 41
11 42
11 50
11 54
11 55
11 57
11 61
11 62
11 67
11 68
11 82
11 85
11 88
11 89
11 96
11 99
11 101
11 107
11 108
11 116
11 117
11 118
11 119
11 121
11 129
11 131
11 135
11 136
11 140
11 142
11 143
11 148
11 160
11 161
11 164
11 168
11 169
11 171
11 173
11 174
11 183
11 188
11 189
11 196
11 197
11 199
11 205
11 219
11 227
11 246
12 13
12 14
12 15
12 17
12 18
12 19
12 21
12 23
12 24
12 26
12 27
12 29
12 30
12 31
12 32
12 33
12 40
12 45
12 47
12 51
12 53
12 54
12 56
12 57
12 60
12 63
12 65
12 66
12 67
12 72
12 73
12 77
12 84
12 85
12 88
12 89
12 92
12 93
12 95
12 96
12 100
12 103
12 106
12 108
12 111
12 113
12 116
12 121
12 123
12 125
12 127
12 128
12 133
12 134
12 135
12 140
12 143
12 145
12 149
12 150
12 151
12 159
12 160
12 176
12 183
12 187
12 206
12 207
12 212
12 213
12 215
12 217
12 221
12 224
12 228
12 229
12 231
12 240
12 244
12 245
12 247
12 249
13 14
13 15
13 16
13 17
13 18
13 20
13 21
13 22
13 24
13 25
13 27
13 28
13 29
13 30
13 32
13 33
13 34
13 35
13 38
13 40
13 42
13 43
13 46
13 47
13 48
13 49
13 51
13 54
13 56
13 58
13 60
13 63
13 64
13 66
13 67
13 68
13 72
13 80
13 81
13 83
13 84
13 88
13 89
13 94
13 95
13 97
13 98
13 100
13 104
13 108
13 110
13 117
13 123
13 133
13 138
13 139
13 145
13 148
13 159
13 166
13 169
13 177
13 181
13 193
13 195
13 201
13 203
13 207
13 213
13 216
13 222
13 224
13 228
13 242
14 15
14 16
14 17
14 18
14 19
14 20
14 21
14 22
14 24
14 26
14 27
14 28
14 29
14 30
14 35
14 36
14 37
14 38
14 39
14 43
14 44
14 47
14 49
14 52
14 55
14 59
14 60
14 61
14 62
14 65
14 67
14 68
14 71
14 72
14 73
14 84
14 92
14 102
14 107
14 115
14 117
14 119
14 128
14 133
14 134
14 135
14 142
14 156
14 167
14 170
14 173
14 186
14 189
14 191
14 199
14 201
14 225
14 237
14 238
14 242
14 245
14 246
15 16
15 17
15 19
15 21
15 23
15 24
15 25
15 34
15 38
15 40
15 44
15 46
15 49
15 51
15 57
15 60
15 64
15 70
15 71
15 75
15 77
15 82
15 95
15 96
15 102
15 104
15 110
15 111
15 114
15 117
15 126
15 128
15 129
15 133
15 145
15 147
15 150
15 153
15 157
15 180
15 202
15 226
15 234
16 17
16 18
16 19
16 23
16 27
16 31
16 37
16 38
16 39
16 41
16 43
16 48
16 50
16 52
16 55
16 57
16 60
16 65
16 73
16 77
16 80
16 85
16 92
16 99
16 127
16 139
16 140
16 145
16 147
16 148
16 152
16 153
16 156
16 164
16 173
16 198
16 199
16 206
16 207
16 214
16 226
16 227
16 234
16 240
17 19
17 20
17 28
17 29
17 30
17 31
17 32
17 36
17 37
17 39
17 40
17 43
17 46
17 50
17 52
17 55
17 57
17 58
17 70
17 77
17 81
17 91
17 97
17 100
17 107
17 108
17 120
17 121
17 123
17 130
17 134
17 152
17 155
17 167
17 191
17 196
17 199
17 200
17 205
17 209
17 214
17 231
17 233
17 243
17 245
18 20
18 22
18 27
18 28
18 32
18 34
18 37
18 38
18 40
18 41
18 42
18 47
18 50
18 51
18 53
18 55
18 66
18 67
18 72
18 73
18 74
18 84
18 87
18 102
18 105
18 112
18 116
18 121
18 122
18 129
18 134
18 137
18 159
18 165
18 176
18 178
18 180
18 184
18 185
18 203
18 207
18 208
18 211
18 220
18 221
18 247
19 21
19 22
19 28
19 30
19 37
19 42
19 44
19 61
19 62
19 71
19 76
19 83
19 86
19 95
19 107
19 113
19 133
19 137
19 148
19 158
19 172
19 173
19 192
19 194
19 196
19 212
19 218
19 230
19 235
19 242
19 243
19 248
20 24
20 25
20 28
20 29
20 32
20 36
20 39
20 40
20 47
20 58
20 62
20 67
20 74
20 82
20 101
20 106
20 114
20 121
20 136
20 141
20 150
20 166
20 168
20 170
20 199
20 213
20 232
20 241
20 249
21 25
21 28
21 29
21 30
21 32
21 33
21 34
21 35
21 37
21 38
21 39
21 40
21 41
21 45
21 49
21 52
21 58
21 59
21 61
21 63
21 68
21 69
21 79
21 82
21 83
21 87
21 90
21 92
21 104
21 105
21 107
21 123
21 125
21 131
21 134
21 138
21 140
21 143
21 154
21 158
21 162
21 164
21 174
21 181
21 183
21 189
21 190
21 191
21 204
21 208
21 211
21 225
21 227
21 237
22 26
22 35
22 44
22 48
22 52
22 54
22 61
22 64
22 77
22 79
22 82
22 96
22 108
22 116
22 119
22 124
22 132
22 142
22 214
22 220
22 221
22 224
22 243
22 244
23 25
23 26
23 31
23 44
23 45
23 50
23 63
23 64
23 65
23 68
23 69
23 70
23 73
23 75
23 77
23 79
23 84
23 97
23 98
23 99
23 103
23 108
23 115
23 116
23 141
23 148
23 160
23 172
23 188
23 195
23 202
23 236
24 26
24 35
24 36
24 42
24 59
24 63
24 73
24 75
24 90
24 97
24 130
24 147
24 148
24 183
24 186
24 212
24 217
24 227
24 230
24 245
25 27
25 31
25 33
25 40
25 45
25 53
25 54
25 57
25 60
25 61
25 63
25 68
25 76
25 79
25 86
25 88
25 89
25 92
25 101
25 109
25 115
25 118
25 121
25 124
25 125
25 127
25 134
25 138
25 145
25 154
25 159
25 161
25 167
25 171
25 173
25 184
25 190
25 194
25 200
25 203
25 215
25 221
25 228
25 232
25 234
25 236
25 248
26 28
26 29
26 30
26 35
26 37
26 38
26 42
26 44
26 47
26 49
26 51
26 64
26 70
26 72
26 78
26 83
26 87
26 93
26 94
26 95
26 109
26 132
26 137
26 139
26 140
26 141
26 142
26 164
26 167
26 180
26 182
26 192
26 198
26 204
26 208
26 210
26 228
26 238
26 241
26 242
27 31
27 49
27 55
27 64
27 66
27 69
27 80
27 103
27 107
27 117
27 120
27 136
27 145
27 154
27 162
27 167
27 177
27 187
27 201
27 209
27 230
28 33
28 61
28 74
28 77
28 86
28 89
28 90
28 93
28 94
28 98
28 99
28 118
28 134
28 168
28 198
28 219
29 31
29 34
29 41
29 56
29 71
29 83
29 96
29 101
29 110
29 130
29 142
29 151
29 190
29 225
29 226
29 247
30 33
30 37
30 44
30 45
30 52
30 70
30 83
30 102
30 118
30 154
30 174
30 175
30 176
30 182
30 225
30 236
31 34
31 37
31 39
31 41
31 47
31 50
31 56
31 58
31 60
31 64
31 66
31 89
31 120
31 125
31 142
31 143
31 154
31 163
31 167
31 185
31 193
31 197
31 210
32 34
32 36
32 48
32 49
32 51
32 52
32 76
32 85
32 88
32 90
32 98
32 109
32 116
32 121
32 132
32 135
32 136
32 140
32 146
32 152
32 156
32 161
32 163
32 165
32 166
32 168
32 170
32 187
32 189
32 208
32 228
32 236
32 243
33 35
33 36
33 78
33 81
33 82
33 84
33 91
33 95
33 100
33 101
33 112
33 127
33 140
33 143
33 146
33 147
33 159
33 175
33 192
33 211
33 219
33 249
34 35
34 36
34 41
34 44
34 45
34 46
34 50
34 51
34 55
34 56
34 67
34 69
34 76
34 79
34 93
34 94
34 98
34 100
34 101
34 106
34 109
34 113
34 125
34 128
34 130
34 131
34 133
34 146
34 163
34 164
34 178
34 184
34 188
34 189
34 190
34 192
34 194
34 203
34 213
34 233
35 48
35 86
35 94
35 103
35 122
35 141
35 150
35 173
35 180
35 198
35 218
35 220
35 238
36 47
36 50
36 56
36 78
36 105
36 123
36 125
36 129
36 144
36 155
36 164
36 172
36 199
37 40
37 48
37 51
37 54
37 71
37 76
37 79
37 98
37 111
37 116
37 135
37 144
37 147
37 172
37 202
37 244
38 43
38 74
38 83
38 158
38 163
38 171
38 201
38 220
38 234
39 59
39 61
39 64
39 75
39 77
39 85
39 117
39 126
39 129
39 131
39 141
39 144
39 149
39 155
39 160
39 175
39 187
39 200
39 221
39 232
40 42
40 46
40 56
40 67
40 79
40 83
40 89
40 96
40 115
40 118
40 128
40 137
40 150
40 189
40 198
40 211
40 217
40 224
40 226
40 248
41 43
41 49
41 53
41 70
41 81
41 93
41 97
41 104
41 107
41 111
41 113
41 125
41 148
41 166
41 171
41 205
41 209
41 244
42 59
42 66
42 69
42 74
42 80
42 108
42 110
42 111
42 135
42 161
42 179
42 223
42 230
42 237
42 242
43 45
43 48
43 49
43 50
43 51
43 76
43 78
43 85
43 86
43 90
43 93
43 100
43 119
43 205
43 218
43 232
43 234
43 238
43 239
44 45
44 46
44 59
44 65
44 77
44 87
44 95
44 126
44 172
44 191
44 192
44 224
44 239
45 53
45 75
45 103
45 105
45 151
45 169
45 176
45 197
45 203
45 217
45 243
46 53
46 55
46 59
46 105
46 110
46 114
46 144
46 180
46 187
46 197
46 228
47 54
47 56
47 63
47 67
47 70
47 74
47 86
47 126
47 127
47 148
47 149
47 168
47 229
47 241
48 53
48 84
48 125
48 157
48 206
48 227
48 228
48 240
49 55
49 58
49 59
49 68
49 71
49 72
49 73
49 80
49 81
49 87
49 91
49 106
49 123
49 134
49 139
49 150
49 151
49 152
49 156
49 166
49 211
49 220
49 235
49 248
50 51
50 61
50 62
50 81
50 94
50 100
50 104
50 121
50 124
50 128
50 132
50 145
50 151
50 153
50 154
50 165
50 170
50 179
50 181
50 200
50 203
50 207
50 214
50 225
50 236
50 243
50 246
51 53
51 59
51 70
51 95
51 105
51 112
51 113
51 118
51 160
51 165
51 170
51 175
51 186
51 229
51 248
52 74
52 90
52 91
52 114
52 118
52 122
52 142
52 151
52 165
52 170
52 172
52 181
52 185
52 196
52 204
52 226
52 239
53 54
53 62
53 63
53 69
53 76
53 117
53 120
53 156
53 167
53 174
53 175
53 200
53 211
53 243
54 57
54 72
54 79
54 115
54 120
54 162
54 174
54 196
54 213
54 237
54 248
54 249
55 66
55 86
55 97
55 105
55 112
55 124
55 180
55 182
55 188
56 58
56 60
56 62
56 71
56 86
56 117
56 132
56 149
56 152
56 182
56 204
56 214
57 62
57 66
57 72
57 85
57 104
57 106
57 167
57 169
57 211
57 239
58 71
58 79
58 81
58 89
58 99
58 102
58 109
58 116
58 166
58 221
58 225
58 227
59 160
59 169
59 191
59 219
60 91
60 105
60 109
60 136
60 180
60 190
60 206
60 224
60 240
60 241
60 248
61 63
61 74
61 99
61 102
61 110
61 126
61 132
61 134
61 160
61 169
61 172
61 176
61 223
62 65
62 68
62 72
62 92
62 102
62 103
62 113
62 127
62 137
62 138
62 155
62 159
62 162
62 164
62 172
62 175
62 181
62 182
62 201
62 208
62 212
62 227
63 65
63 71
63 76
63 83
63 128
63 141
63 152
63 158
63 161
63 209
63 221
63 223
63 235
63 236
64 68
64 78
64 130
64 139
64 155
64 223
64 228
65 88
65 90
65 95
65 98
65 163
65 201
65 203
65 205
65 207
65 227
65 238
65 248
66 75
66 81
66 122
66 123
66 127
66 129
66 131
66 144
66 153
66 184
66 199
66 202
66 219
66 231
67 69
67 74
67 82
67 86
67 91
67 103
67 106
67 110
67 114
67 125
67 164
67 178
67 179
67 189
67 193
67 212
68 70
68 81
68 90
68 91
68 95
68 98
68 103
68 111
68 129
68 136
68 144
68 152
68 153
68 155
68 174
68 177
68 184
68 194
68 197
68 205
68 223
69 88
69 129
69 155
69 177
69 227
70 72
70 85
70 111
70 115
70 120
70 122
70 130
70 131
70 137
70 141
70 157
70 185
70 190
70 191
70 192
70 194
70 196
70 204
70 213
70 215
70 226
70 231
70 235
70 249
71 140
71 144
71 178
71 195
72 78
72 92
72 96
72 152
73 103
73 156
73 167
73 171
73 178
73 198
74 75
74 78
74 94
74 99
74 103
74 111
74 124
74 135
74 138
74 139
74 147
74 152
74 168
74 175
74 179
74 208
74 209
75 80
75 122
75 137
75 147
75 149
75 156
75 186
75 192
76 96
76 97
76 106
76 130
76 195
77 122
77 126
77 129
77 162
77 167
77 187
77 195
77 224
77 238
78 80
78 88
78 109
78 119
78 122
78 170
79 104
79 154
79 160
79 168
79 203
79 234
80 115
80 151
80 162
80 228
80 230
81 91
81 114
81 124
81 150
81 163
81 245
82 84
82 87
82 90
82 181
82 239
83 84
83 96
83 99
83 121
83 153
83 170
83 172
83 185
83 194
83 198
83 212
83 215
83 217
83 229
83 236
84 86
84 87
84 101
84 111
84 116
84 120
84 128
84 129
84 139
84 157
84 183
85 87
85 88
85 101
85 105
85 109
85 149
85 201
85 206
85 216
85 218
85 226
85 242
85 244
86 109
86 182
86 246
87 100
87 102
87 114
87 119
87 159
87 165
87 200
87 201
87 215
87 243
88 99
88 141
88 144
88 159
88 161
88 188
88 231
89 91
89 108
89 113
89 133
89 163
89 179
90 97
90 115
90 157
90 182
90 195
90 204
91 97
91 109
91 113
91 114
91 117
91 161
91 162
91 165
91 186
91 208
91 210
92 102
92 112
92 131
92 154
92 159
92 233
92 239
92 247
93 138
93 155
93 177
93 179
93 216
94 112
94 118
94 151
94 171
94 241
95 122
95 135
95 208
96 132
96 191
97 119
97 140
97 146
97 157
97 226
98 136
98 149
99 118
99 133
99 153
99 195
99 220
100 101
100 123
100 124
100 126
100 156
100 176
100 186
100 192
100 198
100 204
100 216
100 222
101 112
101 135
101 163
101 217
101 231
101 238
102 108
102 110
102 131
102 138
102 163
102 175
102 178
102 193
102 199
102 201
103 112
103 183
103 184
103 208
103 224
104 153
104 157
105 123
105 124
105 148
106 121
106 130
106 146
106 200
106 210
106 211
106 238
107 148
107 185
107 223
108 110
108 115
108 138
108 158
108 178
108 189
108 194
108 200
109 149
109 187
109 209
109 233
110 132
110 143
110 202
110 206
110 243
111 120
111 122
111 133
111 145
111 168
111 169
111 173
111 174
111 202
111 224
111 235
112 138
112 144
112 218
112 230
112 249
113 141
113 156
113 158
113 170
113 177
113 202
113 204
113 230
114 124
114 157
114 162
114 168
114 194
114 232
114 235
114 247
115 181
115 199
115 216
115 229
116 125
116 137
116 144
116 160
116 217
116 222
117 119
117 175
117 198
117 206
119 179
119 195
119 211
119 222
120 123
120 141
120 155
120 185
121 124
121 132
121 168
121 200
121 225
123 132
123 133
123 146
123 196
123 214
123 219
123 243
124 150
124 165
124 177
124 193
124 196
124 208
124 215
124 233
124 236
124 237
124 246
125 186
125 196
125 215
126 130
126 145
126 189
127 143
127 187
127 202
128 130
128 146
128 180
128 213
128 219
128 230
128 246
129 131
129 139
129 169
130 139
130 186
131 158
131 181
131 183
131 196
131 210
131 237
132 143
132 193
132 214
132 218
133 136
133 139
133 199
133 207
133 216
133 236
133 240
134 142
134 188
134 206
135 206
135 212
135 223
135 242
136 188
137 213
138 140
138 158
138 164
138 186
139 147
139 152
139 179
139 192
139 232
139 249
140 153
140 170
141 184
141 214
141 237
142 151
142 183
142 229
142 239
143 171
143 184
143 214
143 217
144 149
144 188
144 193
144 222
145 173
145 185
145 232
146 158
146 160
146 183
146 185
146 194
146 212
146 235
146 241
146 246
147 176
147 179
147 207
147 242
147 244
148 231
148 239
150 154
150 159
150 175
150 223
152 173
152 224
152 247
153 161
153 165
153 166
153 195
153 203
154 233
155 156
155 225
156 184
156 248
157 164
157 173
157 181
157 187
157 215
157 222
158 169
158 176
158 234
159 182
159 212
159 228
160 171
160 222
161 179
161 180
161 185
161 190
161 198
161 213
161 221
161 242
162 182
162 189
163 202
163 210
163 249
164 210
164 223
165 166
165 247
166 205
167 233
168 174
168 178
168 191
168 237
169 197
169 204
169 223
170 239
172 180
174 178
174 191
174 234
176 249
177 190
177 201
178 194
179 207
180 181
181 238
181 248
184 190
184 204
184 239
184 240
185 206
185 230
185 234
185 241
186 247
187 193
189 218
189 222
190 205
191 221
191 246
192 245
194 232
194 249
196 222
198 215
199 209
199 240
200 246
201 229
202 217
202 220
202 244
202 247
203 244
205 218
206 209
206 219
206 240
207 209
208 210
208 211
208 233
209 215
209 234
213 220
214 220
214 245
215 216
218 244
219 241
222 231
222 241
226 233
227 231
228 245
235 242
241 245
