0 1
0 2
0 3
0 4
0 5
0 6
0 7
0 8
0 9
0 10
0 11
0 12
0 13
0 14
0 15
0 24
0 29
0 30
0 41
0 42
0 61
0 62
0 77
0 85
0 88
0 93
0 94
0 95
0 102
0 104
0 105
0 128
0 139
0 140
0 146
0 149
0 155
0 176
0 190
0 198
0 221
0 223
0 225
0 228
0 230
0 239
1 7
1 16
1 18
1 27
1 32
1 95
1 97
1 104
1 187
2 7
2 8
2 9
2 11
2 13
2 21
2 23
2 32
2 44
2 51
2 57
2 59
2 63
2 70
2 220
3 8
3 25
3 57
3 63
3 88
3 97
3 121
3 140
4 7
4 9
4 10
4 14
4 16
4 26
4 29
4 35
4 45
4 47
4 50
4 51
4 70
4 83
4 101
4 105
4 122
4 129
4 137
4 143
4 148
4 162
4 169
4 185
4 208
4 227
4 240
4 249
5 7
5 8
5 10
5 11
5 12
5 13
5 19
5 24
5 26
5 28
5 29
5 34
5 36
5 37
5 39
5 43
5 45
5 54
5 55
5 77
5 102
5 111
5 118
5 121
5 130
5 136
5 149
5 158
5 160
5 179
5 181
5 184
5 188
5 210
5 219
5 223
5 227
5 248
6 7
6 8
6 9
6 10
6 11
6 15
6 16
6 17
6 20
6 23
6 27
6 28
6 29
6 31
6 33
6 34
6 35
6 38
6 46
6 47
6 49
6 50
6 53
6 56
6 62
6 67
6 73
6 74
6 75
6 81
6 98
6 99
6 104
6 108
6 109
6 113
6 114
6 119
6 125
6 127
6 148
6 150
6 153
6 160
6 168
6 171
6 177
6 183
6 185
6 187
6 194
6 201
6 209
6 222
6 225
6 245
7 8
7 9
7 10
7 11
7 13
7 14
7 16
7 17
7 21
7 24
7 25
7 26
7 27
7 30
7 31
7 51
7 52
7 55
7 62
7 64
7 65
7 69
7 70
7 72
7 73
7 76
7 85
7 87
7 92
7 108
7 115
7 121
7 124
7 128
7 129
7 131
7 135
7 140
7 141
7 152
7 161
7 165
7 168
7 174
7 178
7 190
7 191
7 195
7 199
7 214
7 218
7 223
7 238
7 241
7 249
8 9
8 10
8 11
8 12
8 13
8 14
8 18
8 19
8 25
8 27
8 29
8 30
8 31
8 35
8 36
8 40
8 42
8 46
8 50
8 51
8 55
8 57
8 59
8 60
8 62
8 67
8 75
8 80
8 96
8 108
8 112
8 118
8 119
8 127
8 129
8 145
8 150
8 156
8 166
8 178
8 180
8 184
8 192
8 228
8 233
8 237
8 241
8 242
8 244
9 12
9 15
9 20
9 22
9 23
9 24
9 25
9 27
9 28
9 37
9 38
9 50
9 54
9 58
9 65
9 66
9 67
9 74
9 85
9 86
9 87
9 92
9 93
9 95
9 103
9 105
9 126
9 152
9 158
9 164
9 200
9 224
9 240
9 243
10 12
10 14
10 15
10 17
10 18
10 19
10 20
10 32
10 34
10 49
10 54
10 60
10 64
10 81
10 84
10 85
10 95
10 100
10 115
10 118
10 120
10 123
10 138
10 141
10 147
10 184
10 193
10 219
10 230
10 236
11 12
11 13
11 14
11 15
11 16
11 19
11 22
11 27
11 30
11 37
11 41
11 45
11 46
11 47
11 54
11 67
11 73
11 77
11 83
11 88
11 89
11 90
11 96
11 128
11 149
11 154
11 180
11 183
11 201
11 205
11 225
11 233
11 240
11 247
12 16
12 17
12 21
12 22
12 23
12 36
12 41
12 49
12 60
12 71
12 74
12 91
12 100
12 108
12 115
12 117
12 122
12 134
12 144
12 146
12 154
12 155
12 159
12 164
12 167
12 173
12 175
12 218
12 239
12 244
12 245
12 249
13 17
13 18
13 19
13 23
13 26
13 35
13 38
13 42
13 44
13 47
13 52
13 56
13 59
13 61
13 162
13 170
13 199
13 218
13 220
14 15
14 21
14 35
14 36
14 40
14 48
14 71
14 76
14 81
14 97
14 117
14 124
14 167
14 191
14 238
15 21
15 24
15 30
15 33
15 36
15 43
15 90
15 102
15 106
15 114
15 117
15 132
15 134
15 142
15 174
15 194
15 224
15 231
15 237
15 241
16 17
16 18
16 19
16 20
16 33
16 36
16 38
16 46
16 48
16 49
16 53
16 72
16 90
16 98
16 101
16 108
16 113
16 120
16 134
16 148
16 155
16 165
16 173
16 183
16 185
16 196
16 211
16 216
16 228
16 229
16 237
16 245
17 18
17 20
17 22
17 23
17 26
17 31
17 41
17 42
17 65
17 67
17 77
17 92
17 98
17 103
17 105
17 131
17 132
17 150
17 157
17 177
17 180
17 188
17 189
17 190
17 208
17 224
18 21
18 25
18 33
18 39
18 44
18 57
18 63
18 85
18 87
18 97
18 112
18 136
18 151
18 192
18 204
18 214
18 221
19 20
19 28
19 29
19 61
19 63
19 68
19 80
19 98
19 107
19 137
19 139
19 166
19 205
20 22
20 28
20 32
20 33
20 39
20 43
20 44
20 49
20 52
20 53
20 56
20 59
20 60
20 63
20 74
20 107
20 110
20 111
20 114
20 131
20 135
20 138
20 174
20 179
20 192
20 209
20 215
21 22
21 34
21 37
21 53
21 69
21 78
21 92
21 107
21 113
21 125
21 130
21 132
21 147
21 152
21 193
21 198
21 227
21 234
22 24
22 40
22 42
22 43
22 50
22 53
22 64
22 66
22 75
22 79
22 81
22 99
22 128
22 137
22 151
22 153
22 163
22 198
23 37
23 40
23 44
23 51
23 65
23 84
23 94
23 214
23 230
24 25
24 26
24 28
24 45
24 48
24 49
24 68
24 77
24 78
24 81
24 84
24 103
24 111
24 116
24 125
24 135
24 169
24 172
24 195
24 243
25 37
25 44
25 56
25 59
25 80
25 104
25 130
25 178
25 193
25 225
26 30
26 32
26 34
26 38
26 40
26 45
26 55
26 57
26 58
26 62
26 69
26 76
26 80
26 82
26 86
26 89
26 93
26 96
26 133
26 141
26 142
26 184
26 215
26 236
27 31
27 33
27 41
27 45
27 48
27 65
27 94
27 96
27 97
27 113
27 157
27 161
27 173
27 177
27 185
27 199
27 213
27 221
27 225
28 31
28 35
28 91
28 163
28 171
28 178
29 58
29 185
29 205
29 216
29 237
30 32
30 39
30 43
30 53
30 60
30 69
30 84
30 91
30 92
30 105
30 116
30 123
30 143
30 145
30 153
30 187
30 218
30 220
30 245
31 34
31 40
31 47
31 55
31 68
31 84
31 111
31 122
31 141
31 153
31 172
31 181
31 231
31 244
32 46
32 61
32 72
32 80
32 101
32 104
32 118
32 120
32 126
32 130
32 149
32 164
32 171
32 176
32 182
32 202
32 213
32 219
32 224
32 235
33 42
33 50
33 59
33 66
33 73
33 107
33 139
33 144
33 172
33 211
33 217
34 38
34 39
34 79
34 82
34 83
34 103
34 130
34 144
34 147
34 179
34 206
35 41
35 52
35 169
35 227
35 239
36 51
36 52
36 58
36 61
36 68
36 79
36 82
36 100
36 106
36 109
36 110
36 129
36 174
36 217
36 220
36 225
37 56
37 82
37 87
37 93
37 125
38 39
38 82
38 103
38 112
38 137
38 140
38 143
38 150
38 152
38 165
38 240
39 83
39 127
39 129
39 133
39 178
39 184
39 222
39 232
39 238
40 43
40 93
40 106
40 120
40 123
40 127
40 142
40 145
40 166
40 179
40 182
40 197
40 223
40 230
41 61
41 170
41 199
41 207
42 48
42 88
42 90
42 173
42 205
42 222
43 58
43 63
43 99
43 112
43 115
43 121
43 135
43 147
43 153
43 162
43 197
43 211
43 220
44 46
44 48
44 54
44 75
44 122
44 186
44 246
45 113
45 161
46 47
46 68
46 132
46 154
46 172
46 179
46 202
46 207
46 213
46 220
47 66
47 71
47 159
47 215
48 75
48 110
48 113
48 125
48 132
48 138
48 146
48 212
48 218
49 56
49 66
49 73
49 86
49 106
49 124
49 133
49 149
49 159
49 174
49 176
49 180
49 206
50 52
50 58
50 64
50 71
50 76
50 81
50 88
50 110
50 133
50 136
50 158
50 194
50 198
50 236
51 54
51 57
51 71
51 131
51 182
51 198
51 221
52 55
52 69
52 79
52 85
52 90
52 122
52 123
52 128
52 136
52 152
52 157
52 162
52 170
52 175
52 188
52 191
52 192
52 210
52 214
52 221
52 241
53 70
53 79
53 82
53 88
53 109
53 119
53 147
53 177
53 192
53 195
53 209
53 212
53 234
53 241
54 65
54 89
54 96
54 186
54 231
54 234
55 62
55 64
55 69
55 70
55 72
55 117
55 162
55 196
55 203
55 245
56 66
56 68
56 77
56 107
57 60
57 72
57 75
57 76
57 79
57 110
57 111
57 187
57 204
57 238
57 240
58 87
58 94
58 95
58 123
58 134
58 148
58 209
58 226
59 102
59 162
59 170
59 182
60 64
60 86
60 90
60 115
60 119
60 146
60 154
60 156
60 168
60 231
61 74
61 96
61 179
61 190
61 237
61 246
62 71
62 78
62 98
62 114
62 121
62 144
62 197
63 67
63 103
63 165
63 189
63 193
63 201
63 246
64 78
64 86
64 101
64 115
64 126
64 131
64 187
64 189
64 194
64 204
65 97
65 100
65 123
65 165
65 206
65 242
66 74
66 107
66 119
66 129
66 163
66 244
67 73
67 91
67 95
67 101
67 117
67 136
67 203
67 235
67 236
67 248
68 70
68 104
68 116
68 134
68 144
68 150
68 155
68 180
68 183
68 189
68 207
68 222
68 238
69 80
69 84
69 124
69 159
69 167
69 173
69 174
69 200
69 207
69 233
70 78
70 99
70 118
70 124
70 146
70 163
70 226
71 72
71 76
71 99
71 116
71 154
71 203
72 89
72 92
72 126
72 127
72 133
72 164
72 191
72 204
72 206
72 210
72 248
73 112
73 114
73 137
73 186
73 196
74 83
74 99
74 111
74 158
74 217
75 144
75 156
75 175
75 203
76 78
76 83
76 146
76 208
76 219
76 248
77 100
77 124
78 89
78 98
78 101
78 142
78 201
78 234
79 86
79 93
79 105
79 186
79 203
80 112
80 121
80 164
80 183
80 209
81 87
81 161
81 166
81 202
81 233
82 155
82 217
82 236
83 109
83 118
84 91
84 109
84 145
84 158
84 160
84 171
84 206
84 212
85 94
85 116
85 135
85 151
85 204
85 213
86 89
86 114
86 145
86 157
86 227
87 91
87 94
87 102
87 134
87 191
87 239
87 247
88 210
89 106
89 108
89 165
89 172
89 229
89 230
89 246
90 169
90 213
91 184
91 207
92 102
92 119
92 141
92 149
92 159
92 202
92 243
93 133
93 138
93 178
93 185
93 235
94 232
94 238
95 109
95 120
95 155
95 170
95 173
95 181
95 232
96 157
96 219
97 120
97 154
98 143
98 186
98 200
99 100
99 110
99 139
99 147
99 190
99 201
100 166
100 206
100 216
100 221
101 137
101 138
101 140
101 176
101 200
102 117
102 128
102 211
103 125
103 197
104 106
104 139
105 148
105 167
105 200
105 205
106 224
107 166
107 170
107 224
107 228
107 242
108 126
108 148
108 171
108 217
108 247
109 141
109 168
110 116
110 156
110 193
110 203
111 181
112 140
113 139
113 160
113 169
113 201
113 227
113 239
114 131
114 208
114 226
115 167
115 177
115 194
115 232
116 158
117 152
117 199
118 212
118 214
118 231
119 122
119 132
119 188
120 138
120 156
120 194
120 228
121 127
121 199
121 210
122 136
122 142
123 161
123 187
124 126
124 200
124 202
124 210
125 156
125 168
126 157
126 182
126 239
127 130
127 169
127 171
127 180
127 193
127 207
127 243
128 192
129 183
129 246
130 135
131 153
131 195
132 161
132 175
132 216
132 222
134 143
134 182
134 229
134 242
135 151
135 176
135 181
135 215
136 142
136 233
138 188
138 195
138 196
138 229
139 151
139 197
140 143
140 145
140 172
140 191
140 226
141 176
141 208
141 236
141 243
143 150
146 151
146 186
146 205
146 208
146 234
148 160
148 202
148 228
148 249
149 204
149 226
149 232
150 168
150 237
150 247
151 160
151 177
153 215
155 164
155 196
155 245
156 163
157 217
157 247
158 159
158 163
158 167
158 175
158 197
159 188
159 226
160 241
161 212
162 190
163 196
163 235
163 248
164 242
165 189
167 213
168 175
169 246
169 247
170 216
170 240
171 235
172 181
174 195
176 235
177 189
178 222
182 214
182 223
182 229
183 211
185 211
185 243
186 249
187 231
188 216
189 209
192 244
193 215
194 212
194 219
195 232
196 249
197 198
199 234
205 248
206 223
210 244
211 218
217 242
221 229
222 230
227 233
