0 1
0 2
0 3
0 4
0 5
0 6
0 7
0 8
0 9
0 10
0 11
0 12
0 13
0 14
0 15
0 16
0 17
0 18
0 19
0 20
0 21
0 22
0 23
0 24
0 25
0 26
0 27
0 28
0 29
0 30
0 31
0 32
0 33
0 34
0 35
0 37
0 38
0 39
0 40
0 41
0 42
0 43
0 44
0 45
0 46
0 47
0 48
0 49
0 50
0 51
0 52
0 53
0 56
0 57
0 58
0 59
0 60
0 61
0 62
0 64
0 65
0 66
0 67
0 70
0 73
0 74
0 76
0 79
0 80
0 82
0 83
0 84
0 88
0 89
0 90
0 94
0 96
0 99
0 100
0 106
0 110
0 111
0 112
0 118
0 119
0 125
0 130
0 134
0 138
0 145
0 146
0 147
0 149
0 152
0 153
0 154
0 163
0 166
0 167
0 170
0 171
0 183
0 184
0 187
0 189
0 191
0 199
0 204
0 211
0 213
0 215
0 216
0 217
0 220
0 224
0 226
0 228
0 229
0 232
0 236
0 240
0 244
1 21
1 22
1 23
1 24
1 25
1 27
1 28
1 29
1 30
1 31
1 34
1 37
1 38
1 40
1 41
1 45
1 46
1 47
1 48
1 49
1 50
1 51
1 59
1 61
1 63
1 66
1 70
1 71
1 74
1 76
1 78
1 79
1 82
1 83
1 85
1 91
1 100
1 101
1 102
1 106
1 110
1 111
1 114
1 115
1 117
1 120
1 126
1 127
1 129
1 134
1 138
1 144
1 151
1 162
1 180
1 183
1 187
1 202
1 204
1 212
1 218
1 219
1 220
1 221
1 230
1 236
1 238
1 240
1 243
1 248
2 21
2 22
2 23
2 24
2 25
2 26
2 27
2 28
2 32
2 33
2 34
2 37
2 38
2 42
2 49
2 51
2 52
2 55
2 56
2 62
2 63
2 64
2 71
2 77
2 82
2 86
2 95
2 98
2 107
2 113
2 114
2 125
2 146
2 154
2 157
2 162
2 173
2 176
2 182
2 184
2 186
2 194
2 208
2 222
2 224
2 229
2 237
2 239
2 243
3 21
3 22
3 23
3 24
3 28
3 33
3 45
3 88
3 140
3 188
3 203
3 206
3 229
4 21
4 22
4 23
4 24
4 25
4 26
4 29
4 30
4 32
4 33
4 35
4 36
4 38
4 40
4 41
4 42
4 44
4 48
4 49
4 51
4 53
4 54
4 59
4 60
4 63
4 64
4 67
4 76
4 78
4 79
4 86
4 94
4 97
4 100
4 105
4 106
4 117
4 121
4 123
4 127
4 135
4 139
4 140
4 142
4 148
4 149
4 153
4 154
4 185
4 187
4 191
4 193
4 215
4 216
4 242
4 243
5 21
5 22
5 23
5 24
5 26
5 27
5 28
5 29
5 30
5 31
5 33
5 38
5 39
5 41
5 42
5 46
5 47
5 51
5 54
5 58
5 59
5 60
5 72
5 74
5 91
5 92
5 93
5 95
5 99
5 104
5 108
5 114
5 127
5 144
5 145
5 147
5 169
5 177
5 178
5 181
5 187
5 190
5 197
5 211
5 220
5 231
5 234
6 21
6 22
6 32
6 35
6 39
6 40
6 43
6 52
6 58
6 60
6 62
6 72
6 73
6 75
6 81
6 94
6 97
6 99
6 101
6 102
6 106
6 107
6 114
6 119
6 200
6 202
6 209
6 214
6 215
6 234
7 21
7 22
7 24
7 26
7 29
7 31
7 35
7 37
7 39
7 49
7 70
7 73
7 74
7 76
7 93
7 103
7 120
7 147
7 158
7 177
7 204
8 21
8 22
8 23
8 24
8 25
8 26
8 28
8 30
8 32
8 40
8 42
8 43
8 49
8 54
8 73
8 102
8 118
8 145
8 151
8 154
8 208
8 224
8 225
8 245
8 249
9 21
9 22
9 23
9 24
9 25
9 26
9 27
9 28
9 30
9 32
9 35
9 36
9 38
9 39
9 49
9 52
9 57
9 59
9 60
9 65
9 67
9 72
9 80
9 83
9 93
9 103
9 104
9 105
9 111
9 125
9 134
9 148
9 150
9 153
9 155
9 166
9 182
9 202
9 212
9 218
9 222
9 225
9 230
9 239
9 245
10 21
10 22
10 23
10 24
10 25
10 26
10 29
10 30
10 32
10 37
10 38
10 39
10 40
10 44
10 45
10 49
10 52
10 56
10 58
10 60
10 65
10 66
10 78
10 79
10 81
10 88
10 94
10 98
10 104
10 120
10 121
10 128
10 144
10 149
10 151
10 156
10 164
10 169
10 172
10 174
10 177
10 181
10 182
10 184
10 185
10 187
10 192
10 197
10 226
10 237
10 244
10 245
11 21
11 22
11 23
11 24
11 25
11 27
11 28
11 31
11 32
11 34
11 35
11 37
11 40
11 44
11 45
11 47
11 48
11 50
11 53
11 54
11 61
11 85
11 93
11 98
11 102
11 104
11 107
11 121
11 125
11 132
11 139
11 149
11 156
11 182
11 183
11 205
11 220
11 222
12 21
12 22
12 23
12 24
12 25
12 27
12 28
12 29
12 30
12 32
12 34
12 36
12 41
12 42
12 46
12 47
12 49
12 50
12 55
12 60
12 62
12 65
12 66
12 68
12 74
12 82
12 85
12 88
12 91
12 92
12 108
12 113
12 121
12 145
12 150
12 151
12 176
12 191
12 194
12 204
12 218
12 223
12 224
12 226
12 233
12 240
13 21
13 22
13 23
13 24
13 25
13 26
13 27
13 29
13 31
13 32
13 33
13 34
13 35
13 36
13 37
13 39
13 40
13 41
13 44
13 45
13 46
13 47
13 49
13 50
13 51
13 52
13 53
13 54
13 60
13 61
13 62
13 64
13 66
13 67
13 73
13 83
13 86
13 87
13 90
13 92
13 98
13 106
13 108
13 110
13 115
13 119
13 122
13 126
13 135
13 138
13 141
13 149
13 154
13 156
13 160
13 166
13 176
13 182
13 183
13 185
13 199
13 216
13 217
13 228
13 229
13 231
13 238
13 240
13 247
14 21
14 22
14 23
14 24
14 25
14 26
14 27
14 28
14 31
14 32
14 34
14 37
14 38
14 39
14 41
14 44
14 55
14 56
14 62
14 63
14 64
14 66
14 69
14 77
14 79
14 81
14 87
14 94
14 104
14 108
14 117
14 122
14 123
14 137
14 140
14 146
14 152
14 158
14 172
14 180
14 201
14 210
14 217
14 247
15 25
15 26
15 38
15 39
15 42
15 51
15 65
15 69
15 83
15 110
15 119
15 131
15 146
15 189
15 195
15 196
16 21
16 22
16 23
16 25
16 26
16 27
16 28
16 29
16 30
16 32
16 33
16 34
16 35
16 36
16 40
16 44
16 45
16 47
16 49
16 50
16 55
16 57
16 58
16 63
16 68
16 75
16 81
16 82
16 86
16 87
16 97
16 102
16 115
16 118
16 124
16 126
16 137
16 146
16 152
16 161
16 162
16 165
16 169
16 170
16 171
16 174
16 178
16 180
16 185
16 209
16 210
16 212
16 215
16 217
16 223
16 230
16 233
16 240
16 245
17 21
17 22
17 23
17 25
17 26
17 27
17 28
17 29
17 30
17 31
17 36
17 43
17 44
17 45
17 53
17 55
17 61
17 63
17 64
17 67
17 68
17 72
17 75
17 78
17 79
17 84
17 88
17 95
17 115
17 124
17 139
17 142
17 146
17 149
17 154
17 158
17 160
17 178
17 182
17 183
17 188
17 205
17 213
17 215
17 222
17 225
17 227
17 231
17 237
18 21
18 22
18 23
18 24
18 26
18 27
18 29
18 31
18 35
18 37
18 38
18 39
18 51
18 65
18 68
18 69
18 70
18 74
18 75
18 105
18 108
18 109
18 110
18 120
18 126
18 127
18 132
18 136
18 149
18 153
18 154
18 157
18 168
18 190
18 193
18 200
18 216
18 238
18 245
18 246
19 21
19 23
19 24
19 25
19 26
19 27
19 28
19 29
19 30
19 32
19 33
19 34
19 35
19 36
19 37
19 38
19 41
19 47
19 51
19 56
19 57
19 67
19 88
19 90
19 92
19 97
19 98
19 101
19 102
19 105
19 108
19 114
19 115
19 125
19 127
19 128
19 129
19 131
19 136
19 137
19 154
19 165
19 175
19 182
19 188
19 202
19 204
19 210
19 211
19 214
19 239
19 242
19 246
20 21
20 22
20 23
20 24
20 25
20 27
20 28
20 29
20 30
20 31
20 33
20 36
20 37
20 43
20 44
20 45
20 46
20 48
20 53
20 54
20 56
20 57
20 58
20 61
20 74
20 76
20 77
20 78
20 79
20 80
20 82
20 83
20 85
20 87
20 92
20 94
20 95
20 96
20 101
20 110
20 111
20 112
20 114
20 116
20 117
20 122
20 130
20 141
20 142
20 151
20 168
20 175
20 187
20 191
20 198
20 200
20 203
20 208
20 218
20 226
20 230
20 237
20 247
20 248
21 22
21 23
21 24
21 25
21 26
21 27
21 28
21 29
21 30
21 31
21 32
21 33
21 34
21 35
21 36
21 37
21 40
21 42
21 45
21 46
21 48
21 49
21 54
21 55
21 58
21 63
21 64
21 65
21 67
21 68
21 70
21 71
21 72
21 73
21 81
21 83
21 84
21 85
21 87
21 90
21 101
21 102
21 103
21 105
21 107
21 112
21 113
21 116
21 117
21 122
21 123
21 129
21 132
21 133
21 134
21 136
21 139
21 140
21 143
21 144
21 146
21 148
21 150
21 157
21 161
21 164
21 165
21 172
21 173
21 175
21 179
21 182
21 184
21 186
21 189
21 193
21 196
21 199
21 201
21 205
21 207
21 210
21 213
21 214
21 217
21 221
21 227
21 231
21 234
21 236
21 241
22 23
22 24
22 25
22 26
22 27
22 28
22 29
22 31
22 32
22 33
22 34
22 35
22 36
22 37
22 38
22 39
22 40
22 41
22 43
22 44
22 45
22 47
22 51
22 53
22 59
22 63
22 64
22 68
22 69
22 70
22 72
22 74
22 76
22 79
22 82
22 84
22 85
22 91
22 93
22 95
22 98
22 101
22 113
22 118
22 120
22 121
22 123
22 124
22 129
22 131
22 132
22 137
22 142
22 143
22 152
22 153
22 161
22 164
22 165
22 166
22 168
22 169
22 171
22 172
22 173
22 177
22 184
22 185
22 194
22 199
22 201
22 203
22 212
22 216
22 218
22 228
22 234
22 236
22 239
22 246
23 24
23 25
23 26
23 27
23 28
23 29
23 30
23 31
23 32
23 33
23 34
23 35
23 36
23 39
23 40
23 42
23 43
23 45
23 47
23 48
23 51
23 52
23 56
23 65
23 71
23 75
23 76
23 78
23 87
23 90
23 95
23 96
23 102
23 103
23 105
23 108
23 112
23 113
23 114
23 121
23 122
23 123
23 127
23 128
23 133
23 134
23 140
23 149
23 158
23 163
23 168
23 169
23 171
23 172
23 175
23 181
23 182
23 185
23 188
23 196
23 198
23 199
23 201
23 209
23 217
23 222
23 232
23 234
23 237
23 241
24 25
24 26
24 27
24 29
24 30
24 31
24 32
24 33
24 34
24 35
24 36
24 37
24 38
24 39
24 41
24 42
24 45
24 46
24 47
24 48
24 49
24 50
24 51
24 54
24 55
24 59
24 61
24 62
24 63
24 66
24 67
24 68
24 69
24 71
24 72
24 78
24 81
24 82
24 83
24 85
24 86
24 87
24 94
24 95
24 96
24 98
24 104
24 106
24 108
24 109
24 111
24 119
24 120
24 124
24 125
24 131
24 135
24 136
24 137
24 140
24 142
24 146
24 152
24 154
24 155
24 156
24 158
24 161
24 165
24 166
24 169
24 172
24 176
24 185
24 186
24 190
24 196
24 197
24 204
24 206
24 211
24 214
24 216
24 218
24 220
24 223
24 226
24 232
24 235
24 238
24 239
24 245
24 247
24 248
25 26
25 27
25 28
25 29
25 30
25 31
25 32
25 33
25 34
25 35
25 36
25 37
25 38
25 39
25 40
25 44
25 46
25 47
25 48
25 49
25 50
25 51
25 53
25 54
25 55
25 58
25 59
25 61
25 62
25 63
25 64
25 67
25 69
25 70
25 75
25 81
25 84
25 85
25 86
25 87
25 88
25 90
25 92
25 96
25 98
25 100
25 101
25 103
25 104
25 105
25 107
25 111
25 112
25 115
25 118
25 121
25 124
25 126
25 129
25 133
25 136
25 139
25 140
25 146
25 148
25 150
25 151
25 152
25 153
25 154
25 157
25 160
25 165
25 167
25 168
25 169
25 170
25 171
25 189
25 192
25 195
25 196
25 198
25 202
25 203
25 213
25 233
25 234
25 248
26 27
26 28
26 30
26 31
26 33
26 34
26 35
26 36
26 37
26 38
26 40
26 42
26 43
26 44
26 46
26 48
26 50
26 51
26 52
26 55
26 56
26 57
26 59
26 62
26 64
26 65
26 70
26 71
26 72
26 74
26 75
26 77
26 81
26 82
26 84
26 90
26 91
26 93
26 97
26 98
26 100
26 101
26 103
26 104
26 105
26 107
26 108
26 112
26 114
26 117
26 118
26 119
26 133
26 139
26 142
26 143
26 148
26 150
26 153
26 157
26 162
26 175
26 177
26 179
26 181
26 194
26 195
26 198
26 203
26 214
26 218
26 221
26 226
26 233
26 244
27 28
27 29
27 30
27 31
27 32
27 33
27 35
27 36
27 39
27 41
27 43
27 45
27 47
27 48
27 52
27 53
27 55
27 60
27 61
27 63
27 69
27 70
27 74
27 75
27 78
27 81
27 86
27 91
27 94
27 96
27 97
27 103
27 111
27 112
27 113
27 116
27 119
27 121
27 123
27 125
27 137
27 145
27 147
27 153
27 157
27 167
27 170
27 171
27 174
27 181
27 183
27 191
27 195
27 198
27 201
27 202
27 208
27 221
27 232
27 243
28 29
28 30
28 31
28 32
28 33
28 34
28 35
28 36
28 41
28 42
28 43
28 48
28 49
28 51
28 54
28 56
28 57
28 59
28 60
28 61
28 62
28 63
28 64
28 67
28 73
28 74
28 77
28 81
28 84
28 85
28 89
28 90
28 91
28 104
28 105
28 106
28 108
28 109
28 112
28 119
28 122
28 124
28 128
28 130
28 132
28 135
28 138
28 139
28 140
28 144
28 149
28 158
28 164
28 165
28 168
28 169
28 172
28 176
28 177
28 178
28 182
28 185
28 192
28 214
28 216
28 220
28 227
28 230
28 239
28 240
28 244
28 245
29 30
29 31
29 33
29 36
29 38
29 41
29 43
29 44
29 46
29 47
29 48
29 50
29 52
29 60
29 66
29 73
29 83
29 89
29 106
29 111
29 114
29 120
29 122
29 123
29 144
29 148
29 152
29 154
29 157
29 166
29 167
29 177
29 178
29 179
29 185
29 187
29 191
29 204
29 210
29 229
29 232
30 31
30 33
30 34
30 35
30 37
30 38
30 39
30 40
30 41
30 42
30 46
30 47
30 48
30 49
30 51
30 52
30 53
30 56
30 57
30 59
30 61
30 65
30 67
30 68
30 69
30 71
30 73
30 74
30 76
30 78
30 80
30 81
30 82
30 83
30 84
30 85
30 86
30 87
30 91
30 95
30 99
30 110
30 112
30 116
30 118
30 129
30 130
30 131
30 132
30 140
30 142
30 143
30 147
30 168
30 171
30 173
30 176
30 177
30 182
30 188
30 195
30 197
30 200
30 202
30 205
30 221
30 224
30 226
30 235
30 241
31 34
31 36
31 37
31 38
31 40
31 41
31 42
31 43
31 44
31 45
31 47
31 52
31 53
31 54
31 56
31 59
31 62
31 65
31 69
31 72
31 74
31 77
31 88
31 90
31 91
31 96
31 99
31 100
31 101
31 102
31 103
31 105
31 110
31 111
31 112
31 120
31 124
31 127
31 129
31 138
31 140
31 156
31 158
31 159
31 165
31 167
31 168
31 173
31 176
31 183
31 184
31 186
31 190
31 192
31 196
31 206
31 212
31 214
31 216
31 224
31 233
31 235
31 238
31 247
32 33
32 34
32 38
32 42
32 43
32 44
32 45
32 46
32 49
32 50
32 54
32 55
32 58
32 63
32 65
32 66
32 75
32 76
32 78
32 79
32 83
32 89
32 90
32 93
32 95
32 96
32 98
32 99
32 100
32 101
32 108
32 116
32 117
32 120
32 128
32 131
32 135
32 145
32 148
32 149
32 152
32 161
32 171
32 174
32 179
32 183
32 192
32 193
32 201
32 202
32 206
32 223
32 241
32 244
33 34
33 35
33 36
33 37
33 39
33 40
33 41
33 42
33 43
33 45
33 46
33 48
33 50
33 52
33 53
33 54
33 58
33 59
33 66
33 68
33 69
33 70
33 72
33 74
33 76
33 77
33 78
33 79
33 84
33 90
33 91
33 95
33 97
33 98
33 99
33 100
33 103
33 105
33 108
33 109
33 110
33 111
33 117
33 119
33 122
33 123
33 129
33 130
33 132
33 136
33 140
33 142
33 150
33 153
33 155
33 158
33 163
33 164
33 165
33 166
33 168
33 171
33 186
33 191
33 197
33 199
33 205
33 209
33 213
33 217
33 218
33 219
33 225
33 233
33 245
34 36
34 40
34 42
34 43
34 44
34 50
34 53
34 54
34 56
34 57
34 59
34 62
34 67
34 69
34 70
34 72
34 75
34 80
34 82
34 85
34 94
34 99
34 103
34 109
34 113
34 118
34 123
34 126
34 127
34 132
34 134
34 135
34 136
34 141
34 147
34 151
34 161
34 182
34 185
34 189
34 190
34 197
34 199
34 203
34 213
34 230
35 38
35 39
35 40
35 42
35 43
35 44
35 46
35 48
35 51
35 52
35 61
35 65
35 69
35 70
35 72
35 73
35 77
35 79
35 81
35 82
35 87
35 91
35 93
35 94
35 102
35 104
35 108
35 115
35 120
35 122
35 124
35 125
35 126
35 130
35 132
35 134
35 137
35 141
35 142
35 144
35 150
35 151
35 155
35 159
35 161
35 164
35 172
35 173
35 175
35 181
35 186
35 199
35 205
35 209
35 219
35 243
35 247
36 37
36 39
36 41
36 43
36 46
36 48
36 49
36 53
36 55
36 57
36 61
36 64
36 68
36 70
36 72
36 77
36 78
36 87
36 106
36 109
36 112
36 115
36 117
36 121
36 124
36 131
36 137
36 140
36 150
36 152
36 156
36 157
36 159
36 166
36 167
36 172
36 175
36 177
36 179
36 184
36 186
36 187
36 189
36 193
36 194
36 205
36 207
36 211
36 213
36 214
36 216
36 217
36 219
36 220
36 233
36 235
36 238
36 244
37 43
37 44
37 45
37 47
37 50
37 56
37 58
37 64
37 67
37 71
37 72
37 77
37 84
37 86
37 92
37 95
37 105
37 106
37 108
37 115
37 118
37 126
37 128
37 130
37 136
37 144
37 147
37 153
37 158
37 168
37 171
37 176
37 180
37 181
37 196
37 206
37 211
37 218
37 224
37 231
37 237
37 243
38 39
38 40
38 41
38 42
38 44
38 45
38 46
38 51
38 54
38 57
38 59
38 62
38 63
38 66
38 70
38 77
38 78
38 80
38 83
38 85
38 86
38 96
38 98
38 99
38 100
38 101
38 104
38 106
38 115
38 120
38 121
38 126
38 130
38 133
38 135
38 151
38 157
38 186
38 190
38 192
38 196
38 215
38 216
38 221
38 222
38 227
38 229
38 238
38 242
38 246
38 248
39 41
39 44
39 47
39 48
39 50
39 52
39 54
39 57
39 58
39 60
39 62
39 64
39 65
39 68
39 75
39 76
39 79
39 80
39 85
39 86
39 88
39 89
39 102
39 103
39 105
39 107
39 114
39 115
39 116
39 117
39 124
39 128
39 130
39 145
39 147
39 150
39 161
39 162
39 163
39 164
39 166
39 173
39 178
39 188
39 197
39 207
39 213
39 219
39 220
39 222
39 230
39 243
39 248
40 41
40 43
40 46
40 48
40 50
40 58
40 60
40 63
40 67
40 74
40 78
40 79
40 81
40 86
40 87
40 88
40 90
40 95
40 99
40 109
40 118
40 127
40 130
40 137
40 138
40 139
40 145
40 165
40 176
40 186
40 190
40 242
41 42
41 43
41 46
41 48
41 53
41 58
41 62
41 67
41 73
41 76
41 84
41 90
41 94
41 95
41 110
41 117
41 119
41 134
41 136
41 138
41 149
41 161
41 163
41 164
41 170
41 174
41 179
41 181
41 199
41 204
41 206
41 217
41 220
41 227
41 230
41 232
41 237
41 242
42 50
42 52
42 54
42 57
42 59
42 64
42 65
42 71
42 72
42 81
42 84
42 88
42 89
42 91
42 93
42 99
42 107
42 114
42 115
42 120
42 125
42 128
42 131
42 146
42 148
42 185
42 194
42 201
42 204
42 209
42 211
42 220
42 223
42 236
42 249
43 45
43 47
43 49
43 50
43 53
43 55
43 56
43 57
43 61
43 65
43 66
43 70
43 71
43 72
43 74
43 75
43 77
43 78
43 84
43 86
43 88
43 89
43 90
43 92
43 94
43 96
43 97
43 103
43 109
43 110
43 113
43 114
43 116
43 121
43 123
43 135
43 146
43 154
43 160
43 162
43 164
43 173
43 175
43 177
43 180
43 190
43 194
43 196
43 201
43 209
43 212
43 213
43 240
43 249
44 46
44 55
44 59
44 61
44 63
44 67
44 68
44 81
44 86
44 92
44 93
44 97
44 126
44 129
44 132
44 135
44 141
44 150
44 155
44 157
44 161
44 162
44 180
44 181
44 198
44 199
44 208
44 212
44 224
44 231
44 232
44 238
44 243
45 47
45 50
45 51
45 52
45 53
45 55
45 60
45 66
45 69
45 75
45 76
45 79
45 80
45 82
45 83
45 90
45 97
45 99
45 104
45 106
45 108
45 110
45 115
45 127
45 132
45 134
45 135
45 139
45 140
45 145
45 154
45 164
45 166
45 170
45 183
45 194
45 202
45 204
45 207
45 208
45 209
45 225
45 226
45 229
45 240
45 242
45 249
46 52
46 54
46 56
46 57
46 58
46 60
46 61
46 65
46 66
46 67
46 68
46 82
46 84
46 89
46 94
46 97
46 99
46 100
46 106
46 107
46 113
46 122
46 124
46 128
46 129
46 131
46 137
46 152
46 165
46 167
46 169
46 183
46 188
46 191
46 193
46 198
46 206
46 212
46 245
47 51
47 56
47 57
47 58
47 59
47 61
47 63
47 66
47 71
47 80
47 88
47 89
47 93
47 94
47 96
47 98
47 99
47 102
47 103
47 112
47 118
47 134
47 137
47 138
47 142
47 143
47 146
47 160
47 161
47 163
47 166
47 172
47 177
47 183
47 189
47 192
47 195
47 197
47 198
47 200
47 215
47 216
47 218
47 230
47 231
47 232
47 235
47 236
47 237
47 240
47 245
47 248
48 49
48 50
48 52
48 55
48 56
48 57
48 58
48 59
48 60
48 62
48 66
48 67
48 69
48 71
48 78
48 85
48 88
48 97
48 99
48 104
48 106
48 109
48 111
48 114
48 121
48 127
48 133
48 137
48 142
48 144
48 165
48 176
48 192
48 193
48 194
48 200
48 201
48 207
48 209
48 211
48 219
48 236
48 240
49 53
49 54
49 55
49 58
49 60
49 61
49 62
49 63
49 68
49 69
49 70
49 71
49 72
49 73
49 77
49 78
49 86
49 96
49 98
49 101
49 103
49 106
49 107
49 108
49 113
49 116
49 120
49 121
49 133
49 134
49 135
49 137
49 138
49 150
49 151
49 152
49 158
49 159
49 168
49 170
49 172
49 174
49 180
49 184
49 193
49 217
49 218
49 219
49 220
49 244
50 53
50 55
50 56
50 59
50 68
50 76
50 77
50 79
50 85
50 89
50 92
50 93
50 94
50 96
50 97
50 102
50 103
50 107
50 110
50 113
50 115
50 116
50 125
50 129
50 132
50 138
50 140
50 143
50 148
50 151
50 157
50 160
50 164
50 178
50 186
50 192
50 195
50 202
50 203
50 219
51 52
51 53
51 54
51 58
51 60
51 61
51 65
51 70
51 71
51 79
51 80
51 81
51 83
51 84
51 85
51 91
51 92
51 93
51 95
51 96
51 102
51 104
51 115
51 117
51 118
51 128
51 133
51 144
51 146
51 157
51 180
51 184
51 206
51 215
51 218
51 224
51 234
51 238
51 242
51 244
51 249
52 55
52 57
52 64
52 66
52 74
52 94
52 122
52 143
52 147
52 149
52 160
52 183
52 189
52 233
52 244
52 246
52 249
53 55
53 56
53 66
53 80
53 81
53 83
53 88
53 98
53 100
53 105
53 112
53 131
53 132
53 137
53 138
53 142
53 159
53 171
53 181
53 209
53 214
53 216
53 220
53 230
53 232
54 57
54 70
54 72
54 73
54 74
54 81
54 82
54 93
54 102
54 107
54 113
54 119
54 124
54 130
54 131
54 134
54 135
54 141
54 146
54 147
54 149
54 155
54 185
54 192
54 199
54 200
54 210
54 228
54 241
54 243
54 249
55 56
55 57
55 60
55 65
55 68
55 69
55 70
55 73
55 78
55 80
55 83
55 91
55 100
55 104
55 105
55 111
55 113
55 120
55 123
55 128
55 132
55 156
55 163
55 164
55 175
55 177
55 183
55 205
55 219
55 228
55 242
56 62
56 64
56 66
56 69
56 71
56 72
56 77
56 79
56 80
56 82
56 87
56 89
56 108
56 114
56 116
56 119
56 120
56 122
56 126
56 129
56 134
56 135
56 141
56 148
56 159
56 167
56 170
56 198
56 199
56 211
56 219
56 222
56 223
56 224
56 243
56 248
57 58
57 64
57 65
57 71
57 73
57 75
57 80
57 86
57 103
57 106
57 109
57 110
57 118
57 120
57 128
57 142
57 150
57 158
57 162
57 164
57 172
57 173
57 178
57 184
57 190
57 191
57 198
57 200
57 208
57 220
57 223
57 229
57 236
58 60
58 62
58 64
58 68
58 69
58 80
58 89
58 108
58 109
58 127
58 137
58 140
58 144
58 149
58 158
58 169
58 197
58 211
58 215
58 222
58 223
58 245
59 61
59 67
59 79
59 81
59 82
59 89
59 95
59 106
59 107
59 119
59 123
59 124
59 131
59 136
59 140
59 141
59 146
59 149
59 153
59 154
59 158
59 163
59 166
59 168
59 170
59 174
59 180
59 188
59 189
59 190
59 197
59 202
59 208
59 210
59 246
59 248
59 249
60 62
60 63
60 85
60 86
60 90
60 100
60 110
60 111
60 117
60 136
60 148
60 149
60 155
60 156
60 165
60 184
60 185
60 201
60 218
60 227
61 63
61 71
61 73
61 76
61 77
61 79
61 98
61 113
61 116
61 134
61 141
61 148
61 165
61 191
61 195
61 209
61 233
61 235
61 239
62 67
62 68
62 71
62 85
62 88
62 92
62 97
62 101
62 109
62 111
62 116
62 119
62 120
62 125
62 130
62 133
62 136
62 138
62 151
62 157
62 159
62 162
62 163
62 173
62 187
62 190
62 193
62 203
62 205
62 212
62 219
62 227
62 231
62 243
62 246
63 64
63 74
63 75
63 81
63 83
63 87
63 96
63 99
63 104
63 114
63 115
63 123
63 131
63 133
63 139
63 145
63 160
63 163
63 165
63 174
63 176
63 189
63 190
63 203
63 210
63 211
63 230
63 235
63 238
63 241
63 246
64 66
64 69
64 71
64 78
64 82
64 84
64 85
64 87
64 88
64 91
64 92
64 111
64 114
64 115
64 117
64 118
64 123
64 133
64 134
64 144
64 147
64 153
64 166
64 169
64 221
64 225
64 238
64 246
65 68
65 69
65 70
65 73
65 75
65 76
65 77
65 84
65 87
65 89
65 91
65 104
65 110
65 113
65 116
65 117
65 118
65 130
65 133
65 136
65 147
65 151
65 155
65 163
65 174
65 178
65 187
65 189
65 190
65 207
65 211
65 223
65 239
65 241
65 244
66 68
66 76
66 80
66 82
66 85
66 91
66 93
66 97
66 110
66 112
66 118
66 123
66 125
66 129
66 130
66 136
66 138
66 142
66 151
66 160
66 161
66 163
66 168
66 178
66 180
66 189
66 194
66 200
66 202
66 203
66 206
66 207
66 218
66 221
66 224
66 226
66 228
66 243
67 73
67 80
67 89
67 93
67 97
67 98
67 99
67 100
67 101
67 107
67 112
67 122
67 125
67 128
67 131
67 150
67 152
67 162
67 169
67 175
67 179
67 196
67 211
67 219
67 220
67 235
68 72
68 73
68 75
68 88
68 93
68 100
68 112
68 114
68 129
68 131
68 132
68 145
68 153
68 166
68 174
68 179
68 197
68 203
68 204
68 232
68 240
68 241
69 71
69 83
69 99
69 101
69 106
69 117
69 120
69 121
69 125
69 136
69 143
69 144
69 173
69 181
69 215
69 226
69 228
69 246
70 75
70 90
70 98
70 105
70 122
70 125
70 139
70 140
70 167
70 177
70 186
70 188
70 192
70 193
70 206
70 210
70 212
70 221
70 237
70 241
70 246
71 73
71 75
71 76
71 77
71 89
71 92
71 95
71 101
71 104
71 111
71 121
71 122
71 123
71 124
71 127
71 150
71 166
71 167
71 178
71 200
71 208
71 213
71 221
71 225
71 231
72 74
72 76
72 80
72 90
72 91
72 92
72 100
72 107
72 109
72 125
72 127
72 142
72 145
72 153
72 156
72 160
72 172
72 182
72 199
72 201
72 208
72 209
72 216
72 219
72 221
72 222
72 242
73 75
73 93
73 96
73 104
73 105
73 109
73 110
73 113
73 117
73 135
73 139
73 141
73 143
73 149
73 156
73 159
73 165
73 170
73 186
73 191
73 200
73 208
73 215
73 228
73 239
74 77
74 84
74 93
74 99
74 101
74 114
74 116
74 143
74 148
74 149
74 152
74 161
74 175
74 176
74 197
74 200
74 203
74 205
74 214
74 215
74 221
74 226
74 229
75 76
75 79
75 84
75 87
75 88
75 100
75 106
75 116
75 122
75 132
75 139
75 143
75 144
75 163
75 170
75 248
76 77
76 78
76 80
76 82
76 83
76 86
76 88
76 92
76 102
76 111
76 121
76 124
76 128
76 132
76 133
76 134
76 141
76 142
76 147
76 152
76 156
76 158
76 187
76 202
76 212
76 221
76 228
76 230
76 241
77 83
77 84
77 87
77 92
77 93
77 119
77 130
77 131
77 153
77 245
77 246
78 80
78 86
78 89
78 96
78 98
78 99
78 114
78 135
78 155
78 161
78 167
78 173
78 178
78 188
78 195
78 197
78 198
78 210
78 213
78 217
78 227
78 228
78 233
79 89
79 94
79 96
79 147
79 170
79 175
79 184
79 201
79 207
79 247
80 86
80 95
80 97
80 100
80 103
80 107
80 116
80 118
80 121
80 139
80 145
80 146
80 174
80 183
80 200
80 211
80 225
80 227
80 229
80 232
81 90
81 110
81 112
81 114
81 121
81 126
81 141
81 168
81 192
81 196
81 217
81 222
81 224
81 231
81 237
82 87
82 89
82 92
82 102
82 106
82 124
82 163
82 191
82 211
82 216
82 243
82 244
82 249
83 96
83 150
83 153
83 154
83 170
83 195
83 208
83 209
83 223
83 227
83 230
83 235
84 87
84 89
84 94
84 102
84 103
84 105
84 108
84 117
84 120
84 125
84 131
84 133
84 134
84 145
84 155
84 166
84 184
84 188
84 201
84 211
84 231
84 234
84 244
85 92
85 107
85 116
85 144
85 145
85 180
85 183
85 195
85 214
85 217
85 235
85 247
86 90
86 91
86 92
86 95
86 107
86 109
86 118
86 123
86 127
86 128
86 168
86 170
86 188
86 189
86 195
86 196
86 201
86 227
86 242
86 243
87 97
87 100
87 113
87 122
87 123
87 132
87 138
87 139
87 156
87 159
87 169
87 178
87 185
87 191
87 197
87 203
87 208
87 209
87 212
87 234
87 235
87 245
88 96
88 124
88 164
88 165
88 206
88 227
88 234
88 235
88 237
89 91
89 97
89 100
89 113
89 119
89 125
89 130
89 137
89 144
89 148
89 150
89 161
89 163
89 170
89 181
89 186
89 194
89 212
89 215
89 234
89 237
89 242
89 248
90 94
90 95
90 102
90 103
90 112
90 124
90 128
90 133
90 139
90 144
90 160
90 162
90 172
90 180
90 193
90 196
90 207
90 213
90 234
90 238
90 245
90 246
91 95
91 97
91 109
91 115
91 128
91 131
91 140
91 141
91 147
91 156
91 162
91 169
91 185
91 193
91 196
91 210
91 216
91 222
91 227
91 247
92 94
92 107
92 134
92 135
92 139
92 142
92 155
92 168
92 174
92 179
92 180
92 183
92 188
92 199
92 221
92 229
92 248
93 101
93 105
93 117
93 128
93 129
93 133
93 147
93 153
93 154
93 159
93 162
93 165
93 168
93 171
93 174
93 207
93 243
94 107
94 138
94 145
94 167
94 212
94 215
95 98
95 103
95 112
95 116
95 119
95 127
95 138
95 144
95 148
95 154
95 157
95 161
95 163
95 167
95 168
95 174
95 175
95 193
95 198
95 206
95 213
95 222
95 235
95 238
96 101
96 120
96 126
96 136
96 144
96 157
96 181
96 198
96 223
96 234
96 247
97 128
97 160
97 191
97 200
97 245
98 126
98 143
98 151
98 155
98 159
98 191
98 192
98 200
98 209
98 237
99 109
99 131
99 132
99 143
99 145
99 147
99 152
99 158
99 167
99 204
99 228
100 101
100 102
100 113
100 119
100 122
100 125
100 126
100 137
100 138
100 147
100 154
100 163
100 186
100 188
100 192
100 212
100 231
100 241
100 246
101 105
101 108
101 109
101 111
101 113
101 117
101 118
101 121
101 124
101 126
101 127
101 128
101 145
101 162
101 177
101 179
101 181
101 184
101 185
101 188
101 190
101 193
101 210
101 213
101 225
101 234
101 245
102 127
102 130
102 139
102 143
102 146
102 147
102 152
102 153
102 169
102 187
102 191
102 194
102 195
102 199
102 202
102 205
102 213
102 225
102 242
102 244
103 104
103 115
103 155
103 160
103 182
103 196
103 204
103 214
104 110
104 111
104 115
104 122
104 134
104 143
104 145
104 155
104 162
104 167
104 171
104 208
104 248
105 109
105 116
105 138
105 150
105 155
105 176
105 202
105 204
105 229
105 231
106 109
106 111
106 138
106 159
106 186
106 189
106 194
106 224
106 249
107 116
107 150
107 151
107 154
107 158
107 167
107 205
107 206
107 212
107 219
107 226
108 126
108 127
108 156
108 164
108 186
108 231
108 236
109 129
109 135
109 141
109 142
109 150
109 157
109 171
109 172
109 173
109 176
109 194
109 217
109 224
109 230
110 136
110 157
110 162
110 170
110 175
110 181
110 206
110 214
110 224
111 112
111 130
111 140
111 151
111 170
111 177
111 189
111 196
111 222
111 238
111 239
111 242
112 118
112 124
112 133
112 149
112 175
112 198
112 202
112 209
112 238
113 122
113 131
113 135
113 136
113 148
113 156
113 172
113 176
113 214
113 223
114 126
114 129
114 184
114 214
114 216
114 229
114 230
114 247
114 248
115 125
115 137
115 140
115 147
115 180
115 204
115 210
115 229
115 242
115 246
116 119
116 129
116 130
116 132
116 135
116 143
116 148
116 155
116 191
116 219
116 241
117 119
117 123
117 141
117 156
117 157
117 160
117 161
117 190
117 213
117 218
117 219
117 224
118 175
118 202
118 214
118 226
119 123
119 129
119 133
119 141
119 148
119 149
119 150
119 160
119 164
119 180
119 195
119 200
119 240
119 247
120 121
120 126
120 133
120 134
120 143
120 146
120 160
120 163
120 166
120 173
120 174
120 175
120 176
120 181
120 196
120 207
120 236
121 129
121 154
121 156
121 178
121 179
121 182
121 190
121 195
121 199
121 201
121 206
121 207
121 239
122 138
122 141
122 142
122 155
122 159
122 164
122 176
122 177
122 179
122 185
122 187
122 212
122 222
122 228
122 236
123 130
123 139
123 142
123 159
123 164
123 173
123 195
123 205
123 221
123 229
124 161
124 184
124 198
125 126
125 148
125 199
125 203
125 207
125 208
125 228
126 127
126 151
126 169
126 173
126 174
126 187
126 192
126 196
126 229
127 178
127 207
127 233
127 243
128 133
128 143
128 155
128 160
128 177
128 183
128 192
128 202
128 203
128 205
128 222
128 223
128 241
128 243
128 244
129 137
129 145
129 152
129 169
129 178
129 193
129 215
129 226
129 241
129 248
130 136
130 143
130 156
130 173
130 179
130 189
130 210
131 136
131 137
131 161
131 179
131 186
131 200
131 204
131 212
131 241
131 244
131 248
132 152
132 155
132 160
132 167
132 170
132 177
132 188
132 192
132 201
132 213
132 231
132 232
133 135
133 139
133 152
133 158
133 165
133 171
133 175
133 176
133 178
133 205
133 218
134 141
134 151
134 159
134 167
134 168
134 174
134 179
134 208
134 214
134 221
134 233
134 244
134 247
134 248
135 141
135 159
135 161
135 170
135 171
135 207
135 215
135 232
135 239
135 240
135 242
136 141
136 173
136 200
136 210
136 236
136 240
137 164
137 174
137 198
137 204
137 208
137 223
137 244
138 152
138 246
139 143
139 146
139 153
139 156
139 163
139 169
139 180
139 185
139 194
139 220
139 233
139 239
139 240
139 245
140 144
140 146
140 162
140 166
140 181
140 190
140 201
140 205
140 211
140 212
140 217
140 225
140 232
140 235
141 158
141 159
141 162
141 178
141 180
141 194
141 209
141 228
142 157
142 158
142 159
142 163
142 179
142 187
142 192
142 198
142 207
142 222
142 236
143 171
143 172
143 191
143 213
143 226
143 236
144 176
144 188
144 189
144 193
144 206
144 222
144 243
144 244
145 185
145 204
145 241
145 247
146 148
146 158
146 160
146 165
146 171
146 174
146 179
146 184
146 189
146 192
146 204
146 205
146 207
146 226
146 227
146 249
147 155
147 186
147 190
147 197
147 200
147 205
147 208
147 220
147 228
148 151
148 171
148 173
148 182
148 203
148 226
148 237
149 168
149 195
150 162
150 177
150 215
150 218
150 233
150 234
150 249
151 153
151 182
151 199
151 210
151 223
151 229
151 232
151 233
152 156
152 162
153 157
153 159
153 172
153 189
153 228
154 179
154 211
154 245
155 167
155 173
155 175
155 186
155 205
155 225
156 169
156 178
156 182
156 228
157 177
157 195
157 199
157 218
157 238
158 159
158 160
158 166
158 185
158 197
158 198
158 224
158 241
158 243
158 246
159 191
159 220
159 221
159 228
159 234
160 164
160 193
160 195
160 198
160 225
161 167
161 169
161 181
161 182
161 237
162 170
162 171
162 197
163 166
163 183
163 192
163 199
163 201
163 203
163 226
163 245
163 249
164 193
164 197
164 204
164 225
165 180
166 187
166 188
166 194
166 200
166 202
166 209
166 216
166 219
166 230
166 243
167 179
167 227
167 238
168 180
168 187
168 202
168 214
168 223
168 241
168 248
169 172
169 175
169 176
169 179
169 180
169 190
169 194
169 230
169 249
170 172
170 174
170 188
170 223
170 225
171 181
171 183
171 184
171 187
171 201
171 231
171 235
172 217
172 229
172 236
172 237
172 239
172 247
173 210
174 178
174 184
174 187
174 190
174 203
174 216
174 230
174 231
174 236
175 181
175 227
175 240
175 247
175 249
176 184
176 217
176 220
176 235
177 225
177 231
178 183
178 188
178 191
178 206
178 221
178 246
179 194
180 182
180 209
180 220
180 239
180 240
180 248
181 194
181 207
181 215
182 186
182 210
182 233
182 242
183 193
183 218
183 235
183 242
184 193
184 209
184 217
184 222
184 233
184 237
185 206
185 219
185 228
186 187
186 196
186 228
186 231
186 249
187 189
187 198
187 226
187 245
188 224
188 232
189 219
189 220
189 223
189 236
190 195
190 201
190 229
190 249
191 207
193 196
193 197
193 208
193 210
193 212
193 218
193 224
194 197
194 203
194 208
194 211
194 226
194 230
194 239
194 247
195 206
195 211
195 216
195 223
195 231
195 234
196 206
196 215
196 225
196 227
196 239
197 205
197 216
198 236
199 203
199 207
199 222
200 213
200 236
201 235
201 239
201 247
202 214
203 247
204 219
205 223
205 234
205 236
205 238
207 210
207 214
207 244
208 232
208 242
208 248
209 221
209 225
209 234
210 215
210 242
211 213
211 225
212 230
214 217
214 232
214 235
215 227
215 232
215 233
216 217
216 221
216 224
216 237
216 246
217 225
219 233
219 239
221 229
222 227
222 247
222 249
223 227
224 234
224 235
224 246
226 232
226 233
226 241
228 240
229 241
229 242
232 238
233 244
234 237
234 239
234 240
235 238
236 237
236 240
237 249
240 249
