0 1
0 2
0 3
0 4
0 5
0 6
0 7
0 8
0 9
0 10
0 11
0 12
0 13
0 14
0 15
0 16
0 17
0 18
0 20
0 22
0 23
0 24
0 25
0 26
0 28
0 30
0 31
0 34
0 35
0 40
0 44
0 45
0 49
0 62
0 64
0 68
0 73
0 75
0 77
0 78
0 81
0 84
0 88
0 89
0 96
0 97
0 103
0 104
0 119
0 120
0 131
0 133
0 139
0 145
0 148
0 157
0 172
0 202
0 205
0 207
0 216
0 219
0 234
0 240
0 241
0 242
1 13
1 17
1 35
1 36
1 38
1 44
1 45
1 46
1 54
1 73
1 88
1 97
1 130
1 134
1 151
1 162
1 168
1 190
1 197
1 207
1 236
1 238
2 13
2 14
2 15
2 16
2 19
2 21
2 22
2 23
2 25
2 27
2 30
2 36
2 41
2 45
2 60
2 61
2 64
2 67
2 71
2 79
2 82
2 93
2 95
2 102
2 108
2 111
2 112
2 116
2 134
2 137
2 140
2 151
2 155
2 160
2 164
2 171
2 172
2 187
2 191
2 192
2 202
2 210
2 212
2 216
2 221
2 232
2 249
3 13
3 14
3 15
3 17
3 18
3 21
3 24
3 30
3 31
3 35
3 36
3 45
3 48
3 51
3 62
3 68
3 71
3 72
3 75
3 76
3 78
3 82
3 85
3 92
3 102
3 109
3 169
3 194
3 239
4 13
4 14
4 15
4 16
4 18
4 23
4 24
4 29
4 30
4 34
4 36
4 38
4 51
4 61
4 71
4 73
4 106
4 116
4 123
4 127
4 147
4 172
4 191
4 198
4 212
4 223
4 229
5 13
5 14
5 15
5 16
5 17
5 19
5 20
5 21
5 23
5 27
5 31
5 34
5 35
5 41
5 42
5 47
5 48
5 49
5 55
5 57
5 59
5 61
5 65
5 66
5 75
5 76
5 78
5 81
5 102
5 103
5 104
5 109
5 112
5 116
5 118
5 137
5 139
5 145
5 147
5 148
5 163
5 166
5 171
5 182
5 184
5 186
5 189
5 193
5 222
5 227
5 245
6 13
6 14
6 15
6 16
6 17
6 18
6 19
6 20
6 21
6 23
6 25
6 26
6 28
6 32
6 40
6 42
6 45
6 47
6 50
6 53
6 63
6 64
6 69
6 71
6 72
6 74
6 79
6 85
6 86
6 131
6 141
6 168
6 169
6 181
6 189
6 191
6 213
6 242
7 13
7 17
7 18
7 19
7 30
7 33
7 34
7 38
7 43
7 47
7 48
7 49
7 56
7 57
7 59
7 67
7 81
7 86
7 90
7 92
7 94
7 97
7 113
7 120
7 124
7 141
7 142
7 144
7 145
7 149
7 153
7 177
7 185
7 209
7 216
7 218
7 236
8 13
8 14
8 15
8 16
8 18
8 20
8 31
8 37
8 58
8 60
8 69
8 90
8 92
8 93
8 100
8 105
8 113
8 133
8 147
8 164
8 166
8 212
8 236
8 239
9 13
9 14
9 15
9 16
9 18
9 22
9 23
9 24
9 36
9 48
9 53
9 59
9 85
9 98
9 110
9 114
9 124
9 132
9 140
9 159
9 163
9 167
9 168
9 173
9 182
9 207
9 224
10 13
10 14
10 15
10 16
10 23
10 26
10 41
10 42
10 46
10 64
10 74
10 94
10 100
10 109
10 121
10 128
10 136
10 138
10 143
10 157
10 167
10 174
10 180
10 193
10 194
10 202
10 207
10 215
10 223
11 13
11 14
11 17
11 19
11 21
11 28
11 30
11 32
11 50
11 51
11 55
11 58
11 61
11 64
11 68
11 73
11 74
11 79
11 87
11 91
11 98
11 99
11 100
11 103
11 113
11 115
11 116
11 133
11 137
11 149
11 151
11 157
11 160
11 168
11 178
11 180
11 182
11 193
11 204
11 211
11 225
11 227
11 231
11 249
12 14
12 15
12 16
12 17
12 18
12 19
12 20
12 24
12 27
12 28
12 30
12 33
12 39
12 49
12 52
12 73
12 78
12 82
12 84
12 93
12 100
12 118
12 123
12 126
12 129
12 130
12 143
12 151
12 157
13 14
13 15
13 16
13 17
13 18
13 19
13 20
13 21
13 22
13 23
13 24
13 25
13 26
13 27
13 28
13 29
13 31
13 32
13 33
13 34
13 36
13 38
13 39
13 40
13 44
13 45
13 49
13 51
13 52
13 53
13 54
13 55
13 56
13 57
13 64
13 65
13 68
13 71
13 74
13 76
13 77
13 78
13 79
13 83
13 84
13 85
13 86
13 87
13 88
13 89
13 91
13 94
13 104
13 112
13 114
13 117
13 122
13 125
13 126
13 130
13 132
13 134
13 145
13 150
13 160
13 161
13 164
13 172
13 177
13 181
13 182
13 183
13 188
13 191
13 193
13 197
13 200
13 215
13 233
13 238
13 244
13 249
14 15
14 16
14 17
14 18
14 19
14 20
14 21
14 22
14 23
14 25
14 26
14 27
14 29
14 30
14 31
14 32
14 33
14 37
14 38
14 39
14 40
14 43
14 45
14 47
14 50
14 51
14 52
14 53
14 54
14 57
14 58
14 59
14 61
14 63
14 65
14 66
14 67
14 71
14 74
14 75
14 82
14 84
14 86
14 90
14 93
14 95
14 97
14 98
14 99
14 102
14 107
14 111
14 113
14 114
14 117
14 118
14 127
14 128
14 129
14 130
14 132
14 137
14 144
14 145
14 153
14 156
14 157
14 160
14 161
14 166
14 169
14 172
14 179
14 185
14 194
14 199
14 201
14 208
14 217
14 219
14 229
14 236
14 243
15 16
15 17
15 18
15 19
15 20
15 21
15 22
15 25
15 27
15 32
15 37
15 40
15 44
15 46
15 48
15 54
15 55
15 62
15 63
15 66
15 69
15 70
15 71
15 73
15 80
15 84
15 85
15 86
15 87
15 91
15 99
15 103
15 104
15 108
15 112
15 114
15 116
15 122
15 123
15 124
15 137
15 143
15 159
15 161
15 167
15 171
15 175
15 186
15 194
15 201
15 202
15 203
15 211
15 217
15 220
15 229
15 240
15 241
15 242
15 247
16 17
16 18
16 19
16 20
16 21
16 22
16 24
16 25
16 26
16 27
16 29
16 33
16 34
16 38
16 39
16 44
16 46
16 51
16 52
16 56
16 57
16 59
16 65
16 68
16 69
16 74
16 76
16 80
16 84
16 87
16 94
16 101
16 105
16 114
16 119
16 121
16 125
16 128
16 129
16 130
16 134
16 135
16 139
16 144
16 146
16 156
16 158
16 160
16 163
16 170
16 180
16 198
16 202
16 205
16 212
16 213
16 217
16 219
16 229
16 234
16 248
17 19
17 20
17 22
17 23
17 25
17 26
17 32
17 33
17 34
17 35
17 39
17 40
17 41
17 43
17 45
17 47
17 55
17 57
17 58
17 61
17 62
17 63
17 65
17 67
17 74
17 79
17 80
17 85
17 86
17 89
17 92
17 104
17 109
17 111
17 118
17 120
17 126
17 129
17 133
17 144
17 147
17 150
17 155
17 162
17 167
17 170
17 172
17 178
17 184
17 190
17 202
17 204
17 211
17 218
17 219
18 19
18 20
18 21
18 22
18 24
18 25
18 26
18 28
18 31
18 32
18 33
18 34
18 35
18 36
18 38
18 39
18 41
18 42
18 46
18 48
18 49
18 51
18 60
18 61
18 63
18 64
18 67
18 69
18 75
18 77
18 79
18 80
18 88
18 95
18 97
18 99
18 104
18 107
18 110
18 111
18 113
18 115
18 133
18 137
18 145
18 146
18 153
18 163
18 164
18 167
18 183
18 194
18 200
18 205
18 208
18 209
18 216
18 231
18 240
18 244
18 247
18 248
19 20
19 21
19 22
19 23
19 24
19 25
19 26
19 28
19 29
19 32
19 34
19 35
19 36
19 37
19 40
19 42
19 44
19 46
19 48
19 51
19 53
19 59
19 63
19 66
19 69
19 70
19 72
19 78
19 79
19 86
19 88
19 89
19 96
19 101
19 108
19 110
19 112
19 115
19 118
19 133
19 135
19 138
19 139
19 156
19 168
19 171
19 174
19 175
19 176
19 189
19 190
19 192
19 198
19 210
19 214
19 219
19 220
19 229
20 21
20 22
20 24
20 25
20 27
20 28
20 29
20 30
20 31
20 32
20 35
20 38
20 40
20 41
20 43
20 44
20 46
20 49
20 54
20 56
20 57
20 59
20 60
20 61
20 64
20 66
20 68
20 70
20 73
20 76
20 77
20 78
20 88
20 93
20 97
20 99
20 102
20 106
20 109
20 112
20 118
20 120
20 122
20 139
20 140
20 150
20 154
20 155
20 170
20 177
20 179
20 180
20 181
20 185
20 187
20 194
20 199
20 209
20 220
20 223
20 238
20 239
20 244
21 22
21 26
21 27
21 29
21 30
21 31
21 32
21 33
21 37
21 40
21 41
21 44
21 48
21 49
21 50
21 51
21 52
21 54
21 60
21 62
21 66
21 71
21 76
21 81
21 82
21 83
21 84
21 85
21 86
21 87
21 94
21 98
21 99
21 100
21 107
21 108
21 110
21 113
21 115
21 117
21 118
21 119
21 123
21 130
21 136
21 137
21 138
21 144
21 153
21 156
21 164
21 171
21 177
21 184
21 186
21 195
21 202
21 205
21 230
21 236
21 243
21 244
22 23
22 24
22 25
22 27
22 30
22 33
22 37
22 43
22 52
22 54
22 70
22 96
22 105
22 112
22 141
22 147
22 157
22 203
22 231
23 24
23 26
23 27
23 28
23 29
23 30
23 34
23 36
23 37
23 42
23 50
23 55
23 59
23 61
23 62
23 63
23 72
23 82
23 83
23 88
23 91
23 95
23 98
23 100
23 106
23 107
23 109
23 119
23 132
23 140
23 149
23 150
23 156
23 158
23 159
23 162
23 163
23 169
23 178
23 184
23 186
23 189
23 194
23 207
23 213
23 217
23 220
23 226
23 234
23 235
24 26
24 29
24 32
24 35
24 37
24 41
24 42
24 43
24 58
24 65
24 70
24 72
24 75
24 78
24 80
24 81
24 94
24 117
24 125
24 129
24 161
24 170
24 174
24 181
24 185
24 193
24 195
24 197
24 222
24 228
24 230
24 233
24 245
25 28
25 29
25 34
25 36
25 43
25 49
25 50
25 51
25 53
25 56
25 59
25 71
25 72
25 76
25 78
25 80
25 88
25 96
25 106
25 118
25 125
25 139
25 152
25 168
25 174
25 176
25 181
25 185
25 190
25 218
25 223
25 227
25 229
25 235
25 248
26 27
26 28
26 29
26 31
26 33
26 34
26 36
26 37
26 38
26 39
26 45
26 46
26 54
26 55
26 70
26 75
26 76
26 77
26 78
26 81
26 93
26 94
26 95
26 102
26 107
26 111
26 114
26 117
26 120
26 127
26 130
26 131
26 135
26 140
26 175
26 181
26 182
26 186
26 196
26 200
26 203
26 215
26 221
26 236
26 238
26 243
26 244
27 28
27 33
27 37
27 47
27 49
27 55
27 69
27 81
27 92
27 123
27 136
27 147
27 182
27 194
27 196
27 197
27 204
27 228
27 232
27 240
28 29
28 31
28 33
28 35
28 39
28 40
28 41
28 43
28 46
28 47
28 50
28 51
28 52
28 68
28 69
28 72
28 75
28 83
28 85
28 94
28 96
28 99
28 105
28 124
28 131
28 143
28 162
28 169
28 173
28 176
28 196
28 206
28 215
28 216
28 233
28 236
29 42
29 50
29 53
29 55
29 77
29 84
29 88
29 98
29 109
29 112
29 115
29 117
29 141
29 148
29 171
29 173
29 175
29 179
29 183
29 185
29 190
29 191
29 195
29 200
29 205
29 213
29 225
29 230
30 31
30 39
30 41
30 43
30 46
30 52
30 61
30 63
30 67
30 69
30 73
30 77
30 90
30 92
30 93
30 101
30 104
30 106
30 108
30 115
30 122
30 136
30 145
30 146
30 152
30 155
30 157
30 158
30 162
30 166
30 192
30 200
30 203
30 217
30 219
30 238
31 32
31 37
31 42
31 50
31 53
31 55
31 56
31 57
31 62
31 66
31 70
31 83
31 84
31 93
31 99
31 100
31 103
31 120
31 126
31 132
31 135
31 139
31 140
31 155
31 159
31 162
31 166
31 177
31 178
31 180
31 193
31 194
31 197
31 198
31 201
31 202
31 204
31 205
31 220
31 233
31 240
31 244
32 36
32 37
32 38
32 39
32 43
32 44
32 53
32 54
32 57
32 60
32 62
32 68
32 75
32 80
32 85
32 96
32 99
32 113
32 126
32 127
32 130
32 155
32 165
32 177
32 179
32 192
32 200
32 203
32 206
32 209
32 216
32 222
32 223
32 225
32 230
32 234
32 241
32 243
33 35
33 39
33 40
33 46
33 47
33 48
33 55
33 58
33 64
33 86
33 87
33 93
33 95
33 100
33 101
33 114
33 123
33 141
33 166
33 180
33 181
33 196
33 199
33 208
33 234
34 35
34 38
34 41
34 44
34 45
34 47
34 48
34 58
34 65
34 66
34 83
34 88
34 90
34 92
34 103
34 110
34 115
34 130
34 137
34 143
34 144
34 152
34 163
34 169
34 177
34 187
34 190
34 205
34 209
34 226
34 229
34 235
34 238
35 42
35 44
35 47
35 52
35 56
35 81
35 96
35 97
35 104
35 117
35 129
35 131
35 133
35 140
35 144
35 149
35 151
35 167
35 197
35 211
35 215
35 240
35 242
36 38
36 43
36 50
36 52
36 55
36 57
36 62
36 64
36 66
36 68
36 73
36 81
36 87
36 103
36 111
36 124
36 138
36 139
36 140
36 151
36 154
36 165
36 168
36 175
36 176
36 177
36 178
36 193
36 195
36 206
36 231
36 233
37 40
37 41
37 42
37 44
37 48
37 49
37 50
37 54
37 56
37 59
37 62
37 66
37 70
37 74
37 83
37 90
37 91
37 95
37 101
37 106
37 107
37 121
37 122
37 138
37 142
37 151
37 152
37 155
37 170
37 174
37 198
37 201
37 206
37 212
37 245
37 247
37 249
38 39
38 42
38 47
38 56
38 74
38 82
38 89
38 91
38 97
38 108
38 112
38 117
38 128
38 163
38 169
38 170
38 173
38 185
38 196
38 203
38 221
38 222
38 235
38 244
39 43
39 52
39 54
39 58
39 60
39 65
39 70
39 73
39 82
39 114
39 119
39 157
39 175
39 188
39 226
39 237
39 238
40 64
40 76
40 121
40 129
40 131
40 133
40 142
40 146
40 154
40 166
40 184
40 205
41 45
41 52
41 58
41 61
41 79
41 87
41 91
41 97
41 112
41 114
41 143
41 150
41 152
41 154
41 171
41 175
41 176
41 185
41 188
41 219
41 239
41 243
42 45
42 60
42 65
42 74
42 75
42 82
42 84
42 85
42 87
42 98
42 102
42 127
42 136
42 153
42 160
42 169
42 209
42 232
42 249
43 59
43 70
43 74
43 75
43 77
43 80
43 81
43 95
43 102
43 111
43 124
43 162
43 189
43 197
44 46
44 47
44 51
44 60
44 73
44 91
44 101
44 105
44 108
44 142
44 152
44 157
44 181
44 183
44 184
44 207
44 213
44 236
44 237
44 241
45 53
45 57
45 63
45 65
45 73
45 81
45 86
45 93
45 94
45 96
45 103
45 105
45 114
45 119
45 124
45 132
45 142
45 146
45 148
45 150
45 187
45 198
45 210
45 249
46 48
46 50
46 60
46 66
46 67
46 69
46 74
46 77
46 89
46 96
46 103
46 110
46 116
46 126
46 133
46 139
46 151
46 163
46 164
46 165
46 184
46 199
46 216
46 221
46 231
46 246
47 49
47 57
47 63
47 67
47 72
47 84
47 90
47 120
47 136
47 138
47 142
47 146
47 148
47 189
47 214
47 221
47 222
47 223
47 228
47 237
48 56
48 58
48 61
48 62
48 67
48 76
48 119
48 125
48 126
48 173
48 179
48 210
48 215
48 233
49 53
49 62
49 67
49 79
49 83
49 96
49 106
49 110
49 122
49 123
49 125
49 134
49 147
49 149
49 165
49 169
49 182
49 185
49 199
49 209
49 211
49 215
49 228
50 58
50 126
50 230
51 53
51 56
51 104
51 106
51 118
51 120
51 137
51 143
51 163
51 167
51 201
52 54
52 67
52 80
52 90
52 94
52 99
52 100
52 110
52 111
52 124
52 137
52 139
52 153
52 155
52 165
52 187
52 198
52 218
52 227
52 228
53 56
53 60
53 70
53 71
53 72
53 94
53 98
53 108
53 114
53 116
53 122
53 134
53 141
53 146
53 147
53 188
53 196
53 201
53 202
53 206
53 209
53 227
53 241
54 58
54 59
54 64
54 68
54 94
54 108
54 123
54 124
54 138
54 182
54 184
54 186
54 188
54 202
55 63
55 66
55 68
55 77
55 86
55 91
55 95
55 97
55 108
55 116
55 126
55 173
55 180
55 207
55 230
56 91
56 120
56 123
56 144
56 150
56 156
56 162
56 179
56 200
56 208
56 218
56 227
57 69
57 70
57 101
57 107
57 120
57 123
57 127
57 134
57 160
57 177
57 178
57 183
57 192
57 199
57 207
57 211
58 60
58 67
58 71
58 111
58 113
58 128
58 133
58 161
58 165
58 170
58 172
58 190
58 195
58 200
58 203
58 212
58 248
59 63
59 65
59 75
59 77
59 82
59 89
59 95
59 98
59 101
59 109
59 122
59 138
59 144
59 151
59 173
59 179
59 241
60 71
60 80
60 106
60 110
60 115
60 122
60 132
60 143
60 219
60 228
61 99
61 100
61 127
61 128
61 146
61 149
61 151
61 152
61 156
61 189
61 192
61 206
61 216
62 65
62 69
62 82
62 83
62 90
62 105
62 107
62 130
62 143
62 153
62 183
62 217
62 223
62 224
63 79
63 80
63 89
63 105
63 115
63 121
63 127
63 135
63 154
63 156
63 159
63 186
63 231
64 72
64 84
64 85
64 116
64 128
64 132
64 159
64 184
64 204
64 247
65 100
65 109
65 136
65 141
65 150
65 181
65 227
65 235
65 242
65 249
66 78
66 86
66 102
66 105
66 117
66 120
66 131
66 135
66 140
66 152
66 161
66 166
66 180
66 185
66 204
66 206
66 212
66 221
66 230
66 242
67 68
67 72
67 102
67 106
67 115
67 120
67 126
67 129
67 139
67 153
67 197
67 205
67 234
67 238
67 245
67 246
68 76
68 92
68 95
68 102
68 103
68 107
68 121
68 122
68 127
68 162
68 179
68 186
68 224
69 85
69 87
69 92
69 106
69 108
69 133
69 169
69 182
69 188
69 200
69 245
70 89
70 116
70 141
70 147
70 168
70 188
70 249
71 72
71 76
71 98
71 102
71 107
71 111
71 146
71 154
71 176
71 190
71 199
71 213
71 220
71 239
72 78
72 81
72 83
72 88
72 108
72 109
72 125
72 126
72 141
72 142
72 144
72 150
72 152
72 154
72 166
72 171
72 176
72 202
72 207
72 208
72 222
72 236
73 92
73 101
73 113
73 119
73 134
73 147
73 173
73 180
73 247
74 79
74 91
74 146
74 162
74 174
74 186
74 187
74 203
74 204
74 206
74 214
74 220
74 248
75 80
75 93
75 112
75 139
75 154
75 188
75 215
76 77
76 79
76 89
76 117
76 125
76 132
76 135
76 148
76 163
76 167
76 171
76 196
76 217
76 218
76 232
76 234
76 249
77 83
77 131
77 140
77 146
77 148
77 156
77 195
77 204
78 93
78 101
78 124
78 125
78 150
78 166
78 195
79 82
79 83
79 90
79 131
79 136
79 145
79 164
79 176
79 208
79 231
79 242
80 105
80 121
80 128
80 135
80 161
80 168
80 184
80 190
80 191
80 199
80 203
80 214
80 228
80 241
80 245
81 90
81 127
81 152
81 153
81 171
81 219
81 226
82 87
82 90
82 92
82 98
82 141
82 142
82 159
82 167
82 169
82 170
82 176
82 178
82 192
82 198
82 199
82 214
82 228
82 235
83 89
83 100
83 101
83 152
83 193
83 204
83 241
83 244
84 87
84 88
84 92
84 98
84 115
84 127
84 132
84 136
84 193
84 229
84 233
84 244
84 246
85 96
85 97
85 99
85 109
85 118
85 121
85 125
85 129
85 145
85 194
85 198
85 200
85 215
85 226
86 91
86 113
86 117
86 131
86 135
86 137
86 145
86 148
86 157
86 160
86 164
86 196
87 104
87 112
87 115
87 119
87 150
88 89
88 96
88 97
88 105
88 107
88 119
88 125
88 127
88 174
88 195
88 223
88 235
88 240
89 116
89 136
89 149
89 172
89 174
89 189
89 208
89 239
90 105
90 111
90 134
90 141
90 149
90 187
90 212
91 103
91 160
91 164
91 170
91 205
91 229
91 235
92 95
92 114
92 126
92 147
92 156
92 194
92 224
93 101
93 110
93 113
93 128
93 142
93 143
93 149
93 150
93 156
93 176
93 177
93 179
93 192
93 209
93 223
94 118
94 140
94 142
94 153
94 172
94 225
94 229
94 234
94 245
95 121
96 104
96 106
96 107
96 128
96 138
96 158
96 201
96 227
96 232
97 103
97 104
97 119
97 121
97 145
97 162
97 168
97 174
97 219
97 224
98 129
98 130
98 144
98 154
98 166
98 191
98 193
98 199
98 212
98 225
98 231
98 242
98 246
99 129
99 148
99 165
99 223
99 238
99 248
100 123
100 131
100 134
100 153
100 158
100 171
100 178
100 182
100 187
100 207
100 211
100 214
100 228
100 230
100 232
101 109
101 192
101 210
101 243
102 159
102 237
103 145
103 172
103 220
103 237
104 110
104 118
104 154
104 181
104 186
105 121
105 124
105 125
105 178
105 186
105 190
105 208
105 225
105 226
106 132
106 141
106 174
106 209
106 231
107 110
107 138
107 215
107 218
107 241
107 249
108 111
108 149
108 178
108 204
108 210
108 238
109 116
109 136
109 176
109 227
109 236
110 143
110 151
110 154
110 161
110 197
110 201
110 239
111 113
111 119
111 130
111 136
111 183
111 222
111 240
112 186
112 190
112 193
112 248
113 121
113 132
113 155
113 157
113 175
114 147
114 151
114 165
114 201
114 206
114 222
115 137
115 138
115 143
115 182
115 197
115 209
116 117
116 124
116 128
116 146
116 159
116 160
116 184
116 206
116 226
116 230
117 122
117 168
117 185
117 199
117 225
117 237
118 123
118 131
118 158
118 164
118 180
118 182
118 195
118 213
118 214
118 245
118 246
119 167
119 198
119 242
119 245
120 142
120 155
120 191
120 204
120 211
120 232
120 234
120 243
121 122
121 133
121 138
121 144
121 157
121 159
121 164
121 212
121 225
121 244
122 134
122 155
122 160
122 165
122 169
122 170
122 176
122 188
122 214
122 225
122 235
123 128
123 149
123 174
123 185
123 200
124 129
124 134
124 142
124 148
124 152
124 177
124 179
124 184
124 187
124 211
124 235
124 245
125 158
125 159
125 161
125 166
125 172
125 195
125 221
125 248
126 149
126 170
127 135
127 158
127 181
127 187
127 206
127 216
127 222
127 247
128 135
128 183
128 237
129 135
129 148
129 158
129 165
129 190
129 210
129 214
129 221
129 226
129 228
130 183
130 248
131 154
131 208
131 235
131 237
131 241
132 249
133 161
133 175
133 210
133 224
134 218
134 227
135 232
136 158
136 237
137 159
137 161
137 213
138 140
138 164
138 197
138 210
138 239
139 161
139 187
139 195
139 218
140 170
141 196
142 165
142 191
142 242
143 171
143 218
143 224
143 230
144 160
144 189
144 192
144 213
144 216
144 224
145 153
145 189
145 217
145 228
145 231
145 240
146 210
147 148
147 179
147 221
148 158
148 173
148 175
148 189
148 213
149 158
149 224
149 247
150 227
150 246
151 156
151 163
151 168
151 226
152 196
152 202
152 210
152 247
153 155
153 162
153 163
153 204
153 208
153 214
153 247
154 173
154 221
154 226
154 240
155 203
155 233
156 225
157 167
157 208
157 221
157 246
158 175
158 180
158 183
158 211
159 167
159 178
159 188
159 205
160 203
160 232
160 234
161 174
161 187
161 220
161 225
161 230
161 232
161 239
162 175
162 235
163 165
163 173
163 211
165 173
165 181
165 205
165 217
166 172
166 217
166 233
167 214
167 229
167 248
168 192
168 196
168 223
168 241
169 223
170 191
171 191
171 206
171 207
171 229
171 249
172 188
172 234
173 240
174 198
174 214
174 218
174 224
175 191
175 200
175 201
175 215
176 177
176 193
176 197
176 208
176 220
176 233
177 178
177 179
177 183
177 189
177 196
177 209
178 180
179 183
179 199
181 222
181 243
182 194
182 216
183 188
184 201
184 203
184 220
185 220
185 237
185 238
185 242
185 243
186 201
186 222
187 222
187 225
188 192
188 211
188 212
188 236
190 224
190 246
191 230
192 195
192 215
192 232
192 247
193 237
194 198
197 210
197 213
197 247
198 207
198 212
198 231
198 248
200 228
201 213
201 219
201 232
203 219
203 226
203 239
205 233
205 238
209 236
210 216
210 227
210 237
212 218
212 226
212 241
212 245
213 224
214 217
214 221
215 245
216 217
217 239
218 242
218 243
219 244
220 240
221 244
223 239
223 246
224 246
226 243
227 243
228 233
229 234
229 246
230 231
230 248
233 246
238 247
