0 1
0 2
0 3
0 4
0 5
0 6
0 7
0 8
0 9
0 10
0 11
0 12
0 13
0 14
0 15
0 16
0 17
0 18
0 19
0 20
0 21
0 22
0 23
0 24
0 25
0 26
0 27
0 28
0 29
0 30
0 31
0 32
0 33
0 34
0 36
0 37
0 38
0 39
0 40
0 41
0 43
0 46
0 48
0 49
0 50
0 51
0 52
0 53
0 54
0 57
0 58
0 59
0 63
0 67
0 69
0 71
0 72
0 81
0 82
0 84
0 85
0 91
0 93
0 97
0 98
0 100
0 103
0 107
0 111
0 113
0 114
0 118
0 119
0 121
0 122
0 125
0 127
0 133
0 134
0 140
0 141
0 145
0 146
0 152
0 156
0 157
0 159
0 161
0 163
0 167
0 168
0 172
0 173
0 174
0 178
0 186
0 187
0 192
0 198
0 203
0 204
0 208
0 209
0 215
0 216
0 233
0 234
0 235
0 237
0 245
1 19
1 20
1 21
1 22
1 23
1 24
1 25
1 27
1 31
1 32
1 64
1 71
1 81
1 88
1 96
1 101
1 117
1 124
1 134
1 192
1 196
1 209
1 210
1 215
1 220
1 239
1 246
2 19
2 20
2 21
2 22
2 26
2 28
2 34
2 37
2 39
2 44
2 72
2 105
2 121
2 154
2 193
2 216
3 19
3 20
3 21
3 22
3 23
3 24
3 25
3 27
3 29
3 30
3 41
3 44
3 49
3 53
3 55
3 56
3 76
3 80
3 83
3 84
3 87
3 97
3 109
3 112
3 121
3 122
3 124
3 130
3 137
3 139
3 142
3 154
3 163
3 166
3 169
3 178
3 182
3 186
3 203
3 217
3 243
3 244
4 19
4 20
4 22
4 25
4 26
4 27
4 29
4 33
4 35
4 38
4 39
4 40
4 42
4 49
4 58
4 61
4 63
4 77
4 80
4 83
4 91
4 96
4 111
4 115
4 132
4 133
4 149
4 168
4 170
4 174
4 195
4 196
4 199
4 210
4 220
5 19
5 20
5 21
5 22
5 23
5 25
5 27
5 28
5 31
5 33
5 34
5 39
5 40
5 42
5 43
5 57
5 58
5 59
5 75
5 79
5 90
5 91
5 92
5 108
5 116
5 137
5 147
5 171
5 191
5 200
5 205
6 19
6 20
6 21
6 23
6 24
6 25
6 26
6 27
6 28
6 29
6 32
6 34
6 38
6 41
6 44
6 45
6 49
6 50
6 54
6 56
6 57
6 62
6 68
6 71
6 73
6 76
6 82
6 85
6 88
6 89
6 91
6 103
6 107
6 113
6 124
6 127
6 137
6 140
6 148
6 154
6 155
6 156
6 178
6 181
6 182
6 188
6 189
6 191
6 197
6 210
6 220
6 231
7 19
7 20
7 21
7 22
7 23
7 24
7 26
7 27
7 28
7 31
7 32
7 33
7 38
7 41
7 46
7 51
7 53
7 54
7 57
7 59
7 60
7 64
7 69
7 70
7 75
7 80
7 83
7 93
7 106
7 110
7 117
7 122
7 128
7 138
7 144
7 152
7 153
7 165
7 167
7 168
7 175
7 177
7 191
7 204
7 206
7 207
7 209
7 215
7 245
8 19
8 20
8 21
8 22
8 23
8 24
8 25
8 26
8 27
8 30
8 36
8 41
8 45
8 61
8 62
8 63
8 65
8 67
8 69
8 87
8 101
8 105
8 108
8 109
8 112
8 121
8 129
8 155
8 160
8 161
8 169
8 186
8 199
8 202
8 205
8 216
8 224
8 227
8 235
9 19
9 20
9 21
9 22
9 23
9 24
9 25
9 26
9 27
9 29
9 30
9 33
9 36
9 37
9 39
9 41
9 43
9 48
9 52
9 60
9 69
9 70
9 78
9 81
9 85
9 90
9 95
9 104
9 109
9 138
9 140
9 142
9 157
9 163
9 176
9 186
9 198
9 200
9 231
10 19
10 20
10 21
10 22
10 23
10 24
10 25
10 26
10 27
10 29
10 30
10 38
10 40
10 42
10 44
10 45
10 46
10 49
10 59
10 61
10 62
10 63
10 65
10 66
10 70
10 73
10 78
10 80
10 93
10 101
10 106
10 108
10 126
10 128
10 131
10 148
10 150
10 158
10 171
10 172
10 179
10 196
10 201
10 206
10 218
10 220
10 223
10 226
10 233
10 239
10 247
10 249
11 19
11 20
11 21
11 23
11 24
11 27
11 28
11 30
11 31
11 32
11 37
11 38
11 40
11 41
11 44
11 45
11 46
11 51
11 53
11 55
11 61
11 62
11 64
11 65
11 74
11 76
11 77
11 89
11 94
11 122
11 124
11 137
11 161
11 162
11 172
11 176
11 178
11 184
11 189
11 204
11 208
11 214
11 217
11 219
11 225
11 235
11 242
11 246
11 248
12 19
12 21
12 25
12 26
12 28
12 30
12 31
12 32
12 47
12 51
12 58
12 62
12 63
12 72
12 76
12 77
12 93
12 95
12 104
12 115
12 117
12 120
12 121
12 171
12 173
12 178
12 189
12 196
12 208
12 212
12 240
12 247
13 19
13 20
13 21
13 22
13 23
13 24
13 41
13 43
13 51
13 62
13 65
13 75
13 78
13 79
13 81
13 83
13 84
13 91
13 95
13 117
13 121
13 127
13 140
13 148
13 151
13 152
13 155
13 159
13 160
13 176
13 179
13 180
13 197
13 201
13 214
13 224
13 225
13 243
13 244
13 247
13 248
14 19
14 20
14 22
14 23
14 24
14 25
14 28
14 30
14 31
14 32
14 33
14 37
14 39
14 40
14 45
14 46
14 47
14 49
14 51
14 53
14 56
14 58
14 59
14 73
14 80
14 82
14 84
14 86
14 90
14 101
14 102
14 103
14 112
14 114
14 119
14 120
14 128
14 135
14 142
14 148
14 164
14 173
14 178
14 179
14 185
14 195
14 205
14 207
14 212
14 219
14 224
14 226
14 230
14 240
15 19
15 20
15 22
15 25
15 26
15 27
15 28
15 30
15 31
15 33
15 35
15 36
15 39
15 40
15 42
15 43
15 47
15 48
15 49
15 50
15 61
15 63
15 64
15 66
15 72
15 73
15 76
15 78
15 83
15 88
15 90
15 91
15 99
15 115
15 118
15 125
15 126
15 129
15 131
15 133
15 134
15 136
15 148
15 155
15 181
15 183
15 184
15 196
15 199
15 200
15 204
15 216
15 225
15 239
15 245
15 246
16 21
16 22
16 24
16 29
16 33
16 35
16 38
16 57
16 73
16 76
16 107
16 140
16 146
16 190
16 205
16 212
16 249
17 19
17 20
17 21
17 23
17 33
17 34
17 36
17 38
17 39
17 41
17 42
17 44
17 49
17 55
17 67
17 71
17 77
17 81
17 95
17 96
17 97
17 101
17 109
17 117
17 127
17 128
17 135
17 139
17 142
17 155
17 156
17 159
17 172
17 181
17 183
17 201
17 207
17 211
17 220
17 227
17 233
17 242
17 249
18 19
18 20
18 21
18 22
18 23
18 24
18 26
18 28
18 29
18 31
18 34
18 35
18 36
18 43
18 44
18 45
18 46
18 47
18 49
18 58
18 60
18 61
18 62
18 64
18 68
18 69
18 78
18 81
18 86
18 96
18 99
18 103
18 106
18 109
18 116
18 117
18 123
18 126
18 137
18 139
18 140
18 143
18 148
18 152
18 160
18 168
18 169
18 172
18 174
18 182
18 193
18 195
18 198
18 201
18 209
18 230
18 236
18 238
19 20
19 21
19 22
19 23
19 24
19 25
19 26
19 27
19 28
19 29
19 30
19 31
19 32
19 33
19 34
19 35
19 36
19 37
19 38
19 39
19 40
19 43
19 51
19 53
19 55
19 56
19 57
19 59
19 64
19 71
19 73
19 75
19 86
19 88
19 101
19 103
19 104
19 109
19 110
19 112
19 114
19 116
19 123
19 128
19 135
19 136
19 148
19 149
19 152
19 153
19 158
19 164
19 165
19 168
19 176
19 179
19 183
19 187
19 189
19 202
19 208
19 211
19 214
19 221
19 223
19 232
20 21
20 22
20 23
20 24
20 25
20 26
20 27
20 28
20 29
20 30
20 31
20 32
20 33
20 34
20 35
20 38
20 40
20 41
20 42
20 43
20 44
20 46
20 48
20 50
20 52
20 53
20 54
20 55
20 56
20 57
20 61
20 62
20 65
20 66
20 68
20 71
20 74
20 77
20 79
20 84
20 88
20 92
20 93
20 96
20 98
20 99
20 104
20 108
20 110
20 113
20 114
20 115
20 116
20 121
20 125
20 127
20 129
20 133
20 136
20 143
20 147
20 150
20 151
20 157
20 158
20 162
20 164
20 170
20 172
20 177
20 179
20 181
20 182
20 188
20 192
20 193
20 196
20 217
20 218
20 222
20 223
20 225
20 227
20 228
20 229
20 234
20 247
21 22
21 23
21 24
21 25
21 26
21 27
21 28
21 29
21 31
21 32
21 33
21 34
21 35
21 36
21 37
21 41
21 42
21 47
21 50
21 51
21 52
21 53
21 56
21 58
21 60
21 63
21 66
21 67
21 73
21 75
21 77
21 79
21 82
21 85
21 86
21 89
21 90
21 97
21 101
21 103
21 104
21 106
21 108
21 114
21 120
21 132
21 133
21 134
21 139
21 141
21 143
21 144
21 148
21 153
21 154
21 156
21 158
21 159
21 163
21 173
21 175
21 180
21 184
21 185
21 187
21 189
21 192
21 194
21 199
21 200
21 201
21 203
21 210
21 214
21 215
21 217
21 218
21 224
21 228
21 231
21 237
21 241
22 23
22 24
22 25
22 26
22 27
22 28
22 29
22 30
22 32
22 33
22 34
22 35
22 36
22 37
22 38
22 39
22 40
22 42
22 43
22 47
22 48
22 49
22 51
22 55
22 56
22 58
22 60
22 62
22 67
22 68
22 69
22 73
22 74
22 76
22 81
22 84
22 85
22 86
22 89
22 90
22 92
22 104
22 105
22 107
22 112
22 113
22 114
22 118
22 119
22 121
22 123
22 130
22 131
22 132
22 135
22 140
22 142
22 143
22 144
22 145
22 151
22 152
22 163
22 166
22 168
22 177
22 182
22 193
22 197
22 199
22 203
22 204
22 207
22 225
22 227
22 229
22 234
23 24
23 25
23 26
23 28
23 29
23 31
23 32
23 33
23 35
23 37
23 38
23 39
23 41
23 42
23 43
23 44
23 45
23 46
23 47
23 48
23 49
23 50
23 51
23 52
23 53
23 55
23 56
23 57
23 59
23 68
23 70
23 74
23 76
23 84
23 86
23 94
23 98
23 99
23 103
23 104
23 109
23 111
23 115
23 118
23 121
23 124
23 125
23 132
23 139
23 143
23 144
23 149
23 151
23 153
23 160
23 167
23 172
23 175
23 189
23 191
23 196
23 198
23 209
23 223
23 233
23 234
23 238
23 246
24 25
24 26
24 27
24 28
24 29
24 30
24 31
24 32
24 34
24 35
24 39
24 41
24 42
24 43
24 45
24 46
24 47
24 51
24 52
24 55
24 60
24 61
24 62
24 64
24 66
24 67
24 68
24 75
24 76
24 78
24 84
24 87
24 93
24 96
24 97
24 98
24 99
24 102
24 103
24 104
24 105
24 106
24 112
24 113
24 123
24 127
24 132
24 137
24 143
24 146
24 148
24 150
24 152
24 154
24 157
24 165
24 166
24 169
24 172
24 176
24 183
24 185
24 191
24 197
24 202
24 204
24 206
24 208
24 211
24 212
24 213
24 214
24 221
24 222
24 224
24 229
24 231
24 238
24 239
25 26
25 27
25 28
25 29
25 30
25 31
25 32
25 33
25 34
25 35
25 36
25 37
25 38
25 40
25 42
25 44
25 45
25 48
25 49
25 50
25 51
25 52
25 55
25 58
25 59
25 61
25 65
25 67
25 77
25 78
25 79
25 80
25 82
25 84
25 86
25 87
25 95
25 100
25 101
25 106
25 109
25 111
25 118
25 130
25 134
25 135
25 137
25 139
25 141
25 142
25 144
25 147
25 149
25 151
25 159
25 163
25 165
25 167
25 168
25 175
25 176
25 177
25 181
25 182
25 186
25 188
25 194
25 195
25 196
25 200
25 201
25 203
25 210
25 229
25 239
25 243
25 246
26 29
26 30
26 31
26 32
26 34
26 35
26 36
26 37
26 40
26 41
26 42
26 47
26 51
26 52
26 54
26 57
26 60
26 63
26 64
26 66
26 68
26 70
26 74
26 85
26 92
26 101
26 102
26 105
26 106
26 107
26 116
26 120
26 122
26 128
26 131
26 146
26 160
26 161
26 172
26 173
26 176
26 177
26 181
26 185
26 188
26 200
26 203
26 213
26 215
26 221
26 222
26 224
26 225
26 227
26 228
26 236
26 238
26 239
26 248
27 28
27 29
27 30
27 32
27 34
27 35
27 36
27 37
27 39
27 41
27 42
27 44
27 45
27 46
27 47
27 48
27 49
27 50
27 51
27 53
27 54
27 55
27 56
27 57
27 60
27 61
27 62
27 65
27 67
27 70
27 71
27 72
27 74
27 81
27 83
27 84
27 88
27 92
27 93
27 98
27 99
27 100
27 105
27 111
27 117
27 121
27 123
27 140
27 143
27 145
27 155
27 161
27 162
27 164
27 170
27 174
27 176
27 179
27 183
27 184
27 185
27 189
27 200
27 201
27 202
27 215
27 216
27 218
27 224
27 225
27 230
27 231
27 234
27 237
27 239
27 249
28 29
28 30
28 31
28 36
28 37
28 42
28 43
28 44
28 47
28 48
28 50
28 55
28 57
28 58
28 60
28 66
28 67
28 72
28 80
28 88
28 89
28 90
28 91
28 92
28 93
28 94
28 95
28 96
28 97
28 103
28 104
28 106
28 107
28 111
28 112
28 118
28 119
28 125
28 131
28 133
28 138
28 140
28 148
28 150
28 164
28 169
28 179
28 180
28 181
28 188
28 195
28 210
28 212
28 230
28 232
28 242
29 30
29 31
29 32
29 33
29 34
29 35
29 36
29 37
29 38
29 39
29 40
29 43
29 45
29 47
29 48
29 50
29 52
29 58
29 59
29 60
29 61
29 63
29 64
29 67
29 68
29 69
29 74
29 75
29 79
29 82
29 85
29 87
29 88
29 89
29 90
29 100
29 102
29 103
29 109
29 110
29 111
29 113
29 116
29 121
29 129
29 130
29 138
29 141
29 144
29 150
29 156
29 160
29 162
29 167
29 169
29 170
29 175
29 178
29 179
29 185
29 201
29 205
29 217
29 224
29 240
30 33
30 34
30 35
30 37
30 40
30 41
30 43
30 46
30 48
30 50
30 52
30 54
30 56
30 58
30 60
30 61
30 62
30 63
30 66
30 69
30 82
30 91
30 92
30 95
30 105
30 106
30 111
30 117
30 131
30 137
30 145
30 150
30 151
30 156
30 158
30 160
30 162
30 170
30 171
30 176
30 190
30 213
30 215
30 230
30 231
30 246
30 249
31 32
31 33
31 34
31 35
31 41
31 42
31 46
31 47
31 49
31 51
31 56
31 57
31 59
31 71
31 72
31 73
31 74
31 75
31 77
31 78
31 80
31 84
31 85
31 86
31 90
31 95
31 98
31 107
31 111
31 118
31 124
31 126
31 130
31 132
31 144
31 146
31 147
31 148
31 150
31 155
31 157
31 159
31 163
31 166
31 167
31 171
31 201
31 204
31 220
31 223
31 227
31 244
31 246
31 249
32 34
32 35
32 36
32 38
32 39
32 43
32 44
32 46
32 47
32 48
32 51
32 53
32 57
32 58
32 65
32 68
32 70
32 71
32 77
32 78
32 79
32 84
32 85
32 88
32 103
32 109
32 112
32 114
32 121
32 125
32 133
32 134
32 138
32 140
32 142
32 149
32 152
32 155
32 161
32 176
32 179
32 181
32 187
32 188
32 190
32 211
32 217
32 219
32 236
32 237
32 238
32 244
32 246
33 35
33 36
33 37
33 38
33 39
33 40
33 45
33 47
33 48
33 50
33 52
33 53
33 54
33 55
33 56
33 58
33 59
33 60
33 62
33 65
33 66
33 67
33 69
33 72
33 77
33 83
33 84
33 92
33 94
33 101
33 108
33 115
33 129
33 133
33 135
33 136
33 138
33 145
33 154
33 157
33 161
33 162
33 163
33 164
33 166
33 182
33 197
33 205
33 211
33 217
33 220
33 225
33 241
33 248
34 36
34 40
34 43
34 44
34 45
34 46
34 49
34 52
34 53
34 54
34 57
34 67
34 69
34 76
34 77
34 83
34 89
34 90
34 92
34 93
34 95
34 101
34 107
34 108
34 109
34 112
34 114
34 119
34 123
34 142
34 145
34 150
34 153
34 154
34 165
34 178
34 180
34 191
34 210
34 214
34 217
34 221
34 222
34 239
35 36
35 37
35 38
35 39
35 40
35 42
35 44
35 45
35 46
35 49
35 53
35 54
35 61
35 64
35 65
35 67
35 71
35 73
35 74
35 76
35 79
35 80
35 81
35 82
35 86
35 93
35 94
35 102
35 104
35 112
35 115
35 116
35 117
35 118
35 139
35 141
35 145
35 147
35 148
35 175
35 184
35 192
35 193
35 195
35 197
35 202
35 212
35 219
35 222
35 225
35 227
35 230
35 232
35 235
35 244
35 247
36 37
36 39
36 41
36 45
36 50
36 51
36 53
36 55
36 56
36 59
36 70
36 74
36 82
36 91
36 95
36 100
36 106
36 115
36 117
36 123
36 130
36 140
36 144
36 145
36 149
36 168
36 190
36 191
36 200
36 209
36 213
36 242
37 38
37 42
37 43
37 45
37 46
37 48
37 49
37 52
37 54
37 56
37 65
37 71
37 76
37 78
37 81
37 87
37 94
37 97
37 98
37 100
37 105
37 106
37 113
37 118
37 122
37 126
37 127
37 129
37 132
37 138
37 146
37 161
37 163
37 164
37 165
37 175
37 176
37 178
37 184
37 186
37 187
37 193
37 195
37 197
37 199
37 201
37 209
37 212
37 221
37 232
37 238
37 240
37 241
38 40
38 44
38 47
38 54
38 55
38 57
38 58
38 60
38 62
38 65
38 66
38 68
38 75
38 78
38 87
38 90
38 94
38 104
38 107
38 110
38 123
38 128
38 131
38 134
38 140
38 146
38 169
38 170
38 177
38 195
38 197
38 202
38 213
38 231
38 248
39 42
39 49
39 50
39 52
39 60
39 61
39 64
39 65
39 69
39 77
39 79
39 83
39 90
39 91
39 93
39 95
39 96
39 97
39 99
39 114
39 115
39 121
39 124
39 126
39 131
39 137
39 147
39 152
39 153
39 167
39 170
39 186
39 190
39 191
39 216
39 223
39 231
39 234
39 236
39 237
39 241
39 243
39 249
40 43
40 44
40 45
40 47
40 48
40 54
40 68
40 69
40 72
40 73
40 74
40 81
40 91
40 103
40 110
40 114
40 120
40 126
40 128
40 129
40 132
40 138
40 141
40 146
40 150
40 155
40 157
40 167
40 191
40 193
40 199
40 205
40 215
40 239
40 243
41 44
41 46
41 51
41 59
41 60
41 65
41 67
41 71
41 80
41 89
41 100
41 105
41 108
41 115
41 116
41 122
41 135
41 136
41 138
41 143
41 158
41 175
41 219
41 241
42 47
42 50
42 54
42 58
42 61
42 66
42 70
42 71
42 73
42 74
42 87
42 89
42 92
42 94
42 99
42 100
42 111
42 122
42 123
42 125
42 129
42 133
42 146
42 147
42 152
42 158
42 160
42 164
42 174
42 179
42 190
42 207
42 214
42 239
42 243
42 249
43 45
43 46
43 52
43 57
43 63
43 66
43 72
43 78
43 85
43 90
43 103
43 108
43 111
43 113
43 125
43 136
43 141
43 143
43 166
43 175
43 177
43 207
43 211
43 218
43 233
43 235
44 48
44 50
44 52
44 64
44 68
44 75
44 76
44 83
44 88
44 89
44 91
44 96
44 105
44 108
44 119
44 120
44 123
44 131
44 141
44 157
44 171
44 185
44 186
44 192
44 193
44 232
44 234
44 248
44 249
45 50
45 52
45 53
45 55
45 56
45 59
45 60
45 62
45 63
45 64
45 65
45 66
45 80
45 87
45 89
45 94
45 95
45 98
45 107
45 108
45 110
45 118
45 121
45 127
45 137
45 139
45 148
45 159
45 165
45 166
45 170
45 171
45 177
45 184
45 187
45 194
45 195
45 196
45 204
45 213
45 221
45 232
45 240
45 243
45 249
46 48
46 50
46 54
46 61
46 62
46 63
46 64
46 65
46 73
46 84
46 85
46 86
46 87
46 92
46 96
46 107
46 109
46 113
46 116
46 117
46 126
46 148
46 161
46 170
46 171
46 173
46 184
46 185
46 188
46 197
46 201
46 208
46 219
46 220
46 239
46 242
46 245
47 48
47 54
47 55
47 59
47 61
47 68
47 73
47 75
47 76
47 78
47 79
47 80
47 90
47 99
47 100
47 101
47 113
47 114
47 126
47 132
47 149
47 161
47 175
47 180
47 183
47 184
47 187
47 223
47 247
48 70
48 72
48 82
48 87
48 88
48 93
48 100
48 105
48 118
48 129
48 145
48 156
48 163
48 196
48 207
48 226
48 230
48 242
48 247
49 53
49 56
49 58
49 59
49 60
49 62
49 67
49 70
49 71
49 72
49 75
49 78
49 81
49 83
49 84
49 85
49 112
49 121
49 124
49 133
49 138
49 141
49 149
49 154
49 162
49 165
49 192
49 194
49 204
49 205
49 224
49 232
49 249
50 52
50 54
50 62
50 64
50 70
50 72
50 74
50 78
50 83
50 86
50 88
50 91
50 92
50 98
50 102
50 110
50 112
50 116
50 118
50 123
50 135
50 136
50 140
50 160
50 162
50 179
50 183
50 189
50 208
50 209
50 210
50 222
50 232
50 248
51 55
51 63
51 65
51 73
51 77
51 89
51 96
51 97
51 98
51 99
51 105
51 108
51 112
51 114
51 117
51 122
51 127
51 128
51 156
51 172
51 177
51 180
51 191
51 192
51 221
51 237
51 238
51 241
52 53
52 54
52 55
52 56
52 57
52 58
52 60
52 63
52 64
52 66
52 89
52 95
52 99
52 106
52 116
52 126
52 133
52 140
52 149
52 151
52 152
52 153
52 155
52 169
52 172
52 175
52 177
52 179
52 189
52 201
52 204
52 205
52 207
52 208
52 234
52 242
53 65
53 68
53 70
53 72
53 76
53 82
53 99
53 100
53 102
53 105
53 113
53 126
53 130
53 133
53 139
53 150
53 153
53 164
53 175
53 185
53 186
53 191
53 205
53 207
53 212
53 228
53 240
53 245
54 56
54 57
54 63
54 68
54 70
54 74
54 76
54 88
54 92
54 94
54 99
54 105
54 122
54 129
54 141
54 145
54 149
54 184
54 190
54 200
54 201
54 210
54 213
54 226
54 235
54 242
55 59
55 66
55 68
55 69
55 70
55 75
55 78
55 79
55 80
55 83
55 87
55 95
55 107
55 124
55 131
55 141
55 155
55 156
55 157
55 168
55 174
55 175
55 180
55 211
55 215
55 221
55 235
55 244
56 63
56 67
56 68
56 94
56 99
56 102
56 104
56 105
56 111
56 120
56 125
56 129
56 133
56 149
56 151
56 156
56 169
56 182
56 213
56 238
56 241
57 63
57 66
57 69
57 74
57 77
57 85
57 95
57 103
57 113
57 121
57 126
57 149
57 160
57 182
57 192
57 194
57 199
57 212
57 214
57 219
57 226
58 59
58 64
58 87
58 97
58 107
58 114
58 119
58 127
58 130
58 133
58 138
58 141
58 146
58 154
58 155
58 179
58 187
58 194
58 197
58 198
58 201
58 203
58 209
58 216
58 223
58 237
58 249
59 67
59 69
59 77
59 84
59 86
59 87
59 109
59 117
59 133
59 141
59 152
59 155
59 170
59 198
59 211
59 226
59 233
59 247
59 248
60 61
60 70
60 74
60 78
60 80
60 82
60 86
60 88
60 95
60 105
60 120
60 125
60 128
60 132
60 135
60 136
60 152
60 157
60 159
60 167
60 174
60 193
60 197
60 204
60 214
60 238
60 240
60 243
61 71
61 76
61 79
61 82
61 85
61 86
61 87
61 91
61 94
61 97
61 100
61 118
61 120
61 127
61 134
61 136
61 146
61 147
61 153
61 163
61 169
61 170
61 180
61 194
61 229
61 245
62 66
62 71
62 72
62 81
62 82
62 83
62 90
62 94
62 100
62 102
62 115
62 117
62 122
62 128
62 130
62 134
62 136
62 143
62 145
62 147
62 153
62 154
62 162
62 167
62 172
62 173
62 181
62 185
62 223
62 226
62 235
62 237
62 241
63 64
63 68
63 72
63 74
63 77
63 80
63 81
63 90
63 92
63 96
63 102
63 108
63 115
63 124
63 125
63 127
63 131
63 134
63 138
63 142
63 151
63 152
63 155
63 156
63 157
63 165
63 184
63 192
63 202
63 223
63 237
63 238
63 242
63 246
64 67
64 71
64 73
64 75
64 77
64 82
64 85
64 86
64 97
64 99
64 107
64 118
64 119
64 127
64 129
64 130
64 133
64 136
64 154
64 174
64 179
64 198
64 218
64 221
64 225
64 227
64 230
64 245
64 247
65 66
65 69
65 72
65 74
65 97
65 98
65 104
65 107
65 110
65 122
65 124
65 127
65 128
65 130
65 132
65 135
65 140
65 142
65 144
65 172
65 174
65 195
65 232
65 235
66 69
66 70
66 73
66 75
66 79
66 80
66 81
66 82
66 84
66 88
66 94
66 95
66 103
66 110
66 112
66 113
66 135
66 139
66 147
66 159
66 163
66 166
66 173
66 180
66 181
66 185
66 219
66 223
66 237
67 69
67 75
67 89
67 90
67 91
67 92
67 94
67 101
67 102
67 117
67 118
67 119
67 126
67 139
67 142
67 144
67 153
67 159
67 199
67 208
67 212
67 222
67 225
67 231
68 70
68 78
68 79
68 81
68 83
68 85
68 86
68 89
68 93
68 96
68 97
68 108
68 120
68 132
68 135
68 136
68 142
68 160
68 174
68 183
68 229
68 244
68 246
69 73
69 75
69 79
69 80
69 81
69 87
69 94
69 97
69 101
69 102
69 106
69 114
69 121
69 124
69 131
69 140
69 155
69 161
69 167
69 176
69 180
69 186
69 188
69 194
69 203
69 216
69 219
69 230
69 232
69 238
70 71
70 75
70 77
70 79
70 81
70 90
70 106
70 109
70 120
70 134
70 135
70 165
70 166
70 169
70 182
70 188
70 193
70 203
70 206
70 213
70 214
70 218
70 219
70 226
70 228
70 230
70 242
71 72
71 79
71 92
71 98
71 100
71 102
71 104
71 118
71 120
71 134
71 138
71 142
71 143
71 147
71 157
71 161
71 165
71 171
71 172
71 183
71 193
71 196
71 198
71 214
71 217
71 219
71 223
71 224
71 226
71 244
71 245
71 249
72 76
72 85
72 86
72 115
72 119
72 123
72 141
72 160
72 169
72 171
72 182
72 185
72 192
72 193
72 211
72 216
72 218
72 219
72 228
72 247
73 80
73 82
73 97
73 103
73 107
73 116
73 125
73 131
73 132
73 156
73 165
73 172
73 173
73 177
73 188
73 193
73 194
73 210
73 218
73 232
73 233
73 238
73 246
74 88
74 89
74 91
74 97
74 98
74 99
74 102
74 109
74 120
74 121
74 134
74 140
74 156
74 162
74 175
74 195
74 206
74 211
74 229
74 233
74 240
75 96
75 101
75 102
75 111
75 115
75 117
75 126
75 161
75 166
75 168
75 206
75 222
75 232
75 241
76 79
76 83
76 85
76 91
76 93
76 94
76 96
76 110
76 112
76 114
76 122
76 141
76 168
76 174
76 181
76 236
76 241
76 243
77 87
77 88
77 89
77 96
77 113
77 114
77 132
77 134
77 135
77 141
77 145
77 155
77 160
77 163
77 180
77 195
77 198
77 202
77 213
77 220
77 226
78 82
78 83
78 88
78 89
78 96
78 98
78 104
78 112
78 124
78 145
78 146
78 154
78 156
78 164
78 165
78 170
78 205
78 212
78 219
78 241
79 86
79 97
79 102
79 111
79 113
79 116
79 119
79 123
79 143
79 152
79 154
79 162
79 167
79 168
79 175
79 177
79 184
79 200
79 238
80 83
80 103
80 111
80 119
80 120
80 122
80 135
80 149
80 160
80 164
80 176
80 182
80 186
80 189
80 205
80 211
80 212
80 219
80 224
81 100
81 103
81 107
81 115
81 116
81 123
81 128
81 134
81 147
81 149
81 165
81 194
81 218
81 222
81 224
81 232
81 244
82 112
82 136
82 144
82 150
82 158
82 165
82 167
82 227
82 238
82 242
83 84
83 92
83 93
83 99
83 118
83 125
83 126
83 130
83 150
83 157
83 195
84 93
84 102
84 106
84 110
84 111
84 113
84 136
84 139
84 142
84 152
84 156
84 157
84 176
84 183
84 189
84 198
85 87
85 91
85 104
85 106
85 207
85 222
85 230
86 106
86 113
86 120
86 139
86 150
86 185
86 189
87 98
87 100
87 101
87 128
87 133
87 161
87 171
87 180
87 184
87 206
87 221
87 222
87 223
87 224
87 242
88 98
88 99
88 101
88 104
88 110
88 114
88 130
88 139
88 186
88 188
88 191
89 96
89 100
89 101
89 105
89 108
89 120
89 123
89 128
89 151
89 158
89 168
89 176
89 177
89 199
89 204
89 214
89 236
90 92
90 93
90 94
90 108
90 137
90 169
90 182
90 188
90 234
90 235
90 248
91 93
91 102
91 110
91 111
91 114
91 116
91 128
91 143
91 144
91 158
91 167
91 170
91 173
91 185
91 191
91 223
91 231
91 240
91 247
92 98
92 108
92 110
92 116
92 120
92 123
92 126
92 129
92 152
92 155
92 177
92 181
92 189
92 212
92 220
92 227
92 233
93 125
93 126
93 129
93 132
93 142
93 143
93 151
93 159
93 163
93 174
93 190
93 191
93 221
93 227
93 235
94 95
94 119
94 134
94 136
94 151
94 156
94 162
94 168
94 171
94 202
94 233
95 130
95 146
95 193
95 200
95 212
95 219
95 249
96 98
96 105
96 110
96 119
96 127
96 128
96 130
96 147
96 156
96 158
96 165
96 184
96 187
96 236
97 122
97 132
97 144
97 153
97 158
97 162
97 164
97 190
97 217
97 225
97 248
98 109
98 117
98 131
98 137
98 138
98 139
98 151
98 159
98 194
98 215
98 243
98 248
99 100
99 113
99 136
99 151
99 166
99 169
99 181
99 185
99 193
99 204
99 206
99 207
99 215
99 220
99 240
99 244
100 104
100 137
100 138
100 148
100 149
100 154
100 170
100 178
100 179
100 189
100 190
100 195
100 196
100 197
100 204
101 112
101 116
101 119
101 170
101 176
101 181
101 217
102 109
102 115
102 116
102 122
102 125
102 126
102 141
102 145
102 159
102 162
102 163
102 167
102 194
102 201
102 202
102 226
102 241
102 242
103 107
103 127
103 132
103 140
103 158
103 176
103 190
103 199
103 206
103 221
104 106
104 125
104 137
104 142
104 144
104 149
104 159
104 172
104 186
104 234
104 237
104 242
105 109
105 110
105 111
105 125
105 127
105 129
105 131
105 134
105 148
105 149
105 154
105 162
105 186
105 199
105 205
105 215
105 220
105 223
106 108
106 123
106 125
106 138
106 144
106 158
106 163
106 174
106 175
106 190
106 208
106 217
106 242
106 247
107 135
107 147
107 156
107 161
107 164
107 166
107 168
107 210
108 115
108 136
108 138
108 150
108 176
108 216
108 222
108 241
109 110
109 122
109 128
109 129
109 145
109 147
109 157
109 200
109 202
109 234
110 129
110 131
110 151
110 182
110 187
110 204
110 208
110 210
111 118
111 127
111 130
111 131
111 144
111 196
111 203
112 124
112 130
112 135
112 166
112 170
112 194
112 199
112 209
112 226
112 227
113 117
113 119
113 199
113 207
113 214
113 234
113 240
114 115
114 119
114 124
114 129
114 149
114 160
114 181
114 186
114 187
114 193
114 199
114 200
114 211
114 228
114 233
114 236
114 240
115 132
115 134
115 136
115 139
115 150
115 168
115 171
115 181
115 198
115 210
115 223
115 235
116 137
116 158
116 162
116 164
116 185
116 229
116 231
116 240
117 120
117 124
117 147
117 161
117 173
117 188
117 192
117 226
118 119
118 123
118 169
118 178
118 179
118 208
118 217
118 247
119 122
119 148
119 174
119 178
119 183
119 187
119 199
119 208
119 209
119 217
119 232
119 239
120 124
120 145
120 178
120 211
120 228
120 229
121 137
121 150
121 173
121 192
121 203
121 208
122 133
122 135
122 142
122 157
122 173
122 198
122 200
122 216
122 231
122 235
123 124
123 146
123 158
123 160
123 174
123 180
123 187
123 228
123 234
124 131
124 141
124 164
124 168
124 173
124 180
124 183
124 211
124 233
125 147
125 150
125 159
125 164
125 182
125 212
126 130
126 195
126 203
126 228
127 153
127 224
127 232
128 143
128 154
128 159
128 163
128 166
128 189
128 206
128 207
128 215
128 220
128 239
129 139
129 143
129 153
129 166
129 182
129 189
129 202
129 220
129 233
130 146
130 171
130 177
130 213
130 218
130 220
130 228
130 236
130 237
131 158
131 169
131 171
131 178
131 183
131 207
131 221
131 232
131 241
132 146
132 147
132 158
132 185
132 188
132 203
132 207
132 225
132 233
132 248
133 142
133 143
133 144
133 145
133 154
133 192
133 208
133 220
133 224
133 229
133 244
133 248
134 137
134 153
134 180
134 182
134 190
134 235
134 246
135 137
135 146
135 180
135 202
135 221
136 138
136 139
136 148
136 151
136 190
136 206
136 209
136 226
137 143
137 145
137 164
137 170
137 178
137 181
137 190
137 206
137 218
137 231
137 245
138 162
138 174
138 175
138 192
139 167
139 168
139 172
139 173
139 185
139 197
139 214
139 217
139 219
139 243
140 197
140 214
140 248
141 160
141 171
141 188
141 200
141 226
141 231
142 144
142 146
142 164
142 166
142 183
142 191
142 200
142 202
142 218
142 244
143 153
143 183
143 203
143 230
143 234
144 151
144 155
144 167
144 179
144 203
144 204
144 248
145 154
145 173
145 183
145 204
145 210
145 216
145 241
145 246
146 153
146 196
146 216
146 239
146 244
147 151
147 171
147 187
147 209
147 227
147 228
147 235
148 167
148 181
148 191
148 218
148 229
148 241
148 245
149 150
149 152
149 153
149 161
149 182
149 199
149 201
149 202
149 208
149 221
149 228
149 236
149 243
150 163
150 178
150 188
150 194
150 198
150 201
150 215
150 234
151 159
151 160
151 197
151 203
151 206
151 210
151 222
152 157
152 177
152 197
152 200
152 210
152 213
152 217
153 161
153 183
153 184
153 192
153 197
153 202
153 207
153 243
154 159
154 169
154 174
154 178
154 183
154 192
154 193
154 194
154 211
154 240
155 157
155 162
155 171
155 179
155 243
156 166
156 174
156 202
156 206
156 228
156 236
156 245
157 173
157 218
157 241
158 177
158 184
158 198
158 212
158 226
158 234
159 175
159 222
159 231
160 169
160 191
160 208
160 209
160 210
160 211
160 216
160 233
160 249
161 165
161 173
161 191
161 215
162 166
162 180
162 186
162 213
162 240
163 165
163 184
163 186
163 205
163 224
163 241
163 243
164 177
164 190
164 205
164 207
164 244
165 170
165 186
165 187
165 194
165 202
165 216
165 230
166 172
166 187
166 194
166 195
166 209
166 230
166 239
167 184
167 196
167 201
167 205
167 234
168 194
168 195
168 229
169 198
169 222
169 243
169 245
170 233
171 187
171 246
172 196
172 237
173 180
173 187
173 192
173 215
173 220
175 189
175 196
175 214
175 218
175 221
175 229
176 189
176 224
176 248
176 249
177 178
177 206
178 236
179 195
179 205
179 208
179 214
179 235
180 216
180 219
180 237
180 247
181 190
181 196
181 197
181 229
181 246
182 188
182 206
182 239
182 240
183 206
183 216
183 218
183 227
183 247
184 213
184 223
184 225
184 228
185 188
185 193
185 199
185 213
185 221
185 225
185 230
185 233
185 243
185 244
186 211
186 215
186 227
186 231
186 245
187 198
187 222
187 242
188 190
188 209
188 215
188 223
188 236
189 198
189 212
190 198
190 220
190 224
190 231
191 217
191 229
191 234
192 226
192 245
193 203
193 214
193 227
193 228
193 230
194 231
194 232
194 235
194 238
194 247
196 204
196 209
196 211
196 238
197 200
197 203
197 228
197 236
197 238
198 205
198 207
198 225
199 221
199 227
200 222
200 236
200 243
201 212
201 236
201 244
202 206
202 209
202 222
202 229
202 240
203 238
204 210
204 218
204 230
204 237
204 239
204 246
205 213
205 237
206 227
207 213
207 219
208 240
209 213
210 216
210 245
212 235
213 225
213 229
213 233
215 237
216 217
217 244
219 225
219 228
219 237
220 239
220 244
221 236
221 242
222 245
222 248
224 226
224 232
224 246
226 230
226 236
227 229
233 242
234 246
239 249
240 245
242 245
242 247
243 247
243 248
246 249
