0 1
0 2
0 3
0 4
0 5
0 6
0 7
0 8
0 9
0 10
0 11
0 12
0 13
0 14
0 15
0 16
0 17
0 18
0 19
0 20
0 21
0 22
0 23
0 24
0 25
0 26
0 28
0 29
0 30
0 31
0 32
0 33
0 34
0 35
0 36
0 38
0 39
0 40
0 42
0 43
0 44
0 46
0 47
0 48
0 49
0 50
0 52
0 55
0 56
0 57
0 58
0 60
0 64
0 65
0 66
0 69
0 70
0 72
0 73
0 74
0 77
0 79
0 81
0 83
0 86
0 88
0 91
0 94
0 96
0 98
0 102
0 109
0 110
0 111
0 113
0 114
0 115
0 116
0 119
0 120
0 122
0 127
0 128
0 129
0 132
0 134
0 141
0 148
0 149
0 151
0 152
0 153
0 154
0 156
0 159
0 165
0 166
0 169
0 172
0 178
0 185
0 189
0 191
0 192
0 193
0 194
0 196
0 204
0 206
0 212
0 229
0 240
0 248
1 17
1 19
1 20
1 22
1 23
1 25
1 27
1 29
1 32
1 34
1 38
1 40
1 44
1 46
1 47
1 48
1 49
1 50
1 52
1 54
1 58
1 59
1 60
1 62
1 66
1 67
1 69
1 72
1 77
1 83
1 84
1 88
1 92
1 93
1 95
1 96
1 98
1 100
1 103
1 104
1 107
1 111
1 121
1 122
1 125
1 142
1 151
1 153
1 159
1 161
1 176
1 177
1 178
1 183
1 191
1 193
1 194
1 198
1 201
1 204
1 205
1 206
1 210
1 214
1 234
1 237
1 239
1 240
1 249
2 17
2 18
2 19
2 20
2 21
2 22
2 23
2 24
2 25
2 27
2 28
2 29
2 30
2 32
2 33
2 36
2 42
2 44
2 48
2 54
2 56
2 59
2 62
2 66
2 71
2 73
2 74
2 76
2 80
2 85
2 94
2 96
2 97
2 110
2 112
2 114
2 117
2 120
2 122
2 135
2 137
2 138
2 139
2 146
2 159
2 161
2 165
2 173
2 194
2 195
2 219
2 225
2 232
3 17
3 18
3 20
3 21
3 23
3 33
3 37
3 43
3 45
3 55
3 57
3 60
3 61
3 64
3 69
3 74
3 79
3 81
3 85
3 90
3 107
3 116
3 128
3 137
3 150
3 153
3 156
3 157
3 165
3 175
3 184
3 186
3 204
3 221
3 243
4 17
4 18
4 20
4 21
4 22
4 23
4 26
4 29
4 32
4 34
4 44
4 46
4 49
4 55
4 57
4 60
4 66
4 69
4 70
4 74
4 83
4 88
4 90
4 91
4 92
4 93
4 111
4 112
4 113
4 116
4 122
4 123
4 130
4 134
4 135
4 145
4 147
4 149
4 150
4 152
4 158
4 174
4 179
4 183
4 187
4 208
4 213
4 216
4 219
4 222
4 231
5 17
5 18
5 19
5 20
5 22
5 24
5 26
5 28
5 29
5 33
5 39
5 46
5 50
5 52
5 53
5 56
5 59
5 63
5 67
5 69
5 72
5 85
5 90
5 92
5 93
5 97
5 99
5 100
5 102
5 107
5 113
5 118
5 125
5 137
5 138
5 143
5 159
5 169
5 175
5 176
5 177
5 188
5 193
5 198
5 200
6 17
6 18
6 20
6 21
6 25
6 28
6 31
6 43
6 47
6 57
6 70
6 72
6 88
6 89
6 93
6 101
6 121
6 126
6 131
6 140
6 165
6 183
6 203
6 219
6 223
6 226
6 235
7 17
7 18
7 19
7 20
7 21
7 22
7 23
7 27
7 33
7 36
7 43
7 50
7 52
7 64
7 65
7 73
7 85
7 86
7 101
7 112
7 113
7 116
7 121
7 130
7 134
7 135
7 141
7 146
7 163
7 187
7 213
7 224
8 17
8 18
8 19
8 24
8 29
8 33
8 40
8 43
8 44
8 46
8 56
8 66
8 73
8 82
8 87
8 94
8 95
8 100
8 112
8 114
8 117
8 120
8 128
8 136
8 156
8 168
8 187
8 190
8 192
8 197
8 202
9 17
9 18
9 19
9 20
9 21
9 22
9 23
9 24
9 25
9 26
9 27
9 28
9 30
9 31
9 33
9 34
9 35
9 38
9 39
9 42
9 45
9 47
9 50
9 53
9 55
9 63
9 71
9 73
9 77
9 78
9 96
9 102
9 104
9 106
9 109
9 111
9 118
9 119
9 120
9 123
9 133
9 137
9 142
9 143
9 144
9 152
9 157
9 158
9 163
9 164
9 172
9 180
9 182
9 190
9 195
9 197
9 202
9 208
9 209
9 214
9 221
9 247
10 17
10 18
10 19
10 20
10 21
10 22
10 23
10 24
10 25
10 26
10 27
10 28
10 30
10 31
10 32
10 33
10 36
10 38
10 41
10 42
10 44
10 48
10 49
10 50
10 52
10 53
10 54
10 59
10 63
10 65
10 75
10 85
10 89
10 96
10 97
10 98
10 99
10 100
10 105
10 108
10 115
10 118
10 121
10 126
10 137
10 142
10 154
10 171
10 173
10 181
10 184
10 191
10 193
10 194
10 200
10 209
10 213
10 216
10 234
10 243
10 245
10 248
11 17
11 18
11 19
11 20
11 21
11 22
11 23
11 24
11 27
11 28
11 29
11 32
11 35
11 38
11 41
11 48
11 49
11 55
11 61
11 62
11 66
11 73
11 80
11 90
11 96
11 112
11 116
11 124
11 133
11 147
11 158
11 172
11 184
11 190
11 191
11 193
11 199
11 223
12 18
12 19
12 20
12 36
12 50
12 58
12 72
12 107
12 109
12 111
12 150
12 165
12 191
12 192
12 206
12 214
12 216
12 233
12 239
13 17
13 19
13 50
13 59
13 119
13 146
13 150
13 169
13 177
13 245
14 17
14 18
14 19
14 20
14 21
14 22
14 23
14 25
14 26
14 27
14 30
14 31
14 37
14 41
14 44
14 53
14 65
14 73
14 77
14 85
14 87
14 92
14 93
14 102
14 107
14 127
14 129
14 131
14 132
14 137
14 139
14 150
14 158
14 161
14 162
14 173
14 177
14 184
14 186
14 187
14 207
14 220
15 17
15 18
15 19
15 21
15 22
15 24
15 25
15 26
15 27
15 29
15 31
15 35
15 37
15 39
15 51
15 54
15 59
15 62
15 68
15 72
15 78
15 89
15 92
15 106
15 110
15 115
15 124
15 125
15 128
15 148
15 150
15 162
15 177
15 197
15 217
15 243
16 17
16 18
16 19
16 21
16 23
16 24
16 26
16 30
16 39
16 52
16 61
16 122
16 185
16 214
16 237
16 239
17 18
17 19
17 20
17 21
17 22
17 23
17 24
17 25
17 27
17 28
17 30
17 31
17 32
17 33
17 34
17 35
17 37
17 38
17 39
17 40
17 41
17 44
17 45
17 48
17 49
17 50
17 51
17 54
17 58
17 62
17 63
17 65
17 67
17 70
17 71
17 72
17 76
17 78
17 81
17 82
17 86
17 90
17 92
17 94
17 102
17 103
17 105
17 117
17 120
17 122
17 133
17 135
17 136
17 137
17 141
17 142
17 148
17 151
17 152
17 155
17 158
17 159
17 160
17 161
17 162
17 163
17 166
17 167
17 169
17 170
17 171
17 172
17 173
17 174
17 177
17 179
17 181
17 185
17 188
17 189
17 190
17 207
17 211
17 214
17 220
17 221
17 225
17 226
17 228
17 230
17 236
17 237
17 242
17 244
17 247
17 249
18 19
18 20
18 21
18 22
18 23
18 24
18 25
18 26
18 27
18 28
18 29
18 30
18 31
18 32
18 33
18 34
18 35
18 37
18 39
18 40
18 43
18 45
18 47
18 49
18 52
18 57
18 58
18 65
18 67
18 71
18 72
18 74
18 78
18 79
18 80
18 82
18 86
18 87
18 89
18 93
18 94
18 98
18 100
18 106
18 119
18 126
18 129
18 133
18 138
18 139
18 140
18 147
18 148
18 155
18 156
18 157
18 169
18 170
18 174
18 179
18 181
18 198
18 201
18 206
18 207
18 210
18 211
18 212
18 213
18 219
18 222
18 232
18 243
19 20
19 21
19 22
19 23
19 24
19 25
19 26
19 27
19 28
19 29
19 30
19 31
19 32
19 35
19 36
19 37
19 39
19 40
19 42
19 43
19 44
19 46
19 47
19 48
19 50
19 53
19 55
19 57
19 60
19 61
19 62
19 63
19 64
19 67
19 70
19 76
19 77
19 80
19 87
19 88
19 89
19 90
19 91
19 92
19 98
19 99
19 101
19 108
19 113
19 118
19 120
19 122
19 127
19 136
19 140
19 143
19 145
19 151
19 154
19 157
19 159
19 168
19 170
19 184
19 196
19 210
19 216
19 221
19 224
19 233
19 237
19 239
19 244
20 21
20 22
20 24
20 25
20 26
20 27
20 28
20 29
20 30
20 32
20 34
20 37
20 41
20 42
20 44
20 48
20 49
20 50
20 51
20 54
20 55
20 56
20 58
20 60
20 62
20 63
20 65
20 67
20 71
20 76
20 78
20 81
20 83
20 84
20 88
20 90
20 91
20 97
20 99
20 104
20 105
20 106
20 107
20 109
20 119
20 123
20 128
20 133
20 136
20 143
20 146
20 147
20 149
20 151
20 155
20 158
20 163
20 167
20 168
20 174
20 194
20 221
20 234
20 235
20 238
21 22
21 23
21 24
21 25
21 26
21 27
21 29
21 30
21 32
21 33
21 34
21 35
21 36
21 40
21 41
21 43
21 44
21 45
21 46
21 49
21 53
21 57
21 59
21 60
21 62
21 63
21 66
21 68
21 70
21 75
21 78
21 83
21 92
21 94
21 97
21 100
21 101
21 102
21 105
21 107
21 112
21 113
21 118
21 122
21 123
21 125
21 129
21 133
21 134
21 142
21 143
21 147
21 155
21 168
21 175
21 180
21 183
21 188
21 191
21 196
21 213
21 222
21 231
21 232
21 245
21 249
22 23
22 24
22 25
22 26
22 27
22 28
22 29
22 31
22 32
22 34
22 35
22 38
22 42
22 43
22 45
22 46
22 48
22 51
22 55
22 58
22 60
22 61
22 62
22 64
22 65
22 68
22 75
22 78
22 81
22 83
22 86
22 87
22 91
22 96
22 101
22 104
22 106
22 109
22 111
22 112
22 114
22 115
22 126
22 136
22 145
22 149
22 161
22 167
22 172
22 173
22 174
22 182
22 184
22 195
22 196
22 197
22 204
22 205
22 211
22 217
22 221
22 242
22 243
22 246
22 248
23 24
23 25
23 26
23 30
23 34
23 35
23 37
23 38
23 40
23 41
23 42
23 45
23 50
23 52
23 53
23 57
23 59
23 61
23 62
23 64
23 70
23 71
23 78
23 80
23 89
23 91
23 93
23 94
23 100
23 105
23 114
23 117
23 126
23 132
23 134
23 135
23 139
23 141
23 147
23 148
23 149
23 160
23 163
23 166
23 174
23 175
23 181
23 186
23 187
23 193
23 203
23 205
23 208
23 215
23 220
23 222
23 223
23 227
23 230
23 239
23 247
24 25
24 26
24 28
24 29
24 30
24 31
24 34
24 35
24 36
24 37
24 38
24 39
24 40
24 41
24 42
24 43
24 44
24 47
24 51
24 52
24 54
24 56
24 57
24 60
24 61
24 63
24 65
24 66
24 68
24 69
24 76
24 78
24 79
24 81
24 87
24 95
24 96
24 97
24 98
24 107
24 110
24 113
24 115
24 130
24 131
24 144
24 161
24 164
24 166
24 168
24 188
24 200
24 206
24 224
24 242
25 26
25 27
25 28
25 31
25 33
25 34
25 35
25 36
25 37
25 38
25 41
25 45
25 49
25 58
25 63
25 67
25 71
25 74
25 80
25 81
25 97
25 98
25 108
25 111
25 114
25 119
25 124
25 130
25 138
25 162
25 164
25 170
25 174
25 182
25 185
25 188
25 190
25 202
25 203
25 204
25 212
25 226
25 228
25 231
25 234
25 241
25 246
25 247
26 27
26 28
26 30
26 31
26 32
26 34
26 35
26 37
26 39
26 46
26 51
26 55
26 58
26 61
26 62
26 64
26 73
26 84
26 85
26 88
26 89
26 94
26 97
26 107
26 108
26 109
26 120
26 121
26 123
26 128
26 132
26 134
26 135
26 136
26 140
26 153
26 157
26 158
26 167
26 172
26 174
26 190
26 192
26 200
26 203
26 205
26 211
26 212
26 213
26 220
26 228
26 229
26 237
26 240
27 28
27 29
27 30
27 32
27 36
27 37
27 38
27 40
27 41
27 45
27 46
27 48
27 50
27 53
27 55
27 57
27 62
27 68
27 70
27 72
27 73
27 74
27 82
27 86
27 88
27 92
27 97
27 109
27 110
27 117
27 135
27 149
27 150
27 156
27 172
27 175
27 181
27 198
27 204
27 210
27 226
27 235
27 236
27 240
28 29
28 30
28 31
28 32
28 34
28 35
28 36
28 39
28 40
28 41
28 45
28 51
28 53
28 59
28 65
28 66
28 68
28 70
28 73
28 75
28 76
28 79
28 81
28 82
28 92
28 98
28 100
28 103
28 108
28 114
28 119
28 122
28 131
28 142
28 146
28 166
28 167
28 175
28 192
28 197
28 199
28 200
28 202
28 203
28 226
28 230
28 242
28 245
28 249
29 31
29 33
29 35
29 39
29 41
29 42
29 44
29 45
29 51
29 52
29 53
29 61
29 70
29 72
29 75
29 77
29 78
29 83
29 84
29 86
29 89
29 98
29 106
29 110
29 113
29 114
29 124
29 126
29 135
29 144
29 166
29 168
29 170
29 172
29 175
29 189
29 208
29 210
29 226
29 233
29 238
29 241
29 249
30 31
30 33
30 35
30 36
30 37
30 38
30 39
30 41
30 42
30 43
30 44
30 45
30 46
30 47
30 48
30 50
30 51
30 52
30 56
30 59
30 60
30 61
30 64
30 66
30 70
30 75
30 76
30 77
30 78
30 82
30 84
30 87
30 101
30 105
30 106
30 110
30 115
30 118
30 121
30 125
30 126
30 128
30 133
30 140
30 143
30 148
30 152
30 156
30 158
30 167
30 170
30 173
30 174
30 181
30 183
30 192
30 193
30 195
30 201
30 204
30 205
30 215
30 218
30 220
30 227
30 230
30 231
30 244
30 246
30 248
31 32
31 33
31 36
31 37
31 42
31 46
31 50
31 52
31 68
31 69
31 73
31 74
31 82
31 83
31 88
31 90
31 95
31 108
31 115
31 116
31 119
31 124
31 126
31 129
31 132
31 141
31 153
31 154
31 162
31 173
31 176
31 177
31 181
31 194
31 196
31 222
31 241
31 242
31 246
32 33
32 34
32 40
32 42
32 48
32 53
32 56
32 59
32 64
32 67
32 80
32 82
32 84
32 86
32 88
32 90
32 103
32 112
32 114
32 125
32 144
32 146
32 161
32 172
32 175
32 186
32 189
32 190
32 192
32 198
32 222
32 226
32 229
32 230
32 232
32 233
32 249
33 34
33 36
33 37
33 38
33 43
33 47
33 48
33 53
33 55
33 58
33 63
33 65
33 69
33 71
33 77
33 82
33 87
33 90
33 104
33 107
33 108
33 114
33 124
33 125
33 128
33 130
33 138
33 141
33 146
33 150
33 159
33 164
33 175
33 198
33 202
33 207
33 209
33 218
33 235
33 236
33 239
33 244
34 36
34 38
34 39
34 40
34 43
34 45
34 46
34 54
34 56
34 57
34 62
34 63
34 65
34 66
34 67
34 72
34 73
34 74
34 76
34 80
34 86
34 88
34 90
34 91
34 95
34 105
34 109
34 115
34 118
34 120
34 127
34 131
34 132
34 134
34 140
34 141
34 144
34 146
34 156
34 159
34 161
34 162
34 166
34 168
34 169
34 177
34 180
34 194
34 197
34 203
34 210
34 216
34 222
34 224
34 226
34 229
34 231
34 234
34 240
34 241
35 36
35 38
35 39
35 40
35 47
35 51
35 58
35 65
35 71
35 77
35 87
35 93
35 94
35 113
35 115
35 119
35 120
35 121
35 131
35 142
35 145
35 146
35 185
35 197
35 207
35 217
35 231
36 37
36 40
36 42
36 54
36 58
36 61
36 71
36 75
36 87
36 96
36 113
36 130
36 139
36 141
36 156
36 172
36 178
36 207
36 208
36 212
36 215
36 217
36 233
36 245
36 246
37 38
37 41
37 42
37 43
37 49
37 54
37 55
37 56
37 57
37 61
37 64
37 67
37 69
37 72
37 75
37 76
37 77
37 79
37 83
37 91
37 94
37 97
37 100
37 107
37 113
37 115
37 122
37 128
37 133
37 134
37 135
37 141
37 142
37 147
37 154
37 156
37 162
37 170
37 178
37 183
37 184
37 185
37 201
37 206
37 212
37 213
37 226
37 244
37 245
37 248
38 39
38 40
38 41
38 44
38 45
38 46
38 47
38 48
38 49
38 52
38 53
38 54
38 66
38 67
38 87
38 90
38 95
38 97
38 98
38 104
38 111
38 115
38 117
38 121
38 122
38 125
38 130
38 132
38 134
38 138
38 144
38 151
38 160
38 165
38 172
38 175
38 182
38 190
38 240
38 246
39 41
39 43
39 46
39 47
39 59
39 64
39 66
39 68
39 74
39 75
39 78
39 87
39 93
39 94
39 109
39 111
39 116
39 127
39 138
39 144
39 154
39 171
39 176
39 179
39 181
39 186
39 191
39 205
39 218
39 226
39 227
39 228
39 237
40 42
40 48
40 49
40 53
40 55
40 56
40 58
40 59
40 60
40 61
40 62
40 70
40 83
40 94
40 99
40 101
40 103
40 109
40 110
40 111
40 117
40 121
40 123
40 129
40 130
40 131
40 132
40 135
40 138
40 148
40 149
40 156
40 159
40 161
40 163
40 165
40 176
40 177
40 184
40 188
40 200
40 206
40 218
40 225
40 229
40 232
40 236
40 239
40 240
40 242
40 249
41 45
41 46
41 51
41 52
41 54
41 56
41 57
41 60
41 68
41 85
41 92
41 93
41 95
41 101
41 104
41 112
41 114
41 119
41 131
41 133
41 136
41 145
41 153
41 164
41 176
41 193
41 194
41 200
41 201
41 211
41 220
41 229
41 240
41 243
41 244
41 246
41 249
42 43
42 45
42 51
42 56
42 57
42 59
42 63
42 67
42 68
42 69
42 75
42 84
42 85
42 87
42 91
42 94
42 95
42 100
42 102
42 104
42 105
42 110
42 116
42 118
42 121
42 126
42 135
42 143
42 144
42 146
42 155
42 156
42 157
42 158
42 161
42 162
42 168
42 170
42 171
42 181
42 186
42 192
42 195
42 202
42 220
42 234
42 235
43 44
43 47
43 49
43 51
43 60
43 70
43 71
43 90
43 98
43 99
43 106
43 127
43 131
43 132
43 141
43 142
43 153
43 161
43 183
43 185
43 191
43 198
43 199
43 202
43 215
43 218
43 228
43 233
43 247
44 47
44 49
44 51
44 54
44 55
44 56
44 62
44 75
44 76
44 79
44 84
44 87
44 89
44 93
44 94
44 115
44 122
44 127
44 130
44 147
44 153
44 160
44 164
44 166
44 171
44 212
44 217
44 218
44 222
44 224
44 227
44 242
44 244
45 47
45 49
45 51
45 54
45 58
45 66
45 72
45 76
45 80
45 84
45 91
45 97
45 104
45 105
45 106
45 108
45 115
45 119
45 121
45 124
45 127
45 133
45 134
45 143
45 153
45 154
45 157
45 158
45 165
45 170
45 176
45 177
45 178
45 197
45 204
45 213
45 217
45 222
45 229
45 237
46 47
46 52
46 53
46 55
46 64
46 73
46 80
46 81
46 82
46 84
46 109
46 112
46 119
46 139
46 146
46 147
46 153
46 171
46 173
46 177
46 181
46 185
46 194
46 208
46 228
46 241
46 243
47 48
47 55
47 58
47 60
47 61
47 68
47 73
47 76
47 77
47 86
47 102
47 107
47 108
47 125
47 130
47 143
47 149
47 160
47 164
47 165
47 185
47 197
47 202
47 203
47 205
47 210
47 211
47 214
47 218
47 227
47 230
47 245
47 249
48 51
48 53
48 63
48 68
48 75
48 78
48 79
48 86
48 94
48 97
48 119
48 145
48 160
48 161
48 166
48 168
48 169
48 193
48 212
48 217
48 243
48 247
49 50
49 54
49 63
49 67
49 71
49 76
49 80
49 84
49 92
49 93
49 95
49 100
49 101
49 106
49 108
49 112
49 119
49 124
49 125
49 127
49 133
49 134
49 150
49 151
49 155
49 172
49 174
49 205
49 210
49 221
49 224
49 245
49 248
50 56
50 61
50 64
50 75
50 80
50 81
50 93
50 95
50 99
50 101
50 106
50 154
50 160
50 171
50 175
50 180
50 187
50 195
50 224
50 227
50 244
51 52
51 60
51 61
51 68
51 83
51 107
51 115
51 128
51 133
51 139
51 142
51 144
51 161
51 196
51 201
51 222
51 224
51 225
51 227
51 241
52 54
52 57
52 60
52 69
52 76
52 79
52 87
52 89
52 107
52 115
52 137
52 144
52 145
52 146
52 152
52 178
52 184
52 188
52 196
52 216
52 227
52 248
53 56
53 57
53 59
53 67
53 70
53 71
53 74
53 79
53 85
53 86
53 96
53 99
53 101
53 102
53 103
53 105
53 109
53 121
53 123
53 133
53 135
53 138
53 139
53 163
53 169
53 173
53 182
53 189
53 190
53 191
53 195
53 199
53 214
53 223
54 58
54 59
54 63
54 72
54 81
54 86
54 90
54 95
54 108
54 109
54 112
54 118
54 129
54 137
54 146
54 151
54 196
54 213
54 223
55 67
55 71
55 74
55 75
55 77
55 82
55 90
55 91
55 95
55 96
55 98
55 102
55 107
55 109
55 114
55 120
55 123
55 124
55 129
55 147
55 154
55 157
55 162
55 164
55 174
55 179
55 186
55 193
55 200
55 208
55 233
55 244
55 246
56 64
56 76
56 82
56 98
56 99
56 103
56 110
56 113
56 136
56 148
56 150
56 156
56 163
56 169
56 187
56 209
56 225
56 236
56 238
57 64
57 67
57 69
57 87
57 91
57 99
57 102
57 106
57 116
57 127
57 130
57 134
57 145
57 152
57 160
57 179
57 182
57 186
57 199
57 225
57 228
57 230
57 232
58 64
58 77
58 78
58 79
58 80
58 82
58 85
58 101
58 103
58 117
58 123
58 129
58 139
58 141
58 148
58 152
58 155
58 158
58 181
58 182
58 190
58 193
58 204
58 214
58 215
58 232
58 244
59 62
59 63
59 65
59 68
59 70
59 72
59 73
59 76
59 78
59 79
59 83
59 86
59 88
59 90
59 92
59 95
59 97
59 100
59 108
59 124
59 131
59 157
59 180
59 189
59 202
59 204
59 209
59 228
59 235
59 239
60 66
60 73
60 80
60 85
60 108
60 126
60 131
60 143
60 149
60 190
60 202
60 225
60 237
60 239
60 243
60 245
60 248
61 66
61 100
61 133
61 138
61 145
61 147
61 155
61 217
62 65
62 69
62 77
62 84
62 91
62 97
62 102
62 135
62 170
62 172
62 211
62 215
62 231
63 70
63 75
63 79
63 80
63 84
63 92
63 126
63 128
63 136
63 139
63 154
63 167
63 213
63 214
63 221
63 231
63 236
64 65
64 68
64 71
64 72
64 74
64 79
64 101
64 111
64 113
64 114
64 115
64 118
64 122
64 140
64 167
64 177
64 183
64 199
64 205
64 225
64 227
64 236
64 246
64 248
65 68
65 69
65 79
65 80
65 81
65 104
65 116
65 117
65 118
65 123
65 125
65 144
65 151
65 154
65 167
65 173
65 177
65 179
65 187
65 200
65 204
65 205
65 216
65 228
65 237
65 248
66 69
66 74
66 86
66 100
66 102
66 105
66 113
66 120
66 136
66 151
66 175
66 181
66 187
66 196
66 197
66 206
66 209
66 223
66 224
66 232
67 69
67 77
67 81
67 83
67 84
67 106
67 111
67 121
67 122
67 123
67 126
67 127
67 129
67 143
67 149
67 151
67 155
67 166
67 182
67 188
67 189
67 223
67 234
68 85
68 89
68 116
68 132
68 140
68 145
68 162
68 170
68 202
68 205
68 215
68 241
69 71
69 74
69 83
69 84
69 88
69 89
69 96
69 97
69 104
69 105
69 106
69 110
69 120
69 123
69 135
69 140
69 158
69 186
69 189
69 232
69 247
70 74
70 81
70 82
70 89
70 103
70 105
70 116
70 119
70 120
70 134
70 140
70 152
70 153
70 159
70 162
70 164
70 167
70 189
70 191
70 211
70 215
70 221
70 222
70 232
71 117
71 121
71 132
71 150
71 155
71 163
71 169
71 178
71 193
71 206
71 220
71 231
71 234
72 75
72 91
72 92
72 104
72 105
72 128
72 130
72 151
72 157
72 160
72 179
72 218
72 224
72 230
72 237
72 242
73 81
73 82
73 89
73 110
73 111
73 117
73 157
73 164
73 187
73 210
73 218
74 78
74 99
74 100
74 125
74 156
74 173
74 175
74 189
74 214
74 220
74 238
74 245
75 79
75 85
75 92
75 94
75 99
75 103
75 122
75 145
75 147
75 155
75 165
75 180
75 201
75 216
75 231
75 241
75 242
76 77
76 86
76 88
76 91
76 93
76 96
76 98
76 102
76 105
76 107
76 116
76 121
76 125
76 144
76 151
76 167
76 175
76 179
76 183
76 186
76 189
76 215
76 222
76 225
76 230
76 231
76 235
76 238
76 243
76 249
77 85
77 88
77 93
77 96
77 102
77 103
77 118
77 124
77 130
77 153
77 171
77 184
77 189
77 198
78 84
78 89
78 104
78 113
78 124
78 143
78 166
78 168
78 182
78 185
78 196
78 205
79 129
79 138
79 145
79 148
79 149
79 155
79 167
79 169
79 177
79 190
79 191
79 192
79 197
79 214
79 234
79 236
79 238
79 247
80 81
80 114
80 120
80 122
80 138
80 145
80 176
80 179
80 209
80 217
80 218
80 235
80 245
81 82
81 83
81 89
81 99
81 102
81 103
81 145
81 152
81 165
81 183
81 184
81 194
81 195
81 212
81 216
81 242
82 83
82 110
82 111
82 149
82 153
82 154
82 187
82 193
82 211
82 223
82 227
82 229
83 85
83 93
83 99
83 109
83 148
83 159
83 176
83 184
83 196
83 199
83 215
83 238
84 110
84 128
84 142
84 158
84 175
84 185
84 206
84 239
85 95
85 110
85 168
85 181
85 209
85 211
86 95
86 101
86 110
86 139
86 152
86 170
86 187
86 196
86 206
86 210
86 221
86 231
86 234
86 239
86 248
87 88
87 91
87 98
87 101
87 103
87 117
87 135
87 137
87 175
87 202
87 234
87 244
88 95
88 96
88 103
88 104
88 111
88 118
88 120
88 136
88 148
88 150
88 173
88 188
88 190
88 238
89 96
89 112
89 129
89 132
89 147
89 160
89 162
89 166
89 187
89 192
89 197
89 198
89 223
89 235
90 105
90 148
90 154
90 182
90 215
91 117
91 124
91 138
91 144
91 149
91 150
91 177
91 213
91 227
91 237
91 238
91 244
91 248
92 101
92 104
92 109
92 112
92 114
92 140
92 164
92 171
92 183
92 188
92 222
93 111
93 116
93 129
93 140
93 142
93 163
93 168
93 182
93 187
93 194
93 199
93 203
93 216
93 243
94 98
94 140
94 143
94 210
94 213
94 214
94 217
94 238
95 99
95 128
95 162
95 165
95 226
96 126
96 186
96 205
96 249
97 99
97 104
97 127
97 136
97 139
97 153
97 174
97 176
97 179
97 187
97 188
97 192
97 238
98 100
98 108
98 127
98 131
98 150
98 165
98 180
98 192
98 207
98 208
98 226
98 230
99 103
99 116
99 117
99 118
99 170
99 208
100 103
100 152
100 160
100 161
100 162
100 169
100 171
100 176
100 190
100 200
101 123
101 159
101 184
101 194
101 204
101 208
102 112
102 131
102 138
102 139
102 178
102 197
102 206
102 247
103 106
103 108
103 114
103 121
103 123
103 162
103 182
103 189
103 191
103 197
103 199
103 210
103 242
103 245
104 113
104 136
104 146
104 148
104 150
104 153
104 181
104 200
104 204
104 233
104 234
105 106
105 108
105 146
105 160
105 198
105 208
105 210
106 117
106 119
106 126
106 156
107 128
107 129
107 137
107 148
107 150
107 198
107 199
107 200
107 203
107 221
107 226
107 249
108 130
108 132
108 141
108 165
108 169
108 215
108 219
108 222
108 232
108 241
109 112
109 118
109 129
109 139
109 174
109 238
109 246
110 117
110 123
110 125
110 151
110 161
110 164
110 186
110 191
110 213
110 228
110 238
111 124
111 139
111 142
111 158
111 178
112 127
112 133
112 140
112 142
112 169
112 180
112 188
112 201
112 221
112 223
113 116
113 118
113 120
113 127
113 134
113 144
113 157
113 170
113 191
114 126
114 129
114 131
114 155
114 171
114 176
114 238
115 131
115 149
115 177
115 179
115 195
115 207
116 146
116 157
116 163
116 168
116 169
116 189
116 215
116 220
116 232
117 128
117 140
117 143
117 166
117 172
117 192
117 195
117 196
117 199
117 228
117 231
117 233
117 235
117 240
118 123
118 125
118 126
118 156
118 180
118 207
118 241
119 127
119 133
119 147
119 167
119 169
119 171
119 176
119 178
119 180
119 199
119 208
119 221
119 225
120 131
120 136
120 140
120 141
120 144
120 160
120 163
120 171
120 195
120 207
120 219
120 222
120 224
121 124
121 125
121 155
121 159
121 173
121 179
121 183
121 185
121 199
121 212
121 224
121 241
122 124
122 183
122 198
122 232
123 141
123 145
123 163
123 174
123 185
123 213
123 219
123 224
124 132
124 152
124 164
124 176
124 205
124 211
124 219
124 229
124 242
125 159
125 163
125 171
125 186
125 203
125 217
125 223
125 229
125 236
126 130
126 132
126 134
126 136
126 144
126 151
126 179
126 194
126 203
126 207
126 227
126 228
126 229
126 246
127 130
127 132
127 136
127 137
127 139
127 166
127 168
127 221
127 234
127 239
127 240
128 137
128 188
128 219
128 223
129 142
130 134
130 154
130 158
130 171
130 223
130 237
130 249
131 135
131 137
131 147
131 156
131 157
131 160
131 200
131 203
131 214
131 241
131 244
132 141
132 152
132 161
132 180
132 200
132 205
132 208
132 209
132 219
133 142
133 152
133 153
133 180
133 183
133 190
133 198
133 199
133 233
133 249
134 137
134 195
134 198
134 207
134 208
134 235
135 239
135 246
136 137
136 138
136 168
136 185
136 214
136 224
136 237
136 247
137 138
137 141
137 167
137 212
137 214
137 216
137 219
138 145
138 148
138 149
138 155
138 173
138 176
138 216
138 224
139 164
139 209
139 215
139 224
139 236
139 245
140 143
140 209
140 216
140 247
141 173
141 176
141 202
141 208
141 220
141 228
142 143
142 163
142 178
142 179
142 207
142 217
142 218
142 248
143 147
143 154
143 164
143 167
143 178
143 181
143 189
143 226
144 170
144 171
144 184
144 194
144 206
145 151
145 152
145 160
145 170
145 187
145 200
145 219
145 241
146 163
146 166
146 168
146 206
146 247
147 149
147 159
147 160
147 165
147 180
147 188
147 210
147 236
147 248
148 154
148 159
148 162
148 180
148 231
148 245
149 172
149 183
149 184
149 201
149 208
150 155
150 192
150 202
150 218
150 230
151 195
151 196
151 201
152 185
152 188
152 194
153 157
153 165
153 184
153 199
153 209
153 212
153 218
153 246
154 173
154 178
154 217
154 236
154 241
155 157
155 158
155 166
155 172
155 185
155 188
155 193
155 194
155 196
155 225
156 200
156 210
157 209
157 210
157 234
157 247
158 182
158 193
158 195
158 219
158 239
159 167
159 183
159 203
159 221
160 164
160 174
160 190
160 211
160 213
160 236
160 247
161 186
161 217
161 236
161 239
162 201
162 204
162 246
163 211
164 212
164 220
165 197
165 239
166 174
166 178
166 180
166 181
166 186
166 191
166 237
167 225
168 178
168 201
168 205
169 228
169 249
170 179
170 186
170 225
170 235
171 192
171 204
171 212
171 243
172 180
172 198
172 201
172 203
172 206
172 218
173 178
173 199
173 211
175 238
176 182
176 213
177 182
177 189
177 221
177 227
177 229
177 240
178 192
178 218
178 242
179 242
179 244
180 182
180 219
180 220
180 235
180 244
181 202
181 207
181 209
181 220
181 232
181 233
182 240
183 191
183 216
183 229
183 240
184 201
184 207
184 230
184 244
184 246
184 247
185 235
186 203
186 211
186 218
186 220
186 230
186 233
187 242
188 198
188 201
188 202
188 203
188 249
189 230
189 236
189 237
190 195
190 197
190 201
190 206
190 212
190 216
190 219
191 195
191 231
191 240
192 193
192 215
192 216
193 196
193 227
193 233
194 220
195 214
195 230
195 234
195 243
196 209
196 211
197 225
198 240
199 233
200 225
200 228
200 229
200 236
200 238
200 246
201 204
201 226
201 232
202 240
203 209
203 217
203 231
204 215
204 225
204 234
204 248
205 219
205 232
205 248
206 207
206 212
206 226
206 245
207 228
208 222
208 229
208 233
209 223
209 233
211 223
214 235
216 217
216 227
218 243
220 223
220 227
222 237
225 243
227 229
228 230
229 235
229 241
232 242
235 247
236 241
239 245
242 243
