0 1
0 2
0 3
0 4
0 5
0 6
0 7
0 8
0 9
0 10
0 11
0 12
0 13
0 14
0 15
0 16
0 17
0 18
0 19
0 20
0 21
0 22
0 23
0 24
0 25
0 26
0 27
0 28
0 29
0 30
0 31
0 32
0 33
0 34
0 35
0 36
0 37
0 38
0 39
0 40
0 41
0 42
0 43
0 45
0 48
0 49
0 50
0 53
0 54
0 55
0 57
0 58
0 61
0 62
0 64
0 65
0 66
0 67
0 68
0 69
0 74
0 76
0 77
0 80
0 81
0 82
0 83
0 88
0 90
0 95
0 96
0 100
0 103
0 104
0 109
0 111
0 112
0 122
0 123
0 124
0 126
0 132
0 133
0 135
0 137
0 139
0 140
0 141
0 144
0 146
0 149
0 156
0 157
0 158
0 159
0 163
0 165
0 167
0 168
0 171
0 172
0 177
0 179
0 183
0 189
0 204
0 206
0 207
0 209
0 212
0 213
0 214
0 217
0 220
0 221
0 222
0 225
0 230
0 231
0 234
0 235
0 239
0 240
0 246
1 21
1 22
1 23
1 24
1 25
1 26
1 27
1 28
1 30
1 31
1 32
1 35
1 41
1 43
1 45
1 56
1 60
1 63
1 64
1 66
1 83
1 97
1 104
1 105
1 114
1 120
1 145
1 151
1 168
1 173
1 228
2 21
2 22
2 23
2 25
2 31
2 34
2 35
2 36
2 38
2 47
2 55
2 57
2 63
2 70
2 73
2 82
2 84
2 89
2 96
2 101
2 108
2 115
2 117
2 119
2 127
2 137
2 142
2 149
2 171
2 177
2 180
2 189
2 192
2 193
2 197
2 201
2 232
3 21
3 22
3 23
3 24
3 25
3 28
3 29
3 30
3 31
3 34
3 35
3 36
3 39
3 42
3 48
3 67
3 85
3 87
3 93
3 95
3 107
3 114
3 121
3 130
3 131
3 142
3 148
3 153
3 166
3 174
3 177
3 194
3 211
3 242
4 21
4 22
4 23
4 24
4 25
4 26
4 27
4 28
4 30
4 31
4 32
4 33
4 35
4 37
4 39
4 41
4 44
4 45
4 46
4 51
4 53
4 56
4 58
4 59
4 62
4 64
4 67
4 68
4 69
4 74
4 76
4 77
4 79
4 89
4 92
4 99
4 102
4 109
4 110
4 113
4 117
4 120
4 123
4 128
4 131
4 137
4 147
4 165
4 171
4 180
4 183
4 189
4 190
4 202
4 203
4 204
4 208
4 220
4 232
4 248
5 21
5 22
5 23
5 24
5 25
5 26
5 27
5 28
5 29
5 30
5 31
5 32
5 33
5 34
5 35
5 36
5 38
5 40
5 42
5 43
5 48
5 49
5 52
5 54
5 56
5 58
5 59
5 60
5 63
5 65
5 67
5 68
5 76
5 78
5 79
5 84
5 90
5 92
5 93
5 97
5 98
5 104
5 106
5 108
5 123
5 130
5 135
5 138
5 139
5 140
5 142
5 143
5 154
5 168
5 173
5 180
5 191
5 202
5 204
5 205
5 224
5 225
5 229
6 21
6 22
6 23
6 24
6 26
6 27
6 30
6 31
6 34
6 37
6 39
6 41
6 45
6 49
6 58
6 62
6 75
6 81
6 84
6 90
6 106
6 113
6 117
6 120
6 121
6 147
6 148
6 149
6 151
6 164
6 175
6 181
6 190
6 192
6 195
6 199
6 208
6 227
6 232
6 234
6 241
6 245
6 248
7 21
7 22
7 23
7 24
7 25
7 26
7 27
7 28
7 29
7 31
7 34
7 36
7 37
7 38
7 39
7 40
7 41
7 55
7 56
7 57
7 71
7 72
7 82
7 99
7 105
7 111
7 117
7 137
7 144
7 149
7 151
7 187
7 192
7 201
7 237
7 245
8 21
8 22
8 23
8 24
8 25
8 26
8 28
8 31
8 32
8 34
8 40
8 41
8 42
8 43
8 44
8 45
8 47
8 48
8 49
8 50
8 51
8 54
8 56
8 58
8 59
8 62
8 63
8 66
8 69
8 70
8 72
8 73
8 76
8 79
8 81
8 83
8 87
8 98
8 100
8 102
8 105
8 108
8 111
8 117
8 124
8 127
8 128
8 135
8 138
8 145
8 147
8 154
8 155
8 157
8 159
8 167
8 169
8 178
8 181
8 183
8 187
8 191
8 195
8 196
8 209
8 217
8 218
8 222
8 228
8 236
8 241
8 242
8 244
8 245
8 246
9 21
9 22
9 23
9 24
9 25
9 26
9 27
9 28
9 29
9 30
9 31
9 33
9 35
9 40
9 43
9 46
9 47
9 53
9 63
9 67
9 69
9 71
9 72
9 80
9 84
9 86
9 88
9 91
9 104
9 112
9 119
9 136
9 149
9 151
9 165
9 166
9 175
9 177
9 188
9 196
9 219
10 26
10 28
10 32
10 37
10 40
10 45
10 46
10 47
10 54
10 56
10 65
10 66
10 77
10 86
10 90
10 104
10 111
10 112
10 128
10 131
10 133
10 154
10 157
10 174
10 181
10 229
10 237
10 249
11 21
11 22
11 23
11 24
11 25
11 26
11 27
11 28
11 29
11 30
11 32
11 33
11 34
11 40
11 42
11 46
11 49
11 54
11 56
11 59
11 61
11 64
11 66
11 76
11 77
11 82
11 88
11 91
11 95
11 96
11 98
11 101
11 103
11 111
11 114
11 117
11 122
11 124
11 126
11 128
11 130
11 133
11 145
11 148
11 151
11 154
11 164
11 166
11 174
11 179
11 192
11 196
11 201
11 210
11 237
11 238
11 242
11 247
12 21
12 22
12 24
12 25
12 27
12 29
12 31
12 33
12 37
12 41
12 44
12 51
12 53
12 55
12 67
12 68
12 71
12 73
12 74
12 93
12 102
12 107
12 123
12 131
12 137
12 141
12 159
12 165
12 202
12 213
12 244
13 21
13 22
13 23
13 24
13 25
13 26
13 27
13 35
13 36
13 39
13 44
13 47
13 49
13 50
13 51
13 55
13 56
13 77
13 84
13 87
13 88
13 95
13 106
13 114
13 116
13 117
13 125
13 132
13 138
13 147
13 150
13 163
13 168
13 184
13 188
13 196
13 209
13 222
13 240
13 242
14 21
14 22
14 23
14 25
14 28
14 29
14 33
14 34
14 36
14 37
14 39
14 41
14 44
14 45
14 47
14 50
14 54
14 56
14 60
14 62
14 79
14 81
14 84
14 92
14 94
14 98
14 104
14 106
14 109
14 119
14 132
14 145
14 151
14 152
14 162
14 166
14 167
14 186
14 194
14 214
14 218
14 225
14 239
14 247
14 249
15 21
15 22
15 23
15 24
15 25
15 27
15 28
15 29
15 30
15 31
15 35
15 36
15 37
15 38
15 40
15 43
15 44
15 46
15 47
15 48
15 50
15 53
15 56
15 58
15 61
15 62
15 63
15 74
15 75
15 83
15 84
15 85
15 92
15 98
15 102
15 104
15 110
15 116
15 121
15 129
15 133
15 136
15 146
15 157
15 158
15 165
15 171
15 188
15 189
15 196
15 201
15 206
15 208
15 211
15 217
15 220
15 230
15 234
15 239
15 246
15 247
16 21
16 22
16 23
16 26
16 28
16 29
16 30
16 31
16 32
16 33
16 40
16 41
16 42
16 44
16 45
16 47
16 51
16 59
16 63
16 71
16 75
16 89
16 102
16 103
16 105
16 114
16 121
16 133
16 134
16 144
16 147
16 151
16 155
16 161
16 183
16 185
16 186
16 218
17 21
17 22
17 23
17 24
17 25
17 27
17 29
17 35
17 36
17 37
17 38
17 42
17 44
17 49
17 53
17 57
17 59
17 60
17 61
17 64
17 66
17 68
17 69
17 71
17 74
17 75
17 80
17 85
17 86
17 89
17 93
17 94
17 95
17 98
17 103
17 122
17 124
17 136
17 147
17 150
17 155
17 162
17 168
17 170
17 174
17 176
17 184
17 187
17 188
17 190
17 194
17 211
17 215
17 220
17 224
17 235
17 240
17 241
17 246
18 21
18 22
18 24
18 26
18 27
18 30
18 33
18 35
18 36
18 37
18 38
18 40
18 43
18 45
18 46
18 50
18 59
18 63
18 64
18 66
18 69
18 70
18 76
18 92
18 108
18 114
18 116
18 140
18 152
18 158
18 165
18 174
18 181
18 198
18 206
18 215
18 227
19 21
19 22
19 23
19 24
19 25
19 26
19 27
19 32
19 34
19 35
19 36
19 38
19 43
19 46
19 49
19 51
19 53
19 57
19 58
19 59
19 60
19 61
19 64
19 70
19 73
19 78
19 86
19 88
19 90
19 94
19 95
19 101
19 104
19 107
19 108
19 112
19 116
19 118
19 125
19 150
19 158
19 187
19 199
19 212
19 216
19 221
19 228
19 237
20 21
20 23
20 24
20 26
20 29
20 30
20 33
20 40
20 44
20 46
20 47
20 52
20 53
20 55
20 56
20 66
20 69
20 70
20 73
20 76
20 99
20 107
20 115
20 122
20 123
20 130
20 149
20 151
20 176
20 183
20 192
20 194
20 201
20 217
20 221
20 224
20 230
20 238
20 245
21 22
21 23
21 24
21 25
21 26
21 27
21 28
21 29
21 30
21 31
21 32
21 33
21 34
21 35
21 36
21 37
21 38
21 39
21 40
21 41
21 42
21 43
21 44
21 45
21 46
21 48
21 49
21 50
21 52
21 53
21 55
21 59
21 60
21 64
21 66
21 69
21 72
21 74
21 75
21 77
21 78
21 79
21 80
21 81
21 83
21 84
21 86
21 87
21 89
21 90
21 91
21 92
21 93
21 94
21 96
21 97
21 98
21 99
21 100
21 102
21 104
21 105
21 106
21 107
21 108
21 111
21 114
21 116
21 121
21 122
21 123
21 126
21 127
21 128
21 132
21 135
21 137
21 139
21 141
21 142
21 143
21 152
21 153
21 157
21 160
21 166
21 168
21 170
21 174
21 175
21 177
21 178
21 185
21 194
21 195
21 199
21 202
21 206
21 209
21 210
21 212
21 225
21 230
21 231
21 235
21 238
21 240
21 246
21 248
22 23
22 24
22 25
22 26
22 27
22 28
22 29
22 30
22 31
22 32
22 34
22 35
22 36
22 38
22 40
22 41
22 43
22 44
22 45
22 47
22 48
22 50
22 53
22 55
22 57
22 58
22 60
22 61
22 64
22 71
22 72
22 77
22 83
22 85
22 89
22 91
22 93
22 97
22 100
22 102
22 103
22 106
22 107
22 110
22 113
22 118
22 122
22 125
22 129
22 130
22 136
22 137
22 141
22 143
22 145
22 146
22 150
22 152
22 153
22 157
22 158
22 163
22 164
22 166
22 170
22 171
22 175
22 182
22 187
22 189
22 191
22 196
22 200
22 201
22 206
22 208
22 210
22 212
22 217
22 223
22 225
22 231
22 245
22 246
23 24
23 25
23 26
23 27
23 28
23 29
23 30
23 31
23 32
23 33
23 34
23 35
23 36
23 39
23 40
23 41
23 42
23 43
23 44
23 45
23 46
23 47
23 49
23 50
23 51
23 52
23 54
23 55
23 57
23 58
23 60
23 63
23 65
23 69
23 70
23 72
23 73
23 74
23 77
23 78
23 80
23 82
23 84
23 86
23 93
23 94
23 96
23 97
23 100
23 105
23 112
23 114
23 115
23 124
23 126
23 130
23 132
23 138
23 148
23 152
23 153
23 160
23 163
23 164
23 173
23 175
23 177
23 184
23 191
23 194
23 204
23 205
23 207
23 211
23 214
23 215
23 216
23 217
23 222
23 223
23 227
23 236
23 237
23 240
24 25
24 26
24 27
24 28
24 29
24 30
24 32
24 33
24 34
24 35
24 36
24 37
24 38
24 39
24 41
24 43
24 44
24 46
24 48
24 50
24 51
24 52
24 54
24 55
24 60
24 61
24 64
24 68
24 72
24 78
24 80
24 93
24 95
24 102
24 104
24 111
24 119
24 124
24 125
24 128
24 136
24 144
24 157
24 158
24 161
24 164
24 165
24 170
24 171
24 173
24 179
24 180
24 183
24 194
24 199
24 208
24 210
24 211
24 216
24 222
24 226
24 242
24 247
24 248
25 26
25 27
25 28
25 29
25 30
25 31
25 32
25 33
25 34
25 35
25 37
25 39
25 42
25 43
25 45
25 46
25 47
25 51
25 53
25 55
25 56
25 57
25 58
25 59
25 60
25 61
25 62
25 65
25 67
25 70
25 73
25 74
25 79
25 81
25 82
25 84
25 87
25 94
25 96
25 100
25 104
25 105
25 106
25 109
25 112
25 113
25 115
25 116
25 117
25 118
25 124
25 125
25 130
25 134
25 135
25 136
25 143
25 146
25 150
25 152
25 155
25 156
25 157
25 159
25 163
25 166
25 168
25 169
25 172
25 173
25 179
25 181
25 182
25 193
25 196
25 199
25 205
25 206
25 213
25 222
25 226
25 231
25 232
25 233
25 237
25 238
25 243
26 27
26 28
26 29
26 30
26 32
26 33
26 34
26 35
26 37
26 38
26 39
26 41
26 42
26 44
26 45
26 46
26 47
26 48
26 49
26 50
26 52
26 53
26 55
26 56
26 60
26 62
26 64
26 66
26 67
26 71
26 79
26 81
26 82
26 90
26 91
26 93
26 94
26 96
26 100
26 101
26 109
26 114
26 117
26 118
26 120
26 124
26 125
26 126
26 131
26 132
26 133
26 135
26 143
26 144
26 146
26 149
26 155
26 156
26 162
26 173
26 186
26 188
26 189
26 190
26 193
26 195
26 198
26 204
26 205
26 207
26 211
26 212
26 213
26 223
26 224
26 230
26 233
26 235
26 246
26 247
26 248
27 28
27 29
27 30
27 31
27 32
27 33
27 34
27 37
27 38
27 39
27 42
27 43
27 44
27 45
27 46
27 47
27 48
27 49
27 50
27 52
27 62
27 64
27 65
27 68
27 69
27 71
27 73
27 74
27 91
27 92
27 93
27 96
27 97
27 98
27 99
27 100
27 103
27 106
27 108
27 109
27 112
27 119
27 121
27 126
27 128
27 129
27 131
27 133
27 136
27 142
27 148
27 155
27 158
27 164
27 165
27 168
27 172
27 174
27 176
27 195
27 196
27 213
27 222
27 227
27 228
27 231
27 232
27 233
27 241
27 242
27 248
28 29
28 30
28 32
28 33
28 34
28 35
28 36
28 37
28 38
28 40
28 41
28 44
28 46
28 47
28 51
28 52
28 54
28 57
28 58
28 59
28 62
28 65
28 67
28 73
28 74
28 75
28 80
28 82
28 86
28 90
28 96
28 98
28 100
28 102
28 104
28 106
28 110
28 111
28 113
28 116
28 117
28 118
28 121
28 124
28 126
28 130
28 135
28 143
28 144
28 151
28 169
28 193
28 196
28 197
28 199
28 203
28 205
28 207
28 217
28 226
28 232
28 233
28 234
28 248
29 31
29 32
29 33
29 35
29 36
29 37
29 38
29 39
29 41
29 42
29 45
29 50
29 52
29 55
29 56
29 59
29 61
29 62
29 63
29 69
29 76
29 78
29 80
29 82
29 83
29 93
29 97
29 99
29 101
29 102
29 108
29 110
29 118
29 129
29 134
29 135
29 136
29 137
29 138
29 141
29 146
29 154
29 162
29 169
29 178
29 180
29 182
29 184
29 196
29 197
29 205
29 207
29 214
29 216
29 218
29 219
29 225
29 227
29 241
29 249
30 31
30 32
30 33
30 36
30 38
30 39
30 40
30 41
30 43
30 46
30 49
30 51
30 52
30 53
30 55
30 57
30 62
30 67
30 68
30 69
30 79
30 86
30 92
30 96
30 97
30 102
30 107
30 111
30 115
30 116
30 118
30 120
30 121
30 123
30 125
30 131
30 132
30 134
30 137
30 140
30 147
30 157
30 159
30 167
30 170
30 173
30 176
30 178
30 182
30 183
30 185
30 194
30 198
30 199
30 203
30 208
30 209
30 220
30 223
30 224
30 226
30 232
30 234
30 241
30 247
31 32
31 33
31 34
31 36
31 39
31 40
31 42
31 48
31 51
31 52
31 53
31 54
31 55
31 58
31 60
31 62
31 63
31 70
31 73
31 74
31 75
31 78
31 79
31 83
31 85
31 86
31 88
31 89
31 94
31 98
31 99
31 108
31 109
31 111
31 113
31 120
31 121
31 122
31 124
31 127
31 131
31 133
31 137
31 143
31 144
31 148
31 150
31 152
31 159
31 161
31 163
31 169
31 175
31 177
31 179
31 182
31 185
31 188
31 196
31 205
31 212
31 214
31 231
31 233
31 238
31 239
31 246
32 37
32 39
32 43
32 45
32 48
32 51
32 52
32 60
32 66
32 67
32 70
32 72
32 80
32 83
32 89
32 95
32 98
32 118
32 128
32 129
32 135
32 140
32 143
32 147
32 152
32 153
32 155
32 161
32 163
32 169
32 171
32 174
32 179
32 180
32 189
32 193
32 199
32 207
32 219
32 224
32 225
32 226
32 240
33 34
33 38
33 39
33 41
33 42
33 49
33 65
33 66
33 67
33 69
33 70
33 71
33 72
33 73
33 76
33 81
33 94
33 97
33 98
33 99
33 109
33 112
33 113
33 117
33 118
33 128
33 141
33 143
33 147
33 156
33 162
33 163
33 164
33 168
33 172
33 175
33 180
33 194
33 195
33 200
33 202
33 204
33 206
33 213
33 221
33 225
33 228
33 241
33 242
33 245
33 249
34 36
34 37
34 39
34 40
34 42
34 43
34 44
34 45
34 46
34 47
34 48
34 57
34 59
34 64
34 65
34 68
34 69
34 72
34 75
34 77
34 81
34 86
34 88
34 89
34 90
34 91
34 92
34 94
34 97
34 99
34 107
34 110
34 113
34 114
34 115
34 120
34 121
34 130
34 133
34 136
34 144
34 148
34 159
34 161
34 163
34 173
34 179
34 180
34 184
34 192
34 193
34 195
34 204
34 208
34 212
34 216
34 219
34 222
34 235
34 239
34 240
34 244
35 37
35 38
35 43
35 44
35 47
35 48
35 50
35 52
35 54
35 55
35 56
35 57
35 61
35 71
35 73
35 75
35 76
35 79
35 80
35 81
35 88
35 89
35 92
35 94
35 97
35 109
35 117
35 119
35 121
35 126
35 127
35 131
35 133
35 136
35 141
35 145
35 146
35 148
35 154
35 156
35 161
35 173
35 174
35 175
35 177
35 180
35 181
35 182
35 183
35 185
35 190
35 211
35 212
35 216
35 217
35 227
35 228
35 229
35 233
35 248
36 38
36 40
36 41
36 47
36 48
36 49
36 51
36 54
36 56
36 57
36 60
36 61
36 63
36 65
36 67
36 72
36 76
36 78
36 81
36 85
36 89
36 92
36 93
36 96
36 101
36 102
36 103
36 104
36 107
36 108
36 115
36 116
36 120
36 121
36 124
36 125
36 137
36 142
36 149
36 161
36 164
36 167
36 170
36 173
36 180
36 182
36 184
36 193
36 215
36 219
36 226
36 230
36 231
36 238
36 241
36 242
36 244
37 38
37 39
37 42
37 43
37 48
37 50
37 51
37 52
37 53
37 59
37 60
37 61
37 64
37 65
37 66
37 69
37 71
37 74
37 78
37 82
37 84
37 86
37 87
37 88
37 94
37 95
37 96
37 99
37 100
37 108
37 110
37 114
37 115
37 116
37 117
37 124
37 139
37 143
37 144
37 161
37 166
37 173
37 174
37 183
37 188
37 217
37 232
37 241
37 243
37 244
37 249
38 40
38 44
38 48
38 50
38 51
38 54
38 64
38 65
38 66
38 73
38 75
38 80
38 84
38 85
38 87
38 95
38 97
38 107
38 112
38 116
38 127
38 141
38 146
38 147
38 152
38 176
38 178
38 180
38 191
38 198
38 204
38 206
38 207
38 213
38 214
38 221
38 223
38 225
38 227
38 228
38 240
38 243
38 245
39 41
39 42
39 43
39 45
39 51
39 54
39 58
39 60
39 61
39 64
39 65
39 68
39 70
39 71
39 72
39 76
39 77
39 79
39 80
39 81
39 85
39 87
39 91
39 93
39 101
39 108
39 113
39 126
39 129
39 130
39 134
39 139
39 144
39 146
39 147
39 150
39 152
39 167
39 168
39 172
39 177
39 184
39 185
39 186
39 188
39 191
39 198
39 202
39 210
39 214
39 217
39 220
39 221
39 226
39 232
39 234
39 235
39 244
39 249
40 42
40 46
40 47
40 48
40 49
40 51
40 52
40 53
40 57
40 59
40 61
40 63
40 65
40 66
40 76
40 80
40 87
40 90
40 91
40 93
40 100
40 101
40 102
40 111
40 114
40 119
40 125
40 129
40 131
40 133
40 145
40 155
40 162
40 167
40 170
40 171
40 172
40 173
40 177
40 178
40 187
40 188
40 189
40 195
40 197
40 198
40 203
40 206
40 209
40 222
40 224
40 236
40 242
40 248
41 42
41 44
41 46
41 50
41 52
41 55
41 56
41 59
41 62
41 63
41 70
41 71
41 72
41 73
41 77
41 79
41 81
41 88
41 97
41 101
41 112
41 120
41 125
41 127
41 129
41 131
41 146
41 150
41 153
41 162
41 163
41 174
41 177
41 196
41 197
41 198
41 199
41 201
41 211
41 221
41 225
41 227
41 228
41 245
41 247
42 46
42 48
42 49
42 50
42 52
42 54
42 55
42 58
42 62
42 66
42 71
42 72
42 76
42 79
42 81
42 83
42 85
42 89
42 91
42 97
42 98
42 103
42 106
42 112
42 113
42 116
42 118
42 129
42 130
42 132
42 145
42 160
42 165
42 169
42 170
42 176
42 181
42 189
42 193
42 194
42 195
42 200
42 201
42 216
42 217
42 221
42 222
42 223
42 246
43 49
43 50
43 53
43 54
43 60
43 61
43 63
43 70
43 72
43 74
43 75
43 77
43 81
43 82
43 87
43 94
43 111
43 115
43 118
43 126
43 131
43 134
43 136
43 138
43 146
43 148
43 150
43 152
43 155
43 159
43 163
43 176
43 179
43 190
43 191
43 204
43 207
43 210
43 219
43 220
43 227
43 229
43 233
44 45
44 47
44 49
44 50
44 64
44 65
44 68
44 75
44 79
44 80
44 82
44 87
44 88
44 91
44 119
44 126
44 134
44 135
44 136
44 142
44 153
44 155
44 158
44 172
44 174
44 193
44 200
44 228
44 233
44 238
45 48
45 51
45 52
45 57
45 59
45 62
45 64
45 68
45 74
45 83
45 100
45 101
45 103
45 105
45 107
45 108
45 117
45 121
45 128
45 140
45 141
45 143
45 147
45 149
45 160
45 161
45 166
45 170
45 172
45 182
45 190
45 193
45 197
45 200
45 203
45 207
45 209
45 212
45 214
45 215
45 216
45 224
45 229
45 249
46 53
46 57
46 61
46 67
46 68
46 69
46 71
46 74
46 77
46 85
46 93
46 98
46 99
46 103
46 107
46 110
46 116
46 118
46 121
46 123
46 125
46 135
46 139
46 153
46 154
46 156
46 158
46 159
46 172
46 176
46 182
46 183
46 185
46 193
46 195
46 200
46 202
46 226
46 236
46 247
47 49
47 52
47 53
47 55
47 57
47 61
47 62
47 69
47 75
47 77
47 79
47 80
47 89
47 102
47 104
47 105
47 106
47 112
47 113
47 120
47 124
47 132
47 143
47 154
47 158
47 168
47 188
47 195
47 203
47 210
47 220
47 233
47 236
47 238
47 239
48 53
48 60
48 63
48 73
48 75
48 76
48 77
48 79
48 82
48 83
48 84
48 91
48 94
48 98
48 122
48 134
48 137
48 150
48 170
48 175
48 177
48 185
48 190
48 200
48 202
48 207
48 240
48 248
49 51
49 52
49 54
49 56
49 62
49 66
49 67
49 68
49 74
49 81
49 82
49 96
49 99
49 100
49 105
49 114
49 122
49 130
49 134
49 139
49 141
49 148
49 166
49 185
49 187
49 192
49 198
49 204
49 208
49 218
49 220
49 222
49 232
49 243
50 55
50 62
50 63
50 65
50 69
50 70
50 73
50 78
50 85
50 88
50 89
50 90
50 101
50 115
50 116
50 121
50 122
50 134
50 136
50 154
50 156
50 158
50 165
50 171
50 186
50 192
50 199
50 200
50 202
50 207
50 208
50 215
50 219
50 220
50 228
50 229
50 233
50 236
50 249
51 54
51 57
51 58
51 60
51 67
51 69
51 77
51 78
51 86
51 91
51 94
51 97
51 99
51 103
51 114
51 122
51 123
51 127
51 128
51 131
51 133
51 139
51 146
51 157
51 162
51 169
51 175
51 180
51 181
51 185
51 193
51 194
51 205
51 212
51 213
51 219
51 236
51 240
51 243
51 244
52 54
52 56
52 57
52 58
52 59
52 61
52 62
52 65
52 73
52 74
52 75
52 79
52 82
52 83
52 85
52 87
52 89
52 99
52 128
52 135
52 141
52 149
52 156
52 161
52 184
52 186
52 197
52 199
52 203
52 218
52 222
52 227
52 231
52 235
52 236
52 238
52 239
53 54
53 58
53 65
53 66
53 67
53 72
53 73
53 78
53 88
53 105
53 115
53 116
53 123
53 139
53 159
53 161
53 179
53 181
53 185
53 187
53 190
53 199
53 213
53 218
53 219
53 246
53 248
54 56
54 58
54 61
54 63
54 70
54 71
54 72
54 73
54 76
54 81
54 85
54 87
54 96
54 98
54 107
54 113
54 114
54 125
54 127
54 135
54 145
54 162
54 163
54 168
54 187
54 190
54 206
54 207
54 212
54 229
54 245
55 58
55 60
55 63
55 73
55 75
55 76
55 84
55 86
55 87
55 106
55 114
55 119
55 134
55 137
55 138
55 149
55 154
55 159
55 160
55 164
55 171
55 174
55 186
55 195
55 197
55 202
55 213
55 215
55 227
55 243
55 244
55 248
55 249
56 57
56 58
56 63
56 64
56 65
56 68
56 70
56 76
56 78
56 79
56 80
56 83
56 84
56 86
56 90
56 95
56 100
56 103
56 106
56 118
56 125
56 127
56 129
56 138
56 139
56 141
56 143
56 153
56 156
56 158
56 166
56 169
56 174
56 194
56 197
56 199
56 204
56 207
56 219
56 234
57 59
57 67
57 68
57 70
57 74
57 83
57 86
57 95
57 96
57 102
57 105
57 108
57 117
57 119
57 131
57 133
57 140
57 144
57 149
57 150
57 180
57 181
57 187
57 192
57 198
57 204
57 220
57 241
57 243
58 59
58 64
58 68
58 71
58 74
58 83
58 84
58 87
58 92
58 99
58 103
58 113
58 115
58 116
58 127
58 129
58 133
58 139
58 142
58 147
58 156
58 159
58 166
58 192
58 196
58 200
58 202
58 206
58 220
58 235
58 238
58 243
58 248
59 61
59 68
59 77
59 78
59 85
59 91
59 105
59 118
59 123
59 128
59 146
59 148
59 156
59 179
59 188
59 190
59 191
59 195
59 205
59 211
59 213
59 223
59 241
60 67
60 70
60 75
60 78
60 80
60 88
60 90
60 96
60 97
60 99
60 101
60 119
60 125
60 126
60 127
60 129
60 137
60 140
60 142
60 144
60 148
60 153
60 155
60 159
60 164
60 172
60 175
60 184
60 192
60 205
60 222
60 223
61 66
61 76
61 78
61 82
61 86
61 89
61 99
61 100
61 108
61 110
61 118
61 119
61 134
61 139
61 142
61 144
61 146
61 153
61 166
61 167
61 172
61 173
61 186
61 209
61 212
61 225
61 230
61 232
61 246
62 72
62 78
62 85
62 86
62 90
62 93
62 95
62 101
62 102
62 107
62 111
62 112
62 123
62 125
62 128
62 142
62 149
62 157
62 161
62 177
62 189
62 190
62 207
62 208
62 215
62 223
62 235
62 243
62 246
63 65
63 66
63 67
63 71
63 72
63 76
63 78
63 85
63 86
63 87
63 93
63 94
63 95
63 97
63 100
63 101
63 103
63 105
63 106
63 111
63 128
63 133
63 134
63 140
63 141
63 142
63 162
63 168
63 171
63 177
63 205
63 210
63 230
63 234
63 238
63 241
63 244
64 70
64 88
64 91
64 94
64 97
64 101
64 104
64 106
64 113
64 120
64 122
64 133
64 145
64 147
64 155
64 160
64 172
64 198
64 200
64 203
64 208
64 213
64 242
65 70
65 75
65 77
65 81
65 82
65 83
65 89
65 92
65 96
65 98
65 111
65 112
65 113
65 115
65 118
65 126
65 127
65 128
65 132
65 138
65 142
65 148
65 149
65 155
65 156
65 157
65 163
65 165
65 166
65 168
65 170
65 171
65 172
65 181
65 186
65 188
65 191
65 192
65 193
65 207
65 210
65 212
65 213
65 220
65 223
66 68
66 80
66 84
66 91
66 92
66 100
66 103
66 104
66 107
66 109
66 113
66 120
66 124
66 129
66 130
66 145
66 147
66 152
66 158
66 162
66 166
66 167
66 189
66 203
66 207
66 216
66 228
66 230
66 241
66 247
67 68
67 69
67 71
67 75
67 77
67 79
67 81
67 84
67 86
67 87
67 89
67 90
67 91
67 94
67 97
67 103
67 104
67 109
67 117
67 119
67 120
67 130
67 131
67 134
67 138
67 141
67 148
67 150
67 157
67 161
67 168
67 175
67 177
67 178
67 179
67 185
67 187
67 193
67 199
67 224
67 231
67 234
67 238
67 245
68 71
68 82
68 83
68 90
68 95
68 96
68 117
68 129
68 141
68 181
68 197
68 213
68 230
69 72
69 83
69 85
69 88
69 90
69 97
69 102
69 103
69 110
69 111
69 119
69 122
69 133
69 138
69 141
69 143
69 162
69 165
69 166
69 180
69 183
69 197
69 199
69 236
69 237
69 243
70 77
70 81
70 91
70 98
70 101
70 156
70 157
70 196
70 229
70 230
70 237
70 242
71 80
71 84
71 93
71 109
71 110
71 112
71 119
71 124
71 127
71 138
71 139
71 141
71 152
71 153
71 164
71 178
71 182
71 184
71 195
72 78
72 83
72 85
72 93
72 102
72 104
72 109
72 119
72 122
72 124
72 127
72 138
72 152
72 163
72 192
72 193
72 206
72 213
72 215
72 237
72 244
73 74
73 89
73 90
73 92
73 107
73 117
73 118
73 138
73 148
73 152
73 155
73 162
73 164
73 171
73 182
73 184
73 186
73 201
73 203
73 210
73 217
73 224
73 238
73 240
73 248
74 75
74 80
74 87
74 95
74 109
74 115
74 122
74 126
74 134
74 145
74 151
74 153
74 155
74 160
74 163
74 165
74 176
74 179
74 189
74 190
74 204
74 216
74 234
75 78
75 90
75 106
75 108
75 109
75 116
75 120
75 139
75 152
75 153
75 165
75 169
75 191
75 203
75 205
75 221
75 222
75 230
76 82
76 89
76 92
76 93
76 95
76 105
76 109
76 117
76 118
76 120
76 123
76 132
76 138
76 143
76 150
76 152
76 170
76 172
76 176
76 202
76 242
76 246
77 85
77 86
77 96
77 105
77 107
77 112
77 127
77 149
77 159
77 168
77 204
78 79
78 84
78 87
78 99
78 110
78 130
78 136
78 145
78 157
78 159
78 161
78 173
78 178
78 184
78 189
78 202
78 206
78 208
78 211
78 214
78 216
78 220
78 226
79 82
79 101
79 110
79 113
79 146
79 178
79 196
79 201
79 231
80 85
80 88
80 96
80 115
80 121
80 125
80 135
80 148
80 156
80 160
80 167
80 175
80 178
80 182
80 188
80 192
80 224
81 88
81 104
81 106
81 107
81 119
81 124
81 142
81 151
81 154
81 225
81 226
81 228
81 231
81 247
81 248
82 87
82 111
82 123
82 131
82 163
82 181
82 183
82 191
82 196
82 232
82 239
83 94
83 95
83 105
83 140
83 159
83 164
83 167
83 175
83 179
83 193
83 197
83 207
83 243
84 88
84 92
84 98
84 100
84 109
84 112
84 118
84 132
84 137
84 138
84 139
84 144
84 150
84 153
84 157
84 160
84 167
84 172
84 176
84 178
84 189
84 200
85 103
85 111
85 112
85 133
85 141
85 145
85 153
85 154
85 155
85 160
85 168
85 175
85 194
85 200
85 228
85 239
86 88
86 90
86 91
86 101
86 106
86 114
86 124
86 126
86 127
86 132
86 154
86 160
86 179
86 180
86 181
86 206
86 208
86 212
87 91
87 92
87 98
87 99
87 101
87 102
87 108
87 118
87 121
87 123
87 125
87 131
87 137
87 139
87 146
87 147
87 151
87 154
87 162
87 175
87 176
87 189
87 191
87 213
87 223
87 224
87 225
87 238
87 240
88 92
88 100
88 102
88 123
88 126
88 140
88 142
88 143
88 154
88 161
88 173
88 179
88 187
88 194
88 201
88 217
88 221
88 222
88 229
89 94
89 101
89 115
89 119
89 135
89 146
89 156
89 157
89 162
89 164
89 188
89 205
89 218
89 229
90 92
90 106
90 108
90 113
90 120
90 122
90 131
90 132
90 135
90 138
90 156
90 161
90 187
90 219
91 95
91 106
91 109
91 110
91 115
91 120
91 123
91 124
91 130
91 132
91 134
91 142
91 144
91 148
91 150
91 156
91 157
91 162
91 194
91 205
91 211
91 212
91 215
91 216
91 219
91 226
91 231
91 239
92 110
92 120
92 128
92 149
92 160
92 170
92 175
92 201
92 203
92 210
92 220
92 223
93 110
93 116
93 162
93 180
93 210
93 219
94 95
94 128
94 130
94 135
94 136
94 181
94 202
94 228
94 239
94 245
95 103
95 109
95 135
95 138
95 140
95 167
95 176
95 187
95 195
95 201
95 206
95 208
95 211
95 232
95 244
96 105
96 110
96 146
96 151
96 158
96 164
96 184
96 194
96 203
96 210
96 214
96 225
96 226
96 230
96 240
97 108
97 110
97 112
97 115
97 122
97 123
97 151
97 166
97 167
97 183
97 201
97 208
97 225
97 239
97 247
98 99
98 100
98 114
98 124
98 125
98 126
98 129
98 132
98 134
98 143
98 147
98 164
98 169
98 176
98 183
98 202
98 214
99 108
99 111
99 120
99 122
99 140
99 146
99 152
99 154
99 157
99 178
99 186
99 196
99 216
99 218
99 220
99 224
99 232
99 233
99 235
100 103
100 107
100 116
100 121
100 128
100 137
100 154
100 165
100 167
100 217
100 221
100 245
101 104
101 114
101 126
101 129
101 130
101 151
101 153
101 194
101 200
101 211
101 217
101 236
101 237
101 238
102 105
102 111
102 113
102 120
102 123
102 131
102 170
102 180
102 184
102 186
102 200
102 214
102 224
102 227
102 236
103 105
103 110
103 115
103 123
103 130
103 176
103 184
103 198
103 203
103 210
103 213
103 214
103 228
103 242
103 247
104 107
104 115
104 126
104 139
104 140
104 155
104 191
104 192
104 208
104 212
104 224
104 236
104 245
105 109
105 110
105 112
105 139
105 140
105 159
105 169
105 170
105 176
105 185
105 209
105 215
105 218
105 221
105 228
105 232
106 133
106 134
106 145
106 147
106 151
106 156
106 170
106 182
106 210
106 222
106 224
106 225
107 113
107 138
107 139
107 160
107 161
107 168
107 207
107 209
107 216
107 231
107 239
107 247
108 126
108 142
108 143
108 152
108 158
108 159
108 170
108 175
108 188
108 197
108 199
108 200
108 218
108 236
108 243
109 121
109 127
109 145
109 150
109 153
109 174
109 177
109 189
109 190
109 191
109 218
109 223
109 239
110 129
110 136
110 163
110 171
110 178
110 183
110 195
110 224
111 114
111 119
111 122
111 136
111 142
111 144
111 162
111 163
111 173
111 178
111 185
111 190
111 193
111 197
111 208
111 217
111 235
112 116
112 119
112 132
112 150
112 164
112 176
112 183
112 223
113 117
113 121
113 138
113 151
113 158
113 171
113 172
113 182
113 186
113 192
113 210
114 132
114 137
114 167
114 172
114 191
114 221
114 223
114 228
114 229
114 239
114 245
115 132
115 143
115 147
115 164
115 167
115 175
115 177
115 179
115 184
115 195
115 203
115 211
115 221
116 129
116 131
116 134
116 137
116 144
116 145
116 155
116 169
116 170
116 178
116 182
116 197
116 198
116 218
116 219
117 122
117 125
117 127
117 135
117 136
117 154
117 172
117 176
117 180
117 186
117 209
117 220
117 247
118 150
118 151
118 160
118 169
118 180
118 185
118 209
118 214
118 219
118 227
118 234
118 237
119 128
119 148
119 150
119 160
119 165
119 168
119 182
119 191
119 237
119 249
120 132
120 135
120 166
120 174
120 194
120 196
120 204
120 221
120 229
120 232
120 243
121 129
121 141
121 144
121 149
121 179
121 204
121 212
121 214
121 234
121 244
122 125
122 156
122 174
122 175
122 177
122 188
122 199
122 201
122 229
122 235
122 249
123 127
123 141
123 142
123 147
123 149
123 162
123 163
123 173
123 178
123 201
123 205
123 209
123 218
124 153
124 158
124 168
124 174
124 194
124 201
124 210
124 249
125 140
125 145
125 154
125 162
125 179
125 194
125 200
125 209
125 225
125 243
126 170
126 181
126 188
126 202
126 216
126 219
126 229
127 133
127 161
127 186
127 215
127 225
127 238
127 249
128 129
128 136
128 140
128 163
128 185
128 186
128 192
128 206
128 220
128 226
128 227
128 244
128 247
128 249
129 130
129 134
129 145
129 185
129 186
129 215
129 219
129 249
130 156
130 177
130 191
130 203
130 216
131 160
131 164
131 178
131 193
131 221
131 234
131 237
132 144
132 158
132 159
132 161
132 170
132 171
132 182
132 205
132 208
132 214
132 227
132 230
133 149
133 165
133 181
133 189
133 235
134 136
134 142
134 145
134 151
134 166
134 167
134 173
134 215
135 139
135 233
136 137
136 140
136 169
136 231
136 241
137 140
137 148
137 169
137 191
137 210
137 239
137 247
138 140
138 143
138 152
138 155
138 160
138 167
138 190
138 200
138 208
138 214
138 229
138 237
138 240
139 160
139 185
139 217
139 221
139 235
139 238
140 144
140 179
140 193
140 205
140 237
141 146
141 158
141 171
141 181
141 182
141 211
141 216
141 231
141 235
142 150
142 169
142 201
142 215
143 221
143 226
144 154
144 157
144 159
144 160
144 161
144 205
144 209
144 211
144 239
144 240
145 148
145 153
145 180
145 181
145 208
145 219
145 225
145 233
146 149
146 165
146 177
146 183
146 190
146 191
146 200
146 218
146 223
146 230
146 233
146 243
146 244
146 246
147 164
147 183
147 210
147 223
147 236
147 242
147 248
148 169
148 195
148 234
148 247
149 166
149 172
149 198
150 151
150 192
150 209
150 220
150 233
150 244
151 160
151 183
151 191
151 214
151 226
151 238
151 241
152 165
152 173
152 178
152 187
152 213
152 231
153 155
153 183
153 225
153 227
154 165
154 184
154 190
154 216
154 229
155 158
155 167
155 171
155 172
155 179
155 186
155 196
155 224
155 229
155 230
155 234
155 243
156 223
156 229
156 242
156 247
157 169
157 184
157 209
157 215
157 244
159 187
159 188
159 203
159 210
159 231
160 171
160 176
160 187
160 201
160 204
160 214
160 228
161 186
161 218
161 236
162 178
162 187
163 184
163 189
163 196
163 199
163 207
164 190
164 221
164 249
165 181
165 197
165 230
165 240
166 198
166 200
166 212
166 248
167 189
167 190
167 192
167 197
167 227
167 233
168 169
168 171
168 176
168 186
168 216
168 243
169 173
169 182
169 184
169 185
169 188
169 193
169 198
169 199
169 206
169 209
169 211
169 212
169 237
170 174
170 198
170 215
171 174
171 203
171 227
171 237
171 241
171 243
172 188
172 195
172 240
173 185
173 234
173 235
173 237
173 248
174 198
174 203
174 211
174 247
175 217
175 242
176 195
176 245
177 197
177 202
177 226
177 233
177 238
177 241
178 202
178 207
179 182
179 187
179 228
179 231
179 236
179 240
180 197
180 202
180 223
181 198
181 206
181 223
182 187
182 209
182 245
183 206
183 235
183 249
184 199
184 236
184 241
185 189
185 246
186 198
186 213
186 229
186 244
186 246
187 205
187 228
187 241
187 246
188 204
188 206
188 233
188 234
189 192
189 198
189 218
189 237
190 211
190 219
190 226
190 231
190 237
190 244
191 224
191 242
192 202
192 221
193 209
193 222
193 224
194 201
194 249
195 197
195 200
195 211
195 222
195 239
196 232
196 235
197 204
197 217
197 242
197 243
198 205
198 226
198 231
198 232
199 203
199 222
199 242
199 245
200 215
200 236
200 239
201 204
201 213
201 215
201 216
201 236
202 233
202 235
202 248
203 215
203 238
204 214
204 247
205 219
205 227
205 241
206 217
206 226
206 242
207 230
208 212
208 227
208 233
208 244
209 220
209 236
211 230
213 218
213 234
213 243
214 218
214 230
215 234
216 222
216 245
217 218
218 245
223 232
223 235
224 229
224 240
225 226
225 244
228 240
230 232
230 246
230 248
231 245
232 234
234 246
234 249
237 246
238 239
245 249
