0 1
0 2
0 3
0 4
0 5
0 6
0 7
0 8
0 9
0 12
0 16
0 18
0 19
0 21
0 31
0 39
0 45
0 47
0 52
0 53
0 56
0 59
0 78
0 84
0 93
0 118
0 121
0 125
0 154
0 158
0 161
0 166
0 175
0 183
0 189
0 194
0 199
0 215
0 226
0 228
0 236
0 238
1 20
1 35
1 38
1 114
1 122
1 154
1 162
1 239
2 5
2 6
2 9
2 13
2 14
2 15
2 17
2 23
2 28
2 32
2 35
2 41
2 44
2 55
2 62
2 64
2 68
2 72
2 81
2 82
2 85
2 99
2 106
2 110
2 124
2 127
2 147
2 156
2 168
2 169
2 173
2 183
2 188
2 213
2 227
2 234
3 5
3 6
3 7
3 11
3 12
3 13
3 20
3 22
3 26
3 54
3 55
3 56
3 66
3 69
3 86
3 97
3 101
3 125
3 143
3 166
3 169
3 229
3 232
4 5
4 7
4 8
4 10
4 13
4 14
4 16
4 22
4 24
4 26
4 27
4 45
4 62
4 67
4 85
4 92
4 94
4 105
4 107
4 110
4 117
4 129
4 139
4 149
4 155
4 168
4 172
4 176
4 194
4 196
4 199
4 235
4 244
5 6
5 7
5 8
5 9
5 11
5 13
5 18
5 24
5 32
5 33
5 64
5 70
5 71
5 76
5 87
5 91
5 94
5 100
5 101
5 113
5 132
5 133
5 146
5 149
5 177
5 189
5 192
5 193
5 194
5 197
5 201
5 214
5 217
5 240
6 8
6 9
6 10
6 11
6 14
6 20
6 23
6 24
6 25
6 27
6 31
6 37
6 38
6 40
6 46
6 47
6 48
6 50
6 51
6 70
6 72
6 76
6 82
6 97
6 109
6 118
6 119
6 126
6 130
6 145
6 153
6 159
6 174
6 177
6 179
6 180
6 195
6 200
6 206
6 208
6 213
6 225
6 242
7 10
7 11
7 15
7 54
7 58
7 73
7 102
7 106
7 127
7 131
7 240
8 16
8 21
8 49
8 59
8 74
8 80
8 102
8 108
8 241
9 10
9 12
9 15
9 17
9 22
9 23
9 35
9 37
9 39
9 42
9 56
9 96
9 110
9 116
9 119
9 126
9 132
9 140
9 151
9 156
9 164
9 170
9 172
9 181
9 201
9 212
9 220
9 221
9 226
10 17
10 26
10 43
10 54
10 67
10 87
10 91
10 92
10 116
10 126
10 139
10 158
10 160
10 182
10 184
10 202
10 216
10 218
10 225
10 230
10 244
11 12
11 14
11 28
11 30
11 36
11 40
11 50
11 51
11 61
11 71
11 89
11 92
11 114
11 139
11 211
12 15
12 29
12 30
12 38
12 46
12 50
12 55
12 60
12 76
12 83
12 98
12 100
12 102
12 103
12 114
12 115
12 120
12 124
12 215
12 248
13 19
13 20
13 21
13 22
13 27
13 29
13 31
13 48
13 52
13 66
13 68
13 69
13 101
13 104
13 119
13 127
13 132
13 136
13 139
13 147
13 155
13 168
13 179
13 180
13 186
13 197
13 241
13 247
13 249
14 16
14 18
14 25
14 30
14 33
14 37
14 38
14 41
14 44
14 52
14 53
14 58
14 60
14 73
14 83
14 88
14 98
14 103
14 107
14 123
14 124
14 135
14 167
14 187
14 208
14 220
14 222
14 238
14 246
15 18
15 19
15 21
15 23
15 26
15 28
15 34
15 35
15 42
15 45
15 52
15 60
15 64
15 66
15 74
15 75
15 115
15 126
15 138
15 149
15 164
15 175
15 185
15 197
15 204
15 211
15 248
16 17
16 19
16 24
16 25
16 36
16 40
16 46
16 57
16 59
16 78
16 85
16 100
16 102
16 107
16 122
16 190
16 203
16 205
16 213
16 235
16 239
17 43
17 74
17 80
17 121
17 141
17 156
17 182
17 211
17 217
17 246
18 28
18 63
18 123
18 141
18 224
19 96
19 134
19 223
20 79
20 89
20 91
20 99
20 107
20 116
20 140
20 186
20 229
20 240
20 242
21 32
21 33
21 42
21 51
21 65
21 73
21 88
21 122
21 148
21 207
21 238
22 31
22 33
22 34
22 36
22 47
22 54
22 61
22 68
22 70
22 71
22 77
22 94
22 144
22 180
22 230
23 27
23 30
23 44
23 79
23 82
23 165
23 183
23 209
24 25
24 29
24 39
24 57
24 64
24 65
24 69
24 73
24 113
24 125
24 128
24 129
24 137
24 152
24 169
24 179
24 210
25 36
25 44
25 47
25 49
25 51
25 65
25 88
25 100
25 121
25 154
25 159
25 200
25 236
26 29
26 34
26 61
26 86
26 87
26 167
27 90
27 137
27 143
27 181
28 48
28 88
28 207
28 223
28 248
29 32
29 37
29 39
29 53
29 82
29 104
29 142
29 149
29 201
29 214
29 225
29 229
29 230
29 246
30 71
30 142
30 238
31 34
31 43
31 49
31 61
31 93
31 165
31 172
32 95
32 124
33 57
33 90
33 93
33 128
33 133
33 144
33 219
33 230
34 74
34 78
34 157
34 195
35 69
35 85
35 114
35 133
35 157
35 185
35 210
36 75
36 108
37 75
37 80
37 94
37 95
37 131
37 170
38 63
38 120
38 140
38 202
38 228
39 40
39 41
39 42
39 45
39 53
39 70
39 77
39 83
39 84
39 99
39 106
39 146
39 205
39 215
39 247
40 41
40 46
40 63
40 79
40 112
40 115
40 134
40 147
40 166
40 200
40 203
40 218
40 233
41 84
41 89
41 91
41 98
41 111
41 169
41 208
41 234
41 245
42 43
42 49
42 68
42 123
42 134
42 183
42 220
43 104
43 105
43 106
43 118
43 146
43 162
43 176
44 109
44 129
45 67
45 112
46 72
46 76
46 97
46 145
46 147
46 190
46 212
47 48
47 125
48 50
48 62
48 245
49 56
49 77
49 79
49 96
49 111
49 135
49 201
50 95
50 116
51 57
51 65
51 87
51 130
51 152
51 233
52 55
52 63
52 66
52 83
52 84
52 164
52 171
52 192
52 222
52 232
52 246
53 58
53 98
53 108
53 189
54 77
54 95
54 111
54 130
54 152
54 186
54 187
54 224
54 234
54 239
55 58
55 60
55 80
55 89
55 131
55 135
55 137
55 148
55 154
55 184
56 59
56 72
56 187
57 166
57 192
57 249
58 62
58 231
60 216
61 141
61 153
61 164
61 196
61 208
61 221
62 67
62 78
62 81
62 112
62 129
62 151
62 152
62 199
62 212
62 220
64 81
64 145
65 75
66 103
66 151
66 161
66 174
66 237
67 109
67 113
67 128
67 135
67 157
67 158
67 179
67 204
67 227
68 170
68 203
68 241
69 174
70 132
70 163
70 176
70 226
70 228
71 119
72 81
72 142
72 178
73 96
73 99
73 171
73 174
73 195
73 247
74 184
74 243
75 105
75 138
75 182
76 105
76 159
76 173
78 191
78 231
79 90
79 115
79 171
79 215
79 243
80 86
80 117
80 137
80 191
80 219
80 222
80 232
81 233
81 247
82 120
82 127
82 165
82 231
83 86
83 97
83 110
83 160
85 249
86 92
86 104
86 109
86 117
86 121
86 206
87 160
87 178
87 226
88 90
88 173
88 193
88 209
89 93
89 117
90 111
90 213
90 223
90 235
91 136
92 168
92 229
94 113
94 123
95 103
95 191
95 221
97 101
97 118
97 130
97 157
97 172
99 142
99 202
99 203
99 206
99 207
99 214
100 212
100 236
101 144
101 188
102 161
102 185
102 198
102 205
102 217
103 148
104 150
105 136
105 141
105 144
105 173
105 177
105 178
105 187
106 108
106 112
106 134
106 188
108 180
108 191
108 193
108 239
109 133
109 155
110 176
110 218
111 178
111 196
112 138
112 146
112 188
112 243
113 211
114 122
114 150
114 175
114 245
115 145
115 155
115 216
116 136
116 151
116 224
116 248
116 249
118 150
118 161
119 120
119 128
119 153
119 159
119 192
119 204
119 209
120 158
120 184
121 185
121 193
121 202
121 231
122 223
124 219
124 224
124 244
126 160
126 243
127 189
127 196
127 218
127 225
128 140
130 131
130 162
131 143
132 143
132 198
133 138
134 221
135 195
135 204
136 167
136 177
137 148
137 150
137 217
138 162
140 171
140 237
140 240
142 153
144 163
145 181
145 222
145 244
146 163
147 170
147 199
147 228
147 233
149 216
150 165
150 242
151 198
153 156
156 163
157 210
161 175
162 237
165 167
166 181
167 205
168 190
168 235
169 197
170 237
173 227
177 182
179 200
179 234
183 186
185 242
186 190
186 210
188 209
189 194
189 198
189 214
189 245
192 219
192 232
194 207
195 227
199 206
200 241
217 236
