0 1
0 2
0 3
0 4
0 5
0 6
0 7
0 8
0 9
0 10
0 11
0 12
0 14
0 16
0 17
0 18
0 21
0 26
0 28
0 34
0 38
0 41
0 43
0 45
0 47
0 51
0 52
0 60
0 66
0 70
0 71
0 73
0 81
0 83
0 86
0 92
0 98
0 103
0 106
0 108
0 109
0 112
0 114
0 135
0 137
0 149
0 174
0 176
0 183
0 185
0 204
0 206
0 207
0 211
0 214
0 233
0 240
1 7
1 9
1 10
1 11
1 13
1 14
1 16
1 18
1 19
1 22
1 33
1 40
1 45
1 85
1 93
1 96
1 106
1 117
1 123
1 125
1 127
1 151
1 166
1 169
1 210
1 213
1 223
1 226
1 238
2 7
2 19
2 37
2 54
2 61
2 96
2 104
2 107
2 139
2 154
2 162
2 170
2 190
2 198
2 201
2 232
3 7
3 8
3 9
3 10
3 11
3 12
3 13
3 15
3 18
3 19
3 23
3 26
3 27
3 42
3 46
3 48
3 54
3 57
3 64
3 68
3 71
3 74
3 84
3 94
3 101
3 132
3 135
3 137
3 142
3 165
3 166
3 179
3 199
3 211
3 215
3 248
3 249
4 7
4 8
4 9
4 12
4 15
4 16
4 20
4 21
4 24
4 26
4 27
4 28
4 32
4 41
4 43
4 51
4 53
4 58
4 64
4 71
4 76
4 81
4 86
4 94
4 99
4 100
4 101
4 110
4 111
4 113
4 126
4 128
4 129
4 131
4 137
4 148
4 156
4 165
4 167
4 191
4 203
4 215
4 217
4 221
4 224
4 233
5 8
5 13
5 17
5 22
5 25
5 27
5 31
5 45
5 58
5 66
5 79
5 93
5 109
5 111
5 118
5 182
5 215
6 7
6 8
6 14
6 15
6 27
6 32
6 33
6 36
6 51
6 57
6 58
6 85
6 108
6 111
6 134
6 146
6 162
6 164
6 165
6 198
6 220
6 236
6 237
7 8
7 9
7 10
7 11
7 13
7 14
7 15
7 16
7 17
7 18
7 19
7 21
7 22
7 23
7 24
7 25
7 26
7 28
7 29
7 34
7 36
7 41
7 44
7 45
7 48
7 50
7 54
7 57
7 59
7 68
7 73
7 77
7 80
7 83
7 95
7 110
7 126
7 134
7 142
7 145
7 158
7 168
7 173
7 193
7 199
7 203
7 221
7 229
7 235
7 239
7 242
7 247
8 9
8 10
8 11
8 12
8 13
8 14
8 16
8 21
8 24
8 25
8 39
8 47
8 49
8 54
8 61
8 73
8 76
8 79
8 80
8 91
8 92
8 97
8 102
8 111
8 120
8 125
8 126
8 127
8 128
8 129
8 140
8 150
8 154
8 156
8 171
8 172
8 196
8 197
8 213
8 222
8 236
8 239
8 241
8 245
8 246
8 247
9 10
9 12
9 13
9 17
9 18
9 20
9 24
9 26
9 27
9 28
9 29
9 34
9 36
9 38
9 45
9 46
9 47
9 48
9 50
9 52
9 59
9 62
9 63
9 64
9 67
9 70
9 71
9 77
9 90
9 93
9 105
9 114
9 118
9 125
9 134
9 136
9 146
9 147
9 152
9 158
9 159
9 175
9 183
9 194
9 213
9 216
9 234
9 244
9 248
10 11
10 16
10 23
10 25
10 38
10 105
10 173
10 207
10 227
11 12
11 14
11 17
11 19
11 20
11 22
11 25
11 29
11 31
11 32
11 35
11 36
11 44
11 47
11 53
11 61
11 75
11 78
11 80
11 82
11 86
11 104
11 115
11 119
11 125
11 132
11 141
11 145
11 164
11 166
11 169
11 179
11 211
11 219
11 225
11 244
12 15
12 20
12 22
12 25
12 30
12 32
12 37
12 78
12 79
12 82
12 87
12 90
12 101
12 103
12 112
12 113
12 116
12 118
12 119
12 139
12 157
12 163
12 189
12 192
12 195
12 207
12 208
12 214
12 226
12 227
12 235
12 246
12 249
13 18
13 26
13 36
13 37
13 40
13 44
13 51
13 57
13 70
13 78
13 85
13 98
13 153
13 160
13 216
14 15
14 17
14 19
14 29
14 31
14 32
14 33
14 35
14 39
14 41
14 46
14 49
14 50
14 53
14 56
14 60
14 63
14 64
14 66
14 69
14 74
14 86
14 115
14 133
14 155
14 186
14 189
14 194
14 210
14 239
14 245
15 83
15 98
15 156
15 172
15 236
16 21
16 27
16 29
16 30
16 38
16 39
16 40
16 49
16 51
16 52
16 53
16 60
16 82
16 88
16 120
16 123
16 136
16 138
16 141
16 146
16 157
16 167
16 173
16 176
16 236
16 242
17 20
17 21
17 30
17 37
17 39
17 43
17 49
17 55
17 59
17 71
17 78
17 98
17 110
17 113
17 118
17 126
17 138
17 155
17 176
17 187
17 195
17 216
17 237
17 240
18 20
18 22
18 23
18 24
18 28
18 32
18 42
18 48
18 52
18 65
18 69
18 72
18 74
18 77
18 79
18 88
18 89
18 91
18 99
18 123
18 124
18 143
18 145
18 146
18 147
18 148
18 174
18 220
18 224
18 225
18 226
18 248
19 23
19 33
19 61
19 86
19 92
19 116
19 160
19 177
19 183
19 201
19 211
19 228
19 233
20 29
20 34
20 70
20 72
20 79
20 82
20 89
20 96
20 102
20 108
20 143
20 153
20 175
20 178
20 181
20 199
20 223
20 241
20 243
21 34
21 42
21 53
21 67
21 73
21 91
21 102
21 148
21 210
21 218
22 23
22 31
22 33
22 38
22 41
22 43
22 62
22 73
22 76
22 94
22 104
22 109
22 142
22 144
22 146
22 187
22 189
22 218
23 24
23 31
23 40
23 43
23 48
23 67
23 72
23 76
23 83
23 90
23 92
23 102
23 108
23 119
23 124
23 126
23 148
23 152
23 154
23 166
23 172
23 217
23 228
24 30
24 55
24 65
24 68
24 69
24 79
24 106
24 107
24 108
24 110
24 112
24 119
24 128
24 131
24 133
24 163
24 164
24 167
24 168
24 169
24 170
24 172
24 174
24 188
24 194
24 204
24 209
24 222
24 223
24 234
24 237
24 248
25 33
25 35
25 37
25 49
25 81
25 84
25 94
25 97
25 100
25 107
25 152
25 181
25 188
26 28
26 30
26 35
26 39
26 58
26 59
26 75
26 77
26 80
26 91
26 102
26 108
26 121
26 181
26 209
26 225
26 232
27 46
27 100
27 114
28 34
28 40
28 81
28 130
28 131
28 143
28 148
28 156
28 223
29 30
29 31
29 35
29 42
29 45
29 46
29 62
29 64
29 67
29 72
29 88
29 119
29 129
29 152
29 168
29 190
29 204
29 205
30 36
30 63
30 98
30 128
30 165
30 181
30 198
30 201
31 48
31 52
31 57
31 63
31 66
31 84
31 91
31 97
31 115
31 120
31 171
31 178
31 245
32 74
32 85
32 127
32 130
32 150
32 161
32 162
32 168
32 207
32 244
33 37
33 38
33 41
33 55
33 60
33 112
33 124
33 125
33 135
33 140
33 142
33 180
33 182
33 188
33 189
33 190
33 194
33 212
33 249
34 35
34 43
34 44
34 50
34 57
34 60
34 74
34 75
34 78
34 88
34 90
34 95
34 122
34 183
34 192
34 196
34 205
34 208
34 212
34 228
35 40
35 42
35 49
35 55
35 56
35 65
35 68
35 84
35 96
35 97
35 103
35 134
35 139
35 140
35 142
35 163
35 168
35 200
36 39
36 46
36 56
36 230
37 44
37 72
37 138
37 161
37 167
37 169
38 44
38 47
38 95
38 105
38 113
38 136
38 199
39 58
39 71
39 132
39 148
39 174
39 218
39 241
40 50
40 61
40 66
40 82
40 100
40 103
40 115
40 144
40 175
41 42
41 68
41 69
41 78
41 84
41 99
41 114
41 124
41 144
41 149
41 150
41 152
41 161
41 165
41 201
41 206
41 208
41 216
41 221
41 223
41 226
42 60
42 90
42 95
42 101
42 176
42 178
42 188
42 204
42 213
42 232
43 62
43 111
43 147
43 231
43 242
43 243
43 246
44 47
44 50
44 51
44 54
44 67
44 95
44 141
44 160
44 177
44 193
44 195
44 228
45 54
45 55
45 94
45 149
45 150
45 157
45 160
45 185
45 193
45 222
45 235
46 58
46 99
46 135
46 224
47 52
47 56
47 62
47 63
47 64
47 68
47 87
47 91
47 93
47 101
47 121
47 122
47 139
47 140
47 145
47 158
47 159
47 171
47 206
47 210
47 234
48 53
48 80
48 123
48 184
48 238
49 56
49 59
49 62
49 121
49 133
49 212
49 227
50 95
50 99
50 104
50 125
50 166
50 204
50 205
51 55
51 65
51 70
51 75
51 83
51 98
51 121
51 127
51 133
51 151
51 162
51 164
51 178
51 196
51 242
52 70
52 97
52 128
52 130
52 177
52 196
53 59
53 112
53 192
54 56
54 63
54 65
54 69
54 76
54 85
54 92
54 110
54 122
54 160
54 186
54 189
54 211
55 61
55 117
55 122
55 137
55 141
55 161
55 180
56 69
56 76
56 105
56 106
56 115
56 169
56 173
56 220
56 242
58 101
58 120
58 143
58 170
58 207
58 217
58 239
59 120
59 131
59 134
59 215
60 67
60 77
60 88
60 107
60 129
60 221
60 230
60 244
61 65
61 75
61 87
61 124
61 197
62 100
62 184
62 226
63 66
63 89
63 113
63 137
63 196
63 211
64 109
64 129
64 147
64 150
64 157
64 158
64 161
64 179
64 202
64 242
65 80
65 96
65 116
65 119
65 123
65 157
65 176
65 237
65 245
66 72
66 73
66 75
66 84
66 93
66 114
66 137
66 172
66 206
66 210
66 228
67 81
67 92
67 104
67 142
67 162
68 74
68 109
68 117
68 158
68 167
68 177
68 180
68 188
68 193
68 224
68 232
68 244
69 82
69 165
70 96
70 105
70 178
70 193
71 77
71 113
71 190
71 202
72 83
72 89
72 107
72 186
72 200
72 230
72 243
73 87
73 90
73 133
73 161
73 169
73 170
73 179
73 200
73 220
74 99
74 140
74 181
74 185
74 237
75 86
75 100
75 124
75 131
75 154
75 155
75 175
75 245
76 81
76 88
76 94
76 103
76 118
76 121
76 136
76 155
76 171
76 172
76 173
76 180
76 190
76 238
77 118
77 135
77 147
77 191
77 192
77 203
77 241
78 122
79 114
79 184
79 219
80 183
80 205
80 248
81 87
81 102
81 187
81 218
82 85
82 109
82 116
82 117
82 123
82 126
82 139
82 159
82 218
82 233
82 249
83 89
83 153
83 198
84 104
84 105
84 171
84 186
84 201
84 243
85 87
85 89
85 208
86 103
87 120
87 163
87 195
88 188
88 198
88 205
88 236
89 127
89 144
89 216
89 235
90 151
90 154
90 192
91 93
91 97
91 134
91 176
92 107
92 155
92 197
92 209
92 222
93 106
93 144
93 151
93 174
93 180
93 182
93 191
94 152
94 177
95 111
95 122
95 138
95 225
95 234
96 179
97 159
98 209
98 213
99 203
99 208
100 143
100 154
100 196
100 234
101 110
101 147
101 159
102 112
102 175
103 106
103 128
103 145
103 195
104 200
106 115
106 129
106 132
106 146
106 212
106 233
107 130
107 200
108 159
109 116
109 149
109 166
111 117
111 127
111 224
112 117
112 153
112 177
112 183
112 184
112 243
113 132
113 136
113 173
113 187
113 191
113 209
114 116
114 230
115 138
115 140
115 141
115 153
115 198
115 199
115 215
115 231
116 121
116 149
116 156
117 132
117 153
118 184
119 131
119 139
119 168
119 174
119 179
119 186
120 130
120 151
120 236
121 138
121 144
121 191
121 203
123 227
123 245
123 247
124 130
124 171
124 182
124 205
125 213
127 143
127 149
127 155
127 160
127 163
127 202
127 206
128 163
128 189
128 219
128 231
129 135
129 141
129 151
130 133
130 175
130 190
131 136
131 237
132 182
132 219
132 229
132 234
132 238
134 204
135 156
135 178
135 246
137 157
137 164
137 230
137 249
139 218
141 145
141 167
141 232
144 164
145 158
146 150
146 185
146 187
146 220
147 224
148 170
148 246
149 197
149 222
149 244
150 195
151 162
151 210
151 225
151 227
152 241
153 203
154 194
154 217
157 238
160 214
160 225
162 240
163 193
164 221
164 223
166 170
166 207
166 240
167 247
168 187
168 209
168 212
168 215
168 217
169 201
169 214
169 221
169 229
171 180
171 182
174 217
174 229
174 239
175 192
176 184
177 185
177 194
177 208
177 216
177 246
178 181
179 185
179 226
180 191
180 206
181 197
181 202
182 247
185 186
185 200
186 235
187 197
188 199
189 202
189 220
191 202
193 230
193 240
194 239
196 229
197 238
199 219
200 222
200 247
201 214
202 214
202 229
203 228
205 219
205 243
207 212
207 231
207 248
209 231
210 233
214 232
218 227
219 241
221 240
226 249
228 231
232 235
