0 1
0 2
0 3
0 4
0 5
0 6
0 7
0 8
0 9
0 10
0 11
0 12
0 13
0 14
0 15
0 16
0 17
0 18
0 19
0 20
0 21
0 22
0 23
0 24
0 25
0 26
0 27
0 28
0 29
0 30
0 31
0 32
0 34
0 35
0 38
0 39
0 41
0 43
0 45
0 47
0 48
0 52
0 53
0 55
0 56
0 57
0 58
0 60
0 62
0 65
0 66
0 70
0 75
0 77
0 78
0 79
0 81
0 83
0 87
0 90
0 93
0 97
0 101
0 102
0 104
0 105
0 106
0 108
0 110
0 111
0 112
0 114
0 115
0 117
0 119
0 120
0 123
0 125
0 129
0 130
0 132
0 136
0 137
0 141
0 146
0 147
0 149
0 150
0 151
0 155
0 159
0 160
0 172
0 179
0 183
0 184
0 188
0 189
0 192
0 206
0 207
0 209
0 212
0 224
0 226
0 237
0 238
0 244
1 19
1 20
1 21
1 22
1 23
1 24
1 27
1 31
1 32
1 33
1 36
1 37
1 40
1 43
1 47
1 48
1 49
1 55
1 62
1 72
1 76
1 80
1 82
1 86
1 88
1 89
1 94
1 107
1 109
1 111
1 119
1 128
1 138
1 165
1 168
1 170
1 173
1 179
1 202
1 212
1 213
1 215
1 235
1 243
2 19
2 20
2 21
2 22
2 23
2 24
2 25
2 26
2 27
2 30
2 31
2 33
2 37
2 38
2 42
2 48
2 55
2 59
2 60
2 76
2 80
2 81
2 84
2 88
2 93
2 97
2 115
2 124
2 130
2 133
2 135
2 138
2 150
2 154
2 169
2 173
2 177
2 188
2 203
2 209
2 225
2 236
2 245
2 246
3 19
3 20
3 21
3 23
3 25
3 26
3 28
3 29
3 33
3 34
3 36
3 37
3 42
3 48
3 49
3 51
3 62
3 74
3 76
3 87
3 99
3 107
3 118
3 137
3 159
3 160
3 173
3 182
3 187
3 190
3 208
3 225
3 231
3 242
4 19
4 20
4 21
4 22
4 23
4 24
4 25
4 27
4 29
4 31
4 34
4 35
4 38
4 40
4 43
4 44
4 45
4 47
4 48
4 50
4 54
4 55
4 57
4 63
4 68
4 69
4 76
4 80
4 89
4 90
4 91
4 100
4 103
4 112
4 113
4 114
4 117
4 119
4 124
4 132
4 140
4 142
4 145
4 148
4 174
4 180
4 182
4 207
4 211
4 218
4 231
4 234
4 236
5 19
5 20
5 21
5 22
5 24
5 25
5 26
5 27
5 28
5 30
5 32
5 35
5 38
5 39
5 43
5 47
5 52
5 55
5 58
5 60
5 63
5 64
5 65
5 68
5 77
5 81
5 89
5 91
5 92
5 100
5 101
5 117
5 123
5 134
5 144
5 145
5 152
5 164
5 167
5 177
5 188
5 212
5 214
5 216
5 220
5 225
5 235
5 249
6 19
6 20
6 21
6 22
6 23
6 27
6 28
6 30
6 31
6 32
6 33
6 34
6 36
6 37
6 40
6 42
6 49
6 50
6 52
6 54
6 57
6 59
6 63
6 69
6 70
6 72
6 80
6 99
6 101
6 105
6 120
6 130
6 131
6 132
6 133
6 135
6 141
6 144
6 151
6 153
6 179
6 222
6 226
6 239
6 246
7 19
7 20
7 21
7 24
7 25
7 27
7 28
7 30
7 32
7 33
7 35
7 40
7 44
7 45
7 46
7 47
7 51
7 61
7 68
7 85
7 88
7 89
7 112
7 113
7 121
7 124
7 127
7 131
7 134
7 135
7 137
7 143
7 147
7 152
7 179
7 181
7 191
7 195
7 208
7 209
7 210
7 224
7 227
7 236
7 240
7 245
8 19
8 21
8 22
8 23
8 24
8 25
8 26
8 29
8 33
8 43
8 44
8 46
8 49
8 61
8 62
8 63
8 68
8 74
8 75
8 78
8 79
8 80
8 85
8 91
8 94
8 110
8 120
8 126
8 134
8 150
8 172
8 202
8 218
9 19
9 20
9 21
9 22
9 23
9 24
9 31
9 32
9 35
9 36
9 38
9 39
9 40
9 41
9 44
9 52
9 58
9 61
9 66
9 73
9 103
9 144
9 164
9 178
9 183
9 186
9 202
9 205
9 207
9 232
9 243
10 19
10 20
10 22
10 25
10 26
10 28
10 33
10 42
10 46
10 48
10 53
10 56
10 57
10 58
10 61
10 69
10 90
10 91
10 92
10 94
10 96
10 100
10 105
10 112
10 144
10 147
10 148
10 184
10 194
10 196
10 200
10 201
10 206
10 221
10 223
10 242
10 246
11 19
11 20
11 22
11 23
11 28
11 29
11 35
11 36
11 43
11 44
11 45
11 48
11 51
11 53
11 54
11 62
11 67
11 68
11 78
11 82
11 85
11 101
11 125
11 129
11 132
11 140
11 154
11 166
11 168
11 174
11 205
11 231
11 232
11 236
12 21
12 24
12 25
12 30
12 50
12 59
12 69
12 72
12 74
12 75
12 82
12 93
12 101
12 157
12 158
12 171
12 175
12 198
12 207
12 232
13 19
13 20
13 21
13 22
13 23
13 24
13 25
13 26
13 27
13 29
13 31
13 32
13 33
13 39
13 41
13 45
13 46
13 48
13 51
13 62
13 72
13 73
13 75
13 76
13 83
13 85
13 89
13 100
13 103
13 119
13 121
13 122
13 127
13 134
13 135
13 139
13 144
13 148
13 158
13 169
13 177
13 182
13 185
13 190
13 191
13 193
13 195
13 212
13 213
13 215
13 224
13 231
13 245
14 19
14 20
14 21
14 22
14 23
14 24
14 26
14 30
14 31
14 35
14 43
14 49
14 58
14 67
14 71
14 74
14 96
14 98
14 99
14 109
14 148
14 189
14 199
14 205
14 206
14 208
14 217
14 230
15 19
15 20
15 21
15 22
15 23
15 26
15 27
15 31
15 34
15 35
15 37
15 39
15 40
15 42
15 43
15 44
15 46
15 47
15 48
15 49
15 51
15 55
15 58
15 64
15 65
15 83
15 87
15 88
15 90
15 91
15 102
15 113
15 119
15 126
15 134
15 136
15 139
15 140
15 145
15 147
15 149
15 152
15 161
15 163
15 164
15 176
15 181
15 186
15 188
15 196
15 199
15 211
15 215
15 223
15 234
15 236
15 241
15 243
15 245
15 247
16 19
16 20
16 21
16 22
16 23
16 25
16 26
16 27
16 28
16 29
16 34
16 41
16 44
16 45
16 46
16 50
16 51
16 56
16 63
16 65
16 66
16 67
16 68
16 73
16 75
16 76
16 78
16 79
16 86
16 92
16 97
16 98
16 100
16 117
16 123
16 131
16 132
16 140
16 152
16 153
16 159
16 164
16 165
16 174
16 175
16 177
16 191
16 194
16 200
16 216
16 229
17 19
17 20
17 21
17 24
17 35
17 36
17 38
17 54
17 58
17 68
17 72
17 81
17 100
17 110
17 116
17 141
17 156
17 176
17 223
17 224
18 19
18 20
18 22
18 23
18 24
18 25
18 26
18 28
18 29
18 30
18 32
18 34
18 35
18 36
18 37
18 38
18 40
18 41
18 51
18 59
18 60
18 63
18 77
18 81
18 85
18 87
18 96
18 99
18 104
18 111
18 114
18 125
18 127
18 131
18 156
18 161
18 172
18 175
18 200
18 205
18 213
18 221
18 226
18 228
18 234
18 239
18 245
19 20
19 21
19 22
19 23
19 24
19 25
19 26
19 27
19 28
19 29
19 30
19 31
19 32
19 33
19 34
19 35
19 36
19 38
19 39
19 40
19 42
19 43
19 44
19 45
19 47
19 48
19 49
19 50
19 51
19 52
19 53
19 54
19 57
19 60
19 62
19 64
19 65
19 67
19 69
19 70
19 72
19 73
19 75
19 77
19 78
19 81
19 82
19 96
19 98
19 101
19 107
19 108
19 109
19 113
19 116
19 119
19 120
19 122
19 126
19 128
19 129
19 132
19 133
19 136
19 138
19 139
19 140
19 147
19 148
19 157
19 158
19 160
19 162
19 165
19 169
19 172
19 173
19 175
19 178
19 189
19 190
19 191
19 192
19 197
19 202
19 208
19 209
19 211
19 212
19 217
19 223
19 227
19 228
19 229
19 231
19 236
19 248
20 21
20 22
20 23
20 24
20 25
20 26
20 27
20 28
20 29
20 30
20 32
20 33
20 34
20 35
20 36
20 37
20 38
20 39
20 40
20 41
20 42
20 43
20 44
20 45
20 46
20 47
20 49
20 51
20 52
20 53
20 55
20 56
20 57
20 58
20 59
20 60
20 61
20 62
20 64
20 66
20 69
20 70
20 71
20 73
20 75
20 76
20 77
20 78
20 79
20 81
20 84
20 85
20 90
20 92
20 94
20 97
20 107
20 122
20 124
20 129
20 136
20 141
20 143
20 150
20 152
20 158
20 159
20 166
20 167
20 169
20 170
20 172
20 174
20 175
20 177
20 181
20 183
20 184
20 186
20 187
20 189
20 190
20 200
20 205
20 218
20 219
20 223
20 225
20 236
20 241
20 243
20 244
20 246
20 249
21 22
21 23
21 24
21 25
21 26
21 27
21 28
21 29
21 30
21 31
21 32
21 34
21 35
21 38
21 40
21 41
21 42
21 44
21 47
21 49
21 50
21 52
21 54
21 56
21 57
21 58
21 59
21 68
21 69
21 74
21 78
21 84
21 85
21 92
21 96
21 101
21 104
21 108
21 109
21 110
21 111
21 115
21 116
21 121
21 124
21 132
21 133
21 140
21 141
21 151
21 154
21 156
21 158
21 161
21 163
21 179
21 180
21 185
21 189
21 190
21 198
21 199
21 209
21 214
21 217
21 219
21 220
21 225
21 227
21 228
21 229
21 230
21 234
21 237
21 242
21 245
21 246
21 248
22 23
22 24
22 25
22 26
22 27
22 28
22 29
22 30
22 31
22 35
22 36
22 37
22 38
22 39
22 40
22 41
22 44
22 46
22 50
22 53
22 55
22 60
22 61
22 63
22 64
22 65
22 67
22 69
22 71
22 72
22 78
22 83
22 84
22 85
22 87
22 94
22 95
22 97
22 107
22 108
22 114
22 116
22 118
22 121
22 122
22 123
22 126
22 133
22 136
22 138
22 142
22 144
22 145
22 148
22 152
22 153
22 157
22 160
22 167
22 169
22 171
22 174
22 175
22 176
22 177
22 180
22 186
22 197
22 199
22 209
22 211
22 217
22 219
22 221
22 226
22 229
22 231
22 232
22 233
22 238
22 242
22 245
22 246
22 247
22 249
23 24
23 25
23 26
23 27
23 28
23 29
23 30
23 32
23 33
23 34
23 35
23 36
23 37
23 38
23 39
23 42
23 44
23 46
23 47
23 49
23 50
23 52
23 53
23 55
23 58
23 59
23 60
23 62
23 68
23 70
23 74
23 75
23 77
23 87
23 88
23 89
23 90
23 92
23 95
23 97
23 98
23 101
23 107
23 108
23 114
23 118
23 120
23 122
23 137
23 138
23 148
23 155
23 164
23 165
23 174
23 176
23 177
23 191
23 195
23 196
23 198
23 201
23 207
23 210
23 215
23 235
23 236
23 237
23 246
24 25
24 26
24 27
24 28
24 29
24 31
24 32
24 33
24 34
24 37
24 38
24 39
24 40
24 42
24 43
24 46
24 47
24 48
24 50
24 51
24 55
24 56
24 60
24 61
24 64
24 67
24 68
24 70
24 74
24 75
24 80
24 84
24 86
24 87
24 88
24 89
24 90
24 91
24 93
24 97
24 99
24 100
24 105
24 106
24 112
24 113
24 114
24 115
24 118
24 121
24 124
24 126
24 128
24 130
24 131
24 133
24 134
24 137
24 141
24 142
24 144
24 150
24 161
24 162
24 166
24 171
24 175
24 177
24 183
24 186
24 189
24 198
24 202
24 204
24 205
24 206
24 213
24 217
24 219
24 223
24 236
24 243
25 26
25 27
25 28
25 29
25 30
25 31
25 38
25 39
25 41
25 42
25 44
25 45
25 49
25 50
25 51
25 52
25 53
25 54
25 56
25 57
25 58
25 60
25 64
25 65
25 69
25 70
25 76
25 81
25 82
25 83
25 87
25 93
25 97
25 98
25 105
25 112
25 113
25 117
25 119
25 125
25 129
25 134
25 137
25 138
25 139
25 142
25 144
25 151
25 153
25 164
25 168
25 178
25 179
25 184
25 185
25 187
25 189
25 194
25 198
25 204
25 207
25 210
25 211
25 218
25 225
25 239
25 242
25 243
25 247
26 27
26 28
26 29
26 30
26 32
26 33
26 34
26 35
26 36
26 37
26 38
26 39
26 40
26 41
26 43
26 44
26 45
26 54
26 55
26 57
26 58
26 64
26 66
26 68
26 69
26 71
26 73
26 74
26 79
26 84
26 86
26 90
26 94
26 95
26 96
26 109
26 110
26 130
26 137
26 142
26 145
26 147
26 150
26 151
26 154
26 157
26 159
26 167
26 168
26 169
26 176
26 182
26 183
26 190
26 198
26 225
26 241
26 245
27 28
27 29
27 30
27 31
27 32
27 33
27 34
27 35
27 36
27 37
27 38
27 40
27 41
27 43
27 45
27 47
27 52
27 53
27 54
27 57
27 61
27 65
27 66
27 67
27 68
27 75
27 77
27 82
27 83
27 84
27 87
27 91
27 92
27 93
27 95
27 98
27 100
27 103
27 107
27 108
27 109
27 110
27 114
27 133
27 137
27 138
27 141
27 142
27 146
27 149
27 150
27 155
27 158
27 159
27 160
27 170
27 171
27 174
27 176
27 178
27 179
27 185
27 186
27 202
27 203
27 204
27 215
27 227
27 247
28 29
28 30
28 31
28 32
28 33
28 34
28 36
28 37
28 39
28 44
28 46
28 49
28 51
28 52
28 54
28 56
28 58
28 64
28 65
28 66
28 67
28 71
28 73
28 77
28 78
28 82
28 83
28 85
28 88
28 91
28 93
28 94
28 108
28 113
28 118
28 123
28 125
28 126
28 127
28 135
28 139
28 143
28 147
28 148
28 150
28 153
28 160
28 167
28 169
28 181
28 188
28 192
28 219
28 224
28 225
28 227
28 231
28 246
29 30
29 31
29 32
29 33
29 34
29 35
29 36
29 37
29 38
29 39
29 41
29 42
29 45
29 47
29 48
29 49
29 53
29 54
29 55
29 56
29 58
29 61
29 62
29 64
29 65
29 67
29 73
29 76
29 79
29 80
29 82
29 84
29 85
29 86
29 90
29 93
29 94
29 97
29 103
29 107
29 108
29 112
29 113
29 114
29 119
29 120
29 121
29 131
29 134
29 136
29 139
29 140
29 142
29 146
29 152
29 153
29 157
29 158
29 161
29 162
29 164
29 165
29 166
29 174
29 180
29 184
29 185
29 189
29 195
29 201
29 204
29 205
29 206
29 207
29 212
29 213
29 214
29 233
29 235
29 239
29 247
30 31
30 33
30 37
30 41
30 44
30 46
30 47
30 51
30 53
30 55
30 56
30 61
30 63
30 67
30 70
30 73
30 77
30 79
30 86
30 96
30 98
30 99
30 103
30 104
30 114
30 118
30 119
30 122
30 123
30 131
30 136
30 146
30 168
30 195
30 218
30 224
30 230
30 232
30 240
31 32
31 33
31 34
31 36
31 37
31 41
31 42
31 44
31 45
31 51
31 53
31 56
31 59
31 60
31 61
31 69
31 70
31 72
31 75
31 81
31 82
31 83
31 84
31 85
31 86
31 91
31 94
31 106
31 107
31 109
31 112
31 113
31 115
31 130
31 141
31 144
31 145
31 146
31 154
31 160
31 163
31 171
31 172
31 177
31 178
31 181
31 184
31 185
31 188
31 190
31 192
31 195
31 198
31 201
31 213
31 218
31 219
31 220
31 224
31 235
31 248
32 38
32 40
32 42
32 43
32 46
32 47
32 49
32 50
32 51
32 53
32 56
32 59
32 63
32 65
32 67
32 70
32 73
32 74
32 75
32 83
32 87
32 93
32 98
32 100
32 101
32 105
32 118
32 119
32 126
32 127
32 131
32 132
32 133
32 137
32 149
32 153
32 167
32 173
32 176
32 178
32 183
32 187
32 189
32 202
32 204
32 205
32 210
32 211
32 217
32 232
32 233
32 242
32 244
32 246
33 34
33 36
33 40
33 41
33 46
33 48
33 50
33 59
33 64
33 70
33 71
33 78
33 83
33 86
33 120
33 134
33 136
33 138
33 140
33 144
33 150
33 151
33 156
33 160
33 164
33 176
33 190
33 191
33 197
33 201
33 204
33 214
33 220
33 230
34 42
34 43
34 46
34 47
34 49
34 52
34 55
34 57
34 58
34 60
34 61
34 62
34 63
34 69
34 73
34 79
34 95
34 100
34 102
34 103
34 109
34 114
34 117
34 121
34 125
34 126
34 128
34 135
34 143
34 151
34 153
34 155
34 160
34 162
34 163
34 172
34 180
34 186
34 187
34 193
34 199
34 208
34 209
34 213
34 216
34 228
34 229
34 240
34 246
34 249
35 36
35 37
35 39
35 41
35 42
35 45
35 48
35 50
35 52
35 54
35 55
35 57
35 66
35 67
35 68
35 70
35 76
35 78
35 80
35 82
35 89
35 90
35 94
35 100
35 101
35 102
35 103
35 105
35 109
35 117
35 119
35 124
35 145
35 146
35 149
35 153
35 163
35 168
35 170
35 181
35 183
35 193
35 194
35 201
35 210
35 216
35 224
35 227
35 236
36 37
36 39
36 40
36 43
36 45
36 47
36 48
36 49
36 53
36 55
36 57
36 59
36 60
36 65
36 68
36 69
36 71
36 72
36 73
36 74
36 76
36 78
36 79
36 80
36 81
36 86
36 89
36 104
36 106
36 107
36 127
36 128
36 143
36 145
36 146
36 153
36 159
36 166
36 190
36 210
36 213
36 215
36 222
36 223
36 226
36 229
36 233
36 234
36 236
36 238
36 240
36 242
36 247
37 39
37 42
37 43
37 45
37 51
37 60
37 65
37 69
37 76
37 80
37 81
37 91
37 94
37 116
37 118
37 132
37 154
37 156
37 169
37 171
37 173
37 182
37 185
37 188
37 190
37 199
37 203
37 222
37 224
37 233
37 234
37 238
37 241
37 242
38 39
38 41
38 42
38 46
38 53
38 58
38 61
38 65
38 66
38 67
38 72
38 80
38 83
38 85
38 97
38 104
38 115
38 118
38 124
38 130
38 135
38 144
38 148
38 149
38 153
38 192
38 195
38 202
38 203
38 205
38 220
38 221
38 226
38 244
39 40
39 41
39 43
39 44
39 46
39 50
39 52
39 54
39 62
39 64
39 66
39 67
39 71
39 72
39 73
39 75
39 84
39 86
39 89
39 98
39 106
39 109
39 110
39 115
39 125
39 128
39 136
39 139
39 156
39 177
39 182
39 186
39 187
39 192
39 197
39 204
39 210
39 215
39 220
39 240
39 243
39 244
39 249
40 49
40 50
40 61
40 67
40 71
40 72
40 74
40 78
40 79
40 89
40 92
40 110
40 118
40 121
40 129
40 150
40 154
40 169
40 184
40 188
40 196
40 213
40 243
40 247
40 248
41 48
41 53
41 55
41 56
41 59
41 64
41 73
41 77
41 80
41 85
41 96
41 97
41 105
41 106
41 111
41 130
41 137
41 143
41 146
41 165
41 181
41 186
41 189
41 192
41 226
41 229
41 237
41 238
41 239
41 242
42 49
42 54
42 60
42 64
42 68
42 79
42 83
42 85
42 101
42 107
42 115
42 126
42 130
42 137
42 148
42 157
42 168
42 179
42 196
42 231
42 241
42 248
43 45
43 46
43 50
43 53
43 54
43 56
43 60
43 62
43 63
43 69
43 71
43 72
43 73
43 76
43 77
43 78
43 79
43 83
43 86
43 92
43 93
43 95
43 96
43 97
43 98
43 102
43 104
43 106
43 109
43 123
43 125
43 128
43 135
43 139
43 143
43 159
43 161
43 165
43 176
43 178
43 184
43 192
43 207
43 216
43 219
43 227
43 239
44 45
44 48
44 50
44 51
44 57
44 61
44 66
44 69
44 71
44 72
44 73
44 82
44 93
44 98
44 99
44 102
44 105
44 110
44 112
44 116
44 137
44 144
44 149
44 150
44 162
44 167
44 199
44 200
44 208
44 225
44 228
44 232
44 236
44 237
44 242
45 47
45 51
45 52
45 54
45 62
45 63
45 70
45 71
45 78
45 81
45 90
45 93
45 95
45 99
45 107
45 108
45 112
45 113
45 121
45 122
45 123
45 133
45 134
45 143
45 164
45 175
45 183
45 188
45 194
45 202
45 215
45 216
45 233
45 234
46 59
46 64
46 66
46 67
46 71
46 79
46 84
46 99
46 117
46 123
46 135
46 142
46 143
46 145
46 155
46 156
46 157
46 165
46 168
46 175
46 195
46 207
46 218
46 230
47 48
47 50
47 56
47 58
47 59
47 61
47 62
47 63
47 74
47 76
47 87
47 92
47 112
47 124
47 128
47 136
47 143
47 148
47 150
47 151
47 152
47 156
47 168
47 175
47 182
47 183
47 186
47 188
47 192
47 193
47 196
47 198
47 201
47 207
47 233
47 249
48 52
48 57
48 59
48 64
48 69
48 71
48 74
48 76
48 78
48 80
48 84
48 85
48 88
48 89
48 102
48 103
48 104
48 108
48 113
48 122
48 125
48 129
48 133
48 137
48 138
48 139
48 141
48 146
48 149
48 154
48 155
48 165
48 181
48 185
48 205
48 220
48 222
48 242
48 244
48 246
48 249
49 52
49 54
49 56
49 57
49 59
49 62
49 63
49 66
49 67
49 71
49 75
49 87
49 98
49 99
49 102
49 111
49 122
49 123
49 139
49 142
49 160
49 162
49 175
49 181
49 192
49 200
49 206
49 214
49 221
49 232
49 234
50 55
50 60
50 64
50 71
50 76
50 88
50 91
50 95
50 99
50 110
50 121
50 122
50 126
50 140
50 147
50 152
50 161
50 168
50 172
50 189
50 193
50 195
50 212
50 215
50 242
50 243
50 244
50 248
50 249
51 52
51 57
51 59
51 60
51 66
51 71
51 88
51 92
51 102
51 107
51 111
51 126
51 129
51 136
51 159
51 174
51 202
51 227
51 237
51 238
51 247
52 53
52 54
52 56
52 58
52 62
52 63
52 65
52 71
52 77
52 83
52 88
52 93
52 104
52 115
52 116
52 118
52 122
52 125
52 129
52 130
52 131
52 135
52 140
52 152
52 178
52 179
52 181
52 185
52 197
52 220
52 227
52 233
52 234
52 237
52 240
53 63
53 68
53 75
53 76
53 83
53 84
53 90
53 92
53 103
53 104
53 111
53 113
53 114
53 116
53 130
53 137
53 145
53 147
53 158
53 164
53 168
53 177
53 194
53 199
53 209
53 234
53 238
54 56
54 62
54 98
54 106
54 147
54 196
54 204
54 207
54 237
54 245
55 57
55 61
55 65
55 66
55 68
55 75
55 81
55 85
55 89
55 98
55 126
55 132
55 137
55 160
55 164
55 169
55 183
55 198
55 203
55 205
55 228
55 244
55 246
56 61
56 63
56 66
56 69
56 70
56 76
56 83
56 84
56 94
56 95
56 100
56 101
56 112
56 114
56 115
56 116
56 117
56 119
56 135
56 138
56 142
56 143
56 157
56 162
56 166
56 172
56 174
56 183
56 203
56 204
56 210
56 217
56 236
57 63
57 66
57 72
57 81
57 92
57 105
57 108
57 121
57 145
57 162
57 163
57 171
57 172
57 187
57 188
57 194
57 200
57 201
57 208
57 214
57 225
58 59
58 79
58 80
58 84
58 86
58 89
58 91
58 113
58 127
58 128
58 135
58 139
58 146
58 160
58 169
58 175
58 180
58 187
58 189
58 196
58 202
58 210
59 70
59 73
59 74
59 88
59 89
59 100
59 102
59 127
59 135
59 141
59 149
59 159
59 181
59 185
59 186
59 213
59 214
59 224
59 229
59 248
60 65
60 87
60 97
60 108
60 116
60 132
60 156
60 157
60 166
60 175
60 177
60 194
60 197
60 209
60 216
60 223
60 245
60 248
61 78
61 83
61 90
61 97
61 99
61 109
61 163
61 166
61 211
61 217
61 219
61 222
61 229
62 72
62 77
62 104
62 106
62 108
62 117
62 120
62 138
62 152
62 160
62 172
62 178
62 191
62 211
62 237
62 241
63 64
63 72
63 74
63 77
63 88
63 100
63 103
63 106
63 111
63 117
63 128
63 134
63 140
63 153
63 164
63 168
63 169
63 193
63 202
63 233
63 234
63 235
63 244
64 65
64 67
64 70
64 77
64 79
64 80
64 82
64 85
64 91
64 95
64 96
64 98
64 100
64 101
64 105
64 106
64 121
64 130
64 142
64 157
64 174
64 176
64 185
64 187
64 189
64 192
64 195
64 220
64 224
64 230
64 240
65 66
65 94
65 99
65 106
65 151
65 171
65 183
65 207
65 218
66 68
66 70
66 74
66 77
66 80
66 82
66 88
66 99
66 104
66 115
66 125
66 131
66 138
66 142
66 144
66 168
66 176
66 184
66 191
66 204
66 211
66 231
66 235
66 241
66 243
67 77
67 82
67 96
67 100
67 104
67 113
67 114
67 118
67 124
67 129
67 133
67 134
67 136
67 138
67 139
67 148
67 154
67 166
67 185
67 187
67 190
67 192
67 198
67 227
67 228
67 229
68 70
68 83
68 85
68 94
68 115
68 116
68 117
68 122
68 125
68 142
68 162
68 173
68 176
68 180
68 181
68 190
68 192
68 221
69 81
69 82
69 84
69 87
69 95
69 97
69 105
69 106
69 110
69 111
69 125
69 127
69 128
69 129
69 138
69 140
69 155
69 169
69 182
69 186
69 193
69 206
69 208
69 210
69 214
69 222
69 228
69 229
70 72
70 73
70 74
70 75
70 79
70 82
70 86
70 90
70 93
70 96
70 102
70 108
70 109
70 124
70 144
70 172
70 184
70 206
70 211
70 217
70 241
70 249
71 79
71 81
71 91
71 92
71 96
71 104
71 116
71 123
71 128
71 129
71 132
71 137
71 149
71 154
71 160
71 166
71 191
71 200
71 210
71 214
71 220
71 239
72 74
72 77
72 81
72 82
72 90
72 92
72 94
72 101
72 102
72 121
72 138
72 144
72 145
72 158
72 159
72 179
72 194
72 203
72 207
72 218
72 226
72 230
72 238
72 244
72 248
73 75
73 84
73 87
73 89
73 91
73 95
73 104
73 112
73 129
73 132
73 141
73 146
73 157
73 163
73 170
73 185
73 198
73 213
73 214
73 241
74 78
74 90
74 93
74 96
74 99
74 101
74 102
74 105
74 108
74 115
74 119
74 120
74 124
74 129
74 130
74 155
74 163
74 168
74 194
74 196
74 204
74 214
74 215
74 217
74 223
74 226
74 229
74 234
74 239
74 249
75 80
75 95
75 96
75 114
75 116
75 117
75 128
75 137
75 139
75 143
75 152
75 167
75 169
75 179
75 247
76 79
76 87
76 103
76 106
76 108
76 118
76 119
76 124
76 143
76 145
76 165
76 166
76 168
76 190
76 195
76 205
76 209
76 214
77 80
77 81
77 91
77 95
77 100
77 101
77 104
77 106
77 111
77 122
77 152
77 153
77 161
77 167
77 178
77 195
77 198
77 206
77 241
78 82
78 88
78 94
78 97
78 110
78 111
78 112
78 120
78 145
78 161
78 163
78 171
78 190
78 192
78 204
78 206
78 209
78 212
78 216
78 223
78 229
78 238
78 247
79 86
79 88
79 91
79 107
79 108
79 109
79 115
79 118
79 120
79 121
79 123
79 124
79 125
79 126
79 129
79 131
79 154
79 157
79 163
79 172
79 173
79 177
79 179
79 183
79 204
79 213
79 228
79 233
79 236
79 241
79 244
80 86
80 96
80 102
80 110
80 118
80 120
80 132
80 134
80 142
80 143
80 154
80 192
80 212
80 213
80 215
80 226
80 230
81 84
81 86
81 87
81 95
81 98
81 100
81 103
81 115
81 125
81 139
81 141
81 148
81 151
81 153
81 155
81 156
81 172
81 186
81 197
81 200
81 204
81 208
81 210
81 212
81 213
81 221
81 230
81 236
81 237
81 241
81 248
81 249
82 86
82 94
82 95
82 103
82 116
82 123
82 125
82 127
82 130
82 134
82 136
82 143
82 162
82 182
82 189
82 193
82 201
82 217
82 219
82 233
82 242
83 88
83 89
83 93
83 104
83 106
83 109
83 115
83 121
83 135
83 147
83 187
83 198
83 203
83 204
83 219
83 239
83 249
84 86
84 87
84 89
84 93
84 95
84 99
84 107
84 111
84 113
84 114
84 120
84 130
84 147
84 192
84 204
84 219
84 233
84 243
85 90
85 116
85 117
85 123
85 151
85 154
85 167
85 168
85 170
85 173
85 183
85 201
85 211
85 238
85 247
86 88
86 94
86 99
86 102
86 103
86 105
86 111
86 112
86 123
86 133
86 144
86 157
86 163
86 165
86 170
86 178
86 196
86 197
86 211
86 212
86 214
86 216
86 218
86 224
86 243
86 249
87 91
87 92
87 120
87 126
87 131
87 139
87 161
87 175
87 183
87 196
87 211
87 216
87 247
88 90
88 92
88 101
88 126
88 133
88 146
88 159
88 163
88 167
88 173
88 180
88 181
88 187
88 191
88 196
88 199
88 206
88 216
88 228
88 232
88 244
88 246
89 102
89 103
89 110
89 111
89 124
89 133
89 153
89 161
89 165
89 180
89 184
89 187
89 221
89 235
89 242
89 248
90 92
90 95
90 97
90 99
90 102
90 103
90 105
90 118
90 125
90 130
90 134
90 145
90 147
90 149
90 154
90 156
90 162
90 165
90 167
90 168
90 176
90 178
90 180
90 184
90 186
90 187
90 188
90 195
90 196
90 206
90 211
90 224
90 225
90 229
90 247
91 96
91 124
91 135
91 147
91 151
91 177
91 181
91 187
91 191
91 211
91 214
91 226
91 244
91 245
92 93
92 101
92 110
92 118
92 153
92 168
92 171
92 185
92 213
92 228
92 248
93 96
93 105
93 111
93 117
93 119
93 123
93 136
93 146
93 150
93 153
93 155
93 171
93 180
93 185
93 186
93 187
93 194
93 206
93 213
93 222
93 232
93 248
94 102
94 107
94 119
94 134
94 141
94 147
94 181
94 182
94 184
94 188
94 189
94 190
94 197
94 221
94 239
95 109
95 111
95 123
95 127
95 128
95 142
95 171
95 173
95 174
95 194
95 197
95 202
95 211
96 97
96 98
96 120
96 129
96 133
96 146
96 160
96 161
96 164
96 166
96 185
96 194
96 206
96 209
96 228
96 243
97 98
97 128
97 158
97 162
97 167
97 173
97 182
97 199
97 217
97 219
97 230
97 245
98 105
98 107
98 109
98 114
98 140
98 146
98 149
98 154
98 156
98 163
98 191
98 208
98 216
98 241
99 106
99 110
99 113
99 114
99 117
99 126
99 129
99 134
99 143
99 148
99 150
99 152
99 166
99 199
99 201
99 203
99 210
99 219
99 226
99 239
100 103
100 112
100 123
100 125
100 131
100 143
100 166
100 197
100 230
101 116
101 117
101 122
101 127
101 138
101 140
101 142
101 162
101 179
101 194
101 197
101 244
102 104
102 110
102 112
102 113
102 132
102 138
102 139
102 157
102 180
102 181
102 203
103 107
103 113
103 119
103 122
103 124
103 131
103 132
103 133
103 152
103 158
103 170
103 178
103 181
103 182
104 105
104 106
104 115
104 120
104 150
104 154
104 173
104 199
104 214
104 228
104 249
105 108
105 116
105 136
105 148
105 151
105 185
105 191
105 199
105 210
105 222
105 245
106 116
106 118
106 135
106 141
106 156
106 162
106 165
106 166
106 174
106 179
106 208
106 212
106 217
106 227
106 240
107 110
107 165
107 189
107 223
107 232
107 242
107 243
108 109
108 122
108 124
108 127
108 139
108 141
108 151
108 158
108 170
108 179
108 193
108 198
108 219
108 243
109 111
109 112
109 117
109 119
109 126
109 127
109 152
109 159
109 170
109 177
109 183
109 203
109 205
109 218
110 127
110 131
110 146
110 149
110 154
110 156
110 177
110 180
110 223
110 225
110 226
111 130
111 147
111 163
111 170
111 178
111 196
111 205
111 215
111 224
112 114
112 115
112 120
112 121
112 122
112 133
112 145
112 163
112 173
112 174
112 209
112 220
113 128
113 129
113 150
113 152
113 172
113 181
113 184
113 191
113 198
113 201
113 203
113 233
113 239
114 135
114 179
115 127
115 136
115 144
115 156
115 161
115 169
115 170
115 171
115 176
115 182
115 203
116 127
116 135
116 156
116 157
116 159
116 160
116 163
116 166
116 175
116 184
116 191
116 193
116 199
116 234
117 120
117 121
117 131
117 141
117 143
117 155
117 161
117 200
117 214
117 220
117 224
117 241
118 121
118 148
118 154
118 158
118 160
118 161
118 170
118 174
118 182
118 183
118 188
118 200
118 216
118 225
118 226
118 232
119 140
119 153
119 159
119 160
119 162
119 238
119 245
120 122
120 126
120 134
120 139
120 162
120 175
120 196
120 200
120 210
120 217
120 220
120 234
121 128
121 140
121 159
121 171
121 188
121 197
121 200
121 201
121 228
122 130
122 131
122 132
122 136
122 146
122 151
122 161
122 162
122 174
122 188
122 193
122 208
122 215
122 241
123 127
123 128
123 142
123 150
124 140
124 164
124 171
124 182
124 193
124 221
124 239
124 245
125 142
125 147
125 150
125 165
125 178
125 180
125 184
125 194
125 223
125 227
125 231
125 241
126 140
126 141
126 147
126 163
126 167
126 195
126 196
126 228
126 231
127 155
127 158
127 176
127 203
127 210
127 211
127 231
127 237
127 238
128 166
128 173
128 192
128 196
128 201
128 234
129 137
129 138
129 151
129 155
129 172
129 175
129 176
129 189
129 218
129 220
129 227
129 229
129 237
130 131
130 132
130 133
130 156
130 197
131 145
131 205
131 238
131 239
132 136
132 149
132 170
132 173
132 180
132 190
132 192
132 208
132 218
132 226
133 149
133 157
133 164
133 176
133 223
133 239
134 149
134 170
134 223
134 236
135 141
135 155
135 157
135 161
135 188
135 198
135 206
136 149
136 165
136 195
136 215
137 145
137 155
137 199
137 223
137 234
138 155
138 167
138 178
138 193
138 203
138 208
138 213
138 222
138 227
138 240
139 144
139 165
140 146
140 155
140 159
140 193
140 217
140 232
141 190
141 239
141 246
142 158
142 172
142 187
142 193
142 199
142 238
143 169
143 172
143 212
143 218
143 225
143 240
144 171
144 203
145 148
145 149
145 151
145 155
145 203
145 205
145 207
145 234
146 162
146 164
146 167
146 201
147 148
147 151
147 157
147 158
147 164
147 178
147 191
147 194
147 202
148 152
148 158
148 161
148 167
148 171
148 179
148 183
148 201
148 207
148 214
148 235
148 248
149 178
149 188
149 215
150 191
150 244
151 180
151 182
151 235
151 237
151 248
153 156
153 171
153 173
154 158
154 159
154 179
154 200
154 207
154 226
154 237
154 238
155 164
155 167
155 206
155 216
156 194
156 222
157 166
157 174
157 203
157 206
157 233
158 175
158 193
158 201
158 212
158 218
159 223
159 226
159 231
160 169
160 170
160 190
160 230
161 202
161 219
162 169
162 219
163 170
163 182
163 193
163 204
163 224
163 225
163 230
163 237
163 241
163 244
164 170
164 215
164 216
164 218
164 221
165 180
165 200
165 210
166 177
166 238
167 189
167 217
167 225
167 246
167 249
168 174
168 200
168 207
168 208
168 221
168 228
168 235
168 239
168 248
169 208
169 213
169 229
170 208
170 222
170 243
171 173
171 198
171 248
172 186
172 197
172 207
172 212
172 215
172 220
172 225
172 233
172 236
173 187
173 197
173 209
173 230
173 238
173 247
174 176
174 177
174 197
174 202
174 235
174 246
175 184
176 186
176 195
176 244
176 247
177 180
177 184
177 195
177 223
177 224
177 228
177 235
178 185
178 216
178 222
179 182
179 186
179 199
179 201
179 209
179 211
179 219
179 220
179 221
180 217
180 237
180 241
181 209
182 191
182 202
183 214
183 238
183 240
184 212
184 221
185 196
185 205
185 240
186 236
187 194
187 230
188 195
188 208
188 209
188 216
188 222
188 225
188 232
189 205
189 212
190 227
190 239
190 240
190 246
191 193
191 202
191 232
191 240
193 200
193 206
194 198
194 218
194 222
194 246
195 200
195 218
195 222
196 197
196 229
197 230
198 199
198 204
198 226
198 228
198 231
198 249
200 210
201 209
201 217
201 240
201 243
202 220
202 227
202 230
202 235
203 221
203 231
203 233
203 245
204 242
205 224
205 231
206 212
207 227
208 220
208 221
208 235
208 240
208 247
209 235
209 245
210 215
210 227
210 229
210 232
212 216
212 234
212 245
214 219
215 235
216 221
216 222
216 233
218 231
219 221
219 222
219 242
220 247
221 222
221 237
225 231
225 233
225 237
225 242
226 232
227 230
227 232
227 240
227 244
227 249
228 240
229 248
232 235
238 247
239 243
246 249
