0 1
0 2
0 3
0 4
0 5
0 6
0 7
0 8
0 9
0 10
0 11
0 12
0 13
0 14
0 15
0 17
0 20
0 21
0 22
0 28
0 31
0 33
0 34
0 36
0 38
0 40
0 41
0 43
0 44
0 48
0 60
0 67
0 78
0 80
0 83
0 97
0 112
0 122
0 140
0 144
0 164
0 177
0 197
0 204
0 209
0 228
0 238
0 246
1 7
1 8
1 18
1 24
1 26
1 44
1 52
1 56
1 67
1 78
1 82
1 91
1 97
1 103
1 104
1 115
1 119
1 138
1 157
1 165
1 167
1 190
1 192
1 206
1 219
1 225
1 236
1 247
2 7
2 9
2 11
2 12
2 14
2 16
2 19
2 21
2 22
2 24
2 25
2 26
2 27
2 28
2 29
2 35
2 38
2 51
2 57
2 62
2 63
2 68
2 80
2 88
2 109
2 114
2 136
2 144
2 147
2 152
2 163
2 193
2 194
2 230
2 233
3 7
3 8
3 9
3 10
3 11
3 17
3 31
3 46
3 58
3 65
3 79
3 81
3 121
3 131
3 135
3 137
3 154
3 161
3 207
3 225
3 227
3 228
3 232
3 240
3 241
4 8
4 13
4 15
4 76
4 77
4 82
4 110
4 147
4 191
5 7
5 8
5 9
5 10
5 12
5 13
5 24
5 41
5 46
5 54
5 62
5 64
5 95
5 120
5 125
5 148
5 189
5 244
6 7
6 10
6 15
6 23
6 30
6 48
6 58
6 88
6 91
6 157
6 186
6 224
6 225
6 232
7 8
7 9
7 11
7 12
7 13
7 14
7 16
7 18
7 21
7 22
7 23
7 25
7 27
7 31
7 32
7 33
7 34
7 35
7 36
7 37
7 38
7 41
7 44
7 47
7 48
7 49
7 50
7 52
7 53
7 57
7 60
7 66
7 68
7 74
7 76
7 79
7 90
7 96
7 101
7 106
7 107
7 114
7 124
7 127
7 143
7 145
7 146
7 149
7 150
7 161
7 172
7 173
7 186
7 197
7 198
7 202
7 204
7 206
7 213
7 214
7 224
7 227
7 228
8 9
8 10
8 11
8 14
8 16
8 18
8 20
8 21
8 23
8 24
8 29
8 32
8 33
8 35
8 36
8 37
8 40
8 42
8 43
8 44
8 54
8 55
8 56
8 62
8 76
8 77
8 82
8 85
8 88
8 95
8 100
8 108
8 109
8 117
8 124
8 125
8 128
8 132
8 135
8 151
8 155
8 159
8 162
8 175
8 181
8 201
8 205
8 220
8 221
8 225
8 229
8 236
8 240
8 244
9 10
9 17
9 19
9 22
9 28
9 33
9 34
9 45
9 54
9 60
9 65
9 69
9 78
9 81
9 82
9 98
9 113
9 117
9 139
9 148
9 158
9 186
9 200
9 210
9 213
9 222
9 235
10 11
10 12
10 13
10 15
10 17
10 20
10 29
10 35
10 38
10 39
10 45
10 55
10 61
10 63
10 71
10 73
10 80
10 81
10 83
10 85
10 87
10 98
10 101
10 102
10 125
10 128
10 134
10 136
10 144
10 151
10 163
10 166
10 168
10 175
10 176
10 177
10 183
10 214
10 222
11 12
11 13
11 14
11 19
11 20
11 21
11 23
11 26
11 31
11 33
11 39
11 41
11 44
11 45
11 46
11 47
11 49
11 53
11 59
11 64
11 72
11 75
11 77
11 78
11 79
11 87
11 88
11 90
11 112
11 116
11 118
11 134
11 138
11 139
11 142
11 156
11 166
11 182
11 195
11 228
11 238
11 242
11 249
12 14
12 15
12 16
12 18
12 20
12 25
12 26
12 27
12 29
12 30
12 32
12 34
12 39
12 41
12 42
12 47
12 49
12 52
12 53
12 63
12 65
12 66
12 71
12 80
12 87
12 91
12 94
12 107
12 115
12 129
12 140
12 150
12 153
12 158
12 170
12 181
12 182
12 185
12 186
12 189
12 200
12 215
12 226
12 229
12 230
12 233
13 15
13 16
13 17
13 21
13 23
13 26
13 30
13 31
13 37
13 42
13 45
13 49
13 50
13 55
13 57
13 59
13 61
13 66
13 67
13 70
13 75
13 76
13 78
13 83
13 86
13 91
13 92
13 93
13 94
13 103
13 106
13 107
13 116
13 122
13 130
13 131
13 152
13 153
13 156
13 157
13 175
13 180
13 184
13 191
13 196
13 205
13 215
13 220
13 223
13 229
13 238
13 245
13 248
14 16
14 17
14 18
14 19
14 20
14 24
14 26
14 27
14 32
14 39
14 40
14 45
14 52
14 57
14 60
14 64
14 75
14 87
14 93
14 96
14 108
14 131
14 144
14 172
14 188
14 200
14 219
14 228
14 240
15 19
15 23
15 25
15 35
15 50
15 52
15 85
15 97
15 117
15 158
15 181
15 204
15 211
16 28
16 32
16 37
16 40
16 44
16 53
16 54
16 66
16 69
16 84
16 85
16 87
16 92
16 96
16 99
16 107
16 114
16 116
16 118
16 120
16 129
16 132
16 148
16 150
16 168
16 171
16 177
16 210
16 222
17 18
17 19
17 22
17 24
17 27
17 28
17 29
17 30
17 46
17 60
17 64
17 65
17 70
17 90
17 92
17 94
17 95
17 101
17 120
17 130
17 151
17 155
17 157
17 165
17 166
17 172
17 173
17 185
17 198
17 199
17 202
17 205
17 206
17 208
17 219
17 245
17 249
18 49
18 76
18 82
18 99
18 111
18 138
18 168
18 179
19 25
19 36
19 52
19 57
19 58
19 62
19 98
19 131
19 172
19 177
19 192
19 199
19 209
19 231
19 247
20 22
20 34
20 35
20 37
20 40
20 43
20 48
20 55
20 73
20 75
20 78
20 82
20 85
20 98
20 101
20 107
20 119
20 156
20 193
20 197
20 202
20 204
20 209
20 215
20 237
20 247
21 30
21 51
21 54
21 61
21 65
21 69
21 74
21 81
21 84
21 93
21 96
21 117
21 118
21 120
21 122
21 127
21 143
21 147
21 159
21 188
21 190
21 204
21 212
21 234
22 25
22 37
22 46
22 54
22 72
22 79
22 89
22 138
22 149
22 168
22 202
22 240
22 248
23 39
23 47
23 115
23 141
23 236
23 242
24 33
24 42
24 43
24 46
24 50
24 56
24 59
24 90
24 127
24 145
24 150
24 158
24 198
24 203
25 27
25 29
25 30
25 36
25 43
25 48
25 61
25 65
25 69
25 95
25 97
25 129
25 150
25 160
25 164
25 174
25 182
25 205
25 211
25 233
25 239
26 28
26 31
26 40
26 48
26 72
26 79
26 102
26 120
26 156
26 174
26 179
26 186
26 201
26 238
27 62
27 70
27 126
27 129
27 137
27 197
27 226
28 51
28 71
28 77
28 89
28 102
28 103
28 124
28 144
28 146
28 153
28 191
28 242
29 47
29 57
29 59
29 84
29 93
29 98
29 104
29 106
29 110
29 113
29 128
29 140
29 153
29 160
29 180
30 32
30 42
30 59
30 86
30 87
30 89
30 90
30 99
30 114
30 156
30 210
30 224
30 239
30 245
31 34
31 38
31 53
31 56
31 64
31 73
31 89
31 105
31 112
31 115
31 118
31 139
31 145
31 161
31 179
31 180
31 183
31 217
31 221
31 245
31 247
32 39
32 60
32 83
32 88
32 101
32 105
32 185
32 220
33 36
33 42
33 47
33 51
33 63
33 68
33 73
33 105
33 110
33 116
33 121
33 146
33 153
33 155
33 181
33 236
33 237
34 41
34 81
34 111
34 122
34 145
34 183
34 226
35 38
35 58
35 67
35 68
35 97
35 100
35 136
35 140
35 174
35 194
35 218
35 237
35 239
36 73
36 92
36 101
36 143
37 49
37 58
37 84
37 109
37 139
37 146
37 174
37 178
37 198
37 201
37 209
38 66
38 69
38 74
38 169
38 191
38 196
38 224
38 227
38 232
39 45
39 63
39 67
39 129
39 154
39 163
39 167
39 189
39 192
39 196
39 217
40 51
40 55
40 63
40 105
40 110
41 43
41 73
41 100
41 112
41 139
41 185
41 211
42 108
42 123
43 62
43 66
43 74
43 100
43 103
43 104
43 121
43 154
43 164
43 194
43 230
44 50
44 71
44 75
44 85
44 102
44 146
44 148
44 164
44 169
44 182
44 214
44 243
45 67
45 84
45 90
45 122
45 123
45 129
45 135
45 136
45 147
45 153
45 168
45 170
45 207
45 218
45 231
46 51
46 53
46 64
46 89
46 119
46 126
46 155
46 158
46 178
46 185
47 68
47 70
47 187
47 203
47 239
48 61
48 68
48 77
48 86
48 91
48 92
48 112
48 125
48 126
48 171
48 206
49 50
49 59
49 95
49 116
49 131
49 132
49 135
49 159
50 192
50 207
51 55
51 56
51 61
51 72
51 79
51 83
51 94
51 99
51 136
51 154
51 220
51 234
52 72
52 80
52 111
52 132
52 137
52 141
52 149
52 203
52 236
53 69
53 105
53 133
53 219
54 56
54 106
54 120
54 124
54 179
55 72
55 104
55 117
55 189
55 199
55 205
55 222
55 235
56 58
56 109
56 122
56 139
56 191
56 192
57 89
57 102
57 173
57 196
57 220
58 75
58 152
58 157
58 212
59 193
59 212
59 226
60 97
60 119
60 161
61 93
61 124
62 71
62 94
62 96
62 115
62 222
63 181
64 99
64 103
64 113
64 126
64 127
64 137
64 138
64 151
64 161
64 213
64 214
65 80
65 92
65 174
65 184
65 234
66 110
67 70
67 71
67 121
67 134
67 146
67 234
68 70
68 74
68 83
68 128
68 141
68 143
68 187
68 189
68 207
68 230
68 248
69 86
69 88
69 91
69 96
69 152
69 195
69 199
69 223
70 76
70 106
70 132
70 133
70 136
70 141
70 195
70 232
71 111
71 211
72 74
72 81
72 123
72 165
72 195
72 212
72 233
74 106
74 109
74 130
74 174
74 175
74 194
74 196
74 209
74 232
75 137
75 160
75 165
75 173
75 200
75 217
75 226
75 230
76 77
76 84
76 100
76 113
76 133
76 214
76 241
77 99
77 104
77 113
78 86
78 123
79 111
79 183
79 190
80 86
80 111
80 138
80 162
80 181
81 145
81 159
82 164
82 227
83 94
83 130
83 133
83 135
84 147
84 157
84 169
84 179
84 240
84 241
85 100
85 134
85 152
85 155
86 114
86 116
86 218
86 246
87 107
87 219
87 220
88 154
88 187
88 201
89 108
89 134
89 148
89 165
89 182
90 93
90 98
90 102
90 179
90 203
90 248
91 187
91 206
92 95
92 104
92 114
92 210
92 213
92 219
93 109
93 126
93 188
93 249
94 142
94 160
94 163
95 108
95 112
95 201
95 229
95 243
96 148
96 151
96 160
96 188
96 210
97 103
97 115
98 217
99 124
99 134
99 142
99 172
99 173
99 184
99 210
99 235
100 128
100 141
100 147
100 171
100 185
100 193
100 217
100 242
101 191
101 208
101 212
101 231
102 110
102 169
102 187
102 236
102 249
103 108
103 128
103 144
103 224
104 105
104 200
104 225
105 142
105 176
105 221
106 118
106 119
106 150
106 180
106 182
106 244
107 193
107 221
108 113
108 123
108 143
108 163
108 221
110 121
110 127
110 235
111 178
112 149
112 204
112 206
112 226
113 125
113 133
113 201
113 213
113 216
114 130
114 142
114 183
114 197
115 117
115 118
115 137
115 167
115 223
116 234
117 121
117 149
118 119
118 143
118 156
118 178
118 216
119 133
119 135
120 126
120 149
120 154
120 162
120 196
120 198
120 216
120 225
120 245
121 132
121 141
121 142
121 162
122 123
122 172
123 130
123 170
123 176
123 215
124 125
124 215
125 161
125 169
125 176
125 223
125 246
126 127
126 140
126 166
126 169
126 240
127 194
127 208
127 213
128 167
128 168
128 170
128 177
128 207
128 218
128 237
128 246
130 131
130 155
130 158
130 170
130 190
132 140
132 166
132 184
132 205
132 223
134 162
136 203
137 151
137 178
137 188
137 203
138 171
138 235
139 159
139 237
140 218
140 242
141 152
141 175
142 162
142 229
143 145
143 177
144 176
144 194
146 165
146 246
147 167
148 176
148 195
149 171
149 243
150 170
150 183
150 198
150 199
150 224
151 173
153 178
153 190
154 159
155 164
155 171
155 180
155 209
155 235
156 166
156 187
156 232
156 239
157 218
158 160
158 195
158 231
159 193
159 249
160 163
161 199
161 207
162 167
162 228
162 247
163 248
165 211
165 221
165 233
165 244
166 217
166 241
168 202
169 175
169 184
169 186
169 188
169 190
170 227
171 216
171 230
172 233
172 244
173 184
173 192
173 208
173 245
174 180
174 229
175 189
175 208
176 231
179 243
180 212
181 237
182 238
183 202
184 234
184 246
185 249
187 200
189 215
189 222
189 241
190 223
190 238
191 208
191 243
192 216
192 231
194 211
196 197
197 248
200 214
200 216
201 241
203 243
205 227
216 244
220 247
227 239
228 242
