0 1
0 2
0 3
0 4
0 5
0 6
0 7
0 8
0 9
0 10
0 11
0 12
0 13
0 14
0 15
0 17
0 18
0 19
0 20
0 22
0 25
0 26
0 27
0 31
0 32
0 35
0 37
0 41
0 42
0 43
0 44
0 48
0 50
0 53
0 54
0 55
0 57
0 61
0 67
0 70
0 76
0 93
0 94
0 95
0 98
0 101
0 104
0 105
0 107
0 108
0 114
0 116
0 130
0 132
0 136
0 144
0 146
0 147
0 153
0 164
0 166
0 169
0 172
0 173
0 174
0 192
0 200
0 202
0 205
0 229
0 230
0 231
0 233
0 244
1 9
1 10
1 11
1 13
1 14
1 15
1 23
1 34
1 37
1 39
1 46
1 51
1 53
1 55
1 73
1 77
1 79
1 85
1 97
1 108
1 110
1 112
1 119
1 125
1 138
1 171
1 187
1 247
2 9
2 30
2 33
2 44
2 50
2 57
2 60
2 68
2 71
2 98
2 140
2 148
2 168
2 186
2 224
3 9
3 11
3 12
3 19
3 21
3 38
3 77
3 82
3 109
3 125
3 141
3 144
3 147
3 176
3 179
3 205
3 236
3 240
4 9
4 10
4 11
4 13
4 15
4 16
4 18
4 19
4 20
4 23
4 25
4 30
4 33
4 35
4 39
4 42
4 44
4 45
4 49
4 53
4 55
4 65
4 72
4 74
4 78
4 86
4 94
4 97
4 99
4 108
4 112
4 115
4 120
4 124
4 125
4 132
4 135
4 139
4 150
4 154
4 188
4 199
4 203
4 208
4 223
4 229
4 234
4 241
4 242
5 9
5 10
5 12
5 19
5 27
5 28
5 31
5 32
5 35
5 38
5 41
5 43
5 44
5 50
5 58
5 61
5 62
5 75
5 85
5 109
5 121
5 123
5 125
5 127
5 140
5 157
5 159
5 160
5 170
5 178
5 182
5 184
5 192
5 193
5 204
5 210
5 218
5 233
6 9
6 10
6 11
6 12
6 13
6 14
6 15
6 16
6 17
6 23
6 27
6 28
6 29
6 30
6 43
6 46
6 52
6 62
6 78
6 81
6 83
6 85
6 90
6 92
6 93
6 101
6 104
6 111
6 130
6 132
6 133
6 137
6 148
6 149
6 160
6 167
6 168
6 176
6 178
6 189
6 204
6 212
6 216
7 9
7 10
7 11
7 12
7 16
7 17
7 18
7 20
7 22
7 23
7 24
7 26
7 27
7 28
7 31
7 40
7 42
7 43
7 45
7 46
7 49
7 51
7 53
7 55
7 56
7 61
7 65
7 68
7 70
7 77
7 84
7 87
7 90
7 91
7 106
7 110
7 112
7 115
7 117
7 126
7 130
7 133
7 134
7 142
7 150
7 162
7 165
7 174
7 177
7 180
7 184
7 185
7 187
7 190
7 197
7 203
7 206
7 214
7 219
7 228
7 233
7 234
7 238
7 241
8 10
8 12
8 13
8 14
8 18
8 19
8 20
8 21
8 23
8 25
8 28
8 32
8 44
8 48
8 58
8 62
8 63
8 69
8 73
8 76
8 95
8 111
8 116
8 135
8 137
8 140
8 146
8 150
8 162
8 163
8 181
8 185
8 186
8 187
8 189
8 196
8 207
8 209
8 213
8 225
8 226
8 243
8 247
9 10
9 11
9 12
9 13
9 14
9 16
9 17
9 18
9 19
9 20
9 24
9 25
9 26
9 27
9 29
9 30
9 34
9 37
9 38
9 41
9 46
9 54
9 60
9 64
9 68
9 71
9 72
9 74
9 82
9 85
9 89
9 92
9 118
9 120
9 135
9 138
9 145
9 161
9 165
9 168
9 180
9 192
9 195
9 205
9 208
9 220
9 225
9 227
9 230
9 247
10 11
10 12
10 13
10 15
10 17
10 18
10 21
10 25
10 32
10 37
10 40
10 44
10 46
10 54
10 63
10 72
10 74
10 80
10 86
10 100
10 114
10 116
10 122
10 128
10 139
10 146
10 188
10 210
10 214
10 228
10 246
11 14
11 15
11 16
11 17
11 18
11 20
11 21
11 22
11 23
11 24
11 31
11 33
11 34
11 36
11 38
11 39
11 45
11 47
11 49
11 58
11 59
11 67
11 68
11 71
11 72
11 76
11 79
11 82
11 84
11 85
11 86
11 90
11 94
11 98
11 106
11 110
11 111
11 113
11 116
11 121
11 124
11 125
11 126
11 138
11 145
11 149
11 154
11 157
11 169
11 175
11 183
11 196
11 199
11 202
11 209
11 217
11 232
11 233
11 245
11 246
12 13
12 14
12 15
12 16
12 17
12 20
12 21
12 22
12 26
12 28
12 37
12 39
12 49
12 51
12 61
12 66
12 71
12 86
12 93
12 96
12 98
12 119
12 127
12 135
12 141
12 149
12 155
12 164
12 166
12 182
12 186
12 195
12 242
12 248
13 14
13 15
13 16
13 17
13 18
13 19
13 20
13 21
13 24
13 33
13 34
13 35
13 51
13 54
13 60
13 69
13 81
13 86
13 93
13 95
13 109
13 122
13 123
13 128
13 130
13 131
13 143
13 148
13 156
13 181
13 197
13 210
13 228
13 246
14 24
14 32
14 34
14 37
14 38
14 39
14 41
14 43
14 48
14 59
14 60
14 64
14 65
14 71
14 75
14 85
14 86
14 93
14 110
14 119
14 123
14 126
14 128
14 136
14 152
14 159
14 160
14 179
14 192
14 198
14 203
14 205
14 210
14 223
14 225
14 235
14 239
15 16
15 24
15 25
15 26
15 29
15 30
15 35
15 36
15 42
15 45
15 46
15 52
15 55
15 62
15 69
15 70
15 71
15 72
15 77
15 81
15 87
15 89
15 90
15 91
15 92
15 96
15 98
15 107
15 109
15 112
15 115
15 118
15 134
15 138
15 143
15 147
15 148
15 152
15 171
15 175
15 182
15 184
15 188
15 190
15 206
15 243
16 19
16 23
16 24
16 25
16 26
16 28
16 32
16 36
16 51
16 56
16 61
16 62
16 80
16 85
16 88
16 95
16 99
16 108
16 119
16 120
16 173
16 211
16 212
16 235
17 28
17 30
17 32
17 45
17 47
17 54
17 55
17 68
17 105
17 137
17 178
17 183
17 197
17 217
17 220
17 222
17 224
17 233
18 21
18 22
18 33
18 35
18 36
18 50
18 59
18 65
18 66
18 67
18 68
18 70
18 74
18 79
18 88
18 109
18 113
18 122
18 142
18 154
18 167
18 171
18 184
18 186
18 201
18 206
18 208
18 229
19 21
19 22
19 29
19 34
19 36
19 38
19 40
19 41
19 44
19 45
19 49
19 50
19 53
19 58
19 64
19 66
19 72
19 78
19 89
19 99
19 103
19 108
19 129
19 135
19 150
19 156
19 161
19 170
19 181
19 185
19 187
19 191
19 209
19 214
19 216
19 237
19 247
20 22
20 24
20 26
20 27
20 31
20 45
20 46
20 52
20 57
20 75
20 80
20 93
20 106
20 112
20 123
20 143
20 149
20 204
20 218
21 22
21 23
21 29
21 36
21 37
21 47
21 50
21 54
21 58
21 62
21 63
21 67
21 72
21 75
21 79
21 87
21 100
21 104
21 118
21 127
21 149
21 152
21 155
21 174
21 194
21 221
22 31
22 33
22 34
22 52
22 64
22 82
22 87
22 90
22 111
22 124
22 125
22 220
22 221
23 26
23 28
23 29
23 40
23 43
23 47
23 49
23 51
23 77
23 82
23 90
23 120
23 121
23 125
23 126
23 142
23 145
23 190
23 193
23 216
23 242
23 246
24 25
24 27
24 29
24 31
24 42
24 65
24 75
24 87
24 91
24 115
24 154
24 168
24 197
24 199
24 208
24 213
24 219
24 226
24 235
25 27
25 35
25 38
25 42
25 43
25 59
25 67
25 93
25 94
25 103
25 169
25 206
25 221
25 231
26 29
26 33
26 34
26 40
26 53
26 59
26 81
26 86
26 89
26 100
26 109
26 114
26 125
26 147
26 193
26 207
26 228
26 248
27 30
27 40
27 42
27 52
27 53
27 56
27 57
27 69
27 72
27 105
27 134
27 139
27 159
27 239
27 242
28 32
28 33
28 39
28 47
28 51
28 54
28 56
28 57
28 58
28 59
28 60
28 78
28 83
28 84
28 110
28 132
28 135
28 143
28 144
28 157
28 160
28 165
28 167
28 202
28 207
28 208
28 213
28 221
28 231
28 241
28 248
29 30
29 31
29 43
29 48
29 50
29 63
29 76
29 89
29 91
29 96
29 102
29 103
29 121
29 159
29 169
29 171
29 174
29 183
29 187
29 206
29 210
29 236
30 39
30 40
30 48
30 64
30 66
30 73
30 74
30 90
30 95
30 124
30 127
30 146
30 152
30 163
30 171
31 36
31 38
31 40
31 41
31 46
31 63
31 73
31 74
31 76
31 77
31 91
31 102
31 108
31 113
31 122
31 133
31 146
31 165
31 166
31 209
31 211
31 215
31 245
32 41
32 47
32 49
32 69
32 78
32 82
32 92
32 107
32 132
32 170
32 179
32 191
32 198
33 36
33 70
33 79
33 99
33 110
33 140
33 143
33 144
33 155
33 166
33 221
34 35
34 42
34 44
34 48
34 49
34 52
34 53
34 58
34 62
34 67
34 69
34 73
34 77
34 81
34 87
34 89
34 98
34 99
34 104
34 120
34 138
34 147
34 153
34 157
34 178
34 204
34 207
34 210
34 220
34 227
34 244
35 37
35 52
35 56
35 66
35 80
35 91
35 99
35 102
35 114
35 158
35 184
35 205
35 222
35 224
35 240
36 67
36 68
36 73
36 80
36 84
36 97
36 101
36 106
36 163
36 173
36 211
36 213
36 228
36 238
36 245
37 39
37 41
37 48
37 51
37 55
37 56
37 57
37 67
37 71
37 85
37 86
37 93
37 99
37 100
37 105
37 112
37 115
37 122
37 128
37 129
37 139
37 164
37 169
37 177
37 179
37 181
37 195
37 220
37 224
37 230
37 240
38 45
38 75
38 94
38 121
38 141
38 168
38 232
39 48
39 60
39 70
39 87
39 92
39 103
39 111
39 126
39 144
39 151
39 161
39 197
39 199
39 224
40 50
40 52
40 78
40 102
40 103
40 124
40 145
40 151
40 169
40 172
40 180
40 193
40 219
40 222
40 223
40 230
41 60
41 63
41 98
41 106
41 121
41 137
41 155
41 158
41 187
41 214
41 225
41 237
41 242
42 47
42 68
42 96
42 105
42 119
42 129
42 136
42 156
42 165
42 172
42 188
42 201
42 206
42 216
42 236
42 238
43 47
43 57
43 65
43 91
43 96
43 104
43 117
43 126
43 131
43 133
43 141
43 161
43 166
43 168
43 169
43 174
43 227
43 228
44 56
44 79
44 81
44 83
44 95
44 134
44 183
44 220
45 147
45 165
45 173
45 178
45 180
45 200
45 207
46 80
46 84
46 166
46 170
46 230
47 54
47 56
47 59
47 65
47 70
47 81
47 82
47 89
47 101
47 129
47 148
47 177
47 186
47 198
48 63
48 71
48 84
48 87
48 88
48 92
48 142
48 146
48 172
48 189
48 201
48 211
48 244
48 248
49 79
49 88
49 94
49 153
49 201
49 211
49 213
49 228
50 57
50 59
50 109
50 116
50 129
50 131
50 138
50 151
50 155
50 178
50 182
50 191
50 193
50 196
50 216
50 218
50 219
50 246
51 55
51 131
51 221
51 232
51 234
52 61
52 64
52 66
52 79
52 107
52 127
52 153
52 182
52 188
52 232
53 60
53 62
53 63
53 69
53 73
53 76
53 129
53 131
53 186
53 208
53 215
54 58
54 75
54 173
55 96
55 97
55 151
55 179
55 226
55 227
55 238
56 65
56 107
56 127
56 135
56 139
56 160
56 239
57 76
57 80
57 82
57 83
57 84
57 88
57 94
57 96
57 103
57 117
57 135
57 140
57 153
57 173
57 180
57 193
57 194
57 217
57 218
57 222
57 238
58 61
58 64
58 66
58 70
58 78
58 80
58 83
58 97
58 118
58 145
58 152
58 185
58 219
58 234
59 64
59 66
59 116
59 143
59 151
59 162
59 164
59 175
59 189
59 229
59 235
60 61
60 74
60 88
60 110
60 113
60 141
60 142
60 177
60 188
60 212
60 241
61 88
61 94
61 113
61 117
61 120
61 121
61 137
61 141
61 153
61 154
61 155
61 166
61 167
61 175
61 179
61 210
61 221
61 241
61 244
62 100
62 111
62 123
62 130
62 153
62 154
62 185
62 234
62 235
63 101
63 114
63 137
63 156
63 164
63 168
63 170
63 181
63 196
63 213
64 81
64 104
64 118
64 134
65 69
65 77
65 83
65 91
65 97
65 103
65 128
65 136
65 142
65 149
65 157
65 166
65 190
65 199
65 226
65 240
66 73
66 92
66 101
66 106
66 115
66 195
66 215
66 241
66 249
67 122
67 133
67 155
67 192
67 198
68 74
68 83
68 90
68 100
68 101
68 184
68 189
68 198
68 203
68 229
68 237
68 239
69 76
69 120
69 133
69 136
69 197
69 217
69 237
70 75
70 113
70 132
70 162
70 173
70 179
70 181
70 200
70 215
70 230
70 236
71 84
71 89
71 101
71 102
71 117
71 119
71 131
71 153
71 163
71 190
71 194
71 211
71 246
72 78
72 83
72 98
72 99
72 104
72 136
72 162
72 205
72 215
72 227
72 239
73 88
73 97
73 105
73 175
73 178
73 187
73 200
73 224
73 226
74 95
74 119
74 140
74 222
75 108
75 109
75 110
75 131
75 148
76 97
76 106
76 136
76 150
76 193
76 229
77 123
77 124
77 144
77 191
77 207
78 105
78 148
79 186
80 122
80 130
80 175
81 95
81 100
81 107
81 114
81 116
81 124
81 138
81 142
81 148
81 170
82 113
82 191
82 207
83 113
83 142
83 144
83 183
83 185
83 199
83 247
84 102
84 150
84 184
84 197
84 212
84 234
85 212
86 92
86 124
86 130
86 131
86 147
86 157
86 159
86 162
86 169
86 181
86 195
86 233
87 144
87 156
87 163
87 175
87 190
87 198
87 208
88 158
88 225
88 228
88 232
89 115
89 128
89 133
89 171
89 196
89 201
89 222
89 231
90 100
90 112
90 176
91 103
91 114
91 195
92 96
92 143
92 150
92 151
92 167
92 180
93 102
93 139
93 160
93 183
94 107
94 120
94 155
94 164
94 176
94 187
94 192
94 206
94 237
95 134
95 158
95 164
95 229
96 106
96 108
96 116
96 117
96 119
96 127
96 165
96 175
96 180
96 212
96 236
96 246
97 146
97 188
97 204
97 237
98 105
98 132
98 141
99 129
100 118
100 181
101 102
101 167
101 172
101 217
102 107
102 121
102 141
102 199
102 240
103 104
103 111
103 117
103 136
103 149
103 154
103 164
103 230
104 202
104 207
104 236
105 118
105 145
105 159
105 198
105 230
107 114
107 170
108 118
108 132
108 186
109 158
109 165
109 238
110 111
110 112
110 115
110 123
110 126
110 152
110 180
110 201
110 213
110 242
111 123
111 129
111 150
111 203
111 224
112 130
112 138
112 140
112 172
112 217
113 122
113 126
113 128
113 139
113 190
113 247
114 128
114 134
114 145
114 194
115 117
115 140
115 157
115 216
116 127
116 154
116 160
117 143
117 182
117 225
117 233
117 234
118 200
118 217
119 204
119 246
120 174
120 198
120 238
121 168
121 182
121 212
121 227
121 233
122 157
122 158
122 162
122 222
124 134
124 137
124 145
124 151
124 196
124 209
125 161
125 214
126 151
126 195
126 214
127 139
127 156
127 158
127 163
127 183
127 193
127 216
128 158
128 183
128 243
129 152
129 191
129 196
130 217
131 133
131 189
132 146
133 137
133 214
134 227
135 163
135 173
135 176
135 189
135 220
136 149
136 161
136 176
137 160
137 174
138 167
138 189
139 170
139 192
140 156
140 174
140 248
141 147
141 194
142 177
142 239
143 152
143 220
143 236
143 242
144 218
145 162
146 159
146 161
147 167
148 159
148 172
148 200
148 223
148 249
149 223
150 171
150 194
150 197
150 202
151 171
151 215
152 156
152 177
152 249
153 195
153 201
154 176
154 184
154 194
154 224
154 239
155 202
155 205
156 194
157 177
157 192
158 215
158 226
158 248
160 161
160 172
160 179
160 185
160 200
160 206
160 219
161 218
162 163
163 245
164 249
165 211
165 243
166 237
167 178
167 185
167 209
167 221
167 235
168 176
168 188
168 218
168 227
168 229
168 243
169 205
170 243
171 182
171 240
172 226
172 235
172 244
174 202
175 223
176 177
176 204
176 213
176 249
178 191
179 191
179 203
179 212
180 202
180 218
180 226
181 223
181 231
181 248
182 203
182 208
182 241
182 245
183 232
183 234
184 196
185 190
185 225
186 200
186 237
189 209
189 210
189 222
189 243
190 204
190 209
193 223
194 225
196 211
196 236
196 239
197 201
197 240
198 199
198 231
198 238
198 241
200 203
203 216
205 240
205 244
207 219
209 219
209 249
210 231
210 244
212 245
213 214
213 215
213 232
213 245
214 232
214 247
215 249
219 231
221 244
223 235
223 243
223 245
227 248
228 242
229 247
240 249
