0 1
0 2
0 3
0 4
0 5
0 6
0 7
0 8
0 9
0 10
0 12
0 13
0 14
0 15
0 16
0 17
0 18
0 19
0 20
0 21
0 23
0 24
0 25
0 26
0 30
0 32
0 33
0 39
0 43
0 47
0 51
0 53
0 56
0 59
0 60
0 61
0 67
0 70
0 72
0 74
0 79
0 82
0 88
0 89
0 91
0 105
0 108
0 112
0 113
0 135
0 138
0 139
0 140
0 142
0 146
0 149
0 151
0 154
0 159
0 169
0 171
0 182
0 185
0 199
0 201
0 209
0 212
0 216
0 227
0 236
0 246
1 9
1 10
1 11
1 14
1 19
1 27
1 32
1 34
1 35
1 37
1 38
1 48
1 58
1 63
1 72
1 77
1 78
1 90
1 94
1 104
1 121
1 146
1 147
1 151
1 156
1 173
1 174
1 184
1 188
1 210
1 212
1 248
2 9
2 10
2 11
2 12
2 13
2 14
2 15
2 16
2 18
2 23
2 25
2 27
2 31
2 33
2 37
2 38
2 39
2 43
2 49
2 55
2 58
2 62
2 78
2 85
2 86
2 96
2 103
2 106
2 133
2 134
2 138
2 157
2 189
2 229
2 237
3 9
3 10
3 11
3 15
3 21
3 24
3 29
3 30
3 31
3 41
3 45
3 51
3 74
3 95
3 110
3 114
3 115
3 132
3 135
3 143
3 185
3 229
3 248
4 9
4 11
4 12
4 13
4 22
4 28
4 36
4 41
4 44
4 49
4 68
4 90
4 93
4 112
4 120
4 121
4 133
4 144
4 160
4 161
4 165
4 176
4 220
4 224
4 236
5 9
5 10
5 11
5 12
5 13
5 14
5 16
5 18
5 20
5 24
5 27
5 43
5 49
5 59
5 62
5 69
5 74
5 81
5 82
5 83
5 86
5 89
5 106
5 129
5 134
5 150
5 173
5 181
5 193
5 203
5 213
5 238
6 9
6 18
6 20
6 28
6 30
6 34
6 37
6 41
6 58
6 60
6 112
6 119
6 128
6 130
6 137
6 149
6 173
6 237
7 9
7 10
7 11
7 12
7 13
7 14
7 16
7 20
7 23
7 26
7 29
7 30
7 33
7 34
7 36
7 49
7 51
7 56
7 63
7 67
7 76
7 79
7 81
7 95
7 125
7 130
7 140
7 144
7 159
7 161
7 180
7 185
7 189
7 214
7 236
7 249
8 10
8 13
8 14
8 19
8 21
8 25
8 28
8 34
8 35
8 43
8 48
8 52
8 53
8 63
8 65
8 71
8 76
8 86
8 112
8 120
8 122
8 125
8 132
8 133
8 138
8 142
8 150
8 153
8 155
8 164
8 176
8 183
8 188
8 192
8 203
8 205
8 218
8 229
8 235
8 247
9 10
9 11
9 12
9 13
9 15
9 16
9 17
9 19
9 20
9 21
9 24
9 25
9 26
9 27
9 28
9 31
9 35
9 38
9 40
9 43
9 46
9 48
9 51
9 55
9 57
9 64
9 66
9 67
9 70
9 78
9 79
9 80
9 92
9 96
9 98
9 102
9 104
9 105
9 107
9 111
9 112
9 113
9 117
9 125
9 127
9 133
9 135
9 136
9 137
9 139
9 144
9 145
9 146
9 147
9 153
9 169
9 172
9 176
9 178
9 179
9 180
9 187
9 200
9 207
9 209
9 212
9 213
9 216
9 219
9 235
9 237
9 238
9 240
10 11
10 12
10 14
10 19
10 21
10 26
10 28
10 34
10 36
10 40
10 44
10 46
10 54
10 58
10 60
10 61
10 62
10 69
10 70
10 71
10 83
10 85
10 89
10 94
10 99
10 100
10 107
10 112
10 115
10 118
10 120
10 121
10 129
10 131
10 143
10 156
10 163
10 167
10 170
10 173
10 185
10 196
10 206
10 208
10 209
10 219
10 227
11 12
11 13
11 15
11 16
11 17
11 19
11 20
11 21
11 22
11 23
11 24
11 26
11 30
11 32
11 35
11 36
11 41
11 42
11 43
11 45
11 46
11 47
11 49
11 52
11 53
11 54
11 57
11 64
11 68
11 70
11 76
11 87
11 89
11 90
11 91
11 99
11 105
11 106
11 112
11 122
11 128
11 133
11 138
11 170
11 177
11 179
11 182
11 190
11 195
11 200
11 206
11 208
11 220
11 222
11 224
11 230
11 237
11 244
12 14
12 15
12 16
12 17
12 18
12 20
12 21
12 22
12 24
12 26
12 29
12 30
12 31
12 32
12 36
12 37
12 40
12 42
12 48
12 51
12 53
12 54
12 56
12 60
12 61
12 64
12 68
12 81
12 87
12 90
12 100
12 103
12 110
12 123
12 124
12 126
12 129
12 137
12 138
12 140
12 142
12 156
12 176
12 178
12 184
12 192
12 194
12 200
12 208
12 210
12 211
12 215
12 223
12 227
12 238
12 248
12 249
13 15
13 17
13 18
13 20
13 23
13 27
13 28
13 31
13 34
13 35
13 47
13 56
13 58
13 91
13 94
13 116
13 133
13 143
13 163
13 181
13 187
13 194
13 201
13 220
13 221
13 224
13 231
13 232
13 249
14 15
14 17
14 21
14 23
14 28
14 44
14 46
14 50
14 57
14 59
14 63
14 65
14 68
14 80
14 96
14 97
14 102
14 104
14 110
14 116
14 117
14 128
14 135
14 173
14 174
14 183
14 186
14 195
14 197
14 206
14 220
14 249
15 16
15 17
15 18
15 22
15 25
15 27
15 30
15 33
15 37
15 38
15 39
15 40
15 50
15 52
15 58
15 60
15 62
15 69
15 75
15 76
15 79
15 80
15 88
15 89
15 99
15 108
15 109
15 113
15 114
15 119
15 120
15 122
15 139
15 140
15 141
15 149
15 150
15 156
15 165
15 172
15 194
15 200
15 211
15 220
15 226
15 233
15 248
16 17
16 19
16 22
16 23
16 24
16 26
16 32
16 34
16 35
16 37
16 38
16 39
16 42
16 46
16 47
16 50
16 65
16 71
16 92
16 99
16 100
16 101
16 111
16 125
16 131
16 136
16 151
16 155
16 166
16 179
16 191
16 192
16 196
16 197
16 226
16 237
16 242
17 18
17 22
17 44
17 47
17 48
17 53
17 54
17 56
17 57
17 61
17 70
17 79
17 81
17 102
17 111
17 115
17 121
17 123
17 135
17 140
17 158
17 161
17 165
17 176
17 195
17 233
18 19
18 38
18 39
18 45
18 51
18 55
18 66
18 67
18 69
18 73
18 76
18 78
18 80
18 81
18 99
18 129
18 141
18 155
18 163
18 177
18 180
18 186
18 192
18 213
18 224
18 225
18 239
18 244
19 22
19 23
19 25
19 26
19 29
19 30
19 31
19 32
19 42
19 45
19 48
19 50
19 53
19 60
19 62
19 65
19 67
19 74
19 80
19 82
19 87
19 95
19 97
19 102
19 106
19 110
19 117
19 120
19 148
19 150
19 160
19 189
19 192
19 210
19 220
19 238
19 242
20 22
20 25
20 27
20 32
20 33
20 35
20 36
20 41
20 65
20 72
20 82
20 105
20 108
20 114
20 119
20 128
20 129
20 136
20 148
20 157
20 161
20 164
20 183
20 205
20 218
20 236
21 33
21 37
21 44
21 45
21 59
21 65
21 77
21 83
21 124
21 129
21 130
21 134
21 144
21 151
21 157
21 158
21 169
21 177
21 182
21 183
21 201
21 202
21 218
21 235
21 246
22 24
22 27
22 28
22 31
22 33
22 52
22 58
22 81
22 101
22 114
22 121
22 150
22 171
22 176
23 25
23 29
23 33
23 41
23 46
23 50
23 78
23 79
23 89
23 100
23 105
23 113
23 118
23 128
23 148
23 149
23 156
23 160
23 161
23 169
23 180
23 186
23 195
23 198
23 199
23 216
23 228
23 231
23 233
23 241
24 29
24 39
24 48
24 64
24 75
24 82
24 90
24 107
24 142
24 163
24 193
24 207
24 240
25 29
25 34
25 35
25 41
25 45
25 59
25 62
25 67
25 103
25 114
25 118
25 132
25 141
25 146
25 159
25 164
25 178
25 179
25 221
25 228
25 243
26 36
26 45
26 55
26 60
26 63
26 66
26 67
26 75
26 88
26 95
26 97
26 107
26 164
26 170
26 220
26 222
27 36
27 46
27 72
27 73
27 84
27 85
27 92
27 93
27 107
27 139
27 162
27 180
27 191
27 199
27 225
28 29
28 31
28 38
28 47
28 55
28 59
28 66
28 73
28 88
28 92
28 99
28 107
28 115
28 117
28 128
28 130
28 138
28 143
28 144
28 159
28 175
28 186
28 202
28 203
28 221
28 225
29 47
29 49
29 57
29 58
29 61
29 64
29 88
29 93
29 98
29 109
29 116
29 117
29 118
29 123
29 124
29 127
29 140
29 149
29 152
29 168
29 175
29 179
29 198
29 217
29 233
30 32
30 40
30 42
30 54
30 61
30 69
30 76
30 88
30 98
30 105
30 113
30 147
30 167
30 183
30 235
31 48
31 55
31 60
31 75
31 77
31 78
31 83
31 118
31 125
31 130
31 156
31 158
31 168
31 208
31 231
31 232
32 42
32 64
32 91
32 134
32 147
32 149
32 155
32 169
32 177
32 198
32 224
32 228
32 241
33 41
33 44
33 45
33 47
33 51
33 61
33 77
33 82
33 86
33 91
33 95
33 103
33 116
33 127
33 130
33 131
33 144
33 183
33 187
33 226
33 234
33 245
34 38
34 39
34 49
34 50
34 55
34 65
34 66
34 77
34 83
34 103
34 122
34 131
34 136
34 145
34 147
34 178
34 186
34 212
34 224
34 228
35 56
35 62
35 75
35 96
35 146
35 175
35 194
35 199
36 37
36 40
36 42
36 57
36 87
36 89
36 95
36 119
36 125
36 155
36 159
36 188
36 213
37 68
37 85
37 100
37 104
37 158
37 204
37 247
38 39
38 40
38 43
38 74
38 75
38 84
38 86
38 104
38 106
38 109
38 122
38 217
39 40
39 44
39 50
39 54
39 80
39 90
39 93
39 97
39 131
39 181
39 185
39 203
39 245
40 42
40 52
40 54
40 63
40 64
40 69
40 73
40 74
40 92
40 95
40 113
40 119
40 124
40 167
40 183
40 196
40 198
40 204
40 218
40 234
40 235
41 43
41 53
41 55
41 56
41 57
41 59
41 71
41 76
41 88
41 93
41 134
41 147
41 162
41 190
41 191
41 194
41 248
42 50
42 69
42 73
42 77
42 81
42 82
42 90
42 93
42 99
42 106
42 107
42 111
42 112
42 120
42 134
42 166
42 192
42 199
42 236
42 238
42 242
43 44
43 72
43 98
43 117
43 127
43 135
43 172
43 177
43 183
43 232
44 46
44 71
44 74
44 87
44 92
44 97
44 103
44 109
44 124
44 126
44 132
44 231
45 53
45 54
45 63
45 75
45 153
46 49
46 52
46 57
46 61
46 64
46 85
46 91
46 111
46 114
46 151
46 219
46 230
46 239
46 247
47 72
47 75
47 88
47 97
47 126
47 137
47 151
47 155
47 166
47 168
47 170
47 232
47 233
47 241
47 242
48 56
48 71
48 72
48 73
48 98
48 119
48 146
48 149
48 154
48 203
49 51
49 71
49 80
49 85
49 91
49 92
49 97
49 101
49 109
49 114
49 123
49 180
49 197
49 201
49 223
50 52
50 80
50 84
50 87
50 96
50 109
50 115
50 124
50 150
50 152
50 163
50 181
50 182
50 185
50 190
50 211
50 242
51 52
51 68
51 77
51 172
51 198
51 230
52 70
52 85
52 184
53 70
53 140
53 184
53 189
53 214
54 85
54 100
54 139
54 152
54 153
54 195
54 226
54 227
55 59
55 123
55 148
55 156
55 187
55 189
55 222
55 226
56 72
56 76
56 96
56 137
56 145
56 152
56 157
56 172
56 174
56 201
56 203
56 208
56 219
56 226
57 73
57 89
57 94
57 109
57 127
57 174
57 175
57 178
57 184
57 190
57 215
58 65
58 70
58 71
58 86
58 94
58 159
58 174
58 212
58 216
58 228
59 83
59 84
59 98
59 110
59 116
59 175
59 177
59 212
59 236
59 249
60 68
60 78
60 101
60 104
60 110
60 116
60 121
60 123
60 124
60 136
60 159
60 165
60 169
60 175
60 181
60 191
60 219
60 232
60 246
61 62
61 63
61 82
61 96
61 123
61 154
61 164
61 188
61 200
62 66
62 67
62 77
62 168
62 179
62 187
62 210
62 221
62 243
63 66
63 86
63 125
63 138
63 171
63 176
63 177
63 180
63 207
63 211
63 248
64 68
64 73
64 83
64 93
64 100
64 104
64 126
64 144
64 175
64 193
64 195
64 196
64 207
64 241
65 66
65 103
65 128
65 148
65 188
65 236
66 84
66 86
66 101
66 131
66 152
66 158
66 172
66 212
66 239
67 162
67 165
67 166
67 167
67 191
67 197
67 204
67 230
67 235
67 241
67 249
68 69
68 79
68 91
68 142
68 218
69 84
69 121
69 134
69 136
69 159
69 163
69 182
69 228
69 244
70 136
70 142
70 225
71 78
71 90
71 92
71 93
71 94
71 97
71 100
71 132
71 135
71 143
71 145
71 153
71 172
71 186
71 190
71 206
72 83
72 117
72 145
72 146
72 153
73 74
73 87
73 105
73 123
73 160
73 165
73 206
74 101
74 103
74 121
74 126
74 152
74 162
74 163
74 176
74 229
74 244
74 245
75 84
75 101
75 196
75 237
75 238
75 247
76 81
76 95
76 108
76 137
76 152
76 205
76 213
76 228
77 94
77 111
77 120
77 172
77 188
77 192
77 203
77 214
77 241
78 79
78 87
78 98
78 102
78 160
78 184
79 126
79 129
79 130
79 145
79 197
79 216
79 228
79 240
80 99
80 115
80 124
80 174
80 191
81 131
81 167
82 184
83 84
83 141
83 215
84 139
84 157
84 245
85 102
85 189
85 195
86 101
86 122
86 128
86 148
86 157
86 204
86 212
88 102
88 110
88 141
88 143
89 102
89 113
89 115
89 155
89 206
89 210
89 243
90 96
90 202
90 205
90 225
91 94
91 116
91 179
91 193
91 243
91 248
92 108
92 215
93 118
93 145
93 157
93 193
94 106
94 110
94 141
94 190
94 199
95 122
95 167
96 115
96 127
97 98
97 132
97 151
97 153
97 166
97 179
97 223
98 108
98 109
98 113
98 119
98 127
98 137
98 162
98 168
98 211
98 219
98 246
99 104
99 105
99 107
100 118
100 125
100 164
100 165
100 244
101 200
101 235
102 133
102 148
102 166
102 187
102 240
103 114
103 187
103 205
103 240
104 106
104 108
104 111
104 146
104 171
104 195
104 208
104 217
105 120
105 126
105 148
105 149
105 150
105 225
105 238
105 243
107 108
107 111
107 140
107 154
107 198
107 211
107 245
108 117
108 137
108 162
108 178
109 170
109 193
109 221
110 171
110 177
110 194
110 227
111 116
111 129
111 206
111 249
112 161
112 234
113 118
113 138
113 207
113 209
113 238
114 131
114 213
114 242
115 188
115 205
115 208
116 139
116 145
117 119
117 126
117 130
117 132
117 196
117 217
118 186
118 196
118 197
118 202
118 215
118 240
118 246
118 247
119 122
119 132
119 141
120 234
120 247
121 143
121 158
121 181
121 200
121 202
121 223
121 231
122 135
122 139
123 134
123 217
124 164
124 182
124 227
125 127
125 161
125 169
125 178
125 182
125 196
125 246
126 133
126 156
126 204
126 223
126 224
126 237
127 147
127 152
127 160
128 215
128 239
129 136
129 154
129 158
129 165
129 174
129 181
129 214
129 217
129 244
130 150
130 198
131 168
131 205
132 154
132 161
132 168
132 191
132 213
132 221
133 200
133 216
134 142
134 143
134 171
135 245
136 142
136 170
136 171
136 175
136 210
136 215
137 160
137 209
137 220
137 225
138 173
139 141
139 144
139 185
139 222
140 169
140 173
140 231
141 147
141 153
141 210
141 216
141 234
141 242
142 162
142 249
143 207
143 221
143 223
144 170
144 185
144 194
144 209
144 222
145 188
145 201
145 218
145 219
145 246
146 171
146 209
147 158
147 173
147 210
148 243
148 244
149 198
149 230
150 151
150 157
150 163
150 240
151 168
151 231
151 243
152 154
152 170
152 199
152 207
152 215
153 154
153 222
153 229
154 155
154 164
154 227
155 186
155 201
155 234
156 160
156 166
156 167
156 180
156 192
156 217
156 233
157 241
157 245
158 193
159 166
159 174
159 181
159 184
159 202
159 205
159 222
161 162
161 190
162 193
164 206
164 239
165 167
165 201
166 199
166 234
167 208
167 222
167 223
169 241
170 191
170 226
171 194
172 214
172 239
173 235
174 214
174 221
175 204
175 234
175 236
176 178
176 211
176 230
177 189
178 190
179 202
179 207
180 187
180 197
180 202
180 214
180 226
180 239
181 182
181 197
182 232
183 204
183 237
184 230
185 214
185 243
187 189
187 242
188 229
190 203
192 239
192 244
193 209
194 230
194 233
196 227
197 229
199 204
199 216
199 232
200 247
204 213
204 246
205 218
206 218
207 211
210 229
211 233
214 217
214 219
214 224
217 248
218 223
220 232
222 225
222 231
222 240
230 245
232 247
