0 1
0 2
0 3
0 4
0 5
0 6
0 7
0 8
0 9
0 10
0 11
0 12
0 13
0 14
0 15
0 16
0 17
0 18
0 19
0 20
0 21
0 22
0 23
0 24
0 25
0 26
0 27
0 28
0 29
0 30
0 31
0 33
0 38
0 39
0 40
0 42
0 43
0 44
0 45
0 49
0 51
0 52
0 53
0 54
0 55
0 58
0 59
0 61
0 63
0 65
0 66
0 68
0 70
0 76
0 77
0 80
0 83
0 92
0 94
0 95
0 101
0 103
0 104
0 105
0 108
0 109
0 110
0 112
0 113
0 115
0 118
0 121
0 124
0 125
0 126
0 131
0 132
0 133
0 135
0 140
0 145
0 150
0 153
0 154
0 155
0 157
0 160
0 163
0 176
0 178
0 179
0 187
0 189
0 192
0 193
0 204
0 211
0 212
0 231
0 232
0 245
0 246
1 17
1 18
1 19
1 21
1 54
1 59
1 153
1 195
1 219
2 17
2 18
2 19
2 20
2 21
2 23
2 24
2 25
2 27
2 30
2 33
2 41
2 43
2 47
2 50
2 54
2 55
2 57
2 62
2 84
2 89
2 111
2 118
2 119
2 128
2 171
2 173
2 208
2 211
2 214
2 228
3 17
3 18
3 19
3 20
3 22
3 24
3 25
3 26
3 29
3 30
3 32
3 33
3 34
3 40
3 41
3 45
3 54
3 56
3 58
3 64
3 68
3 69
3 84
3 87
3 95
3 104
3 105
3 110
3 119
3 140
3 142
3 154
3 155
3 160
3 161
3 170
3 174
3 182
3 228
3 229
3 231
3 236
3 246
4 17
4 18
4 21
4 22
4 23
4 25
4 26
4 27
4 29
4 31
4 36
4 41
4 49
4 52
4 55
4 58
4 62
4 85
4 88
4 92
4 98
4 102
4 152
4 153
4 181
4 182
4 201
4 204
4 207
5 18
5 19
5 20
5 21
5 22
5 24
5 25
5 26
5 29
5 31
5 34
5 36
5 41
5 46
5 47
5 50
5 52
5 55
5 56
5 60
5 63
5 66
5 70
5 77
5 78
5 89
5 99
5 108
5 110
5 112
5 115
5 124
5 125
5 130
5 135
5 143
5 149
5 152
5 162
5 176
5 178
5 187
5 197
5 209
5 211
5 212
5 215
5 218
5 219
5 229
5 234
5 242
5 246
5 248
6 17
6 18
6 19
6 20
6 21
6 22
6 23
6 24
6 26
6 28
6 31
6 32
6 69
6 83
6 85
6 107
6 113
6 115
6 118
6 132
6 135
6 142
6 161
6 171
6 213
6 239
7 17
7 18
7 19
7 20
7 21
7 22
7 24
7 27
7 29
7 36
7 37
7 41
7 42
7 43
7 49
7 55
7 56
7 59
7 61
7 65
7 68
7 70
7 72
7 73
7 75
7 81
7 84
7 85
7 87
7 99
7 109
7 115
7 131
7 135
7 138
7 145
7 156
7 158
7 177
7 179
7 198
7 207
7 226
7 228
7 233
7 234
7 238
7 241
8 17
8 18
8 19
8 20
8 25
8 27
8 29
8 33
8 37
8 44
8 60
8 66
8 71
8 72
8 78
8 83
8 90
8 99
8 111
8 114
8 123
8 129
8 134
8 165
8 172
8 186
8 189
8 190
8 191
8 198
8 201
8 206
8 207
8 214
8 216
8 239
8 247
9 17
9 18
9 19
9 20
9 22
9 23
9 24
9 27
9 28
9 29
9 30
9 31
9 33
9 34
9 36
9 39
9 40
9 41
9 43
9 45
9 46
9 47
9 54
9 57
9 59
9 64
9 77
9 81
9 84
9 92
9 93
9 103
9 105
9 117
9 121
9 142
9 145
9 152
9 156
9 164
9 173
9 177
9 194
9 199
9 205
9 233
9 241
10 17
10 18
10 19
10 20
10 21
10 22
10 23
10 25
10 28
10 30
10 38
10 39
10 40
10 43
10 44
10 46
10 48
10 58
10 70
10 71
10 78
10 82
10 96
10 101
10 104
10 105
10 117
10 118
10 122
10 124
10 131
10 134
10 136
10 139
10 143
10 144
10 145
10 147
10 151
10 156
10 163
10 169
10 173
10 177
10 204
10 205
10 211
10 215
10 226
10 230
10 238
10 247
10 249
11 17
11 19
11 20
11 21
11 26
11 44
11 49
11 53
11 56
11 59
11 60
11 64
11 65
11 67
11 76
11 80
11 81
11 86
11 87
11 89
11 90
11 108
11 190
11 228
11 230
11 232
11 243
12 17
12 18
12 19
12 24
12 30
12 32
12 33
12 47
12 53
12 71
12 79
12 84
12 91
12 93
12 94
12 96
12 110
12 116
12 122
12 125
12 147
12 162
12 172
12 175
12 190
12 229
12 238
13 17
13 18
13 19
13 20
13 21
13 22
13 23
13 24
13 28
13 29
13 31
13 32
13 34
13 38
13 42
13 53
13 56
13 61
13 66
13 67
13 69
13 77
13 82
13 100
13 114
13 116
13 150
13 167
13 172
13 175
13 180
13 191
13 200
13 205
13 231
13 241
14 17
14 18
14 20
14 21
14 22
14 23
14 26
14 28
14 31
14 36
14 37
14 41
14 52
14 61
14 62
14 66
14 71
14 74
14 82
14 85
14 91
14 102
14 104
14 108
14 111
14 121
14 133
14 141
14 145
14 146
14 180
14 187
14 189
14 191
14 192
14 198
14 203
14 214
14 224
14 228
14 236
14 241
14 247
15 17
15 20
15 21
15 22
15 23
15 25
15 26
15 27
15 28
15 29
15 32
15 33
15 36
15 40
15 41
15 44
15 46
15 48
15 50
15 51
15 62
15 67
15 69
15 70
15 72
15 73
15 76
15 77
15 97
15 102
15 109
15 110
15 111
15 112
15 115
15 117
15 122
15 128
15 131
15 132
15 139
15 144
15 146
15 148
15 150
15 157
15 161
15 164
15 166
15 169
15 179
15 186
15 201
15 208
15 214
15 217
15 229
15 234
15 238
15 239
15 242
16 17
16 18
16 19
16 22
16 23
16 24
16 27
16 29
16 30
16 34
16 37
16 38
16 39
16 42
16 46
16 49
16 53
16 56
16 61
16 62
16 63
16 64
16 69
16 71
16 74
16 75
16 81
16 82
16 86
16 87
16 91
16 95
16 97
16 98
16 103
16 127
16 149
16 160
16 161
16 164
16 168
16 172
16 174
16 181
16 188
16 189
16 190
16 198
16 202
16 204
16 215
16 228
16 230
16 238
16 246
17 18
17 19
17 20
17 21
17 22
17 23
17 25
17 26
17 27
17 30
17 31
17 32
17 34
17 35
17 36
17 37
17 38
17 39
17 41
17 42
17 43
17 45
17 47
17 48
17 49
17 51
17 55
17 59
17 61
17 62
17 63
17 64
17 65
17 66
17 67
17 68
17 69
17 71
17 72
17 73
17 74
17 77
17 78
17 79
17 81
17 87
17 88
17 89
17 93
17 96
17 97
17 100
17 103
17 105
17 107
17 108
17 113
17 114
17 115
17 116
17 118
17 120
17 125
17 132
17 144
17 145
17 148
17 159
17 167
17 170
17 174
17 176
17 184
17 189
17 191
17 197
17 199
17 202
17 208
17 209
17 217
17 218
17 240
17 244
18 19
18 20
18 21
18 22
18 23
18 24
18 25
18 26
18 27
18 28
18 29
18 30
18 31
18 32
18 33
18 34
18 36
18 39
18 40
18 41
18 42
18 43
18 46
18 47
18 49
18 52
18 55
18 56
18 57
18 58
18 59
18 60
18 61
18 62
18 64
18 65
18 66
18 68
18 71
18 74
18 75
18 77
18 79
18 81
18 86
18 88
18 93
18 95
18 96
18 99
18 102
18 103
18 106
18 108
18 117
18 118
18 119
18 129
18 130
18 136
18 137
18 143
18 147
18 151
18 153
18 154
18 156
18 158
18 161
18 165
18 166
18 167
18 168
18 172
18 173
18 177
18 179
18 190
18 191
18 197
18 201
18 209
18 211
18 214
18 218
18 219
18 221
18 229
18 231
18 239
18 242
18 244
18 248
19 20
19 21
19 23
19 24
19 25
19 26
19 27
19 28
19 30
19 31
19 33
19 34
19 35
19 37
19 40
19 41
19 44
19 45
19 47
19 50
19 51
19 52
19 55
19 61
19 63
19 64
19 68
19 72
19 74
19 75
19 76
19 79
19 84
19 85
19 86
19 88
19 91
19 97
19 98
19 100
19 107
19 112
19 121
19 123
19 128
19 131
19 136
19 138
19 144
19 154
19 157
19 161
19 163
19 169
19 170
19 172
19 173
19 175
19 180
19 184
19 187
19 199
19 206
19 218
19 219
19 221
19 238
19 239
19 240
19 241
19 246
20 21
20 22
20 23
20 24
20 25
20 26
20 27
20 29
20 30
20 31
20 32
20 34
20 35
20 36
20 37
20 38
20 39
20 42
20 43
20 44
20 48
20 50
20 51
20 57
20 58
20 60
20 61
20 66
20 72
20 76
20 83
20 90
20 93
20 94
20 99
20 101
20 102
20 104
20 110
20 112
20 114
20 116
20 119
20 122
20 123
20 133
20 135
20 141
20 142
20 144
20 150
20 152
20 153
20 160
20 164
20 165
20 168
20 170
20 176
20 177
20 178
20 182
20 188
20 197
20 202
20 206
20 230
20 236
20 247
21 22
21 23
21 24
21 25
21 26
21 27
21 28
21 29
21 30
21 32
21 33
21 34
21 35
21 36
21 37
21 38
21 40
21 41
21 45
21 49
21 51
21 52
21 55
21 58
21 59
21 60
21 64
21 65
21 67
21 77
21 81
21 90
21 91
21 106
21 114
21 116
21 119
21 121
21 123
21 145
21 150
21 151
21 153
21 163
21 166
21 179
21 180
21 194
21 202
21 209
21 227
21 235
21 236
21 240
21 248
21 249
22 23
22 24
22 25
22 26
22 28
22 30
22 32
22 35
22 36
22 37
22 42
22 45
22 53
22 54
22 55
22 57
22 58
22 60
22 61
22 62
22 63
22 64
22 65
22 67
22 68
22 72
22 73
22 80
22 82
22 83
22 88
22 91
22 97
22 98
22 102
22 103
22 105
22 107
22 119
22 121
22 126
22 127
22 128
22 136
22 139
22 140
22 144
22 145
22 149
22 155
22 158
22 161
22 167
22 169
22 171
22 178
22 180
22 187
22 192
22 202
22 205
22 206
22 210
22 212
22 216
22 217
22 219
22 220
22 222
22 223
22 230
22 248
23 24
23 25
23 26
23 27
23 28
23 29
23 30
23 32
23 33
23 35
23 36
23 39
23 40
23 42
23 44
23 48
23 52
23 54
23 58
23 59
23 66
23 67
23 68
23 73
23 74
23 75
23 76
23 79
23 83
23 85
23 88
23 95
23 96
23 99
23 104
23 107
23 108
23 112
23 114
23 116
23 117
23 118
23 122
23 126
23 133
23 136
23 140
23 143
23 148
23 164
23 169
23 174
23 177
23 182
23 184
23 185
23 187
23 188
23 198
23 199
23 207
23 209
23 217
23 218
23 224
23 232
23 238
23 241
23 246
24 25
24 26
24 27
24 28
24 29
24 30
24 32
24 35
24 36
24 37
24 39
24 40
24 41
24 43
24 44
24 45
24 46
24 50
24 51
24 52
24 54
24 56
24 57
24 67
24 69
24 73
24 75
24 79
24 82
24 84
24 86
24 90
24 101
24 102
24 108
24 109
24 112
24 122
24 126
24 127
24 130
24 135
24 136
24 148
24 155
24 158
24 159
24 162
24 164
24 170
24 173
24 178
24 179
24 184
24 188
24 192
24 193
24 195
24 197
24 198
24 201
24 213
24 217
24 220
24 227
24 239
24 240
24 242
24 249
25 28
25 31
25 32
25 35
25 38
25 39
25 40
25 42
25 44
25 46
25 47
25 49
25 50
25 51
25 53
25 60
25 62
25 64
25 66
25 74
25 75
25 92
25 98
25 108
25 109
25 113
25 125
25 128
25 141
25 146
25 148
25 152
25 165
25 167
25 189
25 209
25 216
25 223
25 225
25 226
25 235
25 236
25 243
25 249
26 27
26 28
26 29
26 31
26 32
26 33
26 34
26 38
26 40
26 43
26 45
26 48
26 51
26 53
26 55
26 57
26 60
26 67
26 70
26 75
26 80
26 81
26 82
26 95
26 98
26 101
26 107
26 114
26 115
26 118
26 120
26 123
26 127
26 137
26 138
26 141
26 146
26 156
26 160
26 183
26 184
26 185
26 194
26 201
26 209
26 210
26 211
26 217
26 223
26 231
26 233
26 234
26 240
26 243
26 249
27 28
27 31
27 32
27 33
27 34
27 35
27 37
27 38
27 39
27 41
27 44
27 45
27 46
27 47
27 48
27 50
27 52
27 56
27 57
27 58
27 60
27 61
27 66
27 68
27 77
27 81
27 83
27 90
27 94
27 95
27 98
27 110
27 129
27 133
27 146
27 158
27 162
27 166
27 179
27 183
27 190
27 197
27 205
27 220
27 224
27 235
28 30
28 31
28 33
28 34
28 35
28 36
28 37
28 38
28 40
28 41
28 42
28 47
28 48
28 50
28 52
28 56
28 65
28 68
28 69
28 71
28 73
28 79
28 80
28 81
28 82
28 83
28 85
28 87
28 89
28 90
28 92
28 94
28 97
28 100
28 102
28 106
28 113
28 117
28 121
28 123
28 127
28 133
28 134
28 135
28 136
28 137
28 145
28 147
28 148
28 149
28 152
28 154
28 157
28 161
28 169
28 173
28 185
28 190
28 195
28 203
28 213
28 224
28 225
28 226
28 231
28 233
28 238
29 31
29 32
29 33
29 35
29 37
29 38
29 39
29 44
29 46
29 47
29 49
29 51
29 53
29 55
29 58
29 59
29 61
29 63
29 66
29 71
29 73
29 74
29 78
29 79
29 84
29 85
29 87
29 90
29 94
29 96
29 97
29 100
29 107
29 116
29 124
29 127
29 131
29 132
29 136
29 137
29 138
29 142
29 151
29 158
29 168
29 172
29 183
29 184
29 186
29 187
29 195
29 196
29 200
29 203
29 213
29 215
29 217
29 218
29 222
29 226
29 227
29 238
30 35
30 37
30 39
30 44
30 46
30 49
30 51
30 57
30 59
30 61
30 65
30 76
30 78
30 83
30 85
30 88
30 99
30 106
30 113
30 114
30 123
30 124
30 128
30 133
30 145
30 148
30 161
30 165
30 179
30 185
30 186
30 194
30 200
30 203
30 207
30 208
30 211
30 223
30 232
30 243
30 249
31 33
31 34
31 35
31 40
31 42
31 45
31 46
31 48
31 53
31 54
31 56
31 57
31 70
31 76
31 82
31 84
31 86
31 89
31 90
31 98
31 100
31 111
31 120
31 125
31 129
31 130
31 140
31 144
31 150
31 162
31 166
31 170
31 171
31 189
31 190
31 191
31 192
31 197
31 198
31 199
31 200
31 206
31 232
31 240
32 34
32 35
32 38
32 42
32 43
32 44
32 46
32 48
32 52
32 59
32 62
32 70
32 72
32 73
32 94
32 102
32 103
32 106
32 107
32 115
32 126
32 129
32 132
32 138
32 148
32 154
32 158
32 160
32 165
32 174
32 179
32 183
32 195
32 204
33 34
33 35
33 38
33 42
33 45
33 48
33 49
33 51
33 52
33 53
33 57
33 60
33 63
33 64
33 71
33 74
33 87
33 93
33 97
33 98
33 100
33 107
33 111
33 119
33 120
33 124
33 125
33 127
33 128
33 132
33 134
33 142
33 143
33 153
33 159
33 160
33 168
33 169
33 180
33 181
33 184
33 185
33 195
33 200
33 201
33 210
33 215
33 219
33 225
33 227
33 239
33 245
34 35
34 36
34 37
34 38
34 43
34 45
34 48
34 50
34 62
34 77
34 80
34 86
34 88
34 90
34 93
34 106
34 116
34 120
34 131
34 146
34 167
34 183
34 186
34 219
34 221
34 222
34 223
34 224
34 247
35 36
35 42
35 45
35 46
35 47
35 48
35 50
35 52
35 56
35 60
35 62
35 63
35 64
35 68
35 69
35 86
35 90
35 97
35 100
35 102
35 111
35 113
35 115
35 128
35 129
35 132
35 133
35 134
35 135
35 144
35 147
35 150
35 158
35 159
35 163
35 166
35 173
35 174
35 186
35 199
35 200
35 205
35 209
35 212
35 222
36 37
36 39
36 40
36 43
36 44
36 46
36 47
36 59
36 60
36 71
36 76
36 87
36 91
36 92
36 99
36 105
36 119
36 122
36 130
36 135
36 140
36 146
36 155
36 159
36 182
36 193
36 206
36 224
36 230
36 232
36 234
36 246
37 38
37 39
37 40
37 43
37 50
37 53
37 55
37 56
37 57
37 58
37 60
37 63
37 72
37 77
37 78
37 81
37 83
37 84
37 88
37 89
37 91
37 93
37 94
37 98
37 100
37 101
37 104
37 113
37 116
37 117
37 118
37 119
37 126
37 136
37 138
37 144
37 146
37 162
37 165
37 171
37 173
37 176
37 180
37 181
37 183
37 185
37 191
37 196
37 244
37 248
38 39
38 43
38 47
38 50
38 51
38 54
38 57
38 61
38 66
38 67
38 70
38 75
38 84
38 89
38 92
38 93
38 95
38 97
38 104
38 107
38 109
38 110
38 113
38 114
38 130
38 142
38 152
38 188
38 192
38 207
38 218
38 235
38 249
39 41
39 48
39 51
39 54
39 55
39 59
39 63
39 66
39 69
39 71
39 77
39 81
39 86
39 93
39 100
39 103
39 110
39 111
39 120
39 130
39 133
39 136
39 141
39 156
39 157
39 158
39 184
39 187
39 195
39 205
39 220
39 227
39 240
39 241
40 49
40 50
40 52
40 55
40 64
40 65
40 67
40 70
40 86
40 90
40 99
40 108
40 109
40 123
40 125
40 129
40 134
40 138
40 157
40 158
40 163
40 169
40 170
40 173
40 181
40 193
40 197
40 201
40 207
40 209
40 231
40 234
40 243
40 247
41 42
41 43
41 46
41 49
41 50
41 60
41 69
41 76
41 77
41 78
41 80
41 82
41 85
41 97
41 98
41 103
41 109
41 114
41 118
41 124
41 126
41 130
41 137
41 140
41 141
41 148
41 149
41 187
41 196
41 215
41 227
41 234
41 245
42 48
42 51
42 53
42 54
42 65
42 67
42 84
42 87
42 95
42 109
42 114
42 120
42 124
42 134
42 142
42 174
42 176
42 186
42 189
42 206
42 208
42 220
42 238
43 44
43 45
43 51
43 53
43 77
43 78
43 82
43 84
43 95
43 100
43 110
43 113
43 117
43 123
43 124
43 125
43 131
43 132
43 141
43 151
43 156
43 159
43 160
43 165
43 167
43 172
43 185
43 195
43 211
43 217
43 232
43 234
43 244
43 249
44 45
44 47
44 49
44 52
44 54
44 64
44 70
44 74
44 82
44 101
44 109
44 111
44 139
44 141
44 145
44 154
44 156
44 161
44 166
44 176
44 180
44 199
44 205
44 216
44 217
44 229
44 240
45 47
45 54
45 58
45 60
45 62
45 66
45 68
45 72
45 75
45 79
45 100
45 115
45 118
45 121
45 129
45 132
45 133
45 140
45 155
45 164
45 174
45 175
45 184
45 191
45 197
45 202
45 209
46 48
46 54
46 57
46 58
46 63
46 70
46 71
46 73
46 74
46 80
46 82
46 93
46 94
46 98
46 99
46 101
46 105
46 118
46 128
46 138
46 150
46 152
46 153
46 163
46 164
46 165
46 181
46 186
46 188
46 199
46 209
46 216
46 221
46 238
46 244
46 245
46 248
47 49
47 57
47 70
47 72
47 74
47 79
47 80
47 84
47 87
47 88
47 92
47 102
47 121
47 125
47 138
47 151
47 162
47 172
47 193
47 214
47 216
47 244
47 246
48 50
48 56
48 61
48 62
48 66
48 67
48 69
48 72
48 75
48 78
48 81
48 85
48 86
48 87
48 92
48 98
48 122
48 127
48 134
48 148
48 165
48 182
48 184
48 195
48 202
48 204
48 214
48 222
48 225
48 245
49 53
49 57
49 58
49 59
49 63
49 64
49 67
49 81
49 82
49 88
49 95
49 99
49 101
49 104
49 110
49 119
49 140
49 142
49 147
49 149
49 155
49 156
49 167
49 172
49 178
49 181
49 196
49 204
49 207
49 210
49 222
50 56
50 58
50 63
50 68
50 71
50 72
50 85
50 89
50 91
50 102
50 108
50 120
50 123
50 126
50 127
50 128
50 130
50 145
50 147
50 155
50 189
50 191
50 194
50 211
50 212
50 219
50 220
50 234
51 69
51 75
51 76
51 77
51 79
51 80
51 87
51 95
51 137
51 143
51 155
51 193
51 217
51 237
51 249
52 53
52 54
52 74
52 89
52 95
52 96
52 101
52 102
52 104
52 114
52 123
52 154
52 213
52 243
52 248
53 56
53 59
53 80
53 82
53 86
53 96
53 106
53 110
53 135
53 139
53 140
53 145
53 153
53 156
53 159
53 163
53 167
53 178
53 187
53 205
53 231
53 239
53 245
54 55
54 61
54 62
54 64
54 65
54 73
54 74
54 76
54 80
54 85
54 99
54 101
54 107
54 110
54 113
54 124
54 132
54 138
54 141
54 146
54 150
54 154
54 166
54 169
54 182
54 184
54 185
54 193
54 194
54 204
54 207
54 214
54 238
55 63
55 65
55 73
55 74
55 75
55 79
55 85
55 96
55 99
55 103
55 111
55 119
55 129
55 137
55 139
55 140
55 149
55 168
55 181
55 218
55 220
55 237
55 243
56 68
56 76
56 92
56 95
56 108
56 119
56 134
56 153
56 173
56 180
56 197
56 225
56 226
57 65
57 70
57 93
57 97
57 103
57 107
57 111
57 112
57 116
57 117
57 121
57 123
57 135
57 141
57 160
57 171
57 172
57 182
57 201
57 207
57 214
57 232
57 233
58 62
58 67
58 78
58 81
58 82
58 83
58 88
58 90
58 100
58 103
58 106
58 108
58 113
58 116
58 159
58 164
58 177
58 181
58 206
58 207
58 237
59 65
59 77
59 79
59 103
59 104
59 134
59 135
59 146
59 174
59 177
59 192
59 203
60 78
60 97
60 99
60 111
60 112
60 124
60 127
60 129
60 131
60 133
60 141
60 143
60 148
60 158
60 175
60 192
60 230
60 234
60 236
60 242
60 245
60 246
60 248
61 63
61 71
61 72
61 83
61 91
61 105
61 106
61 114
61 131
61 139
61 152
61 160
61 165
61 174
61 183
61 184
61 188
61 223
61 225
61 228
61 238
62 68
62 70
62 76
62 88
62 91
62 93
62 96
62 116
62 126
62 157
62 167
62 226
63 65
63 69
63 70
63 72
63 80
63 89
63 94
63 95
63 109
63 117
63 119
63 126
63 133
63 135
63 145
63 154
63 157
63 171
63 180
63 200
63 209
63 212
63 221
64 69
64 76
64 78
64 81
64 90
64 105
64 109
64 115
64 116
64 117
64 120
64 141
64 142
64 147
64 148
64 159
64 162
64 168
64 187
64 202
64 208
65 67
65 68
65 73
65 80
65 94
65 95
65 139
65 140
65 162
65 175
65 176
65 187
65 195
65 200
65 203
65 206
65 213
65 217
65 224
65 226
65 231
66 75
66 78
66 79
66 83
66 89
66 91
66 93
66 96
66 100
66 101
66 103
66 107
66 120
66 137
66 139
66 147
66 163
66 164
66 166
66 173
66 176
66 177
66 188
66 193
66 204
66 225
66 232
66 242
66 246
67 69
67 73
67 88
67 92
67 98
67 112
67 116
67 143
67 144
67 157
67 193
67 208
67 218
67 226
68 84
68 89
68 94
68 101
68 103
68 104
68 106
68 117
68 122
68 123
68 124
68 137
68 143
68 149
68 153
68 161
68 167
68 177
68 185
68 204
68 220
68 224
68 231
68 241
68 244
69 71
69 73
69 75
69 78
69 85
69 86
69 91
69 98
69 126
69 139
69 143
69 144
69 151
69 161
69 189
69 190
70 72
70 73
70 75
70 83
70 91
70 92
70 115
70 132
70 141
70 143
70 153
70 178
70 203
70 225
70 238
71 80
71 83
71 84
71 86
71 87
71 88
71 89
71 94
71 96
71 125
71 135
71 148
71 165
71 167
71 168
71 175
71 194
71 209
71 211
71 213
71 233
71 239
72 78
72 79
72 92
72 101
72 105
72 119
72 122
72 134
72 138
72 142
72 149
72 156
72 159
72 160
72 177
72 187
72 202
72 208
72 212
72 229
72 238
73 74
73 76
73 85
73 89
73 92
73 94
73 97
73 106
73 112
73 141
73 146
73 170
73 205
73 213
73 228
73 232
73 239
73 241
74 83
74 110
74 113
74 130
74 140
74 146
74 147
74 149
74 157
74 168
74 177
74 189
74 192
74 215
74 216
74 243
75 105
75 112
75 128
75 131
75 139
75 178
75 198
75 213
75 223
75 229
75 232
75 244
76 80
76 87
76 96
76 122
76 126
76 136
76 153
76 160
76 171
76 172
76 186
76 188
76 198
76 199
76 236
76 242
77 87
77 106
77 118
77 120
77 121
77 126
77 153
77 177
77 189
77 205
77 210
77 212
77 221
78 79
78 90
78 91
78 92
78 109
78 123
78 134
78 143
78 154
78 170
78 183
78 184
78 197
78 205
78 206
78 211
78 220
79 86
79 91
79 104
79 111
79 128
79 137
79 142
79 146
79 148
79 150
79 170
79 185
79 196
79 199
79 202
79 207
79 208
79 212
79 220
80 105
80 113
80 129
80 143
80 153
80 155
80 180
80 222
80 237
80 238
81 100
81 101
81 109
81 118
81 130
81 134
81 164
81 178
81 210
81 218
81 241
81 243
82 88
82 105
82 139
82 143
82 166
82 183
82 189
82 192
82 201
82 212
82 224
82 235
82 237
83 108
83 112
83 120
83 124
83 127
83 129
83 132
83 147
83 149
83 166
83 167
83 168
83 200
83 219
83 232
83 236
84 98
84 104
84 106
84 111
84 136
84 150
84 151
84 213
84 215
84 217
84 237
85 86
85 93
85 99
85 115
85 136
85 138
85 150
85 187
85 192
85 214
85 222
85 228
85 229
86 110
86 122
86 130
86 147
86 163
86 185
86 201
86 202
86 203
86 235
86 242
87 89
87 92
87 96
87 105
87 117
87 119
87 120
87 129
87 143
87 154
87 169
87 170
87 182
87 184
87 224
87 231
87 243
88 94
88 96
88 106
88 107
88 108
88 113
88 114
88 127
88 128
88 129
88 132
88 135
88 138
88 151
88 152
88 162
88 163
88 174
88 196
88 197
88 208
88 223
88 226
88 247
88 249
89 90
89 102
89 110
89 119
89 122
89 124
89 128
89 132
89 137
89 167
89 182
89 183
89 194
89 202
89 203
89 205
89 222
89 223
89 233
90 94
90 122
90 145
90 147
90 159
90 161
90 173
90 174
90 239
90 248
91 93
91 97
91 101
91 103
91 109
91 131
91 147
91 171
91 175
91 179
91 192
91 213
91 221
91 223
91 235
92 107
92 120
92 130
92 151
92 163
92 176
92 183
92 207
92 227
93 96
93 111
93 125
93 133
93 155
93 160
93 175
93 184
93 185
93 196
93 198
93 204
93 216
93 225
93 227
93 229
93 237
94 106
94 111
94 121
94 127
94 136
94 138
94 152
94 156
94 165
94 168
94 189
94 195
94 200
94 229
94 234
94 247
95 99
95 102
95 107
95 112
95 114
95 124
95 130
95 140
95 163
95 175
95 201
95 216
95 227
96 97
96 116
96 118
96 120
96 126
96 141
96 152
96 157
96 180
96 203
96 215
96 228
97 100
97 102
97 108
97 136
97 142
97 148
97 153
97 156
97 170
97 200
97 206
97 210
97 226
97 233
97 248
98 116
98 144
98 169
98 178
98 190
98 205
98 230
98 235
99 105
99 113
99 115
99 118
99 123
99 125
99 130
99 131
99 146
99 149
99 165
99 171
99 194
99 204
99 218
99 228
100 104
100 112
100 154
100 181
100 207
100 212
100 220
100 233
100 242
101 109
101 115
101 137
101 149
101 150
101 155
101 168
101 186
101 197
101 198
101 221
101 227
101 237
101 240
102 126
102 154
102 165
102 193
102 231
102 245
103 104
103 121
103 144
103 152
103 166
103 174
103 176
103 194
103 207
103 216
103 225
103 229
103 240
104 117
104 135
104 142
104 154
104 162
104 167
104 173
104 180
104 188
104 210
104 214
104 227
105 106
105 114
105 125
105 145
105 150
105 151
105 157
105 158
105 165
105 168
105 176
105 202
105 212
105 213
105 229
105 244
106 147
106 150
106 164
106 174
106 220
106 223
107 117
107 124
107 127
107 131
107 137
107 172
107 192
107 194
107 199
107 203
107 213
107 221
107 223
107 230
107 233
108 130
108 180
108 211
108 246
109 112
109 144
109 149
109 162
109 186
109 224
110 121
110 122
110 123
110 125
110 137
110 163
110 178
110 193
110 198
110 199
110 209
110 224
110 226
110 227
110 230
110 234
110 240
111 126
111 128
111 131
111 134
111 175
111 176
111 182
111 193
111 199
112 133
112 139
112 158
112 189
112 212
112 235
112 245
113 115
113 120
113 128
113 137
113 149
113 170
113 178
113 182
113 183
113 220
113 236
113 237
113 239
114 127
114 131
114 133
114 140
114 166
114 167
114 174
114 176
114 183
114 188
114 191
114 223
114 239
115 122
115 146
115 190
115 219
116 117
116 139
116 242
116 249
117 121
117 157
117 243
118 134
118 139
118 152
118 190
118 209
118 220
118 221
118 243
119 142
119 155
119 169
119 206
119 213
119 244
119 248
120 121
120 158
120 186
120 202
120 203
120 216
120 228
120 237
121 125
121 144
121 159
121 166
121 202
121 214
122 127
122 142
122 147
122 179
122 188
122 232
122 247
123 129
123 154
123 160
123 173
123 208
123 217
123 219
123 220
123 242
123 245
123 246
124 164
124 170
124 206
124 212
124 236
124 244
125 133
125 162
125 169
125 173
125 181
125 183
125 191
125 195
125 216
125 219
125 247
126 137
126 138
126 158
126 159
126 164
126 192
126 196
126 211
126 239
126 248
127 129
127 143
127 152
127 185
127 210
127 228
127 236
127 247
128 138
128 141
128 183
128 191
128 201
128 215
128 227
129 132
129 136
129 156
129 166
129 176
129 188
129 191
129 193
129 194
129 211
129 216
130 157
130 179
130 186
130 222
130 244
130 245
131 151
131 164
131 175
131 179
131 183
131 214
131 245
132 171
132 175
132 179
132 204
132 206
132 212
132 233
133 134
133 140
133 198
133 221
133 223
134 151
134 182
134 196
134 225
134 228
134 231
135 144
135 148
135 155
135 194
136 139
136 171
136 185
136 203
136 218
137 231
137 235
138 168
139 159
139 231
139 236
139 237
139 244
140 146
140 181
140 210
140 229
140 233
140 244
141 161
141 206
141 208
141 229
141 244
142 196
142 198
143 181
143 209
143 214
143 242
144 152
144 175
144 178
144 192
144 228
144 233
144 235
145 150
145 161
145 196
145 197
145 236
145 247
146 157
146 158
146 160
146 193
146 217
146 239
147 177
147 230
147 249
148 149
148 151
148 155
148 156
148 168
148 171
148 178
148 184
148 196
148 199
148 216
148 235
148 246
149 151
149 159
149 162
149 163
149 166
149 188
149 205
150 151
150 162
150 202
150 219
150 221
150 240
150 247
151 177
151 221
152 155
152 161
152 163
152 172
152 182
152 188
152 200
152 207
152 217
152 223
152 243
153 164
153 186
153 226
154 156
154 185
154 187
154 190
155 157
155 203
155 216
155 217
156 171
156 182
156 203
156 210
156 243
156 246
157 177
157 196
157 239
157 243
158 159
158 160
158 162
158 169
159 171
159 186
159 203
159 232
159 237
159 240
160 215
161 169
161 175
161 201
161 215
161 233
162 197
163 181
163 188
163 190
163 195
163 201
163 204
163 235
163 240
164 172
164 226
165 168
165 179
165 180
165 195
165 210
165 227
165 232
165 237
166 170
166 172
166 175
167 185
167 218
167 219
167 221
168 169
168 178
168 191
168 234
169 170
169 174
169 179
169 193
169 198
169 201
169 226
169 230
169 237
169 249
170 171
170 181
170 190
170 195
170 220
170 224
171 190
171 210
171 230
171 241
171 246
172 196
173 186
173 189
173 194
173 215
173 219
173 231
173 242
174 180
174 194
174 198
174 219
175 176
175 181
175 215
176 182
176 191
176 200
176 222
176 228
176 248
177 196
177 200
177 218
177 245
177 246
178 192
178 199
178 225
178 237
179 213
179 222
179 226
179 236
179 241
180 194
180 199
181 234
181 236
181 242
182 193
182 241
183 187
183 197
183 200
183 204
183 224
183 241
183 245
184 249
185 195
185 222
187 208
187 210
188 191
188 215
188 218
188 245
189 213
189 214
189 225
190 210
190 211
191 235
191 242
192 208
192 221
192 223
193 206
193 233
194 196
194 215
194 227
194 230
194 240
195 212
195 230
195 240
196 204
196 222
197 232
197 235
198 205
198 208
199 200
199 222
200 248
201 211
201 214
201 229
202 241
203 222
204 221
204 225
204 237
204 241
205 210
206 225
206 233
206 247
207 208
208 218
208 244
210 249
213 216
214 227
215 224
216 225
217 243
217 247
218 224
222 248
223 236
224 234
225 230
226 242
228 247
233 234
234 235
238 245
239 248
245 249
