0 1
0 2
0 3
0 4
0 5
0 6
0 7
0 8
0 9
0 10
0 11
0 12
0 13
0 14
0 15
0 16
0 17
0 18
0 19
0 20
0 22
0 23
0 24
0 25
0 27
0 28
0 29
0 30
0 33
0 35
0 38
0 39
0 40
0 41
0 43
0 47
0 48
0 50
0 51
0 53
0 54
0 57
0 60
0 61
0 62
0 67
0 73
0 75
0 78
0 80
0 82
0 83
0 84
0 93
0 95
0 97
0 99
0 103
0 116
0 119
0 121
0 122
0 125
0 126
0 132
0 134
0 136
0 149
0 155
0 157
0 162
0 163
0 170
0 176
0 177
0 180
0 183
0 186
0 194
0 197
0 213
0 215
0 217
0 219
0 225
0 234
0 235
0 238
0 240
0 244
1 11
1 12
1 16
1 39
1 102
1 121
1 124
1 139
1 146
1 169
1 173
1 185
1 207
2 11
2 12
2 13
2 14
2 17
2 18
2 21
2 24
2 27
2 28
2 31
2 41
2 42
2 54
2 63
2 70
2 78
2 80
2 88
2 90
2 93
2 101
2 109
2 112
2 116
2 117
2 131
2 132
2 135
2 136
2 142
2 155
2 158
2 161
2 162
2 183
2 184
2 188
2 203
2 205
2 227
3 11
3 12
3 13
3 16
3 17
3 18
3 20
3 26
3 35
3 47
3 53
3 55
3 71
3 80
3 83
3 94
3 103
3 108
3 117
3 120
3 151
3 156
3 158
3 185
3 226
3 243
4 11
4 12
4 14
4 15
4 16
4 19
4 21
4 22
4 24
4 25
4 29
4 30
4 31
4 33
4 41
4 48
4 60
4 62
4 68
4 77
4 78
4 85
4 87
4 89
4 96
4 97
4 107
4 121
4 131
4 139
4 145
4 148
4 152
4 153
4 158
4 164
4 171
4 211
4 231
4 235
4 239
5 11
5 13
5 14
5 15
5 17
5 18
5 19
5 20
5 23
5 25
5 26
5 28
5 35
5 36
5 38
5 44
5 46
5 51
5 56
5 61
5 72
5 73
5 86
5 94
5 98
5 113
5 153
5 174
5 182
5 185
5 197
5 198
5 205
5 209
5 229
5 233
6 11
6 12
6 13
6 14
6 15
6 19
6 20
6 21
6 22
6 25
6 27
6 33
6 34
6 37
6 38
6 41
6 50
6 52
6 53
6 54
6 56
6 63
6 64
6 65
6 67
6 71
6 74
6 77
6 82
6 83
6 88
6 90
6 92
6 103
6 105
6 112
6 113
6 114
6 149
6 169
6 171
6 177
6 178
6 190
6 199
6 213
6 230
7 11
7 12
7 29
7 32
7 39
7 42
7 46
7 93
7 102
7 117
7 127
7 131
7 154
7 175
7 235
8 11
8 12
8 13
8 14
8 15
8 16
8 17
8 26
8 27
8 28
8 32
8 46
8 51
8 52
8 56
8 57
8 60
8 63
8 66
8 68
8 110
8 126
8 130
8 139
8 164
8 169
8 215
8 222
8 230
8 248
9 13
9 16
9 17
9 18
9 20
9 22
9 24
9 27
9 31
9 33
9 36
9 46
9 48
9 53
9 58
9 59
9 66
9 67
9 84
9 85
9 93
9 114
9 127
9 128
9 130
9 137
9 142
9 160
9 172
9 173
9 182
9 190
9 195
9 216
9 224
9 240
9 241
9 246
10 11
10 12
10 13
10 14
10 15
10 20
10 23
10 36
10 40
10 42
10 43
10 44
10 59
10 77
10 98
10 100
10 125
10 133
10 135
10 163
10 190
10 202
10 235
11 12
11 13
11 14
11 15
11 16
11 18
11 19
11 20
11 22
11 24
11 26
11 28
11 29
11 30
11 34
11 37
11 39
11 40
11 42
11 43
11 45
11 47
11 48
11 49
11 50
11 51
11 55
11 56
11 57
11 64
11 66
11 67
11 69
11 75
11 76
11 80
11 82
11 83
11 86
11 96
11 99
11 102
11 105
11 108
11 111
11 115
11 118
11 120
11 124
11 137
11 141
11 143
11 150
11 151
11 157
11 159
11 160
11 166
11 171
11 178
11 183
11 185
11 188
11 193
11 194
11 197
11 200
11 201
11 204
11 212
11 216
11 217
11 224
11 227
11 229
11 243
11 247
11 249
12 13
12 14
12 15
12 17
12 18
12 19
12 21
12 22
12 23
12 24
12 25
12 26
12 29
12 35
12 36
12 38
12 40
12 44
12 45
12 46
12 47
12 50
12 55
12 56
12 57
12 58
12 59
12 73
12 74
12 75
12 90
12 92
12 94
12 98
12 100
12 105
12 117
12 123
12 124
12 125
12 127
12 128
12 140
12 148
12 152
12 153
12 175
12 182
12 202
12 210
12 214
12 224
12 230
12 233
12 237
12 246
13 14
13 15
13 16
13 17
13 18
13 19
13 20
13 21
13 23
13 24
13 25
13 27
13 28
13 30
13 34
13 36
13 38
13 39
13 43
13 44
13 45
13 47
13 51
13 57
13 64
13 66
13 73
13 81
13 84
13 87
13 88
13 90
13 97
13 100
13 107
13 110
13 123
13 126
13 129
13 133
13 134
13 143
13 146
13 148
13 151
13 156
13 158
13 159
13 169
13 179
13 180
13 188
13 203
13 218
13 220
13 221
13 231
13 233
13 234
13 235
13 244
14 15
14 16
14 18
14 19
14 21
14 26
14 28
14 30
14 33
14 35
14 38
14 39
14 41
14 43
14 47
14 51
14 54
14 56
14 57
14 62
14 65
14 69
14 70
14 71
14 72
14 73
14 76
14 88
14 91
14 94
14 99
14 108
14 118
14 120
14 126
14 132
14 181
14 191
14 193
14 198
14 199
14 217
14 220
14 221
14 228
14 242
14 247
15 16
15 17
15 18
15 19
15 20
15 21
15 22
15 23
15 25
15 31
15 33
15 34
15 38
15 39
15 40
15 44
15 48
15 49
15 53
15 56
15 61
15 66
15 68
15 75
15 83
15 86
15 87
15 95
15 98
15 100
15 103
15 105
15 110
15 128
15 133
15 136
15 141
15 146
15 150
15 152
15 170
15 174
15 177
15 185
15 203
15 206
15 218
15 222
15 224
15 230
15 238
16 17
16 21
16 22
16 26
16 32
16 37
16 39
16 42
16 44
16 52
16 54
16 65
16 70
16 71
16 88
16 91
16 94
16 97
16 103
16 107
16 108
16 110
16 115
16 116
16 142
16 148
16 154
16 160
16 162
16 176
16 179
16 181
16 183
16 201
16 204
16 210
16 211
16 221
16 227
16 238
16 243
16 245
17 20
17 21
17 22
17 23
17 24
17 32
17 33
17 36
17 39
17 41
17 44
17 46
17 49
17 53
17 64
17 68
17 70
17 84
17 85
17 100
17 106
17 109
17 114
17 120
17 125
17 135
17 139
17 155
17 161
17 165
17 178
17 191
17 195
17 200
17 201
17 209
17 216
17 230
17 236
17 237
18 19
18 32
18 36
18 40
18 42
18 46
18 47
18 49
18 63
18 76
18 80
18 85
18 99
18 101
18 102
18 111
18 123
18 128
18 158
18 164
18 165
18 188
18 199
18 206
18 233
18 234
18 240
19 21
19 23
19 24
19 26
19 29
19 30
19 32
19 35
19 53
19 55
19 59
19 67
19 68
19 72
19 76
19 82
19 119
19 121
19 134
19 140
19 143
19 144
19 172
19 180
19 184
19 189
19 192
19 194
19 197
19 211
19 215
19 216
19 240
20 25
20 28
20 29
20 30
20 31
20 33
20 35
20 36
20 37
20 41
20 44
20 45
20 54
20 57
20 63
20 70
20 73
20 76
20 77
20 81
20 82
20 99
20 104
20 106
20 108
20 111
20 113
20 116
20 118
20 119
20 122
20 123
20 129
20 141
20 146
20 147
20 150
20 153
20 158
20 161
20 162
20 165
20 170
20 175
20 193
20 194
20 222
20 241
20 246
20 249
21 22
21 23
21 25
21 26
21 28
21 29
21 32
21 34
21 36
21 37
21 39
21 43
21 45
21 54
21 58
21 59
21 65
21 66
21 75
21 77
21 81
21 109
21 119
21 125
21 135
21 172
21 183
21 184
21 240
22 23
22 24
22 27
22 28
22 29
22 30
22 31
22 32
22 34
22 36
22 40
22 49
22 55
22 61
22 64
22 68
22 71
22 72
22 74
22 82
22 88
22 89
22 95
22 100
22 102
22 112
22 127
22 132
22 141
22 142
22 143
22 144
22 145
22 157
22 161
22 164
22 173
22 175
22 184
22 186
22 190
22 197
22 200
22 202
22 218
22 241
22 246
22 248
23 27
23 31
23 33
23 48
23 60
23 63
23 69
23 77
23 95
23 106
23 107
23 108
23 125
23 144
23 161
23 164
23 166
23 172
23 205
23 224
23 226
23 242
24 25
24 27
24 31
24 32
24 34
24 37
24 44
24 52
24 54
24 56
24 58
24 59
24 64
24 68
24 71
24 73
24 74
24 76
24 79
24 80
24 84
24 90
24 93
24 98
24 100
24 101
24 117
24 121
24 122
24 124
24 127
24 136
24 138
24 145
24 152
24 157
24 160
24 167
24 184
24 203
24 242
24 249
25 26
25 31
25 33
25 34
25 37
25 47
25 52
25 53
25 55
25 58
25 62
25 65
25 75
25 82
25 83
25 91
25 92
25 96
25 97
25 105
25 109
25 114
25 115
25 122
25 126
25 140
25 148
25 150
25 155
25 156
25 157
25 176
25 179
25 180
25 184
25 197
25 219
25 220
25 226
25 231
25 241
25 248
26 27
26 30
26 34
26 35
26 37
26 38
26 42
26 62
26 64
26 65
26 69
26 71
26 75
26 91
26 108
26 113
26 127
26 128
26 132
26 150
26 151
26 182
26 183
26 187
26 194
26 211
26 221
26 235
27 29
27 30
27 34
27 35
27 40
27 45
27 49
27 51
27 54
27 55
27 58
27 63
27 70
27 72
27 79
27 80
27 86
27 96
27 97
27 99
27 110
27 114
27 121
27 126
27 149
27 155
27 159
27 174
27 187
27 206
27 207
27 208
27 214
27 217
28 32
28 35
28 37
28 45
28 47
28 52
28 66
28 75
28 81
28 101
28 115
28 119
28 135
28 137
28 138
28 140
28 155
28 165
28 168
28 169
28 192
28 224
28 227
28 235
28 240
29 41
29 52
29 79
29 81
29 116
29 211
29 223
29 230
30 31
30 50
30 56
30 60
30 66
30 68
30 78
30 103
30 104
30 115
30 131
30 144
30 145
30 165
30 170
30 177
30 179
30 185
30 205
30 225
30 249
31 37
31 38
31 43
31 48
31 52
31 55
31 62
31 72
31 78
31 92
31 111
31 120
31 123
31 137
31 138
31 189
31 202
31 215
31 223
31 233
31 241
32 40
32 50
32 79
32 109
32 173
32 234
33 46
33 51
33 58
33 60
33 67
33 79
33 90
33 131
33 138
33 144
33 150
33 165
33 171
33 174
33 175
33 205
33 220
33 236
34 42
34 45
34 46
34 49
34 50
34 51
34 52
34 60
34 61
34 65
34 68
34 77
34 79
34 86
34 92
34 98
34 102
34 107
34 116
34 118
34 127
34 129
34 132
34 133
34 134
34 138
34 140
34 150
34 176
34 195
34 197
34 210
34 211
34 225
35 40
35 45
35 48
35 50
35 57
35 59
35 69
35 70
35 75
35 86
35 96
35 103
35 111
35 128
35 130
35 135
35 148
35 167
35 210
35 239
35 247
35 248
36 41
36 43
36 51
36 74
36 79
36 90
36 101
36 108
36 110
36 132
36 142
36 156
36 172
36 188
36 191
36 207
36 226
36 233
36 248
37 38
37 41
37 48
37 49
37 84
37 85
37 104
37 120
37 122
37 130
37 159
37 160
37 172
37 185
37 190
37 200
37 209
37 221
37 222
37 225
37 227
37 231
37 234
37 243
37 246
37 247
38 42
38 43
38 47
38 58
38 62
38 63
38 84
38 85
38 92
38 94
38 100
38 104
38 109
38 110
38 135
38 136
38 137
38 140
38 176
38 181
38 183
38 196
38 203
38 213
38 222
38 238
38 247
39 50
39 53
39 56
39 74
39 76
39 86
39 90
39 91
39 95
39 101
39 120
39 131
39 154
39 163
39 175
39 187
39 198
39 208
39 232
39 236
39 243
40 42
40 43
40 46
40 54
40 58
40 76
40 79
40 82
40 92
40 134
40 151
40 156
40 158
40 159
40 196
40 245
41 67
41 95
41 130
41 147
41 153
41 159
41 163
41 167
41 181
42 44
42 59
42 60
42 75
42 79
42 80
42 94
42 96
42 98
42 111
42 125
42 128
42 146
42 154
42 167
42 171
42 228
42 244
43 45
43 59
43 61
43 88
43 101
43 120
43 121
43 124
43 150
43 159
43 172
43 180
43 184
43 186
43 207
43 211
43 223
43 226
43 236
43 239
44 48
44 49
44 50
44 55
44 62
44 65
44 72
44 104
44 130
44 140
44 147
44 165
44 177
44 189
44 196
44 221
44 234
44 242
45 61
45 62
45 63
45 65
45 71
45 83
45 106
45 115
45 122
45 132
45 136
45 144
45 164
45 173
45 176
45 178
45 187
45 192
45 240
46 60
46 64
46 69
46 70
46 71
46 73
46 74
46 78
46 81
46 92
46 99
46 120
46 126
46 129
46 131
46 139
46 143
46 161
46 162
46 166
46 168
46 171
46 182
46 214
46 228
46 229
46 235
47 49
47 68
47 77
47 87
47 91
47 109
47 116
47 141
47 170
47 174
47 192
48 52
48 80
48 95
48 113
48 114
48 123
48 154
48 156
48 158
48 187
48 192
48 218
48 245
49 57
49 64
49 72
49 85
49 87
49 94
49 117
49 126
49 139
49 140
49 147
49 149
49 153
49 162
49 168
49 209
49 213
49 219
49 241
50 66
50 67
50 82
50 83
50 100
50 104
50 106
50 109
50 117
50 122
50 133
50 145
50 154
50 156
50 173
50 174
50 212
50 214
50 219
50 230
51 53
51 60
51 84
51 98
51 105
51 122
51 136
51 143
51 151
51 154
51 174
51 199
51 208
51 225
51 228
51 229
52 63
52 65
52 72
52 84
52 90
52 148
52 162
52 163
52 223
53 58
53 69
53 70
53 80
53 87
53 89
53 93
53 95
53 97
53 106
53 113
53 139
53 141
53 145
53 151
53 167
53 181
53 196
53 202
53 208
53 214
54 55
54 61
54 69
54 78
54 83
54 101
54 106
54 107
54 129
54 146
54 169
54 173
54 180
54 206
54 217
54 223
55 57
55 61
55 73
55 108
55 119
55 124
55 125
55 151
55 153
55 185
55 198
55 212
56 67
56 70
56 74
56 78
56 102
56 134
56 161
56 176
56 188
56 195
56 204
56 245
56 246
57 59
57 116
57 121
57 138
57 167
57 173
57 246
58 62
58 73
58 95
58 101
58 102
58 112
58 115
58 123
58 126
58 127
58 233
58 247
59 61
59 76
59 81
59 82
59 89
59 90
59 99
59 102
59 113
59 119
59 139
59 149
59 167
59 179
59 196
59 201
59 207
59 222
59 248
60 105
60 229
61 66
61 71
61 79
61 86
61 93
61 95
61 111
61 118
61 125
61 155
61 161
61 189
61 225
62 78
62 87
62 99
62 100
62 110
62 176
62 211
62 212
62 222
63 64
63 69
63 87
63 96
63 99
63 118
63 122
63 133
63 157
63 163
63 180
63 187
63 207
64 74
64 88
64 92
64 114
64 133
64 198
65 69
65 77
65 88
65 91
65 98
65 113
65 140
65 149
65 216
65 219
65 227
66 67
66 81
66 89
66 92
66 93
66 94
66 103
66 123
66 134
66 147
66 165
66 166
66 195
66 199
66 201
66 210
67 84
67 104
67 115
67 202
67 207
67 217
67 218
68 85
68 91
68 133
68 145
68 152
68 183
68 194
68 199
68 212
68 229
69 83
69 97
69 107
69 139
69 199
70 87
70 107
70 114
70 116
70 119
70 123
70 213
71 72
71 74
71 89
71 112
71 125
71 128
71 137
71 147
71 169
71 191
71 201
71 206
71 213
71 230
72 76
72 96
72 115
72 128
72 145
72 147
72 154
72 165
72 188
72 200
72 208
72 209
72 223
73 93
73 96
73 102
73 161
73 170
73 178
73 208
73 215
73 238
74 94
74 108
74 112
74 116
74 137
74 143
74 178
74 203
75 77
75 81
75 85
75 97
75 105
75 112
75 119
75 147
75 157
75 164
75 186
75 198
76 89
76 105
76 118
76 149
76 168
76 209
76 229
76 231
76 248
77 78
77 86
77 106
77 162
77 206
77 210
77 215
78 101
78 123
78 159
78 187
78 201
78 203
78 218
78 221
78 237
78 244
79 81
79 112
79 117
79 124
79 149
79 180
79 186
79 193
80 89
80 93
80 103
80 112
80 161
80 189
80 215
80 227
81 88
81 111
81 122
81 142
81 171
81 180
81 217
82 89
82 96
82 105
82 169
82 174
82 195
83 85
83 86
83 117
83 166
83 168
83 172
83 202
83 223
83 234
83 237
83 244
84 196
84 206
84 214
84 225
85 91
85 111
85 141
85 158
85 162
85 164
85 204
85 214
85 239
86 87
86 98
86 117
86 118
86 130
86 142
86 147
86 162
86 179
86 181
86 191
86 223
86 233
86 245
87 89
87 114
87 118
87 124
87 137
87 138
87 141
87 152
87 181
87 202
87 220
87 225
87 237
88 113
88 182
88 222
88 228
89 91
89 103
89 104
89 106
89 107
89 110
89 143
89 146
89 155
89 159
89 172
89 173
89 177
89 186
89 187
89 218
89 229
90 121
90 142
90 172
90 179
90 190
90 194
91 119
91 128
91 134
91 143
91 186
91 194
92 97
92 130
92 142
92 226
92 241
93 107
93 140
93 166
93 176
93 182
94 104
94 149
94 154
94 173
94 178
94 209
94 229
94 239
95 131
95 136
95 160
95 179
95 194
95 198
95 203
95 212
95 242
96 153
96 166
96 191
96 207
96 245
97 115
97 120
97 121
97 134
97 146
97 169
97 186
97 201
97 217
97 222
97 234
97 243
98 109
98 190
98 193
98 204
99 104
99 113
99 124
99 129
99 131
99 157
99 163
99 177
99 186
99 236
99 242
100 178
101 106
101 163
101 205
101 210
101 236
101 239
101 243
101 249
102 114
102 118
102 130
102 141
102 171
103 110
103 111
103 170
103 183
103 208
103 210
103 219
103 220
103 232
104 112
104 148
104 228
105 134
105 147
106 109
106 129
106 137
106 156
106 184
106 197
106 222
106 244
107 142
107 149
107 150
107 169
107 246
108 171
108 177
108 192
108 209
108 236
109 138
109 145
110 132
110 138
110 155
110 157
110 187
110 228
111 135
111 212
112 127
112 133
112 136
112 177
112 190
113 126
113 129
113 132
113 156
113 185
113 189
113 203
113 211
113 226
114 196
115 131
115 144
115 158
115 189
115 203
115 227
115 232
115 239
115 245
116 160
116 166
117 129
117 193
117 220
118 130
118 150
118 156
118 204
118 231
119 182
119 184
119 199
120 160
120 182
120 204
120 216
121 139
121 188
121 211
122 124
122 144
122 145
122 152
122 154
122 190
122 192
122 202
122 213
122 237
123 179
123 181
124 127
124 168
124 170
124 177
124 188
124 220
124 230
125 129
125 137
126 135
126 176
126 239
127 133
127 135
127 179
127 189
127 206
127 214
127 216
128 143
128 159
128 170
128 174
128 182
128 200
128 215
128 238
128 240
128 248
129 152
129 167
129 168
129 188
129 198
129 205
129 221
129 224
130 148
130 153
130 164
130 189
130 200
130 232
130 238
130 242
131 160
131 163
131 175
131 181
131 191
131 192
132 151
132 201
133 136
133 141
133 153
133 160
133 168
133 175
133 196
133 205
133 208
133 225
133 241
134 167
134 226
135 138
136 152
136 191
136 226
137 144
137 146
137 189
137 196
137 234
138 200
138 218
139 144
139 146
139 232
139 242
140 163
140 201
140 238
142 151
142 190
142 191
142 219
143 148
143 166
143 175
143 228
145 218
147 152
147 193
147 195
148 180
148 195
148 197
149 170
149 183
150 174
150 235
151 178
151 221
152 155
152 157
152 168
152 195
153 187
153 212
153 228
154 247
155 166
155 199
156 219
157 167
157 171
157 249
158 164
158 193
158 240
158 243
158 244
160 214
160 237
161 219
162 200
162 215
162 217
162 245
163 206
163 208
163 216
163 242
164 165
164 168
164 178
164 181
165 245
166 192
166 206
166 212
166 220
167 185
167 204
167 238
168 220
168 231
168 249
169 175
169 186
171 184
171 229
172 192
173 207
175 196
175 198
175 223
175 233
177 198
178 239
179 216
179 239
180 193
180 205
180 231
181 194
181 202
181 208
181 228
182 193
182 224
182 225
183 244
184 213
184 218
184 237
184 246
185 216
185 235
185 236
185 248
186 205
186 213
186 231
186 247
187 204
187 241
187 249
188 212
188 230
189 191
189 195
189 197
189 204
189 232
192 200
192 209
192 219
192 248
193 210
193 214
193 215
195 213
196 232
197 224
198 199
198 209
198 244
199 236
199 244
200 207
200 241
201 224
201 227
202 226
202 249
206 210
206 221
206 223
206 227
206 240
209 231
209 249
211 247
213 217
215 245
216 234
217 232
217 242
220 232
220 237
223 233
223 243
226 232
227 236
229 237
229 243
231 247
237 238
244 246
