0 1
0 2
0 3
0 4
0 5
0 6
0 7
0 8
0 9
0 10
0 11
0 12
0 13
0 14
0 15
0 16
0 17
0 18
0 19
0 21
0 22
0 23
0 24
0 27
0 28
0 32
0 33
0 36
0 40
0 41
0 48
0 50
0 51
0 54
0 57
0 60
0 67
0 68
0 69
0 75
0 80
0 88
0 90
0 102
0 105
0 106
0 109
0 114
0 115
0 120
0 121
0 129
0 137
0 138
0 141
0 144
0 147
0 165
0 174
0 175
0 176
0 180
0 195
0 219
0 227
0 231
0 237
0 239
1 11
1 12
1 13
1 14
1 16
1 20
1 21
1 22
1 23
1 24
1 25
1 27
1 34
1 38
1 41
1 46
1 49
1 50
1 56
1 70
1 84
1 114
1 119
1 122
1 128
1 142
1 144
1 153
1 163
1 165
1 166
1 173
1 183
1 198
1 228
1 229
1 230
1 236
2 11
2 12
2 27
2 44
2 53
2 145
3 11
3 12
3 13
3 15
3 16
3 17
3 22
3 25
3 31
3 32
3 33
3 36
3 40
3 48
3 59
3 61
3 63
3 65
3 68
3 71
3 91
3 95
3 97
3 103
3 107
3 128
3 131
3 139
3 141
3 150
3 162
3 188
3 209
3 222
3 228
3 239
3 243
3 246
4 11
4 12
4 13
4 14
4 16
4 18
4 20
4 21
4 22
4 24
4 27
4 30
4 31
4 32
4 44
4 46
4 48
4 50
4 59
4 73
4 74
4 76
4 85
4 87
4 97
4 112
4 119
4 169
4 174
4 181
4 183
4 189
4 192
4 198
4 205
4 206
4 213
4 214
4 231
4 239
4 244
5 13
5 14
5 15
5 16
5 17
5 20
5 24
5 28
5 29
5 30
5 31
5 34
5 38
5 40
5 42
5 48
5 49
5 55
5 57
5 66
5 69
5 72
5 75
5 76
5 78
5 82
5 85
5 89
5 98
5 100
5 101
5 105
5 121
5 125
5 127
5 140
5 178
5 196
5 201
5 221
5 224
5 235
5 242
5 245
5 247
6 11
6 12
6 13
6 14
6 15
6 19
6 20
6 21
6 22
6 24
6 25
6 31
6 32
6 34
6 36
6 37
6 39
6 45
6 47
6 56
6 78
6 83
6 89
6 93
6 96
6 102
6 113
6 118
6 124
6 127
6 138
6 141
6 144
6 145
6 147
6 156
6 189
6 197
6 204
6 224
6 225
6 243
6 245
7 11
7 12
7 15
7 16
7 17
7 18
7 23
7 26
7 35
7 37
7 38
7 41
7 48
7 63
7 79
7 95
7 101
7 109
7 149
7 202
7 221
7 244
8 11
8 12
8 13
8 34
8 86
9 11
9 13
9 14
9 19
9 55
9 241
10 11
10 12
10 14
10 15
10 16
10 18
10 20
10 28
10 34
10 39
10 42
10 43
10 47
10 50
10 51
10 52
10 55
10 56
10 59
10 63
10 83
10 87
10 94
10 102
10 129
10 142
10 157
10 177
10 211
11 12
11 13
11 14
11 15
11 16
11 17
11 18
11 20
11 21
11 22
11 23
11 25
11 27
11 28
11 29
11 31
11 33
11 35
11 37
11 38
11 41
11 46
11 47
11 56
11 58
11 60
11 67
11 68
11 69
11 70
11 77
11 78
11 85
11 87
11 94
11 95
11 99
11 106
11 109
11 111
11 121
11 126
11 127
11 128
11 131
11 139
11 141
11 145
11 146
11 151
11 157
11 160
11 165
11 171
11 172
11 182
11 188
11 190
11 198
11 203
11 212
11 213
11 214
11 219
11 222
11 230
11 232
11 234
11 237
11 240
11 244
11 248
12 13
12 14
12 15
12 17
12 18
12 19
12 20
12 24
12 25
12 26
12 28
12 29
12 31
12 35
12 39
12 45
12 47
12 49
12 52
12 53
12 54
12 56
12 57
12 62
12 70
12 76
12 79
12 92
12 93
12 94
12 96
12 101
12 104
12 105
12 107
12 108
12 116
12 120
12 123
12 124
12 126
12 148
12 151
12 154
12 162
12 170
12 188
12 190
12 195
12 204
12 208
12 210
12 215
12 216
12 226
12 238
12 249
13 14
13 15
13 16
13 17
13 18
13 19
13 20
13 21
13 22
13 24
13 28
13 29
13 30
13 34
13 37
13 38
13 43
13 44
13 45
13 46
13 49
13 50
13 51
13 55
13 57
13 61
13 64
13 70
13 71
13 72
13 77
13 79
13 82
13 83
13 85
13 91
13 97
13 98
13 99
13 101
13 103
13 104
13 108
13 113
13 116
13 128
13 129
13 130
13 135
13 137
13 144
13 152
13 158
13 160
13 162
13 168
13 171
13 174
13 178
13 179
13 181
13 186
13 188
13 191
13 196
13 201
13 202
13 210
13 214
13 216
13 217
13 224
13 233
13 237
14 15
14 17
14 18
14 19
14 20
14 22
14 23
14 26
14 27
14 30
14 31
14 32
14 33
14 34
14 35
14 39
14 41
14 43
14 45
14 48
14 52
14 54
14 66
14 76
14 85
14 87
14 90
14 93
14 98
14 103
14 104
14 113
14 116
14 121
14 122
14 135
14 143
14 159
14 161
14 171
14 183
14 185
14 187
14 205
14 219
14 220
14 225
14 227
14 247
14 249
15 16
15 17
15 18
15 19
15 22
15 23
15 25
15 26
15 28
15 35
15 36
15 47
15 52
15 53
15 55
15 65
15 68
15 75
15 77
15 80
15 81
15 93
15 98
15 101
15 106
15 114
15 120
15 121
15 123
15 128
15 137
15 139
15 140
15 144
15 148
15 150
15 156
15 158
15 160
15 169
15 172
15 176
15 180
15 181
15 191
15 193
15 204
15 208
15 217
15 222
15 228
15 230
16 17
16 18
16 19
16 21
16 25
16 32
16 34
16 35
16 36
16 37
16 53
16 72
16 82
16 113
16 115
16 117
16 124
16 143
16 172
16 173
16 208
16 234
16 249
17 19
17 21
17 23
17 24
17 26
17 27
17 32
17 36
17 37
17 38
17 39
17 40
17 41
17 45
17 52
17 53
17 54
17 60
17 61
17 63
17 66
17 67
17 80
17 83
17 88
17 89
17 90
17 91
17 92
17 97
17 98
17 100
17 107
17 112
17 116
17 119
17 123
17 124
17 128
17 133
17 134
17 150
17 163
17 164
17 170
17 190
17 192
17 196
17 197
17 199
17 201
17 203
17 224
17 229
17 230
17 235
17 236
17 239
17 241
17 245
18 19
18 20
18 21
18 22
18 23
18 24
18 25
18 29
18 31
18 32
18 33
18 36
18 38
18 39
18 40
18 42
18 43
18 44
18 46
18 48
18 50
18 62
18 63
18 72
18 77
18 81
18 83
18 84
18 85
18 87
18 90
18 93
18 124
18 126
18 127
18 129
18 130
18 132
18 133
18 136
18 143
18 144
18 150
18 151
18 154
18 159
18 161
18 165
18 168
18 169
18 172
18 174
18 179
18 183
18 199
18 205
18 207
18 208
18 209
18 216
18 220
18 227
18 229
18 230
18 236
18 241
18 247
19 23
19 25
19 27
19 30
19 37
19 38
19 44
19 58
19 70
19 82
19 93
19 103
19 109
19 118
19 120
19 126
19 128
19 133
19 150
19 154
19 162
19 163
19 180
19 216
19 220
19 245
19 246
20 21
20 26
20 33
20 36
20 38
20 43
20 46
20 47
20 52
20 53
20 66
20 68
20 69
20 74
20 79
20 86
20 90
20 101
20 103
20 111
20 122
20 123
20 131
20 143
20 167
20 180
20 194
20 200
20 206
21 23
21 24
21 26
21 28
21 29
21 33
21 47
21 49
21 57
21 58
21 59
21 66
21 72
21 86
21 88
21 96
21 101
21 118
21 122
21 130
21 135
21 146
21 148
21 152
21 153
21 161
21 193
21 201
21 223
21 237
22 25
22 28
22 30
22 33
22 37
22 39
22 41
22 42
22 53
22 57
22 60
22 61
22 62
22 65
22 67
22 70
22 81
22 95
22 102
22 103
22 111
22 116
22 122
22 124
22 126
22 127
22 131
22 134
22 137
22 148
22 149
22 155
22 158
22 163
22 168
22 175
22 181
22 191
22 231
22 236
22 246
23 26
23 27
23 29
23 30
23 39
23 50
23 52
23 56
23 57
23 58
23 59
23 71
23 73
23 83
23 87
23 90
23 94
23 96
23 99
23 110
23 115
23 131
23 133
23 134
23 155
23 162
23 165
23 172
23 173
23 175
23 194
23 196
23 198
23 199
23 204
23 225
23 227
23 236
23 237
23 238
23 244
24 26
24 28
24 30
24 31
24 35
24 46
24 62
24 69
24 80
24 129
24 130
24 149
24 205
25 26
25 27
25 30
25 34
25 35
25 41
25 43
25 45
25 49
25 60
25 63
25 67
25 74
25 75
25 76
25 77
25 81
25 82
25 87
25 92
25 97
25 103
25 108
25 110
25 115
25 117
25 127
25 128
25 129
25 136
25 138
25 145
25 146
25 147
25 150
25 153
25 154
25 156
25 167
25 175
25 194
25 201
25 217
25 223
26 29
26 32
26 36
26 37
26 41
26 43
26 49
26 52
26 54
26 55
26 57
26 64
26 69
26 71
26 74
26 76
26 83
26 89
26 91
26 95
26 101
26 102
26 104
26 109
26 110
26 116
26 125
26 129
26 137
26 140
26 143
26 145
26 159
26 178
26 184
26 213
26 215
26 223
26 228
26 230
27 29
27 30
27 31
27 36
27 37
27 42
27 54
27 58
27 59
27 60
27 62
27 63
27 89
27 95
27 104
27 112
27 127
27 156
27 175
27 185
27 190
27 203
27 206
27 207
27 226
27 233
27 236
27 238
27 245
27 247
28 29
28 39
28 40
28 42
28 47
28 61
28 71
28 72
28 73
28 74
28 80
28 99
28 100
28 107
28 114
28 139
28 143
28 147
28 159
28 160
28 169
28 173
28 202
28 204
28 214
28 216
28 221
28 222
28 231
28 238
29 32
29 33
29 45
29 46
29 51
29 62
29 77
29 94
29 108
29 135
29 150
29 158
29 176
29 184
29 195
29 203
29 214
29 232
30 34
30 35
30 40
30 47
30 51
30 56
30 64
30 74
30 80
30 88
30 116
30 132
30 137
30 141
30 149
30 168
30 183
30 189
30 191
30 215
30 226
30 235
31 40
31 44
31 45
31 54
31 59
31 64
31 67
31 73
31 80
31 89
31 114
31 121
31 123
31 161
31 174
31 188
31 195
31 205
31 211
31 233
31 235
32 33
32 38
32 44
32 50
32 51
32 56
32 70
32 71
32 73
32 86
32 105
32 122
32 137
32 145
32 170
32 176
32 177
32 186
32 188
32 192
32 205
32 216
33 42
33 58
33 64
33 69
33 72
33 73
33 74
33 89
33 102
33 105
33 107
33 125
33 175
33 194
33 212
34 35
34 44
34 48
34 52
34 63
34 68
34 70
34 92
34 94
34 95
34 98
34 103
34 109
34 125
34 132
34 134
34 137
34 148
34 157
34 158
34 172
34 189
34 218
34 222
34 233
35 39
35 42
35 53
35 55
35 64
35 76
35 78
35 80
35 84
35 89
35 100
35 106
35 113
35 117
35 123
35 124
35 125
35 142
35 147
35 173
35 184
35 202
35 218
35 247
35 248
36 40
36 42
36 51
36 55
36 65
36 74
36 78
36 106
36 139
36 153
36 184
36 211
36 220
36 224
37 43
37 44
37 45
37 51
37 62
37 64
37 65
37 66
37 72
37 75
37 76
37 80
37 82
37 88
37 102
37 108
37 121
37 128
37 141
37 164
37 171
37 178
37 179
37 180
37 182
37 206
37 209
37 210
37 248
38 42
38 43
38 44
38 55
38 64
38 74
38 79
38 86
38 104
38 105
38 107
38 112
38 138
38 142
38 200
38 207
38 237
39 40
39 43
39 58
39 84
39 93
39 94
39 170
39 179
39 180
39 222
39 239
40 41
40 45
40 46
40 50
40 55
40 62
40 65
40 75
40 77
40 81
40 85
40 86
40 90
40 93
40 102
40 126
40 140
40 145
40 156
40 163
40 166
40 196
40 197
40 210
40 245
41 47
41 48
41 57
41 59
41 61
41 65
41 77
41 83
41 86
41 87
41 95
41 111
41 133
41 137
41 151
41 166
41 184
41 187
41 207
41 212
41 246
42 49
42 50
42 58
42 68
42 75
42 78
42 85
42 96
42 110
42 115
42 130
42 133
42 146
42 152
42 163
42 181
42 186
42 191
42 197
42 217
43 48
43 60
43 62
43 67
43 68
43 77
43 102
43 114
43 115
43 117
43 119
43 130
43 133
43 159
43 163
43 178
43 179
43 186
43 192
43 202
43 207
43 229
43 240
44 46
44 56
44 58
44 71
44 91
44 112
44 153
44 176
44 200
44 224
44 233
45 49
45 60
45 63
45 64
45 84
45 88
45 93
45 95
45 96
45 97
45 98
45 107
45 118
45 144
45 164
45 166
45 170
45 171
45 188
45 200
45 202
45 216
45 232
45 236
45 239
46 49
46 51
46 53
46 56
46 57
46 59
46 65
46 66
46 67
46 79
46 80
46 81
46 86
46 94
46 96
46 99
46 115
46 119
46 136
46 139
46 142
46 152
46 155
46 159
46 162
46 164
46 165
46 167
46 220
46 240
47 53
47 54
47 61
47 66
47 67
47 68
47 77
47 82
47 84
47 103
47 112
47 122
47 148
47 156
47 164
47 165
47 166
47 168
47 187
47 196
47 205
47 208
47 214
47 223
47 236
47 242
48 51
48 67
48 86
48 102
48 108
48 111
48 164
48 190
48 192
48 209
48 225
48 235
48 244
49 52
49 61
49 69
49 82
49 84
49 88
49 100
49 119
49 134
49 138
49 160
49 167
49 173
49 199
49 233
50 54
50 59
50 75
50 100
50 106
50 112
50 158
50 200
51 65
51 66
51 78
51 87
51 91
51 125
51 126
51 145
51 159
51 171
51 213
52 61
52 81
52 131
52 134
52 146
52 248
53 54
53 74
53 136
53 193
53 247
54 64
54 70
54 94
54 109
54 143
54 149
54 152
54 161
54 172
54 193
54 194
54 197
54 209
54 228
55 58
55 60
55 62
55 65
55 68
55 70
55 90
55 103
55 117
55 120
55 122
55 125
55 127
55 154
55 174
55 184
55 193
55 196
55 204
55 210
55 212
55 217
55 218
56 76
56 78
56 83
56 106
56 109
56 116
56 149
56 168
56 201
56 214
56 233
56 237
57 69
57 71
57 79
57 84
57 92
57 99
57 107
57 110
57 113
57 117
57 124
57 140
57 147
57 152
57 157
57 187
57 208
57 226
58 63
58 71
58 75
58 82
58 84
58 91
58 93
58 98
58 108
58 123
58 129
58 130
58 146
58 152
58 167
58 177
58 178
58 181
58 182
58 191
58 223
58 229
58 233
58 249
59 60
59 69
59 73
59 108
59 138
59 140
59 158
59 183
59 189
59 198
59 206
59 227
59 243
60 61
60 73
60 88
60 96
60 100
60 118
60 145
60 147
60 151
60 154
60 160
60 178
60 185
60 188
60 191
60 198
61 87
61 96
61 125
61 136
61 149
61 186
61 196
61 234
62 78
62 119
62 152
62 161
62 180
63 71
63 73
63 81
63 92
63 131
63 155
63 165
63 174
63 199
63 206
63 220
63 229
63 232
64 66
64 83
64 110
64 136
64 143
64 151
64 184
64 198
64 215
64 221
64 228
64 243
65 81
65 97
65 125
65 194
65 197
66 73
66 79
66 82
66 88
66 104
66 113
66 147
66 187
66 189
66 211
66 219
67 72
67 76
67 81
67 99
67 106
67 135
67 139
67 151
67 153
67 161
67 162
67 170
67 171
67 193
67 196
67 207
67 215
67 218
67 222
67 229
67 245
68 79
68 92
68 99
68 104
68 127
68 131
68 158
68 175
68 189
68 224
69 98
69 117
69 149
69 172
69 228
69 231
69 246
70 97
70 112
70 120
70 121
70 129
70 131
70 164
70 168
70 238
70 242
71 72
71 91
71 122
71 184
71 232
72 75
72 84
72 85
72 90
72 92
72 114
72 120
72 126
72 153
72 157
72 201
72 225
72 249
73 78
73 91
73 114
73 156
74 111
74 169
74 177
74 190
74 222
74 241
75 104
75 118
75 152
75 156
75 160
75 195
75 249
76 101
76 136
76 161
76 166
76 203
76 219
76 232
77 89
77 97
77 100
77 111
77 138
77 139
77 146
77 153
77 154
77 172
78 79
78 85
78 92
78 94
78 101
78 111
78 123
78 132
78 133
78 134
78 136
78 185
78 199
78 202
78 211
78 217
78 218
78 223
78 226
78 231
78 239
79 86
79 107
79 132
79 148
79 167
79 186
79 244
80 90
80 135
80 206
80 225
80 238
81 105
81 110
81 150
81 227
82 105
82 111
82 127
82 140
82 166
82 167
82 168
82 210
82 219
82 231
82 236
83 92
83 98
83 106
83 110
83 113
83 117
83 176
83 192
83 221
84 112
84 121
84 126
84 141
84 142
84 155
84 171
84 182
84 239
85 88
85 91
85 119
85 125
85 155
85 179
85 185
86 89
86 153
87 109
87 115
87 157
87 167
87 182
87 215
87 228
87 236
87 248
88 124
88 135
88 142
88 157
88 163
88 169
88 188
88 227
89 99
89 105
89 106
89 132
89 141
89 161
89 192
89 201
89 213
89 223
89 242
90 99
90 200
90 235
91 100
91 113
91 122
91 169
91 188
91 212
91 216
91 221
92 100
92 104
92 105
92 110
92 117
92 130
92 142
92 164
92 168
92 209
92 210
92 224
93 111
93 115
93 163
93 206
94 95
94 96
94 97
94 114
94 116
94 124
94 133
94 135
94 144
94 174
94 175
94 200
94 219
94 246
95 109
95 117
95 141
95 148
95 170
95 173
95 205
95 206
95 208
95 247
96 121
96 134
96 151
96 166
96 178
97 107
97 140
97 154
97 170
97 198
97 240
98 108
98 110
98 118
98 119
98 133
98 177
98 230
99 136
99 142
99 147
99 159
99 160
99 180
99 238
99 245
99 246
100 114
100 201
100 234
101 155
101 157
101 178
101 182
101 211
102 223
103 115
103 119
103 130
103 132
103 140
103 144
103 155
103 185
103 193
103 207
103 221
104 118
104 146
104 150
104 162
104 175
104 179
104 195
104 203
105 118
105 190
105 204
105 205
106 108
106 113
106 120
106 135
107 132
107 135
107 200
107 243
108 149
108 160
108 166
108 169
108 211
109 180
109 249
110 112
110 126
110 132
110 143
110 154
110 176
110 221
111 118
111 136
111 140
111 164
111 181
111 216
111 220
111 225
112 173
112 176
112 198
113 120
113 131
113 146
113 197
113 208
114 116
114 138
114 151
114 181
114 183
114 220
115 178
115 179
115 207
116 171
116 240
117 120
117 132
117 148
117 156
117 185
117 186
117 202
117 213
117 223
118 123
118 161
118 177
118 187
118 227
118 240
119 134
119 149
119 159
119 160
119 163
119 186
119 192
119 199
119 209
119 218
119 222
120 142
120 184
120 210
120 213
120 244
121 158
121 170
122 123
122 147
122 169
123 138
123 153
123 157
123 159
123 189
123 218
124 129
124 217
124 243
125 138
125 145
125 154
125 182
125 209
125 240
126 128
126 137
126 162
126 169
126 177
126 245
127 130
127 150
127 156
127 165
127 197
129 225
129 246
130 146
130 162
130 239
130 240
130 242
131 134
131 191
131 194
131 220
131 232
132 174
132 181
132 238
133 139
133 158
133 213
134 139
134 152
135 179
135 248
136 151
136 179
136 180
136 191
136 193
136 227
136 235
136 240
136 244
136 249
137 141
137 219
138 148
138 204
138 234
138 237
139 184
139 193
139 203
139 228
140 144
140 164
140 174
140 196
140 218
141 167
141 187
141 190
141 195
141 204
141 212
142 143
142 155
142 157
142 185
142 190
142 213
143 177
143 182
143 214
143 233
143 235
144 173
144 176
144 191
144 207
145 232
146 166
146 214
146 237
147 172
147 183
147 223
149 187
149 221
149 242
150 155
150 235
151 194
151 206
152 167
152 194
152 222
153 189
153 202
153 226
153 244
153 246
154 186
154 208
154 217
154 226
154 231
155 183
155 197
155 242
156 177
156 187
156 212
156 226
156 241
157 175
157 211
158 171
158 183
158 195
158 232
158 234
158 238
159 186
159 199
159 215
160 168
160 219
161 165
162 173
162 195
162 201
162 212
162 244
163 170
163 185
163 226
163 234
164 207
165 197
165 199
165 214
166 182
166 195
166 243
167 181
167 226
167 247
168 185
168 200
168 205
168 224
168 239
169 209
169 211
172 232
172 243
173 190
175 176
175 177
175 182
175 203
175 210
175 218
175 234
176 240
177 192
177 235
178 199
179 212
180 234
180 249
181 198
181 211
182 203
182 247
183 187
184 193
186 189
186 200
186 225
187 215
187 247
188 209
189 204
190 215
190 218
191 192
191 216
191 217
192 229
193 194
193 217
193 219
193 233
193 234
194 208
195 215
195 229
195 245
195 249
196 242
197 230
197 231
197 248
198 224
198 248
199 202
199 203
200 221
200 241
202 210
202 248
203 213
204 228
204 230
204 241
207 212
209 220
210 241
210 242
211 238
212 241
214 230
215 229
216 225
217 227
217 242
220 241
222 231
224 243
226 246
228 243
231 237
241 248
