0 1
0 2
0 3
0 4
0 5
0 6
0 7
0 8
0 9
0 10
0 11
0 12
0 13
0 14
0 15
0 16
0 17
0 18
0 19
0 20
0 21
0 22
0 23
0 26
0 27
0 29
0 30
0 33
0 36
0 38
0 39
0 41
0 42
0 44
0 45
0 49
0 50
0 51
0 53
0 56
0 58
0 59
0 65
0 66
0 67
0 68
0 77
0 83
0 84
0 85
0 88
0 90
0 91
0 100
0 102
0 109
0 117
0 118
0 119
0 120
0 125
0 133
0 135
0 163
0 175
0 176
0 179
0 181
0 183
0 198
0 199
0 208
0 214
0 229
0 234
0 247
0 249
1 13
1 14
1 15
1 16
1 17
1 19
1 22
1 27
1 28
1 29
1 32
1 33
1 35
1 41
1 44
1 49
1 55
1 68
1 73
1 74
1 75
1 76
1 85
1 99
1 103
1 105
1 116
1 121
1 133
1 134
1 144
1 146
1 149
1 152
1 162
1 171
1 173
1 174
1 184
1 191
1 192
1 210
1 232
1 234
2 13
2 14
2 15
2 16
2 17
2 18
2 20
2 21
2 24
2 25
2 28
2 30
2 31
2 33
2 35
2 38
2 39
2 44
2 45
2 48
2 49
2 60
2 62
2 63
2 65
2 67
2 72
2 75
2 79
2 85
2 87
2 97
2 103
2 107
2 123
2 128
2 131
2 132
2 133
2 134
2 139
2 143
2 144
2 152
2 156
2 160
2 172
2 173
2 175
2 178
2 179
2 182
2 197
2 210
2 218
2 227
2 233
2 237
3 13
3 14
3 15
3 16
3 17
3 18
3 19
3 22
3 26
3 27
3 29
3 32
3 36
3 37
3 38
3 41
3 42
3 43
3 47
3 52
3 60
3 61
3 62
3 66
3 67
3 72
3 85
3 87
3 89
3 91
3 95
3 99
3 121
3 134
3 135
3 136
3 148
3 155
3 164
3 172
3 182
3 188
3 195
3 205
3 208
3 217
3 220
3 248
4 13
4 14
4 15
4 16
4 17
4 18
4 19
4 20
4 21
4 23
4 27
4 29
4 30
4 33
4 34
4 36
4 39
4 40
4 43
4 47
4 48
4 52
4 54
4 56
4 57
4 62
4 68
4 70
4 78
4 82
4 85
4 93
4 95
4 100
4 128
4 151
4 161
4 179
4 201
4 204
4 220
4 243
4 244
5 13
5 14
5 15
5 17
5 18
5 19
5 21
5 22
5 24
5 25
5 27
5 28
5 29
5 31
5 32
5 37
5 46
5 47
5 49
5 51
5 56
5 63
5 66
5 75
5 90
5 93
5 94
5 103
5 108
5 114
5 119
5 124
5 129
5 139
5 162
5 169
5 175
5 182
5 185
5 186
5 191
5 193
5 208
5 229
5 233
5 245
5 246
6 13
6 14
6 15
6 17
6 20
6 21
6 22
6 24
6 26
6 36
6 53
6 68
6 90
6 120
6 125
6 136
6 177
6 215
6 216
6 218
6 229
6 238
6 248
7 13
7 14
7 15
7 16
7 18
7 20
7 21
7 23
7 24
7 25
7 26
7 27
7 30
7 32
7 33
7 34
7 39
7 49
7 51
7 54
7 57
7 61
7 62
7 64
7 78
7 79
7 85
7 88
7 102
7 107
7 112
7 121
7 129
7 157
7 159
7 161
7 162
7 181
7 196
7 205
7 207
7 213
7 216
7 228
7 236
7 243
7 246
8 13
8 15
8 16
8 19
8 30
8 46
8 72
8 77
8 112
8 131
8 134
8 159
8 162
8 173
8 183
8 198
8 228
8 231
8 245
9 13
9 14
9 15
9 24
9 26
9 31
9 34
9 37
9 50
9 53
9 55
9 59
9 61
9 88
9 116
9 117
9 135
9 140
9 165
9 168
9 177
9 186
9 204
9 212
9 222
10 13
10 14
10 16
10 17
10 18
10 23
10 24
10 25
10 26
10 29
10 32
10 34
10 37
10 38
10 39
10 47
10 50
10 64
10 65
10 67
10 69
10 107
10 115
10 118
10 130
10 133
10 149
10 155
10 187
10 194
10 206
10 220
10 226
10 232
10 241
10 242
10 246
11 13
11 14
11 16
11 18
11 20
11 21
11 32
11 37
11 39
11 41
11 52
11 59
11 60
11 73
11 75
11 83
11 89
11 97
11 98
11 107
11 118
11 125
11 134
11 140
11 143
11 161
11 169
12 33
12 35
12 45
12 63
12 64
12 75
12 76
12 96
12 105
12 111
12 114
12 117
12 142
12 144
12 147
12 170
12 203
12 214
12 227
12 242
13 14
13 15
13 16
13 17
13 18
13 19
13 20
13 21
13 22
13 23
13 25
13 26
13 27
13 28
13 30
13 31
13 33
13 34
13 36
13 38
13 39
13 42
13 43
13 45
13 46
13 47
13 49
13 51
13 57
13 58
13 59
13 63
13 64
13 66
13 69
13 70
13 73
13 77
13 79
13 80
13 82
13 85
13 87
13 92
13 97
13 98
13 101
13 104
13 107
13 113
13 117
13 119
13 121
13 124
13 125
13 129
13 131
13 134
13 135
13 137
13 138
13 142
13 145
13 148
13 151
13 156
13 158
13 167
13 169
13 171
13 174
13 175
13 178
13 185
13 186
13 189
13 190
13 192
13 199
13 200
13 201
13 202
13 208
13 209
13 221
13 229
13 231
13 235
13 241
13 243
13 244
13 245
13 249
14 15
14 16
14 17
14 18
14 19
14 20
14 21
14 22
14 23
14 24
14 25
14 26
14 27
14 28
14 29
14 35
14 37
14 40
14 42
14 44
14 46
14 49
14 51
14 53
14 54
14 55
14 56
14 58
14 59
14 66
14 67
14 69
14 71
14 72
14 73
14 76
14 83
14 84
14 87
14 92
14 102
14 108
14 109
14 115
14 116
14 118
14 119
14 122
14 128
14 141
14 147
14 158
14 159
14 160
14 161
14 164
14 172
14 175
14 180
14 183
14 188
14 194
14 196
14 199
14 211
14 216
14 218
14 223
14 242
15 16
15 17
15 18
15 19
15 22
15 23
15 27
15 30
15 34
15 35
15 36
15 37
15 38
15 40
15 43
15 44
15 45
15 48
15 49
15 54
15 55
15 58
15 63
15 74
15 82
15 83
15 84
15 88
15 89
15 96
15 98
15 102
15 110
15 118
15 120
15 130
15 132
15 142
15 144
15 145
15 146
15 156
15 164
15 165
15 171
15 172
15 185
15 186
15 191
15 193
15 201
15 214
15 216
15 219
15 226
15 235
15 242
15 243
15 244
16 17
16 18
16 19
16 20
16 22
16 23
16 24
16 27
16 29
16 33
16 34
16 35
16 38
16 39
16 40
16 41
16 43
16 65
16 72
16 76
16 77
16 78
16 81
16 82
16 84
16 92
16 93
16 94
16 105
16 113
16 118
16 125
16 127
16 130
16 132
16 149
16 154
16 160
16 166
16 170
16 171
16 176
16 183
16 186
16 194
16 199
16 204
16 208
16 212
16 229
16 230
16 231
17 19
17 20
17 21
17 22
17 24
17 25
17 28
17 31
17 32
17 34
17 35
17 37
17 42
17 44
17 48
17 50
17 51
17 52
17 58
17 62
17 68
17 69
17 74
17 80
17 87
17 90
17 92
17 94
17 106
17 107
17 111
17 121
17 122
17 124
17 126
17 129
17 148
17 161
17 166
17 167
17 168
17 172
17 180
17 187
17 213
17 221
17 226
17 240
17 241
18 19
18 20
18 22
18 23
18 25
18 26
18 27
18 28
18 30
18 32
18 34
18 35
18 39
18 41
18 47
18 48
18 49
18 50
18 51
18 58
18 59
18 65
18 68
18 73
18 75
18 81
18 86
18 89
18 91
18 92
18 98
18 103
18 107
18 113
18 116
18 119
18 126
18 132
18 138
18 141
18 146
18 159
18 161
18 172
18 173
18 177
18 180
18 182
18 191
18 196
18 197
18 199
18 206
18 213
18 214
18 219
18 223
18 228
19 20
19 21
19 24
19 25
19 26
19 36
19 40
19 41
19 46
19 50
19 55
19 56
19 59
19 65
19 67
19 68
19 69
19 72
19 80
19 85
19 87
19 88
19 93
19 95
19 104
19 110
19 111
19 114
19 115
19 119
19 123
19 126
19 128
19 140
19 143
19 158
19 159
19 161
19 164
19 166
19 177
19 179
19 180
19 194
19 195
19 214
19 215
19 216
19 233
19 244
20 21
20 22
20 23
20 24
20 26
20 27
20 31
20 35
20 37
20 40
20 46
20 48
20 49
20 51
20 56
20 72
20 73
20 78
20 82
20 90
20 91
20 101
20 102
20 106
20 136
20 150
20 152
20 164
20 173
20 186
20 215
20 219
20 224
20 243
21 23
21 25
21 28
21 30
21 38
21 39
21 40
21 41
21 42
21 45
21 46
21 48
21 51
21 58
21 67
21 70
21 73
21 88
21 91
21 95
21 97
21 100
21 102
21 112
21 118
21 120
21 123
21 124
21 128
21 140
21 141
21 149
21 169
21 178
21 179
21 188
21 197
21 211
21 216
21 222
21 225
21 231
21 236
21 239
21 245
21 249
22 23
22 25
22 32
22 33
22 34
22 36
22 42
22 46
22 49
22 55
22 56
22 62
22 64
22 70
22 71
22 77
22 86
22 88
22 95
22 100
22 106
22 113
22 114
22 120
22 123
22 139
22 149
22 156
22 158
22 165
22 168
22 169
22 171
22 178
22 181
22 184
22 190
22 196
22 201
22 202
22 214
22 217
22 224
22 228
22 237
22 240
22 243
23 24
23 25
23 26
23 28
23 29
23 30
23 31
23 40
23 42
23 44
23 48
23 50
23 52
23 53
23 58
23 74
23 79
23 82
23 89
23 104
23 106
23 107
23 109
23 112
23 115
23 125
23 127
23 136
23 141
23 142
23 151
23 155
23 162
23 173
23 186
23 195
23 199
23 200
23 206
23 223
23 228
23 232
23 237
23 249
24 29
24 31
24 33
24 35
24 45
24 47
24 50
24 53
24 57
24 59
24 62
24 63
24 65
24 71
24 74
24 76
24 84
24 94
24 95
24 110
24 126
24 135
24 144
24 175
24 181
24 182
24 185
24 212
24 216
24 222
24 225
24 232
24 233
24 236
24 237
24 242
24 246
25 28
25 31
25 32
25 37
25 42
25 43
25 44
25 48
25 52
25 56
25 57
25 64
25 66
25 71
25 74
25 82
25 83
25 89
25 90
25 97
25 101
25 102
25 103
25 105
25 110
25 114
25 118
25 157
25 161
25 171
25 187
25 191
25 192
25 194
25 206
25 208
25 210
25 221
25 222
25 227
25 231
25 236
25 246
25 248
26 28
26 29
26 36
26 38
26 40
26 41
26 46
26 48
26 52
26 54
26 60
26 62
26 64
26 71
26 73
26 75
26 84
26 98
26 101
26 109
26 110
26 119
26 122
26 127
26 143
26 154
26 156
26 157
26 165
26 170
26 172
26 174
26 188
26 192
26 196
26 200
26 205
26 209
26 210
26 222
26 224
26 229
26 233
26 236
26 243
27 28
27 30
27 31
27 33
27 34
27 46
27 48
27 53
27 60
27 61
27 71
27 78
27 81
27 86
27 90
27 99
27 105
27 124
27 150
27 176
27 202
27 207
27 220
27 221
27 229
27 243
27 247
28 29
28 31
28 35
28 36
28 38
28 43
28 46
28 56
28 59
28 65
28 66
28 67
28 69
28 70
28 78
28 83
28 85
28 86
28 87
28 94
28 102
28 110
28 131
28 141
28 149
28 155
28 160
28 168
28 178
28 179
28 190
28 198
28 207
28 243
29 30
29 31
29 34
29 36
29 37
29 39
29 47
29 51
29 54
29 55
29 61
29 80
29 86
29 99
29 130
29 132
29 137
29 145
29 157
29 166
29 181
29 205
29 213
29 237
30 32
30 41
30 43
30 47
30 57
30 63
30 64
30 78
30 89
30 92
30 96
30 98
30 103
30 105
30 122
30 123
30 131
30 136
30 138
30 142
30 153
30 171
30 193
30 197
30 208
30 209
30 219
30 230
30 234
30 235
31 32
31 46
31 50
31 51
31 52
31 55
31 56
31 57
31 60
31 65
31 74
31 79
31 89
31 100
31 106
31 119
31 120
31 132
31 136
31 143
31 162
31 169
31 177
31 185
31 191
31 225
31 235
31 249
32 33
32 36
32 38
32 40
32 41
32 42
32 44
32 48
32 50
32 53
32 57
32 58
32 62
32 64
32 65
32 77
32 78
32 80
32 81
32 83
32 87
32 91
32 94
32 101
32 107
32 147
32 150
32 163
32 178
32 181
32 184
32 190
32 196
32 198
32 240
33 35
33 43
33 50
33 62
33 75
33 77
33 80
33 89
33 97
33 104
33 106
33 111
33 125
33 127
33 128
33 139
33 145
33 159
33 165
33 170
33 183
33 220
33 239
34 38
34 40
34 42
34 60
34 61
34 66
34 71
34 74
34 83
34 95
34 102
34 104
34 106
34 114
34 118
34 123
34 132
34 137
34 140
34 175
34 210
34 225
34 243
34 246
35 40
35 41
35 43
35 51
35 54
35 61
35 64
35 69
35 109
35 112
35 119
35 129
35 143
35 144
35 177
35 188
35 189
35 201
35 202
35 203
35 214
36 37
36 43
36 47
36 52
36 61
36 69
36 76
36 77
36 79
36 83
36 95
36 97
36 99
36 102
36 114
36 135
36 149
36 150
36 164
36 170
36 182
36 189
36 197
36 206
36 238
37 42
37 54
37 57
37 60
37 70
37 75
37 81
37 82
37 89
37 111
37 116
37 117
37 130
37 139
37 154
37 159
37 176
37 214
37 228
38 39
38 44
38 50
38 52
38 60
38 71
38 81
38 82
38 84
38 88
38 93
38 97
38 120
38 130
38 148
38 167
38 176
38 177
38 200
38 216
38 233
38 236
39 44
39 45
39 54
39 58
39 87
39 88
39 91
39 92
39 101
39 114
39 121
39 123
39 137
39 149
39 155
39 185
39 188
39 211
39 242
39 246
40 43
40 61
40 63
40 64
40 67
40 68
40 69
40 75
40 76
40 100
40 103
40 106
40 111
40 123
40 124
40 129
40 133
40 137
40 138
40 142
40 146
40 171
40 175
40 189
40 197
40 209
40 224
40 238
40 244
41 45
41 47
41 53
41 55
41 56
41 60
41 61
41 66
41 70
41 87
41 96
41 109
41 122
41 124
41 158
41 167
41 174
41 187
41 207
41 222
41 224
42 44
42 45
42 56
42 66
42 81
42 87
42 88
42 96
42 110
42 112
42 115
42 122
42 128
42 129
42 136
42 147
42 149
42 151
42 152
42 153
42 156
42 157
42 160
42 175
42 180
42 183
42 194
42 204
42 211
42 242
42 243
43 45
43 47
43 58
43 62
43 63
43 79
43 80
43 81
43 120
43 122
43 131
43 135
43 162
43 168
43 199
43 202
44 45
44 53
44 54
44 55
44 61
44 81
44 90
44 93
44 98
44 105
44 112
44 115
44 117
44 126
44 127
44 132
44 136
44 144
44 145
44 149
44 151
44 156
44 158
44 161
44 192
44 205
44 215
44 218
44 230
44 243
45 52
45 60
45 66
45 68
45 72
45 73
45 77
45 79
45 86
45 95
45 103
45 108
45 125
45 130
45 144
45 147
45 149
45 157
45 163
45 166
45 178
45 204
45 237
46 52
46 53
46 90
46 103
46 120
46 127
46 189
46 226
46 233
47 57
47 71
47 74
47 90
47 96
47 106
47 108
47 110
47 117
47 147
47 159
47 163
47 208
47 209
47 223
47 228
47 231
47 237
48 49
48 57
48 59
48 61
48 68
48 82
48 104
48 111
48 112
48 114
48 129
48 139
48 146
48 154
48 186
48 192
48 211
48 212
48 218
48 239
48 247
49 54
49 62
49 66
49 70
49 80
49 84
49 86
49 101
49 128
49 130
49 137
49 152
49 158
49 168
49 170
49 204
49 212
49 220
50 54
50 70
50 72
50 74
50 86
50 99
50 146
50 158
50 168
50 169
50 170
50 183
50 212
51 53
51 59
51 60
51 63
51 68
51 69
51 74
51 78
51 86
51 91
51 94
51 97
51 98
51 117
51 118
51 131
51 133
51 134
51 141
51 184
51 196
51 220
51 223
52 55
52 71
52 87
52 91
52 94
52 104
52 108
52 114
52 121
52 123
52 136
52 139
52 140
52 160
52 162
52 168
52 179
52 188
52 200
52 225
52 240
53 65
53 67
53 71
53 76
53 78
53 83
53 92
53 115
53 124
53 164
53 172
53 185
53 195
53 200
53 227
53 230
53 234
53 235
53 239
53 247
54 55
54 58
54 71
54 73
54 78
54 79
54 83
54 92
54 95
54 99
54 103
54 122
54 126
54 130
54 131
54 156
54 180
54 183
54 185
54 210
54 225
54 230
54 240
55 57
55 67
55 69
55 79
55 84
55 95
55 115
55 132
55 138
55 141
55 144
55 167
55 187
55 209
55 231
55 245
55 248
56 72
56 79
56 83
56 94
56 104
56 107
56 123
56 139
56 150
56 156
56 166
56 176
56 192
56 195
56 197
56 202
57 63
57 64
57 80
57 93
57 100
57 109
57 140
57 141
57 147
57 171
57 174
57 176
57 177
57 211
57 226
57 236
58 59
58 68
58 69
58 70
58 75
58 96
58 100
58 123
58 126
58 135
58 139
58 145
58 156
58 165
58 171
58 173
58 174
58 175
58 179
58 203
58 213
58 221
58 234
58 237
58 240
58 244
58 248
59 74
59 101
59 116
59 117
59 124
59 142
59 150
59 153
59 160
59 162
59 167
59 188
59 201
59 209
60 76
60 81
60 102
60 108
60 133
60 149
60 191
60 196
60 201
61 63
61 76
61 84
61 86
61 91
61 100
61 104
61 118
61 121
61 144
61 162
61 178
61 192
61 206
61 239
62 70
62 85
62 96
62 116
62 128
62 140
62 150
62 197
62 198
62 215
63 73
63 99
63 130
63 142
63 223
63 239
64 65
64 72
64 89
64 90
64 93
64 97
64 115
64 130
64 152
64 178
64 194
64 198
64 201
64 210
64 213
64 223
64 233
65 70
65 96
65 105
65 113
65 116
65 136
65 138
65 159
65 165
65 191
65 196
65 200
65 204
65 207
65 230
65 232
65 238
65 245
66 67
66 76
66 78
66 86
66 98
66 104
66 108
66 119
66 128
66 166
66 168
66 189
66 206
66 208
66 213
66 215
66 224
66 237
67 75
67 85
67 99
67 103
67 120
67 131
67 154
67 207
67 212
67 217
67 221
68 77
68 104
68 110
68 113
68 126
68 141
68 147
68 148
68 151
68 160
68 174
68 225
68 228
69 72
69 81
69 93
69 108
69 109
69 146
69 147
69 167
69 177
69 178
69 187
69 248
70 91
70 105
70 110
70 121
70 132
70 151
70 165
70 181
70 182
70 184
70 195
70 236
70 239
70 241
70 242
70 249
71 73
71 76
71 77
71 80
71 85
71 88
71 97
71 108
71 143
71 146
71 173
71 203
71 232
72 80
72 101
72 108
72 122
72 133
72 138
72 154
72 172
72 180
72 183
72 193
72 201
72 204
72 207
72 224
72 232
72 234
73 88
73 119
73 121
73 132
73 150
73 170
73 217
73 242
74 96
74 101
74 135
74 192
74 196
74 245
75 77
75 80
75 84
75 92
75 121
75 133
75 142
75 147
75 154
75 157
75 167
75 184
75 195
75 204
75 209
76 84
76 91
76 92
76 104
76 107
76 130
76 154
76 155
76 160
76 176
76 193
76 201
76 215
77 79
77 94
77 98
77 105
77 106
77 113
77 115
77 129
77 137
77 145
77 171
77 180
77 184
77 191
77 228
77 229
77 235
77 236
77 248
78 101
78 117
78 124
78 134
78 150
78 194
78 222
79 81
79 82
79 86
79 93
79 96
79 112
79 143
79 144
79 147
79 201
79 207
79 229
79 232
80 82
80 93
80 100
80 108
80 110
80 117
80 126
80 127
80 131
80 138
80 143
80 169
80 173
80 184
80 186
80 194
80 216
80 217
80 222
80 241
80 242
81 92
81 96
81 113
81 132
81 166
81 203
81 220
82 98
82 100
82 106
82 119
82 121
82 133
82 137
82 148
82 150
82 182
82 193
82 194
82 200
82 239
83 164
83 191
83 231
84 94
84 105
84 116
84 127
84 148
84 157
84 166
84 192
84 224
84 226
85 95
85 151
85 164
85 190
85 205
85 212
85 221
86 89
86 90
86 97
86 177
86 182
86 192
87 94
87 105
87 133
87 137
87 145
87 150
87 152
87 154
87 166
87 187
87 199
87 234
87 249
88 99
88 122
88 127
88 134
88 168
88 211
88 213
88 230
89 93
89 115
89 126
89 136
89 163
89 165
89 188
89 190
89 216
90 99
90 100
90 111
90 120
90 123
90 163
90 174
90 175
90 194
91 126
91 191
91 219
91 233
91 235
92 99
92 109
92 113
92 117
92 141
92 148
92 189
92 190
92 195
92 206
92 245
93 120
93 135
93 148
93 163
93 178
93 181
93 184
93 187
93 194
93 248
94 98
94 164
94 166
94 170
95 109
95 111
95 128
95 153
95 164
95 174
95 213
95 217
95 219
95 232
95 238
96 101
96 107
96 112
96 125
96 138
96 151
96 161
96 218
96 228
97 118
97 129
97 146
97 147
97 153
97 163
97 167
97 190
97 232
98 114
98 116
98 134
98 142
98 148
98 151
98 163
98 240
99 109
99 111
99 148
99 150
99 165
99 197
99 211
100 185
100 235
101 102
101 112
101 124
101 126
101 131
101 141
101 142
101 179
101 219
101 228
102 103
102 112
102 113
102 128
102 129
102 134
102 140
102 157
102 158
102 166
102 176
102 189
102 208
102 211
102 238
103 106
103 114
103 131
103 146
103 176
103 200
103 223
104 155
104 227
105 109
105 129
105 200
105 204
106 108
106 110
106 111
106 153
106 168
106 186
106 202
107 111
107 116
107 156
107 170
107 186
107 235
107 239
108 115
108 143
108 177
108 179
108 193
108 203
108 209
108 225
108 244
109 113
109 122
109 153
109 199
110 133
110 143
110 153
110 159
110 183
110 247
111 163
111 167
111 172
111 173
111 177
111 182
111 198
111 212
111 219
111 225
112 113
112 140
112 145
112 154
112 207
112 247
112 248
113 127
113 139
113 164
113 169
113 185
114 116
114 135
114 137
114 142
114 169
114 187
114 205
114 222
114 249
115 125
115 180
116 125
116 137
116 145
116 152
116 170
116 184
116 202
116 226
117 151
117 153
117 170
117 180
117 182
117 189
117 202
117 210
117 213
118 157
119 134
119 139
119 202
120 122
120 152
120 197
120 223
121 179
121 189
121 193
121 205
121 225
121 240
123 124
123 125
123 136
123 154
123 155
123 196
124 127
124 135
124 141
124 146
124 159
124 176
124 210
124 221
125 165
125 169
125 187
125 224
125 234
125 238
125 249
126 127
126 138
126 139
126 144
126 145
126 167
126 181
126 184
126 220
126 222
127 193
128 140
128 224
128 244
129 153
129 241
129 248
130 155
130 235
130 237
131 140
131 151
131 165
131 174
131 175
131 182
131 205
131 215
132 143
132 153
132 193
132 199
132 206
132 209
132 210
132 244
133 167
134 137
134 138
134 152
134 171
134 181
134 213
134 232
134 233
135 145
135 190
136 155
136 184
136 203
136 206
137 138
137 172
137 178
137 218
137 222
137 227
138 157
138 160
138 180
138 197
139 162
140 146
140 152
140 163
140 196
140 209
140 227
140 241
141 158
141 176
141 193
141 215
141 224
141 230
141 231
141 238
141 245
142 153
142 157
142 223
143 159
143 181
143 212
143 214
144 148
144 156
144 190
144 217
145 202
145 241
146 158
146 160
146 189
147 155
147 163
147 223
147 230
147 247
148 160
148 161
148 188
148 210
148 226
148 238
149 152
150 154
150 155
150 174
150 183
150 211
150 226
150 229
151 190
151 198
151 214
151 219
151 238
151 241
152 158
152 198
153 168
153 201
153 204
153 212
153 215
153 218
153 226
153 248
154 220
154 242
155 186
155 235
156 181
156 187
156 206
156 227
156 229
157 162
157 169
157 183
157 214
157 230
157 233
157 236
158 161
158 216
158 227
159 185
159 217
160 188
160 190
160 191
161 185
161 195
162 203
162 219
162 234
164 217
164 237
165 192
165 200
165 226
166 195
166 247
166 249
167 193
167 246
168 219
168 222
168 231
169 173
169 174
169 180
169 217
169 234
170 203
171 172
171 173
171 189
171 205
171 212
172 197
172 203
172 236
173 198
173 203
173 246
174 227
174 235
174 241
175 195
175 203
175 211
175 213
176 214
177 179
177 208
177 244
178 187
179 224
180 228
181 202
181 232
183 188
184 209
184 210
184 215
184 217
184 221
184 231
186 215
186 220
186 237
187 217
188 199
188 216
188 240
189 218
190 200
190 205
190 244
191 218
193 198
193 208
194 195
194 199
194 225
195 207
195 220
195 221
196 198
196 240
197 205
197 221
198 226
198 238
198 246
199 207
199 239
200 230
200 238
201 206
201 211
201 223
202 239
202 242
202 247
203 204
203 229
204 227
205 207
205 246
206 241
208 218
208 221
208 245
208 248
210 227
210 247
211 219
211 225
216 218
216 234
217 231
218 240
219 230
219 236
223 241
224 234
225 233
225 239
225 249
228 245
228 249
232 247
234 246
235 240
238 244
240 247
242 245
