0 1
0 2
0 3
0 4
0 5
0 6
0 7
0 8
0 9
0 10
0 11
0 12
0 13
0 14
0 15
0 16
0 17
0 18
0 19
0 20
0 21
0 22
0 23
0 24
0 25
0 26
0 27
0 28
0 29
0 30
0 31
0 33
0 34
0 35
0 36
0 37
0 38
0 41
0 42
0 43
0 45
0 46
0 47
0 48
0 49
0 50
0 53
0 54
0 58
0 63
0 68
0 69
0 71
0 72
0 73
0 75
0 78
0 81
0 83
0 85
0 87
0 94
0 95
0 96
0 99
0 100
0 101
0 102
0 103
0 104
0 106
0 107
0 111
0 113
0 118
0 119
0 128
0 130
0 133
0 134
0 136
0 141
0 142
0 144
0 150
0 151
0 154
0 161
0 167
0 171
0 172
0 177
0 178
0 179
0 184
0 192
0 195
0 202
0 203
0 204
0 215
0 217
0 220
0 226
0 228
0 231
0 235
1 17
1 18
1 24
1 31
1 42
1 51
1 62
1 69
1 98
1 113
1 117
1 161
1 236
2 17
2 18
2 19
2 22
2 23
2 26
2 27
2 30
2 31
2 34
2 37
2 38
2 39
2 45
2 47
2 49
2 50
2 52
2 55
2 56
2 59
2 60
2 64
2 65
2 81
2 83
2 84
2 86
2 88
2 92
2 94
2 95
2 101
2 102
2 104
2 105
2 108
2 125
2 128
2 129
2 131
2 145
2 148
2 156
2 161
2 164
2 166
2 167
2 169
2 174
2 176
2 180
2 185
2 189
2 201
2 204
2 208
2 209
2 214
2 215
2 226
2 234
2 238
3 17
3 18
3 19
3 20
3 21
3 24
3 26
3 29
3 34
3 35
3 36
3 38
3 39
3 44
3 45
3 51
3 53
3 56
3 57
3 61
3 63
3 68
3 77
3 86
3 94
3 99
3 104
3 120
3 121
3 122
3 124
3 125
3 126
3 130
3 138
3 154
3 162
3 176
3 195
3 198
3 200
3 211
3 212
3 216
3 224
3 227
3 231
3 248
4 17
4 18
4 19
4 20
4 21
4 23
4 24
4 26
4 27
4 30
4 32
4 33
4 35
4 38
4 39
4 40
4 41
4 47
4 49
4 52
4 54
4 55
4 62
4 67
4 69
4 76
4 79
4 99
4 110
4 112
4 126
4 129
4 135
4 141
4 142
4 148
4 149
4 151
4 153
4 154
4 156
4 158
4 160
4 163
4 166
4 174
4 183
4 206
4 209
4 210
4 215
4 224
4 239
4 241
5 17
5 18
5 19
5 20
5 22
5 23
5 24
5 25
5 27
5 28
5 29
5 31
5 37
5 40
5 41
5 42
5 44
5 48
5 54
5 56
5 71
5 77
5 87
5 96
5 109
5 114
5 115
5 123
5 125
5 147
5 152
5 164
5 185
5 195
5 203
5 204
5 208
5 226
6 17
6 18
6 19
6 20
6 21
6 22
6 23
6 24
6 25
6 26
6 28
6 29
6 37
6 38
6 41
6 46
6 53
6 70
6 71
6 83
6 89
6 101
6 106
6 118
6 121
6 141
6 143
6 146
6 150
6 154
6 160
6 165
6 170
6 173
6 179
6 181
6 186
6 188
6 199
6 209
6 210
6 211
6 212
6 216
6 222
6 224
6 232
6 236
7 17
7 18
7 19
7 20
7 21
7 25
7 27
7 28
7 29
7 37
7 43
7 50
7 51
7 71
7 79
7 88
7 90
7 97
7 115
7 178
8 17
8 18
8 19
8 20
8 21
8 22
8 23
8 31
8 33
8 34
8 36
8 37
8 40
8 43
8 46
8 47
8 48
8 49
8 54
8 64
8 66
8 68
8 70
8 71
8 74
8 76
8 80
8 102
8 134
8 138
8 153
8 156
8 165
8 178
8 187
8 219
8 221
8 246
9 17
9 18
9 19
9 20
9 21
9 22
9 23
9 26
9 28
9 29
9 30
9 32
9 40
9 44
9 47
9 52
9 54
9 59
9 60
9 62
9 64
9 66
9 70
9 73
9 85
9 86
9 92
9 101
9 103
9 106
9 125
9 127
9 132
9 136
9 137
9 144
9 145
9 161
9 165
9 173
9 179
9 184
9 197
9 198
9 209
9 212
9 215
9 221
9 236
9 245
10 17
10 18
10 19
10 20
10 21
10 22
10 23
10 24
10 26
10 27
10 31
10 35
10 39
10 46
10 48
10 50
10 53
10 58
10 76
10 79
10 88
10 97
10 115
10 122
10 129
10 150
10 179
10 192
10 197
10 209
10 217
10 220
10 222
10 227
10 233
10 246
10 249
11 20
11 22
11 25
11 27
11 30
11 34
11 35
11 36
11 37
11 41
11 43
11 44
11 45
11 48
11 49
11 58
11 59
11 61
11 70
11 74
11 79
11 81
11 86
11 89
11 93
11 95
11 103
11 108
11 125
11 129
11 132
11 150
11 159
11 166
11 168
11 185
11 190
11 211
11 214
11 229
11 244
12 17
12 19
12 21
12 22
12 24
12 25
12 26
12 27
12 29
12 30
12 32
12 35
12 36
12 40
12 44
12 50
12 51
12 52
12 55
12 56
12 57
12 60
12 66
12 68
12 69
12 72
12 84
12 85
12 96
12 108
12 110
12 115
12 127
12 130
12 134
12 137
12 150
12 153
12 159
12 168
12 170
12 177
12 186
12 194
12 200
12 204
12 208
12 224
12 230
12 234
12 238
13 17
13 18
13 19
13 21
13 22
13 24
13 25
13 26
13 29
13 32
13 34
13 37
13 38
13 41
13 42
13 44
13 47
13 49
13 52
13 55
13 60
13 64
13 74
13 75
13 78
13 80
13 81
13 85
13 90
13 95
13 100
13 110
13 117
13 123
13 134
13 146
13 155
13 159
13 168
13 182
13 193
13 198
13 203
13 237
13 246
14 17
14 18
14 20
14 21
14 23
14 24
14 25
14 28
14 33
14 41
14 43
14 46
14 51
14 54
14 55
14 57
14 66
14 69
14 90
14 116
14 118
14 122
14 123
14 129
14 154
14 163
14 180
14 190
14 193
14 238
14 246
15 17
15 18
15 19
15 20
15 21
15 22
15 23
15 25
15 28
15 29
15 31
15 32
15 35
15 37
15 41
15 46
15 47
15 51
15 53
15 59
15 60
15 64
15 65
15 74
15 77
15 78
15 83
15 87
15 89
15 96
15 97
15 102
15 103
15 105
15 108
15 110
15 113
15 128
15 133
15 159
15 167
15 170
15 174
15 188
15 195
15 212
15 224
15 235
15 238
15 248
16 17
16 18
16 19
16 20
16 23
16 31
16 32
16 36
16 37
16 38
16 39
16 40
16 42
16 43
16 51
16 54
16 55
16 57
16 67
16 70
16 73
16 85
16 92
16 119
16 124
16 134
16 137
16 138
16 140
16 144
16 163
16 166
16 169
16 178
16 196
16 198
16 206
16 241
17 18
17 19
17 20
17 21
17 22
17 23
17 24
17 25
17 26
17 27
17 28
17 29
17 31
17 32
17 34
17 35
17 36
17 39
17 40
17 45
17 46
17 47
17 49
17 50
17 51
17 53
17 55
17 56
17 58
17 59
17 61
17 65
17 67
17 70
17 71
17 72
17 73
17 74
17 75
17 76
17 78
17 80
17 81
17 86
17 91
17 96
17 97
17 98
17 107
17 109
17 110
17 116
17 119
17 121
17 122
17 127
17 131
17 132
17 137
17 139
17 140
17 151
17 153
17 156
17 159
17 161
17 162
17 164
17 172
17 174
17 176
17 184
17 187
17 189
17 196
17 197
17 198
17 203
17 204
17 211
17 218
17 225
17 234
17 238
17 239
17 247
17 249
18 19
18 20
18 21
18 22
18 23
18 24
18 25
18 26
18 27
18 28
18 29
18 30
18 31
18 32
18 33
18 34
18 36
18 39
18 41
18 42
18 43
18 45
18 46
18 47
18 49
18 50
18 52
18 53
18 57
18 60
18 63
18 64
18 65
18 67
18 68
18 72
18 73
18 75
18 77
18 84
18 85
18 86
18 87
18 90
18 91
18 93
18 96
18 98
18 108
18 109
18 111
18 112
18 113
18 121
18 133
18 136
18 141
18 146
18 147
18 148
18 151
18 154
18 158
18 160
18 161
18 162
18 167
18 168
18 171
18 178
18 179
18 182
18 186
18 191
18 192
18 196
18 200
18 201
18 202
18 203
18 206
18 208
18 212
18 213
18 216
18 221
18 224
18 231
18 236
18 237
18 238
18 239
18 241
18 245
18 248
19 20
19 21
19 22
19 24
19 25
19 26
19 28
19 29
19 31
19 33
19 34
19 35
19 36
19 39
19 40
19 42
19 48
19 49
19 50
19 51
19 52
19 55
19 58
19 59
19 63
19 67
19 68
19 69
19 70
19 74
19 79
19 80
19 83
19 84
19 87
19 88
19 93
19 95
19 97
19 98
19 99
19 101
19 104
19 112
19 115
19 117
19 118
19 122
19 141
19 144
19 145
19 163
19 178
19 183
19 189
19 190
19 192
19 196
19 200
19 202
19 204
19 208
19 210
19 215
19 222
19 223
19 226
19 234
19 243
19 249
20 21
20 22
20 23
20 25
20 26
20 27
20 28
20 29
20 30
20 31
20 32
20 34
20 35
20 38
20 39
20 41
20 45
20 46
20 55
20 58
20 60
20 66
20 67
20 72
20 74
20 75
20 76
20 81
20 84
20 90
20 91
20 95
20 103
20 106
20 109
20 117
20 121
20 124
20 129
20 133
20 135
20 136
20 137
20 144
20 147
20 162
20 169
20 172
20 180
20 186
20 188
20 189
20 190
20 191
20 194
20 196
20 199
20 202
20 208
20 229
20 243
21 22
21 23
21 24
21 25
21 26
21 27
21 28
21 30
21 32
21 36
21 38
21 39
21 40
21 41
21 42
21 43
21 44
21 45
21 47
21 52
21 53
21 54
21 61
21 62
21 65
21 67
21 68
21 70
21 72
21 77
21 83
21 87
21 88
21 90
21 110
21 112
21 116
21 119
21 123
21 124
21 125
21 127
21 128
21 137
21 138
21 141
21 144
21 147
21 152
21 153
21 154
21 159
21 161
21 165
21 167
21 178
21 179
21 182
21 185
21 188
21 205
21 212
21 223
21 230
21 233
21 240
21 242
21 245
22 23
22 24
22 25
22 26
22 27
22 28
22 29
22 31
22 32
22 33
22 35
22 36
22 37
22 40
22 42
22 43
22 44
22 47
22 50
22 53
22 58
22 60
22 69
22 72
22 74
22 77
22 80
22 82
22 96
22 99
22 107
22 109
22 112
22 113
22 121
22 123
22 124
22 138
22 140
22 142
22 143
22 147
22 152
22 156
22 157
22 161
22 168
22 169
22 172
22 178
22 196
22 197
22 232
22 242
23 24
23 27
23 28
23 29
23 30
23 32
23 33
23 34
23 37
23 38
23 40
23 43
23 45
23 46
23 49
23 52
23 54
23 58
23 63
23 64
23 78
23 81
23 84
23 85
23 87
23 93
23 94
23 97
23 98
23 102
23 104
23 107
23 112
23 114
23 136
23 142
23 143
23 144
23 155
23 163
23 169
23 196
23 199
23 201
23 212
23 218
23 225
23 229
23 232
23 243
24 25
24 28
24 30
24 32
24 33
24 34
24 36
24 37
24 42
24 43
24 45
24 50
24 53
24 54
24 60
24 61
24 66
24 69
24 71
24 75
24 78
24 82
24 86
24 94
24 95
24 98
24 103
24 108
24 110
24 111
24 115
24 116
24 118
24 119
24 121
24 123
24 130
24 133
24 134
24 136
24 146
24 153
24 155
24 164
24 165
24 166
24 179
24 181
24 183
24 184
24 191
24 192
24 198
24 206
24 207
24 213
24 216
24 232
24 234
24 235
24 236
24 245
24 249
25 26
25 27
25 30
25 34
25 35
25 37
25 38
25 42
25 46
25 48
25 56
25 63
25 64
25 84
25 87
25 88
25 92
25 97
25 100
25 106
25 107
25 110
25 112
25 115
25 116
25 121
25 122
25 126
25 145
25 148
25 155
25 163
25 172
25 180
25 185
25 186
25 200
25 205
25 206
25 209
25 215
25 220
25 223
25 226
25 227
25 228
25 229
25 230
25 238
25 240
25 241
25 249
26 27
26 28
26 29
26 30
26 32
26 33
26 34
26 36
26 38
26 39
26 42
26 44
26 45
26 46
26 47
26 49
26 54
26 55
26 58
26 59
26 68
26 70
26 72
26 75
26 77
26 78
26 80
26 81
26 83
26 84
26 85
26 91
26 97
26 101
26 111
26 126
26 138
26 145
26 146
26 147
26 149
26 152
26 154
26 160
26 164
26 168
26 169
26 171
26 180
26 194
26 201
26 209
26 218
26 220
26 221
26 226
26 239
26 241
27 30
27 31
27 33
27 35
27 37
27 38
27 39
27 40
27 42
27 44
27 45
27 46
27 50
27 56
27 57
27 59
27 62
27 64
27 65
27 68
27 69
27 76
27 82
27 87
27 92
27 94
27 99
27 106
27 107
27 108
27 111
27 114
27 115
27 120
27 122
27 124
27 128
27 132
27 133
27 158
27 159
27 167
27 169
27 190
27 196
27 200
27 201
27 206
27 212
27 218
27 223
27 243
27 248
28 30
28 31
28 32
28 33
28 41
28 43
28 50
28 52
28 54
28 56
28 57
28 59
28 60
28 61
28 63
28 65
28 67
28 68
28 78
28 82
28 86
28 95
28 98
28 100
28 101
28 103
28 114
28 124
28 125
28 129
28 130
28 132
28 135
28 136
28 149
28 152
28 162
28 170
28 175
28 184
28 185
28 193
28 198
28 212
28 225
28 229
28 235
28 241
28 243
28 246
29 30
29 31
29 32
29 33
29 34
29 35
29 36
29 42
29 43
29 44
29 45
29 46
29 47
29 49
29 55
29 56
29 62
29 63
29 64
29 66
29 68
29 73
29 86
29 89
29 90
29 92
29 94
29 100
29 106
29 118
29 122
29 126
29 127
29 128
29 132
29 147
29 148
29 149
29 153
29 157
29 159
29 164
29 180
29 182
29 186
29 193
29 209
29 210
29 214
29 216
29 220
29 221
29 240
30 33
30 34
30 35
30 36
30 43
30 48
30 53
30 57
30 58
30 59
30 61
30 71
30 73
30 89
30 93
30 96
30 97
30 114
30 116
30 144
30 145
30 167
30 168
30 181
30 183
30 191
30 197
30 201
30 219
30 234
30 247
31 33
31 35
31 38
31 39
31 41
31 44
31 47
31 48
31 49
31 52
31 53
31 56
31 57
31 59
31 61
31 62
31 64
31 71
31 78
31 80
31 82
31 90
31 91
31 95
31 97
31 99
31 102
31 105
31 113
31 116
31 124
31 129
31 130
31 133
31 147
31 148
31 156
31 161
31 167
31 171
31 175
31 182
31 184
31 194
31 196
31 211
31 212
31 217
31 219
31 220
31 232
31 233
31 238
31 249
32 33
32 36
32 37
32 38
32 40
32 41
32 43
32 48
32 55
32 57
32 61
32 65
32 71
32 73
32 76
32 78
32 79
32 80
32 82
32 87
32 89
32 104
32 105
32 109
32 113
32 117
32 122
32 126
32 130
32 132
32 149
32 166
32 168
32 170
32 171
32 172
32 176
32 187
32 193
32 218
32 224
32 239
32 247
33 45
33 48
33 58
33 59
33 60
33 62
33 65
33 67
33 78
33 80
33 86
33 87
33 94
33 99
33 106
33 111
33 112
33 114
33 143
33 151
33 152
33 157
33 170
33 171
33 173
33 175
33 176
33 185
33 201
33 207
33 218
33 222
33 226
33 230
33 234
33 246
33 247
34 39
34 44
34 45
34 46
34 48
34 50
34 51
34 55
34 56
34 60
34 63
34 64
34 65
34 68
34 70
34 74
34 79
34 82
34 83
34 93
34 95
34 101
34 105
34 107
34 112
34 115
34 120
34 128
34 133
34 138
34 140
34 145
34 146
34 150
34 154
34 165
34 168
34 172
34 174
34 176
34 177
34 182
34 183
34 185
34 191
34 192
34 226
34 235
34 236
34 244
34 247
34 248
35 38
35 39
35 44
35 51
35 57
35 59
35 71
35 74
35 80
35 82
35 86
35 88
35 98
35 99
35 100
35 105
35 108
35 114
35 116
35 120
35 122
35 124
35 132
35 139
35 140
35 144
35 145
35 150
35 155
35 162
35 169
35 171
35 180
35 189
35 201
35 215
35 218
35 229
35 231
35 234
35 236
35 239
36 40
36 47
36 62
36 63
36 69
36 74
36 76
36 77
36 91
36 100
36 102
36 107
36 109
36 110
36 113
36 115
36 118
36 119
36 120
36 123
36 124
36 126
36 128
36 136
36 143
36 148
36 149
36 162
36 166
36 170
36 171
36 174
36 181
36 192
36 195
36 208
36 222
36 225
36 227
36 229
36 234
36 245
37 39
37 48
37 52
37 60
37 62
37 65
37 68
37 70
37 71
37 85
37 93
37 102
37 112
37 117
37 123
37 124
37 128
37 132
37 134
37 137
37 167
37 177
37 180
37 187
37 203
37 207
37 211
37 214
37 215
37 219
37 223
37 228
37 231
37 234
38 40
38 41
38 42
38 49
38 50
38 52
38 56
38 62
38 66
38 69
38 71
38 72
38 77
38 94
38 101
38 102
38 103
38 110
38 111
38 113
38 118
38 123
38 130
38 131
38 141
38 142
38 147
38 179
38 184
38 187
38 203
38 213
38 231
38 234
39 40
39 45
39 51
39 54
39 57
39 59
39 62
39 64
39 66
39 67
39 68
39 77
39 78
39 81
39 82
39 83
39 88
39 89
39 91
39 93
39 94
39 100
39 101
39 105
39 107
39 116
39 119
39 125
39 135
39 139
39 146
39 150
39 156
39 160
39 166
39 174
39 175
39 177
39 186
39 195
39 219
39 225
39 234
39 245
40 41
40 42
40 43
40 46
40 51
40 53
40 57
40 58
40 61
40 63
40 64
40 66
40 69
40 70
40 71
40 72
40 73
40 75
40 79
40 81
40 82
40 91
40 95
40 96
40 98
40 99
40 100
40 101
40 102
40 104
40 105
40 106
40 115
40 117
40 118
40 120
40 126
40 129
40 141
40 144
40 147
40 148
40 154
40 159
40 172
40 177
40 194
40 210
40 218
40 219
40 228
41 44
41 48
41 52
41 53
41 56
41 60
41 69
41 72
41 74
41 82
41 90
41 108
41 129
41 131
41 140
41 159
41 166
41 195
41 238
42 44
42 53
42 66
42 67
42 89
42 94
42 114
42 115
42 131
42 136
42 142
42 145
42 146
42 149
42 156
42 158
42 159
42 170
42 173
42 180
42 181
42 199
42 223
42 226
42 227
42 241
42 243
42 248
43 47
43 57
43 64
43 70
43 71
43 76
43 82
43 83
43 98
43 102
43 119
43 131
43 141
43 142
43 147
43 157
43 163
43 173
43 199
43 208
43 209
43 249
44 48
44 50
44 51
44 52
44 54
44 57
44 58
44 59
44 61
44 62
44 72
44 77
44 80
44 86
44 88
44 90
44 91
44 98
44 99
44 105
44 107
44 108
44 109
44 110
44 120
44 128
44 129
44 134
44 139
44 141
44 149
44 158
44 175
44 177
44 190
44 195
44 202
44 203
44 215
44 217
44 223
44 231
44 240
44 241
44 242
45 49
45 50
45 55
45 56
45 63
45 65
45 71
45 79
45 84
45 90
45 103
45 104
45 117
45 143
45 160
45 164
45 168
45 208
45 225
45 242
45 247
46 48
46 56
46 61
46 67
46 75
46 81
46 92
46 95
46 104
46 120
46 125
46 135
46 141
46 143
46 159
46 160
46 171
46 173
46 176
46 182
46 188
46 201
46 216
46 246
47 51
47 54
47 58
47 66
47 114
47 121
47 122
47 127
47 148
47 150
47 179
47 206
47 214
47 219
47 234
47 236
47 238
47 249
48 49
48 52
48 58
48 78
48 79
48 92
48 94
48 105
48 111
48 134
48 138
48 139
48 162
48 166
48 183
48 187
48 188
48 189
48 223
48 229
49 51
49 53
49 56
49 61
49 65
49 74
49 77
49 85
49 86
49 97
49 103
49 113
49 118
49 137
49 147
49 155
49 157
49 171
49 194
49 207
49 219
49 229
49 232
49 241
50 54
50 61
50 64
50 65
50 67
50 75
50 76
50 77
50 78
50 79
50 85
50 88
50 91
50 92
50 96
50 102
50 116
50 120
50 122
50 128
50 131
50 135
50 136
50 141
50 150
50 156
50 157
50 161
50 162
50 165
50 175
50 180
50 183
50 193
50 195
50 205
50 213
50 232
50 236
50 237
50 240
51 60
51 66
51 72
51 90
51 91
51 108
51 131
51 137
51 149
51 161
51 171
51 177
51 197
51 198
51 199
51 209
51 223
51 228
51 231
51 244
51 245
52 55
52 63
52 68
52 73
52 76
52 79
52 80
52 88
52 102
52 109
52 112
52 130
52 132
52 135
52 141
52 151
52 153
52 157
52 167
52 168
52 176
52 180
52 184
52 186
52 195
52 197
52 198
52 224
52 227
52 238
52 239
52 246
52 248
53 55
53 63
53 66
53 73
53 75
53 76
53 77
53 80
53 83
53 90
53 93
53 95
53 97
53 108
53 109
53 133
53 137
53 161
53 166
53 180
53 183
53 186
53 187
53 188
53 197
53 216
53 220
53 235
53 239
54 58
54 62
54 67
54 76
54 86
54 88
54 89
54 99
54 110
54 118
54 120
54 137
54 140
54 141
54 161
54 173
54 184
54 187
54 205
54 207
54 240
55 57
55 61
55 72
55 79
55 80
55 82
55 83
55 86
55 92
55 93
55 95
55 100
55 107
55 114
55 132
55 144
55 150
55 157
55 172
55 173
55 191
55 202
55 204
55 217
55 226
55 233
55 236
55 247
55 249
56 59
56 62
56 63
56 98
56 100
56 109
56 117
56 139
56 140
56 158
56 171
56 173
56 183
57 61
57 69
57 84
57 85
57 90
57 96
57 97
57 100
57 108
57 114
57 127
57 140
57 154
57 160
57 166
57 170
57 175
57 176
57 179
57 183
57 188
57 189
57 190
57 220
57 221
57 230
57 237
57 240
57 247
58 65
58 72
58 74
58 75
58 78
58 79
58 82
58 85
58 92
58 122
58 133
58 164
58 167
58 182
58 184
58 217
58 218
59 60
59 63
59 84
59 88
59 92
59 93
59 107
59 115
59 119
59 120
59 139
59 146
59 149
59 157
59 161
59 165
59 174
59 178
59 201
59 204
59 206
59 215
59 249
60 62
60 75
60 77
60 80
60 104
60 111
60 112
60 124
60 126
60 142
60 164
60 183
60 186
60 202
60 203
60 222
60 244
60 246
61 65
61 84
61 85
61 87
61 91
61 95
61 98
61 112
61 113
61 144
61 147
61 160
61 204
61 229
62 66
62 69
62 92
62 99
62 110
62 111
62 117
62 125
62 162
62 173
62 180
62 196
62 197
62 230
62 248
63 70
63 75
63 77
63 81
63 83
63 85
63 92
63 97
63 103
63 119
63 148
63 149
63 158
63 161
63 164
63 179
63 192
63 197
63 214
63 217
63 222
63 232
63 238
63 242
63 244
63 246
64 67
64 68
64 70
64 73
64 82
64 87
64 90
64 96
64 100
64 105
64 106
64 109
64 118
64 121
64 131
64 139
64 140
64 149
64 151
64 155
64 170
64 184
64 216
64 227
65 66
65 73
65 81
65 84
65 91
65 98
65 106
65 125
65 132
65 136
65 140
65 160
65 169
65 177
65 178
65 181
65 203
65 205
65 207
65 216
65 217
65 220
65 225
65 236
65 244
66 67
66 69
66 73
66 74
66 76
66 78
66 83
66 89
66 105
66 109
66 136
66 143
66 151
66 153
66 167
66 172
66 178
66 181
66 199
66 208
66 210
66 221
66 228
66 231
66 242
67 70
67 79
67 89
67 94
67 109
67 117
67 124
67 127
67 138
67 146
67 155
67 179
67 180
67 185
67 188
67 199
67 200
67 210
67 227
67 230
67 248
68 72
68 73
68 87
68 105
68 117
68 132
68 146
68 154
68 162
68 199
68 207
68 212
68 213
68 220
68 222
68 236
68 247
69 88
69 89
69 93
69 96
69 103
69 107
69 125
69 130
69 150
69 152
69 165
69 166
69 173
69 230
69 247
70 85
70 89
70 100
70 121
70 124
70 128
70 158
70 159
70 169
70 181
70 183
70 191
70 197
70 202
70 218
70 225
71 76
71 83
71 126
71 129
71 130
71 139
71 152
71 157
71 164
71 165
71 169
71 174
71 182
71 197
71 211
71 233
72 73
72 74
72 75
72 80
72 81
72 84
72 89
72 91
72 93
72 96
72 98
72 106
72 111
72 117
72 121
72 127
72 174
72 176
72 195
72 215
72 238
73 81
73 91
73 96
73 113
73 116
73 130
73 133
73 134
73 135
73 154
73 181
73 198
73 227
73 232
74 75
74 79
74 88
74 89
74 101
74 105
74 129
74 130
74 131
74 162
74 193
74 194
74 214
74 224
74 230
74 239
74 242
74 247
75 76
75 96
75 105
75 112
75 127
75 154
75 167
75 172
75 192
75 193
75 196
75 217
75 240
75 248
76 117
76 118
76 135
76 139
76 156
76 157
76 175
76 200
76 201
76 208
76 231
76 249
77 83
77 87
77 93
77 116
77 120
77 132
77 142
77 145
77 178
77 188
77 203
77 213
77 248
78 81
78 84
78 104
78 119
78 131
78 134
78 135
78 137
78 138
78 143
78 147
78 148
78 152
78 157
78 158
78 216
78 228
78 240
78 247
79 94
79 138
79 151
79 170
79 177
79 188
79 213
79 224
80 82
80 93
80 100
80 106
80 113
80 114
80 120
80 126
80 127
80 157
80 177
80 179
80 182
80 193
80 198
80 207
80 224
81 84
81 91
81 92
81 93
81 95
81 99
81 131
81 134
81 141
81 149
81 160
81 168
81 191
81 194
81 196
81 201
81 202
81 212
81 223
81 244
81 245
82 114
82 118
82 123
82 150
82 152
82 171
82 173
82 178
82 179
82 193
82 204
82 210
83 87
83 101
83 121
83 127
83 161
83 165
83 177
83 189
83 194
83 210
83 222
83 237
84 86
84 97
84 103
84 104
84 109
84 116
84 125
84 138
84 146
84 156
84 158
84 176
84 182
84 203
84 212
84 228
84 230
84 238
84 239
85 89
85 102
85 111
85 144
85 162
85 164
85 176
85 193
85 195
85 199
85 205
85 213
85 214
85 232
85 244
85 245
86 114
86 121
86 122
86 125
86 151
86 157
86 163
86 170
86 195
86 197
86 228
86 248
87 88
87 90
87 94
87 99
87 101
87 119
87 130
87 148
87 192
87 210
87 213
87 227
87 237
87 244
88 100
88 112
88 116
88 129
88 142
88 200
88 202
88 206
88 216
88 224
88 240
89 122
89 134
89 135
89 142
89 149
89 150
89 155
89 203
89 206
89 216
89 217
90 92
90 97
90 99
90 127
90 131
90 181
90 193
90 218
91 103
91 106
91 127
91 140
91 148
91 175
91 180
91 208
91 209
91 221
92 108
92 110
92 123
92 127
92 132
92 133
92 143
92 157
92 159
92 162
92 192
92 196
92 199
92 224
92 228
92 233
93 94
93 105
93 111
93 114
93 148
93 151
93 155
93 163
93 182
93 186
93 193
93 204
93 218
93 223
93 228
93 231
94 98
94 102
94 149
94 151
94 167
94 174
94 175
94 188
94 189
94 190
95 101
95 124
95 130
95 165
95 168
95 172
95 187
95 190
95 221
95 233
96 104
96 106
96 108
96 114
96 121
96 123
96 128
96 142
96 148
96 152
96 157
96 196
96 214
96 221
97 103
97 106
97 109
97 120
97 126
97 133
97 135
97 138
97 163
97 165
97 170
97 177
97 210
97 218
97 222
97 229
98 102
98 103
98 104
98 110
98 111
98 132
98 136
98 141
98 150
98 175
98 183
98 241
99 118
99 135
99 137
99 169
99 189
99 196
99 205
99 207
99 241
100 101
100 104
100 107
100 108
100 112
100 115
100 143
100 151
100 204
100 207
100 243
101 123
101 126
101 137
101 139
101 140
101 151
101 169
101 170
101 179
101 182
101 185
101 188
101 189
101 198
101 211
101 225
101 226
101 237
101 239
102 156
102 174
102 203
102 232
103 104
103 113
103 115
103 117
103 119
103 139
103 146
103 153
103 160
103 162
103 176
103 184
103 200
103 226
103 233
104 107
104 111
104 113
104 120
104 136
104 163
104 164
104 235
104 239
104 242
104 248
105 111
105 116
105 119
105 124
105 128
105 135
105 153
105 202
105 208
105 213
105 218
105 233
105 240
106 107
106 116
106 119
106 136
106 140
106 145
106 191
106 192
106 213
107 121
107 135
107 165
107 167
107 175
107 201
108 110
108 169
108 199
108 221
108 232
108 249
109 119
109 123
109 131
109 133
109 142
109 163
109 172
109 173
109 181
109 191
109 211
109 213
109 237
110 117
110 123
110 130
110 134
110 138
110 140
110 153
110 174
110 215
110 247
111 138
111 143
111 186
112 113
112 115
112 118
112 125
112 131
112 191
112 202
112 214
112 241
113 164
113 204
113 240
114 120
114 123
114 146
114 148
114 152
114 184
114 206
114 225
114 241
114 248
115 122
115 126
115 142
115 172
115 188
115 191
115 200
115 215
115 219
115 228
116 125
116 126
116 127
116 152
116 156
116 204
116 207
116 234
116 243
117 143
117 144
117 168
117 173
117 178
117 187
117 200
117 229
117 230
117 239
118 136
118 153
118 154
118 155
118 172
118 175
118 239
119 139
119 145
119 155
119 160
119 185
120 126
120 144
120 187
120 191
120 206
120 207
120 243
121 128
121 145
121 160
121 185
121 200
122 143
122 146
122 152
122 175
122 190
122 220
122 229
122 234
122 246
123 129
123 139
123 145
123 220
123 232
123 233
124 128
124 131
124 152
124 156
124 160
124 163
124 165
124 171
124 177
124 194
124 195
124 200
124 208
124 211
124 233
124 244
125 147
125 150
125 155
125 158
125 170
125 173
125 220
125 221
125 226
126 133
126 134
126 180
126 223
127 129
127 147
127 175
127 182
127 217
127 242
127 243
127 244
128 155
128 158
128 229
129 165
129 166
130 133
130 151
130 160
130 169
130 181
130 193
130 210
130 217
130 242
131 134
131 145
131 149
131 163
131 175
131 177
131 189
131 190
131 202
131 206
131 213
131 244
132 138
132 139
132 140
132 142
132 143
132 181
132 223
132 231
133 154
133 204
133 205
133 210
134 135
134 137
134 144
134 173
134 184
134 185
134 189
134 190
134 236
135 142
135 163
135 164
135 166
135 183
135 210
135 225
136 137
136 185
136 213
136 217
137 139
137 156
137 166
138 174
138 197
138 223
138 230
138 233
139 143
139 153
139 158
139 162
139 186
139 195
139 202
139 219
139 221
139 233
139 237
140 146
140 159
140 185
140 193
140 205
141 145
141 151
141 182
141 187
141 191
141 212
141 228
142 158
142 172
142 178
142 186
142 189
142 194
142 206
142 207
142 211
142 214
142 240
142 247
143 156
143 159
143 163
143 168
143 178
143 187
143 202
143 240
144 155
144 189
144 246
145 216
145 219
146 153
146 168
146 171
146 199
146 237
147 152
147 170
147 237
147 245
148 214
148 249
149 155
150 153
150 158
150 185
150 200
150 220
151 227
152 169
152 174
152 176
152 193
152 194
152 196
152 204
152 205
153 222
153 230
153 236
154 189
154 231
154 237
154 242
155 158
155 164
155 167
155 177
155 179
155 190
155 194
155 213
155 214
155 217
155 224
155 234
155 235
156 192
156 208
156 228
157 171
157 176
157 200
157 209
157 217
157 221
157 225
157 231
158 214
158 222
158 223
159 222
159 227
159 235
159 242
160 199
161 197
161 208
161 225
161 227
162 232
162 233
163 188
163 190
163 192
163 199
163 209
163 212
164 181
164 183
164 194
164 211
165 184
165 198
165 205
165 237
165 247
167 220
167 244
168 205
168 241
168 246
169 187
169 230
169 243
169 244
170 176
170 191
170 198
170 209
170 218
170 219
171 174
171 209
172 181
172 187
172 194
172 203
172 226
172 235
172 244
173 190
173 201
173 215
173 231
174 198
174 207
174 239
175 181
175 186
175 194
175 216
175 222
175 235
176 201
177 182
177 184
177 211
177 246
178 235
178 243
179 186
179 190
179 191
179 192
179 230
179 241
180 183
180 223
181 206
182 212
182 218
182 233
182 245
183 187
183 221
183 247
184 217
185 245
186 188
186 211
187 195
187 210
187 214
187 220
187 243
188 216
189 197
189 198
189 228
189 235
190 215
191 192
191 225
191 227
191 243
192 199
192 202
192 219
192 237
192 249
193 206
193 229
194 210
194 242
195 214
195 245
196 207
196 242
197 240
198 205
198 213
198 219
198 222
198 235
199 203
199 211
200 201
200 227
200 242
200 243
201 211
201 215
201 219
201 249
202 205
202 236
203 205
204 205
204 219
204 229
204 235
205 207
205 226
205 227
205 236
205 241
205 245
207 243
208 209
209 231
209 249
210 228
210 230
211 224
211 238
212 225
212 248
214 246
215 216
215 224
215 233
215 246
216 225
217 222
219 245
220 221
220 232
221 235
225 226
229 237
230 232
231 237
231 245
232 239
236 242
237 238
239 240
243 244
244 248
