0 1
0 2
0 3
0 4
0 5
0 6
0 7
0 8
0 9
0 12
0 18
0 20
0 24
0 25
0 28
0 35
0 36
0 42
0 45
0 46
0 83
0 90
0 92
0 96
0 109
0 115
0 116
0 119
0 132
0 140
0 158
0 170
0 200
0 206
0 219
0 240
0 246
1 6
1 8
1 9
1 11
1 12
1 13
1 14
1 18
1 21
1 23
1 26
1 27
1 30
1 33
1 51
1 53
1 54
1 59
1 63
1 64
1 65
1 67
1 68
1 70
1 74
1 75
1 77
1 80
1 94
1 106
1 112
1 120
1 133
1 134
1 136
1 149
1 152
1 154
1 168
1 180
1 194
1 207
1 219
1 221
1 225
1 226
1 245
2 5
2 7
2 8
2 9
2 10
2 11
2 12
2 13
2 16
2 24
2 28
2 33
2 35
2 39
2 41
2 46
2 48
2 55
2 56
2 61
2 65
2 74
2 78
2 83
2 89
2 97
2 101
2 134
2 135
2 151
2 154
2 163
2 167
2 195
2 200
2 213
2 218
2 225
2 238
2 241
2 244
3 5
3 6
3 7
3 29
3 36
3 42
3 174
3 180
3 239
4 5
4 11
4 16
4 89
4 98
4 106
4 116
4 124
4 129
4 139
4 147
4 188
5 6
5 7
5 10
5 13
5 14
5 16
5 17
5 18
5 21
5 22
5 27
5 33
5 42
5 45
5 48
5 50
5 54
5 68
5 70
5 74
5 76
5 78
5 81
5 84
5 86
5 96
5 103
5 110
5 111
5 113
5 124
5 136
5 142
5 143
5 150
5 161
5 165
5 167
5 169
5 174
5 177
5 188
5 204
5 212
5 215
5 225
5 227
6 66
6 69
6 71
6 106
6 120
6 148
6 163
6 189
6 203
6 246
7 8
7 11
7 13
7 20
7 31
7 40
7 41
7 43
7 50
7 60
7 81
7 95
7 103
7 112
7 115
7 116
7 135
7 144
7 167
7 169
7 172
7 247
8 9
8 10
8 12
8 14
8 15
8 17
8 19
8 22
8 24
8 29
8 31
8 33
8 37
8 49
8 65
8 113
8 118
8 129
8 131
8 133
8 137
8 161
8 162
8 177
8 184
8 201
8 241
8 248
9 10
9 15
9 17
9 21
9 23
9 25
9 26
9 36
9 38
9 46
9 51
9 55
9 57
9 64
9 71
9 72
9 73
9 75
9 86
9 87
9 93
9 119
9 125
9 127
9 128
9 129
9 151
9 158
9 162
9 170
9 171
9 172
9 173
9 184
9 190
9 197
9 198
9 207
9 223
9 231
10 17
10 19
10 26
10 28
10 30
10 32
10 35
10 40
10 57
10 60
10 125
10 145
10 188
10 211
10 217
11 16
11 18
11 19
11 32
11 34
11 44
11 47
11 52
11 63
11 85
11 95
11 112
11 116
11 150
11 156
11 159
11 222
11 234
11 236
11 249
12 14
12 15
12 40
12 41
12 46
12 53
12 58
12 85
12 95
12 97
12 137
12 166
12 206
12 216
13 15
13 31
13 83
13 86
13 98
13 131
13 138
13 195
13 208
14 20
14 22
14 26
14 27
14 35
14 37
14 39
14 44
14 48
14 54
14 55
14 66
14 78
14 80
14 90
14 91
14 106
14 122
14 126
14 139
14 150
14 157
14 171
14 181
14 199
14 205
14 223
14 235
14 237
14 242
14 243
15 59
15 61
15 94
15 99
15 111
15 165
15 169
15 213
15 241
16 24
16 34
16 41
16 60
16 70
16 72
16 84
16 105
16 191
16 221
17 19
17 22
17 23
17 43
17 52
17 145
17 194
18 20
18 30
18 67
18 76
18 78
18 88
18 127
18 129
18 132
18 138
18 144
18 146
18 148
18 164
18 178
18 193
18 203
18 212
19 54
19 125
19 242
20 21
20 25
20 43
20 62
20 95
20 100
20 115
20 127
20 182
20 220
20 232
20 235
20 249
21 25
21 40
21 43
21 45
21 64
21 89
21 98
21 196
21 204
21 206
21 228
22 23
22 38
22 45
22 73
22 81
22 247
23 32
23 123
23 133
24 27
24 29
24 39
24 49
24 66
24 133
24 162
24 198
24 210
25 36
25 37
25 47
25 50
25 53
25 68
25 91
25 94
25 132
25 197
25 229
26 28
26 37
26 53
26 58
26 63
26 69
26 72
26 92
26 96
26 107
26 114
26 138
26 142
26 146
26 157
26 160
26 166
26 175
26 178
26 182
26 202
26 217
26 221
27 29
27 48
27 61
27 91
27 111
28 30
28 63
28 82
28 164
28 170
29 38
29 51
29 87
29 186
30 31
30 34
30 80
30 81
30 102
30 181
30 214
30 217
30 227
30 239
31 32
31 49
31 66
31 77
31 104
31 210
31 214
31 243
32 44
32 52
32 65
32 100
32 147
32 183
32 239
33 34
33 56
33 64
33 123
33 139
33 180
34 38
34 75
34 82
34 104
34 120
34 134
34 153
34 243
34 248
35 39
35 51
35 99
35 118
35 127
35 141
35 160
35 217
35 229
36 47
36 108
36 128
36 209
36 227
37 47
37 69
37 76
37 77
37 109
37 142
37 190
38 42
38 44
38 62
38 68
38 79
38 90
38 100
39 71
39 73
39 123
39 125
39 223
39 230
39 245
40 49
40 85
40 88
40 108
40 135
40 136
40 191
40 246
40 247
41 67
41 123
42 75
42 87
42 105
42 152
42 154
42 186
42 219
43 59
43 67
43 88
43 93
43 105
43 121
43 177
43 208
43 220
44 97
44 147
44 236
45 50
45 140
45 183
46 57
46 70
46 87
46 130
46 151
46 199
46 214
46 215
46 224
47 56
47 57
47 59
47 76
47 79
47 128
47 142
47 146
47 147
47 148
47 176
47 195
47 201
47 210
47 220
47 225
48 56
48 71
48 82
48 96
48 185
48 221
49 52
49 69
49 74
49 103
49 132
49 209
50 58
50 86
50 110
50 148
50 194
50 199
50 228
51 80
51 92
51 117
51 176
51 236
52 100
53 61
53 62
53 83
53 93
53 97
53 101
53 110
53 160
53 165
53 173
53 178
53 190
54 55
54 103
54 118
54 167
54 233
55 58
55 82
55 104
55 107
55 192
55 230
56 105
56 161
57 60
57 62
57 79
57 99
57 130
57 161
57 189
57 242
58 72
58 117
58 118
58 126
58 196
58 226
58 248
59 107
60 155
61 73
62 79
62 119
62 204
62 232
63 119
64 102
64 145
64 155
65 85
65 88
65 156
66 216
68 126
68 130
68 172
68 229
69 77
69 150
69 152
69 207
70 84
70 92
70 94
70 114
70 193
70 199
70 222
70 244
71 90
71 98
71 104
71 131
71 187
71 193
71 198
71 237
71 238
73 179
74 117
74 137
74 189
74 211
75 113
75 155
75 171
76 91
79 114
79 130
79 212
79 216
80 157
81 109
81 158
82 84
82 101
82 124
82 149
82 165
82 172
82 201
82 229
83 168
83 195
83 196
84 89
84 102
84 110
84 112
84 113
84 121
84 136
84 164
84 173
84 179
84 193
84 200
84 216
84 244
85 93
85 114
85 241
86 120
86 122
86 126
86 146
86 153
86 233
88 117
88 156
88 202
88 222
88 230
89 101
89 159
89 224
90 140
90 158
90 162
90 175
90 202
90 203
91 121
91 143
92 108
92 144
93 99
93 159
93 190
94 212
94 214
94 242
96 185
97 108
97 121
97 222
98 111
99 149
99 179
99 245
100 122
100 191
100 197
101 102
101 122
101 134
101 168
101 186
101 226
101 233
101 234
102 109
102 233
104 163
105 141
105 153
106 107
106 135
106 151
106 209
106 218
107 183
107 206
108 205
113 164
114 115
114 149
114 175
114 203
114 244
115 237
116 124
116 131
116 210
116 218
116 235
118 138
118 143
118 153
118 240
119 184
119 236
122 155
122 179
122 192
123 141
124 128
124 219
125 137
127 231
128 176
128 197
128 228
129 168
129 169
129 226
130 140
131 139
131 174
131 184
131 187
131 215
132 189
132 237
132 249
133 143
133 188
133 238
134 208
134 248
135 144
137 145
137 157
137 170
138 156
138 185
139 166
139 174
139 175
140 141
140 176
140 211
140 228
140 238
141 178
141 200
141 243
142 160
142 166
142 205
143 186
143 224
144 201
144 209
146 194
146 198
147 152
147 240
148 182
148 208
149 154
150 173
150 227
152 183
154 159
154 187
155 163
155 234
157 182
160 181
160 192
160 234
161 232
163 171
163 235
166 247
167 180
167 187
168 185
169 245
172 196
174 177
174 213
175 181
175 211
176 213
179 191
179 220
179 223
183 232
184 246
185 207
191 192
191 230
195 224
198 202
198 218
199 205
199 239
203 204
212 215
218 240
220 231
222 231
236 249
