0 1
0 2
0 3
0 4
0 10
0 11
0 23
0 27
0 29
0 35
0 39
0 76
0 101
0 106
0 109
0 136
0 147
0 208
0 217
0 232
0 237
1 4
1 6
1 7
1 10
1 65
1 71
1 117
1 126
2 3
2 5
2 7
2 9
2 16
2 18
2 33
2 48
2 59
2 63
2 79
2 89
2 93
2 105
2 107
2 108
2 116
2 127
2 139
2 144
2 159
2 167
2 188
2 239
3 6
3 8
3 9
3 12
3 14
3 20
3 24
3 32
3 34
3 35
3 41
3 43
3 44
3 45
3 70
3 74
3 75
3 78
3 79
3 95
3 97
3 99
3 115
3 137
3 156
3 176
3 185
3 189
3 209
3 210
3 233
3 244
4 5
4 18
4 48
4 58
4 81
4 86
4 114
4 152
4 186
4 207
4 214
5 134
5 153
5 177
5 232
6 8
6 11
6 12
6 13
6 14
6 15
6 16
6 22
6 23
6 24
6 26
6 37
6 43
6 45
6 49
6 52
6 53
6 99
6 145
6 146
6 148
6 180
6 242
7 40
7 46
7 49
7 64
7 83
7 98
7 117
7 144
7 146
7 161
7 174
7 202
7 216
8 25
8 42
8 47
8 51
8 55
8 61
8 102
8 118
8 141
8 151
8 182
8 227
9 21
9 58
9 150
9 158
9 173
10 36
10 50
10 53
10 59
10 73
10 94
10 173
11 26
11 27
11 28
11 29
11 46
11 54
11 72
11 132
11 148
11 160
11 192
11 211
11 238
12 13
12 42
12 62
12 85
12 123
12 140
12 195
12 233
12 244
13 17
13 19
13 31
13 50
13 56
13 107
13 207
14 15
14 21
14 38
14 61
14 62
14 69
14 97
14 110
14 111
14 119
14 127
14 131
14 221
14 235
15 33
15 205
16 17
16 19
16 22
16 25
16 36
16 69
16 70
16 103
16 116
16 196
17 95
17 174
18 20
18 30
18 31
18 38
18 39
18 71
18 90
18 93
18 167
18 170
18 183
18 213
18 216
18 227
19 28
19 47
19 87
19 100
20 34
20 77
20 196
20 225
21 51
21 81
21 84
21 111
21 139
21 163
21 172
21 181
22 104
22 112
22 119
22 179
23 30
23 32
23 57
23 63
23 120
23 156
23 226
24 90
24 188
25 64
25 103
25 209
25 231
26 44
26 82
26 88
26 98
27 40
27 52
27 85
27 128
27 178
27 201
28 37
28 41
28 55
28 115
28 126
28 129
28 187
28 194
29 113
29 154
29 165
29 213
29 223
29 224
30 68
30 132
30 151
30 169
30 184
30 198
32 78
32 88
32 89
32 135
32 143
32 172
32 243
32 246
32 249
33 76
33 77
33 91
33 92
34 110
35 165
36 57
36 220
37 102
38 80
40 54
40 60
40 67
40 68
40 87
40 168
41 86
41 104
41 137
43 56
43 82
43 129
47 66
47 201
49 170
50 229
51 114
52 65
52 74
52 195
53 96
53 157
53 176
53 212
54 210
55 73
55 75
55 112
55 128
55 140
55 226
56 72
56 203
57 66
57 80
57 84
57 158
58 60
58 134
58 142
58 147
58 155
58 182
58 203
59 94
59 124
59 224
59 241
60 225
61 142
62 67
63 217
64 197
64 240
69 123
71 96
71 246
72 206
73 155
74 92
74 121
74 204
74 245
77 177
77 193
77 239
78 133
78 180
78 190
78 205
79 91
79 105
79 164
79 208
79 236
82 83
82 100
82 120
82 122
82 236
82 238
83 101
84 135
85 154
85 169
85 171
85 230
86 223
87 145
89 124
89 125
90 152
91 149
91 157
91 212
94 166
94 193
94 218
95 221
96 106
96 183
96 228
97 153
98 187
99 243
102 109
102 118
102 141
102 245
103 108
103 122
103 130
105 113
105 136
106 121
107 138
111 125
111 130
112 162
112 175
112 179
112 214
113 138
117 241
118 131
120 192
120 202
121 160
121 162
122 143
123 215
127 133
127 181
128 149
129 229
131 248
133 220
135 215
136 211
137 150
140 161
140 185
141 159
141 249
143 171
146 198
146 206
148 163
150 175
150 199
151 194
151 247
152 184
152 247
153 197
155 166
155 186
155 190
155 219
157 164
158 191
159 168
159 200
159 242
164 199
164 228
165 178
166 240
169 191
172 237
173 234
176 222
179 189
182 235
186 204
187 200
188 222
190 248
196 218
196 219
207 234
210 231
225 230
