0 1
0 2
0 3
0 4
0 5
0 6
0 7
0 8
0 11
0 13
0 14
0 17
0 27
0 28
0 29
0 32
0 36
0 43
0 53
0 57
0 62
0 63
0 85
0 91
0 100
0 110
0 120
0 122
0 135
0 155
0 161
0 166
0 174
0 192
0 202
0 209
0 215
0 231
1 5
1 6
1 7
1 9
1 10
1 11
1 12
1 14
1 16
1 18
1 19
1 22
1 23
1 24
1 35
1 40
1 49
1 50
1 51
1 55
1 69
1 72
1 91
1 101
1 102
1 104
1 116
1 118
1 145
1 151
1 162
1 183
1 201
1 205
1 207
1 236
1 238
1 241
1 243
1 246
2 5
2 6
2 7
2 8
2 9
2 10
2 19
2 25
2 30
2 38
2 39
2 42
2 48
2 49
2 51
2 70
2 71
2 74
2 76
2 80
2 105
2 110
2 125
2 136
2 153
2 159
2 162
2 163
2 171
2 173
2 176
2 177
2 179
2 182
2 185
2 188
2 189
2 194
2 198
2 214
3 5
3 6
3 7
3 8
3 9
3 13
3 14
3 15
3 19
3 20
3 27
3 28
3 34
3 39
3 72
3 74
3 80
3 84
3 85
3 103
3 105
3 126
3 134
3 142
3 143
3 145
3 173
3 189
3 194
3 203
3 204
3 222
3 233
4 19
4 28
4 60
4 109
4 114
4 116
4 128
4 131
4 156
4 205
4 236
5 8
5 13
5 18
5 20
5 24
5 28
5 30
5 32
5 35
5 37
5 42
5 51
5 52
5 57
5 63
5 68
5 78
5 84
5 98
5 114
5 132
5 157
5 171
5 179
5 198
5 207
5 212
5 219
5 235
5 237
5 240
6 12
6 16
6 17
6 21
6 31
6 33
6 34
6 35
6 43
6 65
6 77
6 136
6 140
6 141
6 157
6 163
7 11
7 12
7 13
7 16
7 17
7 22
7 24
7 29
7 34
7 36
7 38
7 44
7 46
7 55
7 60
7 64
7 81
7 83
7 96
7 101
7 102
7 108
7 117
7 138
7 150
7 155
7 173
7 191
7 218
7 225
8 9
8 10
8 12
8 15
8 20
8 21
8 25
8 26
8 27
8 44
8 45
8 50
8 52
8 62
8 68
8 70
8 81
8 87
8 136
8 177
8 187
8 188
8 202
8 222
8 238
9 10
9 11
9 17
9 31
9 47
9 57
9 61
9 148
9 163
9 188
9 214
9 223
10 24
10 34
10 38
10 53
10 75
10 94
10 107
10 108
10 114
10 119
10 127
10 144
10 184
10 228
10 238
10 240
11 64
12 15
12 29
12 56
12 113
12 118
12 169
13 14
13 15
13 16
13 25
13 39
13 46
13 48
13 78
13 79
13 126
13 152
13 166
13 167
13 175
13 183
13 190
13 206
13 249
14 33
14 48
14 52
14 61
14 62
14 109
14 111
14 122
14 142
14 168
14 182
14 198
14 248
15 21
15 29
15 35
15 55
15 64
15 71
15 82
15 89
15 90
15 95
15 120
15 224
15 230
16 18
16 22
16 23
16 37
16 38
16 40
16 41
16 54
16 60
16 65
16 75
16 79
16 81
16 87
16 102
16 112
16 113
16 119
16 129
16 131
16 133
16 145
16 149
16 160
16 186
16 192
16 224
16 227
16 228
16 231
17 18
17 20
17 36
17 45
17 55
17 73
17 74
17 84
17 86
17 116
17 140
17 173
17 181
17 194
18 21
18 25
18 30
18 41
18 43
18 50
18 72
18 73
18 88
18 97
18 115
18 146
18 147
18 154
18 159
18 162
18 164
18 193
18 202
18 234
19 23
19 30
19 31
19 39
19 53
19 65
19 71
19 76
19 80
19 88
19 98
19 101
19 108
19 129
19 132
19 134
19 148
19 149
19 159
19 211
19 221
20 22
20 23
20 26
20 36
20 47
20 58
20 59
20 62
20 66
20 67
20 69
20 77
20 86
20 107
20 109
20 121
20 132
20 137
20 139
20 140
20 148
20 182
20 183
20 191
20 193
20 202
20 231
20 241
20 242
21 27
21 54
21 125
21 186
22 26
22 48
22 52
22 99
22 178
23 26
23 59
23 92
23 93
23 99
23 106
23 107
23 126
23 133
23 164
23 171
23 180
23 197
23 206
24 44
24 46
24 58
24 89
24 118
24 138
24 146
24 154
24 158
24 167
24 226
25 31
25 32
25 37
25 40
25 68
25 87
25 101
25 131
25 193
25 205
25 221
26 56
26 123
26 180
26 199
26 207
26 233
27 32
27 58
27 91
27 94
27 98
27 117
27 141
27 175
27 243
28 33
28 43
28 44
28 67
28 82
28 95
28 97
28 106
28 116
28 120
28 122
28 145
28 146
28 165
28 179
28 213
29 41
29 47
29 57
29 72
29 110
29 174
29 184
30 33
30 37
30 41
30 46
30 54
30 74
30 139
30 158
30 227
30 229
30 236
30 239
30 241
30 247
31 51
31 67
31 83
31 121
31 131
31 147
31 226
32 56
32 123
32 214
32 232
32 240
33 40
33 70
33 88
33 172
33 190
33 246
34 63
34 69
34 80
34 83
34 95
34 96
34 104
34 129
34 156
34 234
35 64
35 153
35 156
35 161
36 63
36 81
36 90
36 92
36 124
36 130
36 169
37 42
37 82
37 100
37 138
37 149
37 153
37 166
37 186
37 209
38 45
38 49
38 60
38 61
38 67
38 75
38 82
38 97
38 108
38 120
38 144
38 158
38 165
38 201
38 220
38 223
38 226
38 245
39 54
39 59
39 66
39 71
39 75
39 79
39 161
39 185
39 215
39 216
39 227
40 42
40 58
40 76
40 78
40 83
40 86
40 99
40 150
40 161
40 169
40 178
40 186
40 204
40 208
40 216
40 244
41 49
41 73
41 85
41 105
41 132
41 192
41 204
42 45
42 50
42 97
42 98
42 140
42 153
42 168
42 200
43 53
43 93
43 94
43 195
43 196
44 70
44 92
44 111
44 197
45 95
45 96
45 229
46 47
47 77
47 112
47 121
48 104
48 115
49 56
49 103
49 196
49 238
51 69
51 86
51 103
51 128
52 59
52 119
52 130
52 157
52 172
53 61
53 66
53 79
53 115
53 134
53 183
54 111
54 137
54 150
54 191
54 208
55 68
55 94
55 118
55 135
55 176
55 210
56 242
57 77
57 85
57 104
57 134
57 152
57 189
57 209
58 65
58 91
58 130
58 159
58 178
59 102
59 187
59 206
59 218
60 96
60 137
60 187
60 239
61 89
61 113
61 127
61 235
61 239
62 66
62 117
62 137
62 208
62 224
62 239
63 84
63 87
63 154
63 179
63 200
64 93
64 136
64 230
65 109
65 172
65 200
66 115
66 160
66 248
69 135
69 149
69 177
69 195
69 219
69 225
70 114
71 76
71 90
71 127
71 181
72 73
72 90
72 165
73 228
74 234
75 106
75 117
75 199
76 141
76 157
76 165
76 203
77 78
77 125
77 154
78 89
78 107
78 167
79 100
80 162
81 124
82 88
82 93
82 106
82 139
82 142
82 151
82 169
82 190
82 204
82 242
83 110
83 142
83 143
83 144
83 164
83 175
84 151
84 216
85 119
85 128
85 210
85 212
86 100
86 111
86 174
86 193
86 227
86 237
87 135
87 168
87 197
88 103
88 163
88 196
88 201
88 229
88 247
89 234
90 99
90 105
90 124
90 218
90 233
90 241
91 92
91 113
91 160
93 171
93 213
93 235
93 237
94 112
94 190
95 124
95 144
95 147
95 160
95 194
95 205
95 244
96 133
96 197
96 230
97 112
97 147
97 170
97 180
97 240
99 143
99 198
100 196
100 232
100 242
100 249
101 133
101 168
102 203
102 217
102 221
103 139
103 175
104 123
105 126
105 129
105 152
105 211
105 232
107 128
107 181
107 220
108 172
108 232
109 158
110 123
110 151
110 184
110 231
110 248
111 127
111 184
111 185
111 247
112 122
112 125
112 155
112 223
113 143
114 146
116 192
116 228
117 200
118 141
120 121
120 174
121 207
122 170
124 245
125 130
126 217
127 178
127 195
128 210
129 155
129 182
132 164
133 148
133 166
134 152
135 156
135 206
137 138
138 150
140 215
141 167
145 249
146 199
147 219
149 203
150 237
151 170
151 177
151 212
152 213
153 223
154 201
156 195
158 176
160 170
160 209
161 219
161 236
162 187
162 188
162 235
163 176
163 191
163 208
163 247
169 181
169 222
169 226
169 230
171 180
171 199
171 211
171 225
171 243
173 189
173 221
176 211
176 245
177 233
178 185
178 244
178 245
181 217
182 212
182 248
184 243
187 213
188 246
188 249
196 210
196 220
196 244
197 222
198 246
201 220
203 225
205 214
205 217
205 218
208 224
210 215
211 216
221 229
