0 1
0 2
0 3
0 4
0 5
0 6
0 7
0 8
0 9
0 10
0 11
0 12
0 13
0 14
0 15
0 16
0 17
0 18
0 19
0 20
0 22
0 23
0 24
0 25
0 27
0 30
0 32
0 33
0 34
0 38
0 39
0 43
0 45
0 49
0 53
0 60
0 65
0 71
0 73
0 75
0 84
0 94
0 98
0 99
0 103
0 111
0 112
0 114
0 120
0 134
0 142
0 149
0 150
0 154
0 155
0 156
0 160
0 161
0 162
0 163
0 181
0 182
0 191
0 202
0 207
0 215
0 224
0 230
0 236
0 246
1 12
1 13
1 16
1 18
1 20
1 25
1 33
1 48
1 65
1 77
1 115
1 123
1 129
1 155
1 219
2 11
2 12
2 13
2 14
2 18
2 19
2 20
2 21
2 28
2 29
2 32
2 35
2 42
2 45
2 49
2 50
2 54
2 77
2 80
2 84
2 89
2 91
2 99
2 101
2 104
2 122
2 123
2 149
2 150
2 164
2 178
2 183
2 192
2 196
2 226
2 237
2 242
2 243
2 245
3 11
3 16
3 20
3 21
3 31
3 36
3 48
3 54
3 55
3 58
3 61
3 67
3 121
3 134
3 176
3 185
3 191
3 192
3 234
3 249
4 11
4 12
4 13
4 15
4 16
4 18
4 20
4 25
4 28
4 29
4 30
4 31
4 32
4 33
4 38
4 39
4 43
4 44
4 45
4 51
4 61
4 63
4 66
4 72
4 75
4 76
4 98
4 103
4 106
4 121
4 133
4 137
4 146
4 150
4 157
4 160
4 170
4 172
4 184
4 194
4 213
4 247
4 248
5 11
5 12
5 13
5 14
5 15
5 19
5 25
5 31
5 32
5 35
5 36
5 39
5 40
5 45
5 48
5 50
5 56
5 59
5 63
5 72
5 91
5 93
5 97
5 102
5 108
5 109
5 114
5 117
5 119
5 136
5 145
5 149
5 165
5 186
5 187
5 191
5 216
5 222
5 225
5 228
6 11
6 12
6 13
6 19
6 26
6 31
6 37
6 42
6 55
6 63
6 64
6 86
6 93
6 111
6 129
6 130
6 143
6 170
6 189
6 194
6 224
6 235
6 239
7 11
7 12
7 13
7 14
7 29
7 41
7 49
7 95
7 113
7 121
7 144
7 154
7 163
7 214
7 229
7 237
7 241
8 11
8 13
8 14
8 15
8 17
8 18
8 21
8 23
8 24
8 28
8 34
8 41
8 46
8 47
8 55
8 58
8 60
8 63
8 73
8 74
8 78
8 88
8 91
8 109
8 110
8 112
8 119
8 122
8 126
8 139
8 151
8 157
8 198
8 234
8 235
9 11
9 12
9 14
9 15
9 16
9 17
9 21
9 36
9 43
9 47
9 48
9 52
9 62
9 67
9 71
9 92
9 105
9 116
9 159
9 193
9 218
9 235
10 11
10 12
10 14
10 15
10 16
10 17
10 19
10 20
10 21
10 22
10 23
10 26
10 27
10 30
10 31
10 33
10 34
10 60
10 61
10 63
10 64
10 89
10 101
10 103
10 111
10 123
10 130
10 143
10 148
10 151
10 163
10 195
10 219
10 223
10 230
11 12
11 13
11 14
11 15
11 16
11 17
11 18
11 19
11 20
11 22
11 24
11 26
11 27
11 29
11 33
11 34
11 38
11 39
11 40
11 41
11 42
11 44
11 50
11 52
11 54
11 56
11 59
11 60
11 62
11 69
11 71
11 78
11 80
11 81
11 83
11 89
11 90
11 94
11 96
11 97
11 105
11 108
11 110
11 113
11 122
11 127
11 135
11 138
11 140
11 148
11 150
11 161
11 162
11 165
11 166
11 168
11 169
11 170
11 171
11 174
11 178
11 180
11 186
11 189
11 199
11 201
11 202
11 208
11 209
11 217
11 220
11 224
11 227
11 230
11 234
11 236
11 245
12 13
12 14
12 15
12 16
12 17
12 18
12 19
12 20
12 21
12 22
12 23
12 24
12 25
12 26
12 27
12 28
12 31
12 32
12 34
12 36
12 37
12 38
12 40
12 41
12 42
12 43
12 44
12 50
12 51
12 53
12 56
12 57
12 65
12 70
12 77
12 84
12 95
12 96
12 97
12 100
12 103
12 105
12 106
12 109
12 110
12 113
12 117
12 119
12 124
12 129
12 130
12 131
12 139
12 151
12 152
12 172
12 182
12 184
12 189
12 199
12 202
12 203
12 212
12 213
12 216
12 222
12 225
12 228
12 233
12 249
13 14
13 15
13 16
13 17
13 22
13 23
13 26
13 29
13 30
13 35
13 38
13 44
13 45
13 46
13 47
13 48
13 51
13 57
13 59
13 61
13 62
13 67
13 71
13 72
13 82
13 83
13 84
13 85
13 86
13 92
13 93
13 98
13 114
13 115
13 117
13 126
13 130
13 137
13 138
13 139
13 140
13 143
13 152
13 167
13 169
13 174
13 175
13 194
13 206
13 211
13 229
13 232
13 233
13 235
13 238
13 240
13 247
13 248
14 15
14 17
14 18
14 19
14 20
14 22
14 23
14 26
14 28
14 29
14 30
14 31
14 34
14 35
14 37
14 38
14 39
14 40
14 41
14 44
14 45
14 46
14 47
14 49
14 50
14 52
14 55
14 58
14 64
14 68
14 71
14 72
14 74
14 76
14 77
14 79
14 81
14 83
14 87
14 88
14 89
14 90
14 93
14 94
14 98
14 101
14 103
14 108
14 111
14 115
14 116
14 117
14 124
14 125
14 127
14 128
14 131
14 136
14 138
14 145
14 152
14 155
14 158
14 161
14 164
14 167
14 191
14 192
14 204
14 210
14 222
14 226
14 227
14 232
15 16
15 17
15 18
15 19
15 21
15 22
15 23
15 24
15 27
15 30
15 31
15 36
15 37
15 41
15 42
15 45
15 46
15 48
15 49
15 55
15 58
15 59
15 64
15 65
15 67
15 70
15 75
15 78
15 79
15 84
15 85
15 87
15 90
15 96
15 97
15 98
15 99
15 101
15 106
15 114
15 115
15 122
15 125
15 134
15 144
15 147
15 157
15 167
15 179
15 183
15 187
15 193
15 199
15 200
15 205
15 206
15 211
15 216
15 217
15 232
15 233
15 237
15 241
15 247
15 248
16 17
16 18
16 19
16 20
16 22
16 24
16 25
16 28
16 29
16 37
16 38
16 40
16 41
16 44
16 51
16 57
16 61
16 66
16 76
16 79
16 88
16 91
16 94
16 95
16 105
16 113
16 118
16 121
16 122
16 130
16 137
16 149
16 153
16 156
16 168
16 169
16 175
16 177
16 193
16 203
16 204
16 210
16 217
16 230
16 243
17 21
17 24
17 32
17 34
17 35
17 37
17 38
17 39
17 47
17 50
17 51
17 53
17 54
17 55
17 56
17 63
17 66
17 70
17 71
17 73
17 74
17 79
17 85
17 88
17 96
17 107
17 112
17 118
17 121
17 122
17 140
17 146
17 148
17 151
17 153
17 154
17 158
17 159
17 170
17 182
17 183
17 191
17 194
17 195
17 204
17 214
17 219
17 220
17 223
17 231
18 21
18 22
18 23
18 24
18 25
18 28
18 30
18 33
18 34
18 37
18 39
18 42
18 43
18 44
18 47
18 48
18 51
18 59
18 62
18 65
18 68
18 72
18 79
18 81
18 82
18 83
18 87
18 89
18 93
18 96
18 98
18 99
18 105
18 106
18 107
18 108
18 111
18 112
18 116
18 126
18 129
18 134
18 137
18 140
18 146
18 149
18 163
18 171
18 173
18 179
18 183
18 193
18 198
18 200
18 202
18 215
18 216
18 219
18 220
18 222
18 228
18 239
18 245
18 247
19 23
19 25
19 27
19 30
19 32
19 33
19 40
19 41
19 44
19 59
19 68
19 69
19 102
19 117
19 135
19 142
19 145
19 158
19 165
19 167
19 170
19 171
19 183
20 21
20 22
20 23
20 26
20 28
20 36
20 37
20 38
20 39
20 43
20 44
20 51
20 54
20 55
20 59
20 67
20 74
20 91
20 92
20 102
20 104
20 108
20 126
20 135
20 140
20 142
20 145
20 152
20 155
20 168
20 175
20 179
20 180
20 198
20 231
20 239
20 244
21 24
21 25
21 26
21 27
21 30
21 32
21 33
21 40
21 41
21 43
21 50
21 52
21 53
21 65
21 69
21 73
21 80
21 82
21 87
21 90
21 94
21 99
21 104
21 105
21 106
21 107
21 114
21 117
21 118
21 119
21 123
21 124
21 125
21 137
21 141
21 145
21 147
21 154
21 159
21 162
21 167
21 169
21 171
21 183
21 197
21 199
21 202
21 205
21 213
21 216
21 225
21 242
21 244
21 245
21 249
22 24
22 27
22 28
22 38
22 41
22 42
22 47
22 51
22 64
22 72
22 78
22 82
22 86
22 89
22 94
22 95
22 99
22 104
22 106
22 117
22 122
22 133
22 144
22 160
22 166
22 171
22 181
22 201
22 203
22 214
22 223
22 242
23 25
23 27
23 35
23 36
23 39
23 42
23 47
23 50
23 52
23 56
23 60
23 63
23 64
23 68
23 70
23 75
23 79
23 88
23 107
23 108
23 109
23 118
23 120
23 125
23 134
23 139
23 141
23 162
23 165
23 209
23 220
23 229
23 230
24 26
24 29
24 32
24 35
24 36
24 40
24 46
24 51
24 57
24 58
24 65
24 67
24 70
24 74
24 77
24 78
24 84
24 86
24 92
24 96
24 100
24 101
24 105
24 111
24 128
24 131
24 134
24 139
24 143
24 144
24 150
24 161
24 186
24 188
24 191
24 236
24 241
24 246
25 26
25 29
25 31
25 35
25 37
25 48
25 54
25 58
25 74
25 85
25 106
25 117
25 119
25 132
25 152
25 166
25 175
25 176
25 185
25 188
25 189
25 200
25 205
25 212
25 247
26 27
26 31
26 33
26 47
26 49
26 50
26 52
26 56
26 57
26 59
26 73
26 77
26 88
26 103
26 126
26 130
26 132
26 145
26 151
26 156
26 166
26 169
26 172
26 178
26 179
26 189
26 210
26 214
27 28
27 30
27 45
27 46
27 48
27 49
27 51
27 53
27 58
27 60
27 62
27 64
27 66
27 68
27 69
27 73
27 84
27 85
27 88
27 100
27 102
27 107
27 114
27 124
27 135
27 140
27 146
27 147
27 153
27 155
27 160
27 173
27 179
27 180
27 181
27 183
27 197
27 205
27 206
27 208
27 211
27 218
28 29
28 36
28 46
28 48
28 52
28 56
28 60
28 64
28 70
28 72
28 80
28 83
28 110
28 114
28 116
28 140
28 141
28 142
28 148
28 158
28 167
28 176
28 200
28 204
28 213
28 236
28 244
29 32
29 35
29 40
29 49
29 54
29 66
29 71
29 79
29 83
29 92
29 108
29 112
29 113
29 117
29 126
29 146
29 148
29 158
29 171
29 180
29 185
29 186
29 197
29 212
29 224
30 33
30 34
30 35
30 37
30 39
30 42
30 49
30 57
30 59
30 61
30 66
30 68
30 72
30 76
30 77
30 84
30 88
30 107
30 109
30 111
30 112
30 124
30 138
30 140
30 152
30 153
30 157
30 158
30 160
30 162
30 165
30 172
30 173
30 177
30 178
30 182
30 185
30 192
30 198
30 206
30 207
31 42
31 58
31 70
31 73
31 84
31 89
31 103
31 113
31 161
31 166
31 200
31 217
31 221
31 226
31 230
31 236
31 241
32 34
32 36
32 45
32 46
32 47
32 52
32 66
32 74
32 76
32 78
32 81
32 86
32 87
32 88
32 90
32 95
32 102
32 105
32 106
32 108
32 109
32 127
32 130
32 132
32 138
32 139
32 147
32 153
32 173
32 181
32 185
32 192
32 194
32 197
32 201
32 210
32 224
32 226
32 247
33 46
33 61
33 62
33 63
33 64
33 69
33 76
33 78
33 80
33 97
33 107
33 110
33 120
33 149
33 151
33 152
33 207
33 208
33 227
33 241
34 45
34 46
34 52
34 67
34 76
34 83
34 85
34 92
34 119
34 153
34 167
34 190
35 40
35 53
35 67
35 75
35 98
35 99
35 112
35 128
35 135
35 147
35 150
35 154
35 167
35 170
35 179
35 200
35 207
35 229
35 235
35 246
35 249
36 43
36 44
36 56
36 76
36 78
36 100
36 102
36 116
36 141
36 151
36 155
36 160
36 163
36 180
36 213
36 223
36 227
36 228
37 56
37 71
37 74
37 75
37 100
37 101
37 118
37 159
37 177
37 185
37 209
37 235
38 57
38 75
38 78
38 81
38 102
38 105
38 113
38 151
38 155
38 158
38 162
38 170
38 173
38 175
38 181
38 185
38 213
38 218
38 231
38 242
38 248
39 43
39 66
39 75
39 77
39 81
39 91
39 115
39 121
39 127
39 131
39 133
39 148
39 192
39 207
39 238
40 50
40 53
40 54
40 55
40 65
40 68
40 69
40 70
40 81
40 85
40 107
40 109
40 114
40 131
40 132
40 136
40 149
40 156
40 168
40 176
40 177
40 180
40 190
40 198
40 199
40 205
40 209
40 214
40 221
40 225
40 227
40 231
40 240
40 248
41 43
41 55
41 60
41 65
41 71
41 73
41 82
41 87
41 92
41 93
41 95
41 97
41 100
41 102
41 103
41 134
41 143
41 177
41 186
41 189
41 191
41 192
41 202
41 216
41 236
42 54
42 92
42 98
42 120
42 134
42 162
42 175
42 231
42 242
43 61
43 67
43 80
43 81
43 96
43 99
43 110
43 123
43 133
43 188
44 60
44 62
44 82
44 86
44 95
44 115
44 125
44 149
44 151
44 158
44 164
44 182
44 188
44 190
44 221
44 233
45 55
45 61
45 72
45 83
45 123
45 125
45 132
45 135
45 138
45 143
45 156
45 203
45 217
45 238
46 53
46 54
46 85
46 93
46 165
46 174
46 183
46 190
46 245
47 49
47 69
47 80
47 87
47 91
47 100
47 112
47 132
47 137
47 172
47 182
47 212
48 57
48 58
48 67
48 72
48 79
48 104
48 107
48 120
48 133
48 136
48 141
48 147
48 157
48 165
48 243
49 52
49 53
49 68
49 73
49 90
49 99
49 119
49 127
49 134
49 162
49 200
49 210
50 57
50 85
50 87
50 94
50 110
50 128
50 149
50 153
50 170
50 177
50 178
50 209
51 53
51 62
51 70
51 82
51 104
51 124
51 143
51 157
51 168
51 197
51 203
51 220
51 246
52 56
52 59
52 76
52 101
52 157
52 166
52 211
52 228
52 239
53 62
53 66
53 69
53 86
53 90
53 104
53 146
53 161
53 163
53 174
53 231
54 62
54 100
54 145
54 240
55 58
55 75
55 80
55 93
55 179
55 184
55 188
55 198
55 201
55 206
55 209
55 215
55 232
55 237
55 246
56 57
56 63
56 71
56 77
56 95
56 104
56 119
56 135
56 139
56 168
56 198
56 238
57 65
57 66
57 79
57 82
57 164
57 175
57 180
57 195
57 217
57 229
57 232
57 233
58 60
58 68
58 109
58 111
58 178
58 182
59 69
59 91
59 94
59 96
59 120
59 126
59 133
59 136
59 193
59 209
59 245
60 61
60 68
60 80
60 92
60 95
60 106
60 110
60 144
60 148
60 191
60 192
60 195
60 199
60 216
60 225
61 63
61 64
61 70
61 87
61 90
61 110
61 114
61 119
61 129
61 177
61 200
61 203
61 207
61 224
61 235
62 73
62 90
62 107
62 135
62 145
62 147
62 150
62 169
62 173
62 193
62 196
62 198
62 199
62 210
62 228
62 233
62 246
63 84
63 88
63 142
63 176
63 228
63 239
64 82
64 83
64 89
64 91
64 106
64 120
64 148
64 166
64 202
64 210
64 227
65 69
65 77
65 83
65 132
65 144
65 185
65 209
66 81
66 87
66 89
66 116
66 146
66 171
66 173
66 200
66 206
66 233
67 97
67 124
67 141
67 166
67 177
67 189
67 195
67 204
67 208
67 242
67 243
68 74
68 96
68 98
68 122
68 125
68 164
68 203
68 219
68 240
69 94
69 116
69 122
69 128
69 139
69 187
69 199
69 202
69 204
69 221
69 242
70 132
70 138
70 166
70 171
70 196
70 212
70 214
71 76
71 80
71 82
71 86
71 93
71 95
71 159
71 172
71 247
72 74
72 75
72 79
72 102
72 111
72 131
72 137
72 181
73 97
73 98
73 99
73 111
73 125
73 150
73 184
73 212
73 241
74 86
74 89
74 140
74 154
74 211
75 78
75 112
75 118
75 127
75 142
75 159
76 81
76 85
76 117
76 136
76 153
77 96
77 142
77 168
77 195
77 213
78 97
78 105
78 135
78 164
78 211
79 93
79 110
79 120
79 123
79 128
79 141
79 154
79 194
79 204
79 217
80 115
80 164
80 176
80 193
80 205
81 133
81 148
81 153
81 216
81 222
82 101
82 104
82 129
82 156
82 165
82 246
83 115
83 118
83 119
83 135
83 157
83 173
83 193
83 199
83 208
83 248
84 121
84 138
84 155
84 188
84 194
84 237
84 246
84 248
85 86
85 123
85 132
85 187
85 188
86 91
86 155
86 159
86 183
86 219
86 234
87 108
87 109
87 130
87 140
87 151
87 197
87 203
88 100
88 101
88 102
88 115
88 116
88 118
88 148
88 176
88 178
88 202
88 238
88 243
89 90
89 92
89 94
89 112
89 122
89 126
89 127
89 128
89 129
89 131
89 144
89 157
89 185
89 196
89 232
89 239
89 240
90 108
90 114
90 127
90 133
90 142
90 158
90 171
90 175
90 188
90 190
90 201
90 232
91 125
91 133
91 172
91 212
91 238
92 97
92 104
92 115
92 165
92 181
92 184
92 193
92 208
92 212
92 236
93 100
93 128
93 129
93 131
93 145
93 160
93 237
94 159
94 161
94 203
94 214
94 230
94 233
94 244
95 113
95 120
95 137
95 174
95 187
95 191
95 196
95 202
95 209
95 215
95 226
96 123
96 134
96 177
97 113
97 149
97 157
97 169
98 101
98 116
98 121
98 133
98 141
98 142
98 163
98 186
98 191
99 121
99 128
99 129
99 130
99 146
99 147
99 153
99 190
99 204
99 218
100 118
100 129
100 154
100 199
100 214
101 103
101 139
101 152
101 155
101 174
101 181
101 184
101 187
101 188
101 189
101 234
101 241
102 103
102 109
102 118
102 120
102 121
102 124
102 127
102 132
102 143
102 144
102 146
102 158
102 171
102 189
102 216
102 222
102 240
102 249
103 143
103 222
103 230
104 123
104 223
105 204
106 113
106 131
106 147
106 177
106 178
106 180
106 187
106 207
106 224
107 116
107 218
107 232
108 156
108 215
108 243
109 127
109 136
109 138
109 160
109 173
109 179
109 201
109 232
110 126
110 131
110 164
110 167
110 227
110 244
111 194
111 201
111 244
111 247
112 125
112 130
112 168
112 172
113 144
113 181
113 211
114 138
114 142
114 160
114 163
114 180
114 192
114 195
114 215
114 226
114 243
114 247
117 124
117 137
117 139
117 165
117 222
118 128
118 179
118 184
118 195
118 225
119 126
119 143
119 172
119 196
119 205
119 210
119 211
119 215
119 240
120 124
120 174
121 150
121 173
121 215
121 220
121 234
121 249
122 136
122 154
122 156
122 163
122 201
122 218
122 241
123 154
123 156
123 184
123 187
123 207
123 208
123 237
124 164
124 170
124 206
124 225
126 162
126 240
127 161
127 208
128 141
129 174
129 179
130 141
130 144
130 210
130 222
130 245
131 206
132 161
132 194
132 217
133 136
133 162
133 169
133 178
133 237
134 194
135 136
135 137
135 188
135 196
135 239
136 145
136 160
136 168
136 186
136 192
136 222
136 234
137 147
137 190
137 224
137 242
138 210
139 176
139 186
139 216
139 218
140 168
140 203
140 221
140 224
140 238
140 243
141 175
142 220
143 166
143 170
143 205
143 215
144 146
144 152
144 229
144 239
145 156
145 169
145 175
146 150
146 172
146 230
146 233
146 249
148 152
148 181
148 221
148 228
149 174
150 182
150 196
151 159
151 213
151 214
151 226
151 229
152 163
152 167
152 193
152 195
152 224
152 228
152 239
153 169
153 213
154 161
154 221
155 182
155 211
155 223
155 226
156 159
156 187
156 230
157 201
158 186
158 189
158 245
159 237
161 164
161 176
161 200
161 247
162 208
163 185
163 197
163 223
163 226
164 176
164 178
164 180
167 183
167 236
167 246
168 184
168 186
168 205
168 240
168 241
169 206
170 190
170 204
170 232
171 219
171 243
171 246
171 248
172 174
172 221
174 182
174 187
174 201
174 206
175 184
175 190
175 234
176 212
177 196
177 198
177 220
177 235
177 249
178 219
179 198
180 223
180 235
181 244
182 195
182 238
182 239
182 244
183 207
184 197
184 211
184 212
184 217
185 190
185 197
185 226
185 244
186 218
186 221
186 245
187 207
188 197
188 244
190 227
191 196
191 208
191 209
192 240
192 248
193 223
194 225
194 229
195 236
196 213
196 242
197 205
197 235
199 227
199 229
202 220
202 225
203 214
204 249
206 215
207 229
207 238
207 248
209 231
210 218
211 218
211 219
211 227
212 217
212 221
212 237
212 241
214 220
214 234
215 225
215 231
217 219
217 223
218 228
218 231
221 243
223 233
226 234
227 236
229 231
232 245
233 242
235 238
239 249
