0 1
0 2
0 3
0 4
0 5
0 6
0 7
0 8
0 9
0 10
0 11
0 12
0 14
0 15
0 16
0 17
0 18
0 19
0 22
0 23
0 26
0 27
0 28
0 29
0 30
0 36
0 37
0 51
0 58
0 59
0 60
0 61
0 62
0 63
0 66
0 75
0 80
0 85
0 92
0 93
0 104
0 119
0 126
0 130
0 133
0 136
0 147
0 148
0 151
0 153
0 168
0 169
0 178
0 184
0 186
0 209
0 216
0 222
0 224
0 225
0 235
0 239
0 243
0 247
1 9
1 10
1 11
1 13
1 14
1 15
1 16
1 18
1 20
1 25
1 29
1 37
1 39
1 45
1 48
1 49
1 55
1 56
1 58
1 67
1 72
1 76
1 78
1 84
1 86
1 90
1 94
1 111
1 115
1 117
1 128
1 137
1 144
1 154
1 161
1 162
1 163
1 165
1 185
1 186
1 204
1 225
1 242
2 9
2 10
2 13
2 21
2 32
2 36
2 38
2 59
2 64
2 66
2 102
2 118
2 126
2 147
2 171
2 174
2 186
2 192
2 193
2 194
2 206
2 218
2 222
3 11
3 13
3 14
3 16
3 21
3 22
3 24
3 26
3 32
3 40
3 44
3 47
3 48
3 52
3 53
3 55
3 65
3 67
3 70
3 79
3 84
3 85
3 86
3 97
3 99
3 107
3 108
3 128
3 138
3 139
3 140
3 151
3 163
3 165
3 167
3 169
3 200
3 204
3 209
3 245
3 249
4 9
4 10
4 22
4 23
4 24
4 46
4 48
4 55
4 62
4 71
4 73
4 76
4 84
4 89
4 93
4 96
4 100
4 106
4 114
4 115
4 118
4 128
4 132
4 137
4 143
4 183
4 185
4 190
4 198
4 213
5 9
5 11
5 12
5 13
5 17
5 18
5 22
5 24
5 26
5 29
5 32
5 41
5 52
5 53
5 58
5 89
5 107
5 122
5 141
5 154
5 166
5 168
5 208
5 209
5 212
5 241
5 244
6 9
6 10
6 11
6 12
6 15
6 17
6 21
6 22
6 31
6 36
6 37
6 42
6 43
6 45
6 56
6 81
6 117
6 131
6 135
6 137
6 155
6 156
6 176
6 193
6 219
6 226
6 230
7 9
7 10
7 12
7 14
7 19
7 30
7 47
7 109
7 116
7 139
7 169
7 190
7 210
7 224
8 9
8 10
8 11
8 12
8 13
8 14
8 18
8 20
8 25
8 35
8 46
8 54
8 59
8 81
8 87
8 88
8 92
8 110
8 111
8 114
8 140
8 148
8 149
8 172
8 189
8 199
8 226
8 243
9 10
9 11
9 12
9 13
9 14
9 15
9 16
9 17
9 19
9 20
9 21
9 24
9 25
9 26
9 29
9 31
9 35
9 37
9 43
9 45
9 51
9 52
9 59
9 64
9 68
9 77
9 80
9 87
9 89
9 99
9 104
9 108
9 111
9 113
9 123
9 137
9 152
9 159
9 167
9 169
9 176
9 195
9 196
9 201
9 202
9 225
9 238
9 248
10 11
10 12
10 14
10 15
10 16
10 17
10 18
10 20
10 23
10 27
10 31
10 32
10 34
10 35
10 38
10 50
10 51
10 52
10 55
10 69
10 71
10 82
10 91
10 115
10 117
10 128
10 129
10 140
10 142
10 152
10 161
10 162
10 176
10 177
10 178
10 192
10 195
10 217
10 219
10 220
10 221
10 222
10 224
10 226
10 230
10 233
10 247
10 248
11 12
11 13
11 15
11 17
11 20
11 25
11 29
11 39
11 42
11 44
11 46
11 49
11 64
11 68
11 71
11 72
11 73
11 76
11 78
11 85
11 87
11 91
11 99
11 101
11 103
11 106
11 112
11 120
11 123
11 124
11 131
11 141
11 144
11 153
11 167
11 179
11 190
11 196
11 200
11 203
11 204
11 210
11 218
11 231
11 237
11 249
12 13
12 15
12 21
12 25
12 27
12 28
12 30
12 35
12 38
12 42
12 43
12 46
12 50
12 56
12 61
12 68
12 69
12 73
12 79
12 80
12 81
12 83
12 87
12 91
12 93
12 98
12 116
12 126
12 128
12 130
12 131
12 138
12 151
12 161
12 178
12 182
12 191
12 210
12 213
12 221
12 230
12 233
12 236
13 14
13 15
13 16
13 17
13 18
13 19
13 20
13 21
13 22
13 23
13 27
13 32
13 36
13 38
13 39
13 41
13 44
13 48
13 54
13 56
13 60
13 64
13 66
13 67
13 69
13 76
13 78
13 91
13 93
13 100
13 103
13 114
13 132
13 139
13 141
13 146
13 148
13 149
13 154
13 163
13 167
13 173
13 174
13 182
13 200
13 201
13 209
13 217
13 218
13 219
13 226
13 228
13 233
13 236
14 16
14 19
14 24
14 27
14 28
14 37
14 38
14 40
14 41
14 43
14 53
14 58
14 65
14 70
14 71
14 73
14 80
14 90
14 91
14 102
14 104
14 105
14 123
14 153
14 156
14 162
14 170
14 181
14 197
14 208
14 231
14 232
14 238
14 248
15 16
15 17
15 19
15 21
15 23
15 26
15 27
15 28
15 30
15 34
15 35
15 36
15 38
15 40
15 46
15 64
15 72
15 74
15 77
15 84
15 90
15 96
15 104
15 124
15 131
15 134
15 136
15 142
15 143
15 145
15 146
15 154
15 160
15 165
15 180
15 200
15 205
15 206
15 210
15 218
15 235
15 237
15 238
15 242
15 244
16 18
16 20
16 27
16 33
16 40
16 42
16 45
16 54
16 55
16 59
16 63
16 67
16 80
16 83
16 85
16 88
16 98
16 105
16 114
16 118
16 121
16 125
16 138
16 139
16 149
16 157
16 159
16 166
16 173
16 175
16 178
16 180
16 186
16 187
16 194
16 212
16 219
16 221
16 229
16 237
16 243
17 18
17 19
17 22
17 23
17 27
17 28
17 33
17 40
17 47
17 48
17 57
17 69
17 70
17 77
17 82
17 103
17 113
17 114
17 132
17 154
17 158
17 196
17 203
17 207
17 224
17 235
17 239
18 19
18 20
18 21
18 24
18 25
18 28
18 30
18 33
18 37
18 39
18 43
18 44
18 48
18 61
18 64
18 65
18 82
18 84
18 88
18 111
18 119
18 129
18 141
18 151
18 156
18 162
18 173
18 182
18 183
18 185
18 189
18 236
19 23
19 26
19 31
19 32
19 35
19 39
19 43
19 45
19 49
19 62
19 64
19 66
19 72
19 95
19 105
19 117
19 145
19 147
19 159
19 166
19 168
19 169
19 175
19 181
19 186
19 222
19 230
19 246
19 249
20 24
20 25
20 26
20 28
20 30
20 34
20 37
20 43
20 49
20 52
20 57
20 59
20 60
20 61
20 63
20 67
20 68
20 69
20 70
20 73
20 83
20 85
20 90
20 123
20 125
20 127
20 130
20 147
20 157
20 161
20 165
20 170
20 198
20 210
20 232
21 22
21 23
21 24
21 29
21 30
21 31
21 38
21 40
21 41
21 42
21 47
21 57
21 62
21 65
21 75
21 78
21 83
21 90
21 93
21 96
21 103
21 109
21 126
21 131
21 139
21 142
21 147
21 157
21 160
21 186
21 198
21 199
21 211
21 220
21 228
21 229
22 25
22 33
22 35
22 42
22 46
22 54
22 55
22 68
22 69
22 86
22 88
22 106
22 132
22 173
22 192
22 194
22 214
22 246
23 35
23 45
23 49
23 53
23 58
23 151
23 212
23 240
24 28
24 34
24 40
24 44
24 50
24 55
24 57
24 70
24 71
24 97
24 108
24 129
24 135
24 144
24 156
24 173
24 180
24 189
24 199
24 207
24 208
25 26
25 29
25 30
25 31
25 33
25 34
25 40
25 47
25 51
25 52
25 60
25 67
25 70
25 78
25 94
25 101
25 102
25 106
25 107
25 117
25 129
25 148
25 164
25 192
25 200
25 202
25 220
25 225
25 236
25 247
25 249
26 29
26 32
26 36
26 38
26 41
26 75
26 77
26 89
26 92
26 94
26 95
26 96
26 98
26 100
26 123
26 130
26 134
26 137
26 153
26 159
26 196
26 205
26 214
26 220
26 223
26 234
26 238
26 245
26 248
27 33
27 34
27 41
27 43
27 57
27 68
27 83
27 115
27 130
27 161
27 175
27 184
27 228
27 243
28 32
28 34
28 42
28 46
28 60
28 69
28 75
28 85
28 94
28 97
28 111
28 113
28 114
28 119
28 194
28 197
28 206
28 229
29 31
29 33
29 46
29 48
29 51
29 53
29 58
29 66
29 82
29 84
29 87
29 97
29 101
29 106
29 115
29 119
29 121
29 125
29 158
29 164
29 166
29 168
29 173
29 184
29 197
29 198
29 238
29 244
30 31
30 33
30 39
30 44
30 47
30 56
30 59
30 70
30 83
30 90
30 122
30 135
30 150
30 151
30 152
30 183
30 196
30 202
30 204
30 215
30 232
31 34
31 42
31 44
31 45
31 48
31 65
31 73
31 74
31 77
31 87
31 117
31 143
31 150
31 162
31 171
31 178
31 184
31 210
31 216
31 217
31 236
31 237
32 36
32 45
32 62
32 68
32 72
32 76
32 79
32 92
32 98
32 108
32 120
32 145
32 164
32 188
32 193
32 199
32 221
32 227
32 234
32 238
32 246
33 36
33 37
33 39
33 41
33 54
33 55
33 61
33 62
33 63
33 79
33 95
33 96
33 97
33 103
33 107
33 129
33 131
33 132
33 137
33 164
33 184
33 187
33 188
33 202
33 209
33 218
33 239
34 50
34 51
34 57
34 65
34 73
34 100
34 120
34 126
34 135
34 138
34 141
34 164
34 179
34 181
34 186
34 223
35 52
35 53
35 60
35 104
35 143
35 151
35 176
35 177
35 192
36 39
36 49
36 61
36 84
36 121
36 139
36 146
36 148
36 150
36 155
37 50
37 57
37 99
37 105
37 110
37 121
37 127
37 150
37 179
37 180
37 194
38 47
38 86
38 88
38 97
38 98
38 101
38 104
38 112
38 119
38 136
38 141
38 149
38 163
38 164
38 172
38 173
38 190
38 213
38 217
38 236
38 246
39 41
39 49
39 53
39 56
39 74
39 78
39 88
39 102
39 115
39 116
39 123
39 149
39 179
40 47
40 52
40 56
40 64
40 66
40 78
40 82
40 88
40 100
40 184
40 202
40 204
40 207
40 216
40 221
40 226
40 245
41 49
41 50
41 53
41 62
41 74
41 89
41 110
41 137
41 139
41 142
41 154
41 155
41 187
41 196
41 197
41 202
41 207
41 225
42 69
42 79
42 83
42 101
42 126
42 127
42 136
42 155
42 160
42 172
42 207
42 210
42 211
42 212
42 221
42 223
42 242
43 44
43 50
43 54
43 61
43 68
43 93
43 99
43 168
43 172
43 234
44 51
44 96
44 105
44 137
44 151
44 182
44 194
45 63
45 65
45 82
45 96
45 103
45 117
45 120
45 127
45 175
45 186
46 51
46 54
46 56
46 75
46 122
46 123
46 144
46 153
46 218
46 248
47 50
47 54
47 70
47 72
47 75
47 80
47 93
47 99
47 134
47 138
47 142
47 175
47 198
47 202
47 215
47 220
48 58
48 74
48 77
48 81
48 91
48 92
48 163
48 182
48 188
48 189
48 197
48 213
49 60
49 63
49 71
49 83
49 85
49 114
49 117
49 120
49 121
49 133
49 134
49 136
49 149
49 160
49 166
49 170
49 237
49 245
50 57
50 66
50 72
50 109
50 126
50 147
50 168
50 176
50 198
50 200
50 214
50 233
50 246
51 60
51 85
51 98
51 102
51 110
51 114
51 235
52 74
52 79
52 81
52 115
52 127
52 128
52 130
52 140
52 153
52 159
52 204
52 225
52 248
53 78
53 86
53 144
53 145
53 193
53 215
53 245
54 95
54 119
54 160
54 183
54 219
55 62
55 63
55 66
55 94
55 105
55 121
55 150
55 206
56 58
56 61
56 73
56 74
56 86
56 94
56 107
56 233
57 59
57 63
57 75
57 82
57 89
57 112
57 125
57 132
57 187
57 207
57 221
57 239
58 67
58 107
58 122
58 148
58 177
58 189
58 235
59 65
59 71
59 72
59 76
59 89
59 101
59 155
59 175
59 176
59 199
59 220
59 228
59 247
60 76
60 79
60 81
60 89
60 118
60 120
60 143
60 159
60 215
61 153
61 157
61 170
61 185
61 194
62 99
62 106
62 112
62 242
63 74
63 77
63 90
63 94
63 97
63 116
63 121
63 178
63 223
63 238
64 71
64 75
64 81
64 84
64 88
64 92
64 100
64 102
64 113
64 128
64 179
64 216
65 101
65 123
65 146
65 249
66 67
66 98
66 125
66 136
66 142
66 156
66 211
66 216
67 101
67 111
67 118
67 120
67 134
67 150
67 192
67 219
67 239
68 77
68 79
68 86
68 93
68 108
68 169
69 80
69 110
69 130
69 134
69 163
70 86
70 104
70 135
70 141
70 143
70 144
70 156
70 182
70 195
71 76
71 99
71 116
71 143
71 157
71 165
71 224
72 108
72 119
72 127
72 133
72 145
72 153
72 159
72 195
72 206
72 211
72 214
73 82
73 97
73 118
73 195
73 201
73 215
73 218
73 222
74 95
74 96
74 108
74 136
74 140
74 159
74 204
74 211
74 222
74 224
74 239
74 240
75 103
75 138
75 158
75 209
75 242
76 80
76 116
76 133
76 144
76 167
76 170
76 197
76 214
76 221
76 242
77 87
77 115
77 132
77 145
77 154
77 156
77 160
77 166
77 214
77 234
78 81
78 87
78 90
78 91
78 102
78 105
78 119
78 124
78 138
78 155
78 158
78 179
78 181
78 190
78 216
79 109
79 147
79 185
80 104
80 108
80 125
80 155
80 168
80 177
80 227
80 231
81 107
81 111
81 124
81 133
81 141
81 177
81 181
81 183
81 191
81 195
81 201
82 95
82 105
82 182
82 208
83 131
83 132
83 193
83 241
84 91
84 135
84 231
85 95
85 140
85 144
85 176
85 185
86 100
86 110
87 92
87 102
87 127
87 139
87 143
87 170
87 188
87 191
87 196
87 211
88 109
88 110
88 113
88 118
88 122
88 145
88 157
88 161
88 173
88 176
88 188
88 220
88 247
89 95
89 125
89 129
89 185
89 187
89 196
89 198
90 112
90 147
90 163
90 208
90 212
91 92
91 94
91 98
91 103
91 109
91 128
91 165
91 170
91 174
91 192
91 227
91 232
91 233
91 247
92 106
92 169
92 195
92 212
92 219
92 243
93 109
93 248
94 116
94 210
95 100
95 106
95 113
95 118
95 157
95 174
95 183
95 200
95 222
95 237
96 116
96 180
96 190
97 112
97 171
97 177
98 122
99 145
99 150
99 168
99 220
100 109
100 183
100 188
101 152
101 180
101 189
103 110
103 112
103 146
103 171
103 241
104 171
104 192
104 201
104 229
104 235
105 107
105 113
105 122
105 124
105 129
105 152
105 161
105 162
105 164
105 171
106 175
107 188
107 199
108 113
108 124
108 157
108 190
108 203
108 226
109 111
109 112
109 131
109 180
110 127
110 142
110 146
110 216
111 125
111 225
112 175
112 224
112 234
112 240
113 135
113 136
113 165
113 166
113 197
113 223
114 122
114 149
114 158
114 191
115 121
115 126
115 152
115 162
115 217
115 239
116 156
116 174
116 208
117 130
117 133
117 142
117 154
117 163
117 165
118 120
118 178
118 199
118 242
119 167
119 231
119 232
120 195
120 214
120 246
121 160
121 162
121 164
121 170
121 187
121 217
121 236
122 124
122 149
122 167
122 172
122 187
123 124
123 133
123 134
123 189
123 190
123 232
123 241
123 242
124 129
124 231
125 140
125 167
125 222
125 241
125 244
125 249
126 146
126 244
128 133
128 150
128 233
128 235
128 243
128 245
129 179
129 245
130 135
130 146
130 245
131 134
131 249
132 160
132 213
133 158
133 161
133 181
133 183
134 185
134 203
134 227
135 138
135 158
136 178
137 148
137 158
137 212
138 140
138 187
138 200
138 205
138 243
139 152
140 148
141 184
142 155
142 166
142 172
142 211
142 216
142 230
143 171
143 181
143 191
144 171
144 174
144 177
144 206
144 209
144 219
145 191
145 202
145 233
146 177
147 182
148 172
148 191
149 204
149 229
149 247
150 194
151 152
151 197
151 205
152 169
152 203
152 213
152 230
153 189
153 201
154 201
154 206
154 235
157 174
158 215
158 237
158 238
159 211
159 227
160 223
161 188
161 234
162 224
164 172
165 181
165 193
165 201
165 244
166 206
167 215
167 217
167 230
167 231
167 241
169 179
169 191
169 246
172 174
172 193
172 207
175 214
176 180
176 198
176 232
176 240
176 241
177 244
178 193
179 203
179 208
179 212
179 229
180 203
181 229
181 240
182 232
183 184
184 199
185 226
185 243
186 213
187 207
187 218
187 240
189 227
189 229
190 205
190 227
191 231
194 205
194 213
196 223
196 228
198 203
198 215
198 225
201 205
201 208
201 209
201 228
201 237
204 205
205 217
205 247
206 226
206 248
207 223
207 230
210 227
212 234
215 246
216 228
219 241
220 236
220 249
225 228
230 234
230 240
231 239
231 240
238 244
