0 1
0 2
0 3
0 4
0 5
0 6
0 7
0 8
0 9
0 13
0 18
0 21
0 23
0 26
0 40
0 47
0 59
0 68
0 79
0 83
0 106
0 116
0 128
0 152
0 162
0 173
0 174
0 179
0 206
1 5
1 9
1 16
1 23
1 25
1 31
1 33
1 35
1 37
1 38
1 46
1 59
1 60
1 61
1 63
1 72
1 76
1 78
1 94
1 111
1 119
1 149
1 183
1 206
1 210
1 216
1 228
1 229
1 230
1 242
1 245
2 6
2 7
2 8
2 10
2 11
2 12
2 14
2 15
2 16
2 18
2 20
2 25
2 30
2 36
2 41
2 43
2 45
2 46
2 48
2 49
2 52
2 53
2 64
2 72
2 73
2 87
2 95
2 98
2 112
2 117
2 128
2 134
2 135
2 141
2 149
2 151
2 157
2 164
2 189
2 191
2 192
2 197
2 201
2 209
2 225
3 5
3 14
3 30
3 55
3 62
3 81
3 172
3 246
4 5
4 6
4 7
4 8
4 10
4 12
4 40
4 126
4 127
4 189
4 208
4 217
5 6
5 11
5 13
5 18
5 24
5 27
5 30
5 40
5 42
5 50
5 66
5 72
5 95
5 100
5 108
5 110
5 121
5 135
5 137
5 142
5 180
5 188
5 212
5 213
5 218
5 228
5 243
6 7
6 8
6 9
6 10
6 11
6 12
6 16
6 17
6 20
6 21
6 22
6 23
6 27
6 33
6 35
6 39
6 49
6 52
6 54
6 56
6 70
6 75
6 77
6 85
6 95
6 103
6 107
6 111
6 112
6 115
6 126
6 138
6 139
6 163
6 183
6 195
6 201
6 207
6 228
6 234
7 12
7 13
7 15
7 19
7 22
7 26
7 27
7 42
7 49
7 61
7 73
7 80
7 82
7 85
7 89
7 96
7 106
7 111
7 125
7 127
7 137
7 140
7 150
7 181
7 207
7 245
8 9
8 17
8 19
8 27
8 34
8 70
8 95
8 96
8 108
8 136
8 171
8 175
8 200
8 207
8 216
8 236
9 10
9 11
9 13
9 17
9 19
9 20
9 25
9 26
9 28
9 31
9 34
9 39
9 41
9 47
9 50
9 53
9 55
9 62
9 70
9 80
9 81
9 87
9 92
9 101
9 104
9 124
9 129
9 150
9 172
9 179
9 180
9 222
9 226
9 235
9 241
9 248
10 14
10 16
10 17
10 21
10 28
10 29
10 35
10 55
10 56
10 82
10 103
10 146
10 156
10 166
10 175
10 187
10 193
11 14
11 15
11 18
11 29
11 34
11 43
11 44
11 45
11 53
11 62
11 74
11 78
11 88
11 91
11 98
11 105
11 143
11 147
11 160
11 170
11 178
11 194
11 223
11 245
12 20
12 102
12 187
12 232
13 50
13 51
13 56
13 60
13 64
13 66
13 73
13 83
13 86
13 88
13 90
13 91
13 93
13 96
13 99
13 108
13 113
13 170
13 175
13 177
13 196
13 200
13 213
13 219
13 221
13 237
13 249
14 15
14 22
14 24
14 57
14 80
14 86
14 105
14 129
14 158
14 193
14 199
14 218
15 64
15 85
15 99
15 122
15 143
15 145
15 148
15 167
15 230
16 19
16 24
16 28
16 31
16 32
16 38
16 39
16 68
16 75
16 114
16 118
16 126
16 128
16 153
16 159
16 160
16 170
16 173
16 247
16 249
17 23
17 32
17 37
17 45
17 79
17 84
17 88
17 123
17 136
17 141
17 161
17 177
17 186
17 211
17 229
17 233
17 239
17 240
17 246
18 24
18 28
18 38
18 44
18 61
18 75
18 96
18 107
18 166
18 178
18 180
18 185
18 189
18 192
18 207
18 229
19 21
19 33
19 47
19 68
19 71
19 90
19 133
19 151
19 183
19 219
19 244
20 22
20 41
20 51
20 57
20 65
20 67
20 84
20 97
20 150
20 190
21 54
21 74
21 97
21 100
21 125
21 133
21 138
21 157
21 220
21 221
22 44
22 85
22 130
22 247
23 26
23 40
23 77
23 118
23 136
23 160
23 231
23 240
24 25
24 31
24 32
24 33
24 35
24 37
24 41
24 53
24 65
24 79
24 93
24 107
24 142
24 190
24 200
24 204
24 211
25 29
25 32
25 37
25 48
25 58
25 60
25 92
25 181
25 214
26 48
26 70
26 144
27 64
27 119
27 135
28 29
28 42
28 57
28 67
28 113
28 124
28 190
29 30
29 51
29 84
29 93
29 107
29 120
29 124
29 146
29 151
29 165
30 48
30 50
30 51
30 56
30 57
30 58
30 59
30 60
30 67
30 69
30 84
30 101
30 147
30 186
30 189
30 199
30 215
30 225
30 240
30 244
31 91
31 156
31 213
32 36
32 44
32 46
32 78
32 89
32 115
32 123
32 146
32 162
33 34
33 36
33 54
33 76
33 86
33 114
33 116
33 122
33 144
33 150
33 166
33 172
33 174
33 175
33 176
33 177
33 215
34 36
34 38
34 43
34 71
34 77
34 101
34 118
34 125
34 171
34 195
34 212
34 240
35 39
35 66
35 71
35 116
35 121
35 135
35 164
35 165
35 166
35 232
36 121
36 122
36 243
37 52
37 63
37 94
37 99
37 114
37 121
37 142
37 182
38 42
38 43
38 55
38 65
38 74
38 103
38 111
38 154
38 155
38 157
38 181
38 205
39 52
39 179
39 186
40 45
40 71
40 73
40 109
40 110
40 164
40 179
40 188
40 238
41 47
41 54
41 80
41 94
41 102
41 105
41 193
41 211
42 46
42 58
42 100
42 120
42 129
42 171
42 180
42 194
43 82
43 88
43 167
44 81
44 157
44 182
44 205
45 62
45 93
45 100
45 104
45 122
46 115
46 186
47 49
47 65
47 97
47 116
47 202
48 82
48 140
48 184
49 199
50 63
50 74
50 90
50 124
50 127
50 198
52 59
52 66
52 68
52 188
53 99
53 104
53 125
53 140
53 153
53 155
53 165
53 196
54 61
54 67
54 115
54 209
55 69
55 76
55 78
55 92
55 110
55 113
55 141
55 183
56 58
56 77
56 127
56 129
56 141
57 87
58 69
58 131
58 171
59 69
59 87
59 117
59 118
59 131
59 149
60 63
60 131
60 208
61 79
61 89
61 123
61 132
61 159
62 72
62 106
62 138
62 152
62 154
63 108
63 112
63 143
63 159
63 185
64 130
64 226
64 242
65 156
65 226
66 119
66 169
66 219
67 83
67 89
67 142
67 173
67 224
67 232
67 233
68 75
68 144
68 244
69 90
69 103
70 76
70 163
70 187
70 210
71 152
71 214
71 238
72 120
72 145
73 130
73 161
74 81
74 109
75 113
75 144
75 169
76 94
76 156
76 239
77 184
77 219
78 92
78 109
78 161
78 197
79 83
79 128
79 132
79 140
79 192
80 86
80 139
80 163
81 101
81 218
81 227
82 98
82 106
84 91
84 123
84 132
84 134
84 206
85 167
86 119
86 131
86 133
86 138
86 221
87 134
87 153
87 155
87 178
87 203
87 212
87 225
88 174
88 203
89 109
89 137
89 165
90 139
90 164
90 196
90 204
90 235
91 97
91 102
91 155
91 158
91 168
91 184
91 187
91 195
91 225
92 98
92 154
92 182
92 194
92 202
93 139
93 192
93 239
94 114
94 176
95 126
95 147
95 162
95 185
96 112
96 120
96 137
97 220
98 104
98 105
99 172
99 205
99 233
100 102
101 161
101 167
101 188
101 202
101 205
102 148
102 181
102 231
103 145
103 244
104 197
105 117
106 110
106 196
106 247
107 158
109 170
109 204
111 220
113 146
113 191
115 133
115 136
115 147
115 182
115 194
115 248
116 117
116 132
117 143
117 195
117 198
117 203
117 241
118 148
118 151
118 163
118 202
118 209
120 198
120 210
121 134
121 231
122 152
123 214
124 193
124 224
125 130
125 200
126 213
127 176
127 241
128 149
129 160
129 191
129 234
130 159
130 230
132 227
134 169
134 223
135 145
135 158
135 197
135 201
135 215
135 237
138 204
139 168
139 239
140 148
141 177
141 220
144 198
145 169
146 154
146 215
146 217
147 238
149 178
149 201
149 228
150 162
150 229
150 236
151 233
152 153
152 168
153 185
153 230
154 168
154 206
155 224
155 231
155 237
158 184
159 243
160 174
165 199
165 223
165 242
166 214
168 190
170 176
170 227
171 237
172 173
172 227
173 208
173 222
175 209
175 222
175 249
180 217
180 226
181 235
182 234
183 248
184 246
187 191
187 238
189 210
189 222
191 232
194 203
194 223
195 242
196 248
198 212
198 216
199 218
199 241
201 221
201 234
201 247
202 208
203 236
205 216
206 249
208 211
209 224
213 217
222 243
224 246
225 236
228 235
228 245
