0 1
0 2
0 3
0 4
0 5
0 6
0 7
0 8
0 9
0 10
0 11
0 12
0 13
0 14
0 15
0 17
0 18
0 19
0 20
0 21
0 22
0 23
0 24
0 25
0 27
0 28
0 29
0 32
0 34
0 39
0 40
0 44
0 49
0 54
0 58
0 60
0 68
0 70
0 75
0 81
0 85
0 89
0 109
0 110
0 115
0 118
0 120
0 122
0 124
0 127
0 130
0 133
0 134
0 135
0 141
0 147
0 150
0 153
0 160
0 166
0 173
0 184
0 189
0 191
0 200
0 207
0 210
0 223
0 226
0 230
0 232
0 242
1 13
1 14
1 15
1 16
1 17
1 19
1 24
1 26
1 37
1 40
1 42
1 43
1 44
1 46
1 54
1 61
1 62
1 65
1 72
1 80
1 89
1 96
1 99
1 107
1 114
1 115
1 119
1 120
1 131
1 135
1 136
1 145
1 147
1 166
1 178
1 197
1 228
1 234
1 242
2 13
2 14
2 15
2 16
2 17
2 18
2 19
2 20
2 21
2 22
2 25
2 26
2 29
2 31
2 34
2 35
2 36
2 38
2 39
2 40
2 41
2 42
2 43
2 46
2 49
2 50
2 51
2 61
2 67
2 68
2 71
2 73
2 74
2 76
2 84
2 86
2 91
2 95
2 97
2 99
2 101
2 103
2 107
2 108
2 111
2 113
2 118
2 129
2 130
2 141
2 142
2 148
2 151
2 155
2 160
2 162
2 164
2 165
2 168
2 170
2 172
2 198
2 199
2 200
2 208
2 211
2 225
2 232
2 237
3 13
3 14
3 15
3 18
3 19
3 20
3 21
3 42
3 48
3 60
3 70
3 71
3 74
3 78
3 85
3 102
3 106
3 107
3 114
3 127
3 134
3 139
3 145
3 151
3 160
3 169
3 171
3 184
3 202
3 227
4 13
4 14
4 15
4 16
4 17
4 18
4 25
4 26
4 30
4 32
4 37
4 40
4 44
4 58
4 63
4 100
4 105
4 195
4 205
4 213
4 237
5 13
5 14
5 19
5 22
5 28
5 29
5 33
5 34
5 35
5 36
5 38
5 39
5 41
5 43
5 54
5 61
5 69
5 75
5 83
5 92
5 94
5 109
5 140
5 147
5 148
5 156
5 206
5 208
5 225
5 234
5 239
5 240
6 14
6 16
6 17
6 18
6 20
6 21
6 23
6 31
6 32
6 34
6 37
6 45
6 56
6 59
6 66
6 77
6 81
6 96
6 119
6 135
6 149
6 153
6 160
6 182
6 190
6 192
6 208
6 214
6 216
6 221
6 226
6 247
7 13
7 14
7 15
7 16
7 18
7 20
7 23
7 27
7 39
7 40
7 48
7 49
7 51
7 52
7 54
7 58
7 60
7 62
7 69
7 81
7 84
7 88
7 90
7 93
7 98
7 99
7 108
7 112
7 126
7 146
7 148
7 154
7 162
7 164
7 177
7 193
7 218
7 227
7 229
7 231
7 234
7 237
7 240
7 248
8 13
8 14
8 15
8 16
8 18
8 22
8 25
8 28
8 32
8 34
8 35
8 37
8 45
8 47
8 57
8 62
8 64
8 66
8 68
8 87
8 88
8 109
8 120
8 157
8 167
8 172
8 174
8 179
8 180
8 198
8 224
8 234
9 13
9 14
9 15
9 16
9 17
9 19
9 20
9 22
9 23
9 25
9 28
9 29
9 36
9 39
9 40
9 41
9 43
9 45
9 48
9 51
9 55
9 56
9 57
9 61
9 65
9 66
9 70
9 74
9 75
9 79
9 89
9 95
9 97
9 98
9 100
9 107
9 108
9 113
9 115
9 118
9 120
9 130
9 147
9 154
9 169
9 177
9 182
9 184
9 212
9 217
9 218
9 225
9 232
9 233
10 13
10 16
10 22
10 23
10 24
10 28
10 29
10 30
10 32
10 33
10 38
10 39
10 41
10 43
10 44
10 46
10 56
10 59
10 67
10 77
10 79
10 80
10 85
10 91
10 93
10 100
10 106
10 114
10 117
10 121
10 135
10 136
10 143
10 162
10 166
10 178
10 191
10 196
10 199
10 207
10 223
11 13
11 14
11 15
11 16
11 17
11 18
11 19
11 22
11 24
11 26
11 27
11 32
11 35
11 36
11 40
11 51
11 52
11 53
11 57
11 59
11 64
11 72
11 78
11 87
11 88
11 96
11 111
11 119
11 134
11 149
11 159
11 164
11 166
11 188
11 210
11 230
12 13
12 15
12 17
12 20
12 23
12 26
12 27
12 30
12 37
12 41
12 50
12 59
12 146
12 160
12 168
13 14
13 15
13 16
13 17
13 18
13 19
13 20
13 21
13 23
13 24
13 25
13 27
13 28
13 31
13 32
13 34
13 35
13 36
13 37
13 38
13 39
13 41
13 42
13 43
13 44
13 45
13 46
13 47
13 49
13 51
13 53
13 54
13 55
13 57
13 58
13 59
13 63
13 64
13 65
13 66
13 71
13 72
13 73
13 74
13 83
13 88
13 91
13 95
13 97
13 98
13 100
13 103
13 111
13 114
13 115
13 119
13 124
13 125
13 126
13 129
13 130
13 133
13 135
13 138
13 144
13 146
13 149
13 151
13 153
13 155
13 157
13 160
13 171
13 173
13 175
13 176
13 179
13 180
13 186
13 188
13 191
13 212
13 226
13 238
13 246
14 15
14 16
14 17
14 18
14 19
14 20
14 21
14 22
14 24
14 25
14 27
14 29
14 31
14 33
14 37
14 45
14 48
14 55
14 56
14 60
14 68
14 71
14 73
14 75
14 83
14 90
14 93
14 110
14 112
14 114
14 116
14 120
14 131
14 141
14 144
14 147
14 148
14 150
14 161
14 162
14 170
14 172
14 173
14 174
14 176
14 177
14 183
14 197
14 212
14 216
14 217
14 227
14 228
14 231
14 232
14 237
14 247
14 249
15 16
15 17
15 18
15 19
15 20
15 21
15 23
15 24
15 25
15 27
15 28
15 30
15 32
15 34
15 38
15 44
15 51
15 52
15 54
15 56
15 57
15 59
15 60
15 61
15 71
15 75
15 76
15 77
15 80
15 82
15 87
15 97
15 100
15 105
15 110
15 116
15 121
15 131
15 132
15 137
15 151
15 153
15 159
15 160
15 161
15 164
15 165
15 170
15 171
15 174
15 179
15 180
15 182
15 183
15 189
15 192
15 193
15 195
15 201
15 214
15 218
15 226
15 234
15 237
16 17
16 18
16 19
16 20
16 21
16 24
16 25
16 26
16 30
16 31
16 32
16 33
16 35
16 37
16 38
16 41
16 43
16 44
16 45
16 46
16 47
16 50
16 51
16 54
16 55
16 57
16 61
16 62
16 63
16 66
16 68
16 72
16 73
16 74
16 76
16 77
16 82
16 87
16 89
16 90
16 93
16 95
16 96
16 97
16 98
16 99
16 100
16 102
16 106
16 108
16 111
16 112
16 119
16 122
16 123
16 136
16 146
16 147
16 157
16 164
16 173
16 174
16 176
16 194
16 195
16 197
16 199
16 201
16 202
16 203
16 206
16 216
16 223
16 227
16 229
16 231
16 235
16 245
17 21
17 23
17 24
17 26
17 27
17 30
17 33
17 38
17 39
17 41
17 43
17 44
17 45
17 49
17 67
17 74
17 78
17 79
17 81
17 84
17 86
17 91
17 92
17 94
17 95
17 105
17 106
17 110
17 131
17 132
17 133
17 135
17 137
17 140
17 149
17 163
17 165
17 168
17 178
17 192
17 194
17 202
17 204
17 217
17 218
17 233
17 247
18 19
18 21
18 22
18 24
18 25
18 26
18 27
18 28
18 29
18 31
18 33
18 37
18 38
18 44
18 45
18 47
18 50
18 52
18 53
18 56
18 58
18 64
18 68
18 69
18 70
18 75
18 76
18 78
18 81
18 85
18 92
18 93
18 101
18 103
18 105
18 117
18 122
18 136
18 137
18 139
18 142
18 145
18 164
18 169
18 174
18 177
18 186
18 187
18 204
18 207
18 213
18 214
18 216
18 217
18 223
19 20
19 21
19 22
19 26
19 29
19 30
19 31
19 33
19 35
19 38
19 39
19 40
19 41
19 42
19 43
19 46
19 49
19 53
19 56
19 67
19 68
19 70
19 73
19 78
19 80
19 87
19 92
19 94
19 96
19 97
19 108
19 109
19 110
19 118
19 126
19 127
19 130
19 134
19 137
19 139
19 141
19 142
19 143
19 167
19 170
19 172
19 180
19 183
19 184
19 188
19 193
19 195
19 200
19 201
19 205
19 210
19 224
19 233
19 241
19 242
19 244
19 247
20 21
20 22
20 23
20 24
20 26
20 27
20 28
20 29
20 30
20 31
20 33
20 34
20 35
20 36
20 37
20 41
20 42
20 45
20 48
20 49
20 50
20 56
20 57
20 63
20 64
20 65
20 72
20 73
20 75
20 77
20 79
20 86
20 90
20 91
20 101
20 105
20 107
20 112
20 114
20 115
20 117
20 122
20 135
20 141
20 145
20 149
20 155
20 174
20 179
20 180
20 195
20 196
20 200
20 209
20 213
20 221
20 232
20 239
21 22
21 23
21 24
21 25
21 26
21 27
21 28
21 29
21 31
21 33
21 47
21 52
21 59
21 63
21 64
21 77
21 83
21 86
21 88
21 89
21 92
21 97
21 104
21 109
21 116
21 121
21 125
21 129
21 133
21 134
21 136
21 138
21 140
21 151
21 154
21 158
21 160
21 161
21 172
21 194
21 202
21 203
21 209
21 214
21 216
21 223
21 224
21 227
21 231
21 233
21 236
21 239
21 245
21 249
22 23
22 26
22 27
22 28
22 31
22 32
22 33
22 35
22 39
22 42
22 43
22 48
22 49
22 55
22 59
22 60
22 67
22 69
22 73
22 79
22 87
22 90
22 98
22 99
22 102
22 117
22 120
22 131
22 136
22 137
22 156
22 172
22 174
22 176
22 186
22 192
22 198
22 202
22 211
22 214
22 215
22 218
22 224
22 225
22 226
22 228
22 245
23 36
23 50
23 51
23 55
23 56
23 59
23 65
23 66
23 69
23 70
23 72
23 77
23 82
23 83
23 88
23 102
23 107
23 118
23 139
23 142
23 151
23 159
23 168
23 188
23 194
23 197
23 198
23 201
23 202
23 205
23 211
23 215
23 220
23 240
23 241
24 25
24 34
24 36
24 41
24 42
24 45
24 53
24 57
24 58
24 62
24 73
24 82
24 83
24 96
24 99
24 103
24 106
24 111
24 131
24 142
24 144
24 148
24 150
24 162
24 165
24 175
24 176
24 179
24 189
24 193
24 197
24 205
24 220
24 226
24 231
24 237
24 243
24 248
25 28
25 29
25 30
25 34
25 37
25 47
25 63
25 64
25 69
25 70
25 76
25 81
25 82
25 88
25 89
25 104
25 109
25 115
25 126
25 144
25 162
25 166
25 175
25 179
25 198
25 202
25 210
25 211
25 227
25 233
25 238
25 241
25 244
25 245
25 247
26 29
26 30
26 31
26 33
26 35
26 39
26 41
26 46
26 49
26 51
26 52
26 58
26 71
26 77
26 82
26 83
26 87
26 104
26 111
26 119
26 132
26 166
26 183
26 193
26 201
26 204
26 205
26 207
26 212
26 220
26 224
26 236
26 238
26 243
27 30
27 32
27 36
27 50
27 53
27 61
27 63
27 73
27 75
27 79
27 84
27 85
27 88
27 89
27 102
27 103
27 104
27 109
27 112
27 115
27 117
27 126
27 127
27 129
27 138
27 140
27 148
27 157
27 158
27 159
27 165
27 202
27 208
27 216
27 218
27 247
28 37
28 39
28 46
28 52
28 53
28 60
28 71
28 74
28 83
28 84
28 90
28 92
28 93
28 99
28 100
28 103
28 120
28 125
28 130
28 132
28 148
28 151
28 152
28 158
28 162
28 163
28 196
28 206
28 209
28 214
28 230
28 231
28 232
28 235
28 240
28 242
28 249
29 30
29 31
29 33
29 35
29 38
29 42
29 47
29 48
29 61
29 65
29 70
29 76
29 86
29 96
29 99
29 102
29 103
29 106
29 121
29 122
29 123
29 134
29 143
29 148
29 150
29 151
29 155
29 167
29 168
29 181
29 204
29 205
29 211
29 217
29 220
29 229
29 239
30 40
30 44
30 45
30 47
30 48
30 50
30 55
30 61
30 69
30 85
30 89
30 101
30 113
30 119
30 121
30 125
30 128
30 129
30 139
30 141
30 155
30 161
30 167
30 168
30 169
30 170
30 181
30 210
30 215
30 225
30 238
30 244
30 245
31 32
31 36
31 38
31 40
31 48
31 50
31 54
31 63
31 64
31 66
31 72
31 77
31 79
31 81
31 86
31 87
31 89
31 92
31 103
31 105
31 106
31 116
31 118
31 139
31 140
31 145
31 154
31 156
31 177
31 181
31 206
31 212
31 215
31 219
31 222
31 241
32 34
32 36
32 47
32 48
32 50
32 58
32 66
32 69
32 70
32 71
32 80
32 84
32 94
32 98
32 106
32 111
32 115
32 138
32 151
32 159
32 181
32 186
32 188
32 189
32 209
32 217
32 226
32 230
32 247
33 34
33 38
33 54
33 56
33 81
33 107
33 114
33 143
33 156
33 222
33 241
33 247
34 35
34 40
34 49
34 58
34 62
34 67
34 70
34 71
34 82
34 84
34 87
34 94
34 101
34 116
34 121
34 126
34 128
34 144
34 152
34 157
34 162
34 168
34 170
34 176
34 187
34 196
34 199
34 218
34 222
35 36
35 43
35 44
35 46
35 47
35 48
35 51
35 53
35 54
35 56
35 58
35 60
35 62
35 65
35 67
35 72
35 74
35 77
35 78
35 84
35 85
35 86
35 91
35 105
35 113
35 118
35 120
35 127
35 133
35 144
35 145
35 147
35 149
35 162
35 163
35 169
35 180
35 191
35 196
35 198
35 200
35 207
35 215
35 228
35 233
35 240
35 248
36 40
36 55
36 59
36 70
36 71
36 94
36 110
36 116
36 127
36 132
36 136
36 143
36 160
36 176
36 178
36 190
36 193
36 194
36 217
36 246
37 43
37 45
37 46
37 47
37 49
37 50
37 63
37 65
37 66
37 68
37 69
37 85
37 89
37 90
37 98
37 104
37 110
37 118
37 123
37 128
37 146
37 155
37 178
37 186
37 225
37 229
38 42
38 46
38 57
38 60
38 64
38 72
38 80
38 88
38 98
38 120
38 122
38 126
38 150
38 184
38 188
38 192
38 235
38 237
38 248
39 50
39 52
39 55
39 57
39 59
39 61
39 67
39 68
39 84
39 126
39 128
39 140
39 144
39 155
39 203
39 207
39 210
40 42
40 47
40 59
40 65
40 68
40 76
40 86
40 95
40 104
40 125
40 141
40 143
40 145
40 153
40 168
40 172
40 173
40 184
40 218
40 237
40 239
40 245
40 248
41 42
41 51
41 52
41 61
41 62
41 71
41 83
41 85
41 86
41 96
41 105
41 127
41 139
41 142
41 151
41 159
41 163
41 166
41 171
41 182
41 197
41 199
41 210
41 217
41 236
41 244
41 245
42 44
42 53
42 58
42 63
42 80
42 88
42 93
42 104
42 115
42 117
42 125
42 139
42 152
42 158
42 187
42 194
42 199
42 217
42 228
42 241
43 46
43 55
43 60
43 76
43 83
43 91
43 92
43 99
43 116
43 123
43 134
43 136
43 162
43 175
43 191
43 224
44 53
44 56
44 75
44 93
44 137
44 150
44 153
44 156
44 185
44 189
44 192
44 205
44 213
45 51
45 52
45 53
45 54
45 62
45 73
45 75
45 77
45 78
45 80
45 86
45 94
45 95
45 97
45 104
45 123
45 124
45 128
45 132
45 135
45 137
45 143
45 157
45 179
45 187
45 195
45 216
45 219
46 48
46 57
46 62
46 63
46 67
46 87
46 97
46 99
46 108
46 110
46 114
46 128
46 130
46 144
46 153
46 158
46 165
46 171
46 177
46 222
46 223
46 227
46 230
46 231
47 52
47 55
47 67
47 68
47 82
47 98
47 112
47 134
47 140
47 144
47 152
47 155
47 162
47 163
47 173
47 174
47 176
47 184
47 191
47 194
47 203
47 240
48 49
48 55
48 69
48 71
48 80
48 87
48 92
48 101
48 116
48 132
48 152
48 153
48 154
48 165
48 176
48 183
48 185
48 187
48 191
48 220
48 246
49 52
49 53
49 54
49 60
49 63
49 69
49 78
49 91
49 95
49 150
49 175
49 229
50 67
50 82
50 90
50 98
50 102
50 107
50 109
50 118
50 153
50 154
50 156
50 178
50 212
50 213
50 222
50 229
50 236
50 248
51 76
51 79
51 95
51 131
51 204
51 210
52 64
52 65
52 66
52 76
52 77
52 87
52 90
52 96
52 129
52 132
52 179
52 213
53 62
53 65
53 68
53 79
53 83
53 90
53 91
53 92
53 117
53 127
53 147
53 149
53 150
53 158
53 164
53 166
53 170
53 176
53 187
53 190
53 193
53 228
54 61
54 85
54 86
54 96
54 110
54 157
54 165
54 192
54 215
54 218
54 221
54 222
54 244
55 57
55 58
55 76
55 79
55 80
55 90
55 96
55 110
55 113
55 115
55 123
55 126
55 131
55 138
55 140
55 145
55 167
55 173
55 199
55 201
55 209
55 240
55 243
56 64
56 79
56 82
56 85
56 93
56 101
56 146
56 167
56 169
56 177
56 195
56 197
56 203
56 210
56 235
56 241
56 248
56 249
57 72
57 94
57 104
57 112
57 113
57 118
57 123
57 138
57 149
57 152
57 154
57 156
57 192
57 209
57 237
57 245
58 60
58 62
58 70
58 88
58 93
58 97
58 157
58 190
58 203
58 246
59 95
59 125
59 131
59 135
59 146
59 216
59 219
59 221
59 242
60 124
60 129
60 163
60 164
60 172
60 221
60 223
60 226
60 235
60 244
61 64
61 67
61 74
61 75
61 78
61 104
61 113
61 116
61 135
61 163
61 165
61 190
61 201
61 215
62 72
62 78
62 85
62 86
62 128
62 130
62 140
62 155
62 158
62 175
62 179
62 181
62 218
62 233
62 241
62 243
63 65
63 72
63 74
63 82
63 84
63 88
63 96
63 97
63 98
63 102
63 105
63 107
63 112
63 119
63 130
63 133
63 140
63 146
63 148
63 198
63 214
63 232
63 236
64 66
64 80
64 81
64 93
64 106
64 111
64 134
64 147
64 153
64 164
64 185
64 198
64 199
64 214
64 225
64 244
64 245
65 66
65 73
65 74
65 80
65 112
65 124
65 136
65 144
65 172
65 230
65 234
66 78
66 116
66 122
66 169
66 200
66 231
66 233
66 238
67 69
67 76
67 98
67 99
67 102
67 103
67 106
67 111
67 142
67 163
67 169
67 181
67 193
67 196
67 205
67 223
68 73
68 75
68 78
68 94
68 112
68 129
68 134
68 138
68 142
68 152
68 167
68 170
68 175
68 223
69 74
69 92
69 102
69 111
69 116
69 119
69 122
69 141
69 158
69 167
69 169
69 196
69 204
69 219
69 232
69 235
70 81
70 82
70 84
70 101
70 103
70 108
70 109
70 128
70 150
70 211
70 219
70 221
71 79
71 91
71 97
71 107
71 120
71 128
71 159
71 186
71 188
71 189
71 191
71 198
71 202
71 203
71 208
71 211
71 221
71 228
71 242
72 83
72 106
72 109
72 132
72 170
72 179
72 185
72 188
72 237
72 245
72 246
73 100
73 111
73 133
73 140
73 146
73 188
73 198
73 200
73 204
73 209
73 214
73 227
73 248
74 81
74 112
74 193
74 194
74 210
74 215
74 240
75 81
75 105
75 145
75 149
75 150
75 207
75 212
75 225
76 90
76 103
76 105
76 112
76 113
76 115
76 119
76 135
76 160
76 182
76 185
76 207
76 219
76 246
77 84
77 91
77 95
77 118
77 121
77 152
77 155
77 177
77 189
77 218
78 101
78 113
78 117
78 124
78 125
78 133
78 142
78 154
78 184
78 190
78 211
78 215
78 221
78 224
78 246
78 249
79 94
79 108
79 120
79 127
79 133
79 134
79 139
79 187
79 189
79 208
79 209
79 213
79 227
79 230
80 100
80 141
80 180
80 207
80 246
81 186
81 192
81 239
82 89
82 94
82 121
82 129
82 161
82 167
82 170
82 174
82 204
82 210
82 229
83 101
83 138
83 143
83 180
83 206
83 219
83 226
83 238
84 123
84 126
84 187
84 238
84 249
85 105
85 106
85 122
85 123
85 173
85 221
85 239
85 243
85 244
86 89
86 100
86 101
86 124
86 131
86 159
86 162
86 181
86 213
87 94
87 111
87 113
87 121
87 123
87 138
87 143
87 177
87 184
87 192
87 241
87 244
88 91
88 108
88 114
88 119
88 120
88 122
88 125
88 154
88 183
88 189
88 203
88 214
88 220
88 234
89 92
89 100
89 103
89 109
89 127
89 130
89 150
89 183
89 194
89 236
90 156
90 207
90 220
91 117
91 121
91 148
91 190
91 212
91 235
92 93
92 125
93 95
93 114
93 183
94 117
94 121
94 134
94 144
94 164
94 181
94 183
94 201
94 211
94 215
95 99
95 100
95 104
95 107
95 108
95 123
95 125
95 127
95 130
95 139
95 152
95 163
95 167
95 177
95 196
95 200
95 203
95 208
95 225
96 102
96 108
96 175
97 101
97 110
97 154
97 216
97 229
97 249
98 104
98 133
98 137
98 138
98 161
98 191
98 200
98 214
98 245
99 110
99 146
99 149
99 150
99 171
99 202
99 208
99 230
99 241
100 102
100 124
100 125
100 128
100 133
100 135
100 157
100 158
100 159
100 170
100 185
100 195
100 204
101 107
101 108
101 156
101 159
101 166
101 175
101 178
101 197
101 222
102 130
102 141
102 165
102 174
102 180
102 196
102 243
102 246
103 114
103 129
103 144
103 223
103 240
104 109
104 115
104 123
104 124
104 136
104 138
104 141
104 171
104 182
104 190
104 234
105 131
105 154
105 156
105 164
105 169
105 188
105 191
105 201
106 117
106 121
106 147
106 239
107 117
107 126
107 127
107 129
107 139
107 143
107 157
107 163
107 181
107 206
108 182
108 192
108 195
108 196
108 239
108 241
109 113
109 156
109 158
109 173
109 182
109 187
109 206
109 226
109 228
109 244
109 248
110 113
110 114
110 122
110 126
110 137
110 141
110 159
110 161
110 168
110 211
110 220
110 227
111 122
111 161
111 200
112 118
112 132
112 143
112 146
112 169
112 172
112 199
112 219
112 229
112 240
112 246
113 128
113 161
113 239
114 124
114 212
115 116
115 172
116 119
116 124
116 132
116 137
116 138
116 139
116 148
116 193
116 208
116 213
116 224
117 184
117 193
117 238
118 137
118 182
118 209
119 131
119 132
119 133
119 175
119 200
119 205
119 235
120 136
120 142
120 143
120 159
120 174
120 184
120 185
120 213
120 219
120 236
121 124
121 155
121 168
121 176
121 187
121 197
121 208
121 212
121 244
122 227
122 233
123 129
123 190
124 145
124 149
124 158
124 176
124 229
125 161
125 186
125 206
125 216
125 218
125 243
126 128
126 187
126 195
126 199
127 146
127 151
127 206
127 225
127 249
128 136
128 137
128 142
128 165
128 169
128 170
128 171
128 222
128 242
130 171
130 183
130 188
130 217
130 222
131 148
131 156
131 186
131 201
131 228
131 231
132 173
132 187
132 232
132 249
133 140
134 163
134 247
135 151
135 152
135 155
135 181
135 216
135 236
136 147
136 154
136 172
136 175
136 181
136 215
136 221
136 243
137 167
137 173
137 182
137 200
137 216
138 178
139 142
139 145
139 165
139 171
139 177
139 199
139 204
139 206
139 208
139 236
140 153
140 158
140 205
140 235
140 243
141 161
141 178
141 181
141 185
141 202
141 221
141 224
142 152
142 189
142 207
142 242
142 243
142 244
143 145
143 178
143 180
143 190
143 224
144 147
144 153
144 178
144 195
145 194
146 152
146 157
146 167
146 190
146 238
146 241
147 161
147 226
147 248
148 149
148 166
148 168
148 184
149 157
149 160
149 178
150 185
151 160
151 242
151 247
152 166
152 171
152 179
152 195
152 220
152 224
152 239
152 245
152 246
153 194
153 196
153 207
153 213
153 217
153 220
153 234
154 223
154 227
155 166
155 177
155 179
155 180
155 203
156 163
156 171
156 189
156 205
157 197
158 204
159 175
159 236
160 185
160 198
160 229
160 231
160 239
162 174
162 199
162 230
163 164
163 185
163 196
163 206
163 236
164 182
164 186
164 197
164 240
164 248
165 168
165 183
165 197
165 209
165 242
166 173
166 230
166 247
167 180
167 204
167 228
167 234
168 238
169 185
169 186
170 213
171 247
172 183
173 190
173 192
173 198
173 242
174 189
174 203
176 194
176 209
176 230
176 235
177 191
177 228
177 232
179 220
180 182
180 186
180 188
180 220
181 240
182 228
182 248
183 201
183 219
184 226
184 236
185 210
185 222
185 237
186 203
186 205
186 232
187 193
187 233
188 191
188 202
190 230
190 233
191 219
191 223
191 246
194 208
194 209
195 201
195 211
195 214
195 234
195 235
196 225
197 215
199 206
199 232
200 217
203 212
205 243
206 234
207 221
208 211
208 231
209 212
209 222
209 249
210 219
210 235
210 243
211 225
212 242
212 249
214 222
216 237
217 231
218 224
220 229
222 249
223 233
226 238
228 238
