0 1
0 2
0 3
0 4
0 5
0 6
0 7
0 8
0 9
0 10
0 11
0 12
0 13
0 14
0 15
0 16
0 17
0 18
0 19
0 20
0 21
0 22
0 25
0 28
0 29
0 33
0 34
0 37
0 39
0 40
0 44
0 45
0 46
0 47
0 50
0 56
0 57
0 58
0 61
0 63
0 66
0 71
0 72
0 77
0 81
0 85
0 86
0 91
0 104
0 106
0 107
0 117
0 119
0 121
0 122
0 127
0 131
0 133
0 135
0 143
0 149
0 150
0 164
0 167
0 173
0 175
0 177
0 181
0 183
0 193
0 199
0 205
0 207
0 211
0 214
0 226
0 237
0 248
1 11
1 12
1 15
1 16
1 19
1 20
1 23
1 24
1 31
1 32
1 33
1 41
1 43
1 47
1 48
1 50
1 52
1 84
1 85
1 94
1 107
1 111
1 115
1 116
1 121
1 122
1 150
1 192
1 193
1 228
2 11
2 12
2 13
2 14
2 15
2 17
2 18
2 23
2 24
2 25
2 30
2 36
2 45
2 48
2 49
2 53
2 56
2 61
2 80
2 139
2 143
2 194
2 220
3 11
3 12
3 13
3 14
3 15
3 16
3 18
3 19
3 22
3 23
3 24
3 25
3 26
3 27
3 28
3 31
3 32
3 36
3 37
3 40
3 43
3 45
3 56
3 62
3 64
3 68
3 69
3 74
3 90
3 95
3 101
3 110
3 129
3 143
3 152
3 155
3 187
3 188
3 195
3 207
3 209
3 226
3 240
4 11
4 12
4 13
4 14
4 16
4 19
4 21
4 24
4 26
4 27
4 33
4 40
4 41
4 54
4 64
4 65
4 76
4 79
4 84
4 85
4 86
4 99
4 103
4 105
4 106
4 110
4 112
4 126
4 146
4 170
4 173
4 178
4 187
4 191
4 210
4 226
4 227
4 231
4 247
5 11
5 12
5 13
5 16
5 21
5 26
5 28
5 29
5 38
5 42
5 54
5 62
5 75
5 77
5 84
5 87
5 118
5 119
5 130
5 141
5 144
5 147
5 149
5 152
5 153
5 157
5 188
5 190
5 193
5 238
6 11
6 12
6 13
6 14
6 15
6 16
6 17
6 18
6 20
6 21
6 29
6 30
6 34
6 36
6 37
6 46
6 47
6 55
6 62
6 70
6 78
6 84
6 91
6 101
6 109
6 122
6 160
6 191
6 220
6 221
6 223
6 227
6 242
7 11
7 28
7 35
7 44
7 48
7 57
7 82
7 89
7 96
7 97
7 113
7 124
7 137
7 140
7 151
7 169
7 170
7 183
7 198
7 208
7 230
7 234
7 235
7 240
7 244
8 11
8 12
8 13
8 14
8 15
8 16
8 17
8 18
8 20
8 21
8 22
8 23
8 24
8 25
8 27
8 29
8 31
8 35
8 37
8 38
8 41
8 42
8 43
8 48
8 49
8 51
8 52
8 53
8 56
8 57
8 58
8 62
8 63
8 67
8 73
8 74
8 79
8 86
8 92
8 98
8 101
8 120
8 126
8 162
8 170
8 172
8 174
8 178
8 180
8 182
8 217
8 234
8 239
9 11
9 12
9 14
9 15
9 54
9 83
9 93
9 96
9 125
9 135
9 139
9 157
9 186
9 204
9 222
10 13
10 36
10 45
10 58
10 72
10 93
10 132
10 152
10 198
10 235
11 12
11 13
11 14
11 15
11 16
11 17
11 18
11 19
11 21
11 22
11 23
11 24
11 25
11 26
11 28
11 30
11 35
11 39
11 41
11 42
11 49
11 52
11 53
11 70
11 77
11 79
11 95
11 97
11 98
11 99
11 120
11 129
11 137
11 139
11 155
11 161
11 173
11 174
11 180
11 183
11 184
11 195
11 217
11 248
12 13
12 14
12 15
12 16
12 17
12 18
12 19
12 20
12 21
12 22
12 25
12 26
12 28
12 29
12 30
12 34
12 35
12 37
12 39
12 43
12 46
12 48
12 50
12 51
12 54
12 57
12 60
12 61
12 63
12 65
12 67
12 71
12 76
12 77
12 80
12 82
12 83
12 86
12 87
12 88
12 89
12 91
12 92
12 95
12 97
12 98
12 99
12 100
12 102
12 103
12 104
12 109
12 121
12 122
12 136
12 137
12 145
12 150
12 151
12 154
12 159
12 163
12 165
12 166
12 175
12 176
12 177
12 178
12 185
12 202
12 213
12 214
12 223
12 225
12 231
12 246
12 248
13 14
13 15
13 17
13 18
13 19
13 23
13 24
13 26
13 29
13 31
13 32
13 35
13 36
13 38
13 42
13 46
13 48
13 50
13 55
13 56
13 59
13 60
13 64
13 68
13 69
13 70
13 71
13 78
13 85
13 110
13 114
13 120
13 124
13 130
13 148
13 166
13 176
13 182
13 186
13 190
13 198
13 205
13 206
13 208
13 211
13 213
13 243
13 248
14 17
14 20
14 21
14 22
14 25
14 27
14 30
14 31
14 36
14 39
14 50
14 52
14 54
14 57
14 60
14 66
14 74
14 77
14 80
14 81
14 86
14 87
14 91
14 101
14 103
14 105
14 109
14 112
14 116
14 135
14 138
14 140
14 164
14 168
14 176
14 181
14 187
14 192
14 195
14 198
14 212
14 215
14 221
14 230
14 232
14 247
14 249
15 16
15 17
15 19
15 20
15 22
15 23
15 26
15 30
15 32
15 33
15 34
15 35
15 36
15 38
15 39
15 40
15 45
15 48
15 53
15 59
15 60
15 61
15 71
15 74
15 75
15 76
15 80
15 81
15 83
15 85
15 101
15 110
15 118
15 128
15 132
15 133
15 137
15 138
15 141
15 143
15 144
15 150
15 151
15 155
15 158
15 162
15 171
15 177
15 178
15 179
15 193
15 221
15 224
15 232
16 17
16 18
16 19
16 20
16 22
16 24
16 28
16 31
16 32
16 33
16 36
16 37
16 41
16 42
16 50
16 51
16 52
16 53
16 57
16 58
16 62
16 65
16 74
16 79
16 89
16 93
16 94
16 95
16 96
16 100
16 108
16 135
16 137
16 138
16 156
16 165
16 166
16 172
16 186
16 188
16 202
16 212
16 216
16 225
16 228
16 229
16 236
16 241
17 18
17 19
17 20
17 21
17 22
17 23
17 24
17 25
17 26
17 27
17 28
17 30
17 31
17 38
17 43
17 50
17 52
17 54
17 55
17 60
17 68
17 69
17 71
17 73
17 76
17 80
17 84
17 87
17 89
17 90
17 91
17 92
17 96
17 99
17 100
17 108
17 113
17 115
17 122
17 125
17 136
17 143
17 145
17 157
17 159
17 160
17 168
17 169
17 172
17 173
17 182
17 186
17 189
17 200
17 204
17 205
17 206
17 209
17 215
17 218
17 225
17 236
17 240
18 20
18 21
18 23
18 24
18 27
18 30
18 32
18 34
18 35
18 40
18 50
18 54
18 55
18 56
18 59
18 63
18 74
18 97
18 105
18 114
18 117
18 123
18 140
18 142
18 150
18 158
18 172
18 178
18 191
18 192
18 197
18 202
18 209
18 223
18 224
18 225
18 233
19 26
19 27
19 31
19 32
19 34
19 44
19 58
19 61
19 77
19 88
19 92
19 93
19 94
19 95
19 99
19 100
19 112
19 115
19 126
19 140
19 161
19 163
19 177
19 185
19 197
19 206
19 207
19 210
19 221
19 225
19 233
20 29
20 32
20 34
20 35
20 40
20 44
20 51
20 62
20 64
20 67
20 78
20 84
20 90
20 101
20 111
20 121
20 122
20 149
20 164
20 167
20 208
20 220
20 227
20 238
20 247
21 22
21 25
21 44
21 61
21 65
21 70
21 74
21 91
21 115
21 125
21 127
21 130
21 134
21 147
21 162
21 167
21 168
21 181
21 185
21 187
21 192
21 207
21 215
21 219
22 23
22 28
22 45
22 52
22 54
22 55
22 71
22 87
22 88
22 96
22 97
22 108
22 117
22 134
22 143
22 177
22 195
22 196
22 200
22 220
22 224
22 242
23 27
23 40
23 41
23 43
23 51
23 73
23 78
23 81
23 83
23 88
23 91
23 93
23 104
23 110
23 114
23 134
23 135
23 146
23 173
23 188
23 211
23 223
23 228
23 244
24 25
24 26
24 29
24 33
24 39
24 40
24 44
24 58
24 65
24 67
24 68
24 72
24 88
24 97
24 98
24 104
24 108
24 112
24 113
24 123
24 150
24 188
24 190
24 201
24 228
24 232
24 238
24 239
25 27
25 31
25 33
25 36
25 37
25 39
25 45
25 47
25 56
25 65
25 71
25 74
25 82
25 90
25 102
25 111
25 112
25 118
25 119
25 151
25 153
25 175
25 194
25 206
25 212
25 227
25 230
25 249
26 27
26 29
26 32
26 33
26 34
26 37
26 38
26 42
26 46
26 47
26 48
26 54
26 56
26 58
26 61
26 62
26 64
26 65
26 66
26 67
26 69
26 71
26 72
26 76
26 79
26 86
26 92
26 94
26 101
26 103
26 104
26 107
26 108
26 111
26 114
26 116
26 123
26 130
26 133
26 135
26 141
26 142
26 143
26 144
26 145
26 146
26 151
26 153
26 155
26 163
26 164
26 165
26 174
26 185
26 196
26 198
26 200
26 204
26 212
26 215
26 218
26 229
26 231
26 233
26 241
27 28
27 30
27 32
27 33
27 41
27 42
27 47
27 51
27 55
27 66
27 69
27 89
27 94
27 95
27 97
27 100
27 103
27 146
27 152
27 153
27 184
27 194
27 199
27 201
27 203
27 206
27 212
27 213
27 229
28 29
28 34
28 35
28 38
28 43
28 44
28 49
28 52
28 55
28 59
28 62
28 63
28 68
28 69
28 72
28 73
28 79
28 84
28 87
28 93
28 98
28 99
28 101
28 110
28 113
28 114
28 116
28 118
28 126
28 134
28 136
28 154
28 155
28 158
28 159
28 175
28 180
28 191
28 195
28 206
28 209
28 215
28 222
28 225
28 234
28 244
29 30
29 31
29 46
29 47
29 50
29 54
29 59
29 60
29 62
29 68
29 69
29 75
29 77
29 81
29 84
29 88
29 89
29 91
29 94
29 95
29 106
29 111
29 118
29 127
29 130
29 133
29 151
29 153
29 156
29 159
29 162
29 176
29 182
29 185
29 188
29 221
29 228
29 231
30 33
30 41
30 43
30 49
30 52
30 59
30 60
30 64
30 75
30 76
30 78
30 86
30 96
30 102
30 103
30 116
30 117
30 121
30 134
30 137
30 138
30 144
30 147
30 148
30 158
30 179
30 200
30 204
30 211
30 213
31 34
31 35
31 38
31 39
31 46
31 51
31 66
31 83
31 118
31 123
31 128
31 143
31 154
31 158
31 159
31 196
31 200
31 224
31 229
31 236
32 56
32 73
32 77
32 92
32 99
32 102
32 110
32 111
32 132
32 138
32 146
32 161
32 164
32 184
32 212
32 242
32 245
33 38
33 39
33 43
33 45
33 49
33 71
33 80
33 83
33 86
33 88
33 96
33 107
33 109
33 114
33 115
33 128
33 132
33 135
33 142
33 159
33 173
33 174
33 177
33 189
33 190
33 219
33 229
33 235
34 36
34 38
34 42
34 46
34 47
34 63
34 68
34 83
34 94
34 101
34 113
34 134
34 138
34 141
34 187
34 196
34 219
35 37
35 40
35 42
35 43
35 49
35 53
35 60
35 67
35 92
35 103
35 129
35 184
35 191
35 194
35 197
35 213
35 215
35 240
36 37
36 41
36 44
36 57
36 64
36 65
36 69
36 73
36 76
36 89
36 104
36 106
36 124
36 129
36 153
36 164
36 199
36 203
36 210
36 244
37 39
37 41
37 44
37 47
37 48
37 49
37 57
37 59
37 61
37 66
37 67
37 68
37 69
37 78
37 80
37 81
37 85
37 89
37 101
37 114
37 116
37 120
37 123
37 127
37 135
37 140
37 148
37 159
37 161
37 168
37 169
37 179
37 188
37 192
37 194
37 216
37 218
37 226
37 229
37 232
37 242
37 246
38 47
38 64
38 87
38 92
38 99
38 100
38 110
38 123
38 141
38 168
38 171
38 198
38 211
38 218
39 40
39 49
39 60
39 72
39 78
39 142
39 184
39 189
39 194
39 204
39 211
39 228
39 231
39 239
39 241
40 44
40 45
40 53
40 60
40 65
40 73
40 79
40 82
40 105
40 109
40 131
40 142
40 149
40 183
40 195
40 200
40 222
40 232
41 42
41 51
41 63
41 64
41 93
41 98
41 104
41 114
41 124
41 126
41 134
41 136
41 138
41 152
41 171
41 222
41 229
41 249
42 46
42 53
42 59
42 83
42 93
42 125
42 130
42 149
42 157
42 188
42 190
42 192
42 215
42 243
43 45
43 55
43 58
43 61
43 66
43 76
43 91
43 118
43 175
43 196
43 206
43 211
43 224
43 226
43 240
44 49
44 51
44 52
44 59
44 64
44 79
44 94
44 116
44 131
44 187
44 214
45 46
45 58
45 70
45 102
45 104
45 133
45 140
45 208
45 211
45 220
46 79
46 102
46 149
46 154
46 235
47 48
47 50
47 53
47 73
47 81
47 102
47 105
47 106
47 127
47 128
47 151
47 166
47 168
47 170
47 181
47 194
47 200
47 207
47 230
48 56
48 63
48 67
48 70
48 72
48 80
48 83
48 90
48 102
48 108
48 118
48 119
48 160
48 187
48 226
48 229
49 55
49 59
49 70
49 75
49 78
49 85
49 90
49 93
49 102
49 122
49 129
49 130
49 133
49 144
49 147
49 150
49 160
49 182
49 183
49 217
49 238
50 51
50 53
50 61
50 63
50 68
50 94
50 108
50 137
50 144
50 167
50 177
50 185
50 186
50 192
50 202
50 208
50 243
50 244
51 58
51 65
51 82
51 107
51 109
51 112
51 121
51 124
51 132
51 151
51 154
51 155
51 159
51 162
51 171
51 172
51 209
51 244
51 247
52 57
52 70
52 82
52 90
52 92
52 109
52 115
52 120
52 123
52 136
52 163
52 182
52 208
53 55
53 57
53 62
53 70
53 82
53 104
53 107
53 124
53 144
53 149
53 165
53 206
53 242
54 66
54 85
54 100
54 106
54 107
54 109
54 133
54 137
54 157
54 166
54 177
54 201
55 72
55 73
55 115
55 124
55 126
55 145
55 147
55 152
55 157
55 171
55 190
55 205
55 208
56 66
56 85
56 90
56 92
56 100
56 131
56 178
56 230
57 121
57 128
57 131
58 68
58 75
58 89
58 103
58 112
58 117
58 123
58 125
58 145
58 162
58 165
58 167
58 210
58 225
58 233
58 234
58 237
59 67
59 71
59 75
59 78
59 80
59 82
59 87
59 95
59 105
59 119
59 125
59 135
59 156
59 165
59 181
59 197
59 203
59 212
59 214
59 234
59 237
59 240
59 247
60 63
60 114
60 116
60 131
60 158
60 173
60 186
60 187
60 224
60 225
61 73
61 100
61 105
61 120
61 162
61 204
61 236
62 76
62 115
62 133
62 136
62 160
62 171
62 189
62 227
62 244
62 245
62 246
63 108
63 170
63 183
63 232
64 70
64 72
64 74
64 78
64 81
64 96
64 110
64 113
64 119
64 126
64 131
64 140
64 144
64 155
64 156
64 170
64 208
64 217
64 224
64 231
64 243
65 66
65 67
65 75
65 76
65 81
65 82
65 87
65 89
65 98
65 105
65 117
65 119
65 123
65 166
65 180
65 181
65 226
65 244
65 247
66 128
66 142
66 147
67 69
67 72
67 84
67 86
67 88
67 97
67 103
67 125
67 129
67 137
67 161
67 164
67 214
67 219
67 245
68 79
68 81
68 88
68 113
68 122
68 157
68 167
68 170
68 175
68 234
69 75
69 129
69 145
69 159
69 190
69 224
70 75
70 84
70 90
70 121
70 159
70 160
70 169
70 179
70 205
70 209
70 217
70 232
70 236
71 97
71 110
71 113
71 124
71 136
71 145
71 146
71 156
71 169
71 174
71 211
71 223
71 235
72 74
72 120
72 161
72 169
72 197
72 202
72 239
72 243
73 77
73 153
73 182
74 80
74 83
74 85
74 109
74 146
74 166
74 174
74 180
74 199
74 226
75 77
75 154
75 210
76 91
76 98
76 113
76 127
76 141
76 146
76 154
76 201
76 228
76 240
77 104
77 108
77 112
77 124
77 134
77 139
77 152
77 169
77 182
77 210
77 213
77 237
78 174
78 213
78 216
78 218
79 94
79 98
79 100
79 139
79 165
79 176
79 179
79 193
79 205
79 224
79 236
79 237
79 243
80 88
80 96
80 111
80 117
80 118
80 119
80 128
80 155
80 172
80 176
80 181
80 193
80 217
81 82
81 95
81 102
81 105
81 109
81 128
81 142
81 247
82 86
82 113
82 145
82 168
83 239
84 96
84 106
84 119
84 120
84 123
84 140
84 167
84 171
84 192
85 142
85 147
85 199
85 223
86 87
86 131
86 155
86 203
86 209
86 234
87 90
87 97
87 117
87 127
87 200
87 209
87 215
87 245
88 117
88 121
88 136
88 138
88 147
88 156
88 196
88 216
88 234
88 237
88 247
89 95
89 99
89 112
89 171
89 199
89 223
90 112
90 127
90 137
90 139
90 166
90 193
90 199
90 201
90 242
91 128
91 142
91 143
91 144
91 145
91 163
91 210
92 93
92 105
92 106
92 116
92 148
92 160
92 176
92 193
92 197
92 203
92 209
92 218
92 220
92 233
92 245
93 107
93 120
93 146
93 158
93 162
93 221
94 111
94 114
94 115
94 122
94 130
94 142
94 148
94 149
94 174
94 222
94 239
94 241
95 127
95 132
95 184
95 189
95 238
96 98
96 103
96 126
96 135
96 148
96 151
96 166
96 168
96 201
96 216
96 227
96 235
97 156
97 177
97 189
97 203
97 215
97 225
97 233
98 99
98 107
98 117
98 127
98 134
98 192
98 199
98 248
99 106
99 125
99 157
100 107
100 108
100 143
100 147
100 186
100 241
101 111
101 121
101 144
101 161
101 183
101 246
102 136
102 197
102 214
102 231
102 239
103 129
103 141
103 212
103 231
103 244
103 249
104 125
104 129
104 153
104 162
104 163
104 189
104 239
105 106
105 118
105 125
105 139
105 148
105 203
106 115
106 136
106 165
106 171
106 175
106 189
106 204
107 173
107 230
108 120
108 147
108 158
108 219
108 233
109 111
109 129
109 132
109 152
109 169
109 198
109 224
110 126
110 181
110 220
111 139
112 126
112 134
112 183
112 238
113 116
113 119
113 132
113 140
113 149
113 150
113 175
113 203
113 212
114 124
114 168
114 200
114 217
114 218
115 128
115 140
115 152
115 173
115 243
115 247
116 133
116 153
116 156
116 182
116 196
117 138
117 198
118 172
118 176
118 178
118 202
118 248
119 130
119 132
119 148
119 156
120 131
120 174
120 221
120 238
120 242
120 243
121 122
121 164
121 198
121 249
122 133
122 141
122 149
122 150
122 154
122 157
122 165
122 188
122 190
122 207
122 213
122 244
123 130
123 197
123 205
123 207
123 216
125 139
125 148
125 151
125 169
125 179
125 223
126 139
126 170
127 141
127 186
127 212
127 216
128 131
128 170
128 174
128 179
128 184
128 185
128 201
128 227
128 245
129 167
129 221
130 132
130 145
130 160
130 162
130 180
131 146
131 191
132 236
134 156
134 160
134 176
134 179
134 195
134 205
135 183
135 201
136 148
136 158
136 161
136 163
136 214
136 219
137 138
137 150
137 223
137 239
138 166
138 237
139 153
139 160
139 185
139 240
140 141
140 152
140 183
140 185
142 164
142 211
142 228
142 230
142 249
143 173
143 187
143 192
143 196
144 193
144 210
144 222
144 230
145 154
145 164
145 167
145 170
145 204
145 245
146 180
146 203
146 217
146 249
147 168
147 184
147 204
147 217
147 235
148 163
148 179
148 184
148 219
148 222
148 236
148 249
149 163
149 195
149 226
149 239
149 246
150 161
150 194
150 230
151 155
151 214
151 234
151 235
151 241
151 248
152 157
152 167
152 171
152 216
152 219
153 154
153 163
153 169
153 181
154 158
154 187
154 199
155 178
155 191
155 220
156 185
156 197
156 198
156 207
156 208
156 228
157 161
157 186
157 194
157 241
157 246
158 172
158 226
159 191
160 178
160 180
160 186
160 220
160 228
160 235
161 201
161 214
162 190
162 209
162 213
162 232
163 165
164 207
164 248
165 172
165 202
167 217
167 222
168 177
168 180
168 200
168 216
169 175
169 206
169 238
169 242
170 172
170 189
170 214
170 231
170 247
171 176
171 202
171 229
171 245
172 218
172 227
173 175
173 178
173 242
174 188
174 195
174 204
174 205
174 240
176 179
176 184
176 191
178 180
178 233
178 241
178 246
179 181
179 197
179 199
179 249
180 182
180 207
182 196
182 238
183 194
183 201
183 202
184 191
184 240
186 196
187 190
187 245
188 189
188 195
190 208
190 227
190 229
190 235
190 241
190 249
191 193
191 218
191 232
193 216
194 210
194 222
194 243
195 202
195 220
195 246
196 203
196 241
197 236
197 248
198 222
198 237
198 245
199 205
199 232
199 233
200 206
204 221
205 213
205 242
205 243
206 219
208 237
209 210
209 234
210 236
211 219
211 223
212 218
212 246
213 221
214 215
214 231
214 238
219 248
220 237
223 225
224 233
225 227
228 230
232 246
