0 1
0 2
0 3
0 4
0 5
0 6
0 7
0 8
0 9
0 10
0 11
0 12
0 13
0 14
0 15
0 16
0 17
0 18
0 19
0 20
0 21
0 22
0 23
0 24
0 25
0 26
0 27
0 28
0 29
0 30
0 31
0 32
0 33
0 34
0 35
0 39
0 40
0 41
0 42
0 43
0 46
0 52
0 55
0 56
0 66
0 75
0 77
0 78
0 80
0 81
0 100
0 105
0 107
0 120
0 121
0 124
0 125
0 127
0 130
0 137
0 138
0 142
0 143
0 154
0 164
0 166
0 171
0 178
0 181
0 188
0 198
0 203
0 207
0 216
0 217
0 221
0 222
0 226
0 228
0 244
0 249
1 15
1 16
1 17
1 18
1 19
1 23
1 24
1 25
1 26
1 28
1 29
1 34
1 36
1 37
1 38
1 41
1 43
1 44
1 47
1 49
1 54
1 56
1 58
1 62
1 64
1 65
1 68
1 70
1 72
1 73
1 76
1 80
1 82
1 86
1 88
1 89
1 98
1 100
1 104
1 105
1 106
1 107
1 111
1 117
1 123
1 141
1 145
1 146
1 152
1 164
1 168
1 182
1 183
1 193
1 199
1 217
1 224
2 15
2 16
2 17
2 18
2 20
2 21
2 26
2 28
2 29
2 30
2 32
2 33
2 34
2 39
2 40
2 46
2 52
2 59
2 73
2 74
2 77
2 93
2 102
2 104
2 108
2 133
2 134
2 139
2 143
2 146
2 162
2 167
2 172
2 185
2 209
2 245
3 15
3 16
3 17
3 18
3 19
3 21
3 22
3 23
3 27
3 32
3 34
3 37
3 41
3 53
3 56
3 63
3 66
3 72
3 77
3 78
3 87
3 90
3 91
3 120
3 125
3 126
3 143
3 160
3 197
3 208
4 15
4 16
4 19
4 20
4 25
4 30
4 36
4 40
4 51
4 54
4 69
4 83
4 90
4 92
4 94
4 144
4 162
4 163
4 184
4 207
4 231
5 15
5 16
5 17
5 18
5 19
5 21
5 23
5 25
5 27
5 29
5 30
5 31
5 50
5 56
5 63
5 73
5 78
5 92
5 97
5 98
5 124
5 137
5 138
5 154
5 187
5 189
5 223
5 224
5 238
5 241
6 15
6 16
6 17
6 18
6 19
6 20
6 21
6 22
6 25
6 26
6 33
6 49
6 51
6 54
6 57
6 58
6 61
6 66
6 68
6 70
6 78
6 82
6 86
6 89
6 94
6 97
6 104
6 108
6 122
6 136
6 142
6 152
6 161
6 193
6 195
6 208
6 229
6 239
6 242
7 15
7 17
7 20
7 22
7 26
7 29
7 31
7 32
7 33
7 37
7 38
7 49
7 52
7 57
7 58
7 61
7 71
7 73
7 83
7 110
7 111
7 112
7 129
7 142
7 146
7 152
7 159
7 188
7 220
7 233
8 15
8 16
8 19
8 22
8 23
8 24
8 25
8 26
8 27
8 28
8 31
8 33
8 34
8 35
8 40
8 42
8 43
8 45
8 46
8 47
8 48
8 50
8 51
8 53
8 55
8 57
8 62
8 63
8 66
8 75
8 82
8 86
8 94
8 98
8 103
8 106
8 109
8 110
8 122
8 128
8 133
8 137
8 139
8 158
8 160
8 163
8 178
8 179
8 182
8 190
8 203
8 209
8 215
8 220
8 237
8 238
8 244
8 247
9 15
9 16
9 17
9 18
9 19
9 22
9 24
9 26
9 28
9 29
9 30
9 32
9 37
9 40
9 49
9 50
9 51
9 61
9 62
9 66
9 79
9 81
9 89
9 90
9 95
9 99
9 104
9 115
9 150
9 156
9 163
9 165
9 186
9 192
9 209
9 214
9 220
9 221
10 15
10 16
10 17
10 18
10 19
10 20
10 21
10 26
10 39
10 47
10 50
10 52
10 55
10 60
10 63
10 69
10 71
10 74
10 86
10 88
10 109
10 111
10 123
10 133
10 134
10 207
10 237
11 15
11 16
11 17
11 18
11 19
11 20
11 21
11 22
11 23
11 24
11 26
11 27
11 30
11 32
11 36
11 37
11 39
11 43
11 44
11 48
11 50
11 54
11 58
11 60
11 61
11 65
11 69
11 71
11 74
11 79
11 81
11 86
11 88
11 91
11 105
11 109
11 119
11 126
11 140
11 143
11 159
11 161
11 166
11 178
11 180
11 192
11 195
11 197
11 202
11 204
11 206
11 208
11 234
12 15
12 16
12 17
12 21
12 23
12 25
12 28
12 31
12 47
12 63
12 86
12 102
12 107
12 112
12 153
12 161
12 167
12 171
12 183
12 211
12 219
12 224
12 237
13 16
13 18
13 20
13 21
13 24
13 26
13 27
13 36
13 37
13 44
13 48
13 65
13 78
13 84
13 91
13 94
13 107
13 127
13 132
13 134
13 135
13 149
13 154
13 156
13 158
13 160
13 162
13 163
13 201
13 232
13 244
14 15
14 17
14 18
14 20
14 21
14 23
14 25
14 28
14 29
14 35
14 36
14 43
14 47
14 51
14 52
14 67
14 69
14 77
14 82
14 84
14 97
14 100
14 107
14 142
14 144
14 145
14 147
14 148
14 199
14 231
14 239
15 16
15 17
15 18
15 19
15 20
15 22
15 23
15 24
15 25
15 26
15 27
15 28
15 29
15 32
15 34
15 35
15 36
15 37
15 39
15 40
15 41
15 43
15 48
15 50
15 54
15 55
15 58
15 59
15 60
15 64
15 67
15 68
15 70
15 71
15 72
15 77
15 78
15 79
15 80
15 82
15 83
15 84
15 89
15 90
15 98
15 106
15 112
15 113
15 117
15 118
15 123
15 133
15 136
15 142
15 144
15 146
15 148
15 151
15 155
15 161
15 164
15 167
15 172
15 175
15 186
15 190
15 191
15 204
15 212
15 214
15 232
15 236
15 237
15 240
15 241
15 244
15 246
16 17
16 18
16 19
16 20
16 21
16 22
16 23
16 24
16 25
16 26
16 27
16 32
16 37
16 40
16 44
16 46
16 51
16 52
16 53
16 59
16 61
16 62
16 63
16 65
16 69
16 71
16 73
16 77
16 86
16 89
16 99
16 103
16 105
16 119
16 125
16 132
16 133
16 141
16 146
16 147
16 164
16 168
16 169
16 171
16 173
16 176
16 183
16 186
16 204
16 209
16 220
16 226
16 229
16 231
16 236
16 238
16 242
16 247
17 18
17 19
17 20
17 21
17 22
17 23
17 24
17 25
17 27
17 29
17 30
17 31
17 32
17 33
17 34
17 35
17 37
17 38
17 39
17 40
17 41
17 45
17 49
17 50
17 54
17 56
17 58
17 59
17 61
17 62
17 65
17 71
17 73
17 74
17 80
17 82
17 83
17 85
17 88
17 95
17 96
17 97
17 100
17 103
17 109
17 111
17 114
17 116
17 117
17 119
17 131
17 133
17 141
17 145
17 146
17 151
17 155
17 171
17 172
17 173
17 174
17 175
17 180
17 181
17 184
17 187
17 197
17 200
17 201
17 202
17 205
17 214
17 216
17 219
17 221
17 223
17 241
17 244
17 249
18 19
18 20
18 21
18 22
18 23
18 24
18 27
18 28
18 30
18 31
18 34
18 36
18 37
18 38
18 40
18 41
18 45
18 46
18 49
18 51
18 53
18 55
18 57
18 58
18 60
18 66
18 78
18 84
18 85
18 93
18 95
18 96
18 98
18 102
18 103
18 104
18 105
18 107
18 116
18 119
18 120
18 121
18 123
18 125
18 129
18 130
18 137
18 141
18 143
18 144
18 147
18 151
18 157
18 159
18 160
18 166
18 172
18 178
18 189
18 190
18 191
18 194
18 195
18 198
18 200
18 204
18 205
18 207
18 212
18 214
18 229
18 238
18 246
18 248
18 249
19 20
19 22
19 24
19 28
19 30
19 31
19 33
19 34
19 35
19 38
19 39
19 40
19 42
19 45
19 46
19 55
19 57
19 64
19 69
19 72
19 81
19 83
19 87
19 90
19 91
19 92
19 93
19 94
19 104
19 108
19 120
19 128
19 131
19 132
19 135
19 137
19 148
19 149
19 150
19 152
19 155
19 156
19 164
19 165
19 167
19 170
19 173
19 176
19 179
19 194
19 195
19 210
19 211
19 216
19 219
19 227
19 228
19 238
20 21
20 22
20 24
20 25
20 29
20 30
20 33
20 34
20 35
20 36
20 37
20 38
20 40
20 42
20 46
20 47
20 49
20 50
20 51
20 52
20 53
20 54
20 55
20 56
20 57
20 60
20 64
20 66
20 67
20 72
20 74
20 75
20 76
20 81
20 85
20 86
20 91
20 94
20 95
20 101
20 102
20 103
20 108
20 111
20 112
20 114
20 115
20 116
20 119
20 120
20 132
20 136
20 138
20 139
20 140
20 143
20 155
20 157
20 159
20 168
20 180
20 182
20 184
20 185
20 186
20 190
20 191
20 202
20 208
20 209
20 215
20 225
20 228
20 229
20 233
20 235
20 241
21 22
21 23
21 24
21 27
21 31
21 33
21 39
21 41
21 43
21 44
21 47
21 48
21 53
21 56
21 58
21 64
21 66
21 68
21 87
21 106
21 117
21 123
21 130
21 135
21 138
21 141
21 145
21 153
21 157
21 177
21 178
21 189
21 198
21 209
21 215
21 217
21 219
21 222
21 248
22 23
22 24
22 25
22 26
22 28
22 29
22 31
22 34
22 38
22 39
22 45
22 48
22 49
22 50
22 52
22 57
22 59
22 60
22 63
22 64
22 67
22 69
22 70
22 71
22 73
22 74
22 75
22 76
22 77
22 80
22 84
22 90
22 92
22 97
22 101
22 102
22 104
22 117
22 127
22 132
22 139
22 153
22 157
22 164
22 169
22 195
22 200
22 201
22 204
22 206
22 209
22 212
22 231
22 234
22 235
22 238
22 241
22 245
23 25
23 26
23 27
23 28
23 29
23 30
23 31
23 33
23 34
23 36
23 40
23 44
23 46
23 48
23 52
23 55
23 68
23 74
23 81
23 83
23 84
23 88
23 94
23 96
23 100
23 101
23 104
23 113
23 120
23 127
23 128
23 129
23 131
23 136
23 146
23 153
23 155
23 161
23 166
23 171
23 174
23 177
23 183
23 184
23 186
23 187
23 189
23 191
23 193
23 196
23 197
23 201
23 213
23 214
23 216
23 217
23 219
23 222
23 226
23 228
23 244
23 247
23 248
24 27
24 28
24 30
24 31
24 32
24 33
24 35
24 38
24 39
24 41
24 42
24 44
24 45
24 46
24 47
24 48
24 51
24 53
24 54
24 56
24 57
24 58
24 64
24 70
24 79
24 80
24 84
24 97
24 101
24 102
24 106
24 110
24 125
24 132
24 138
24 155
24 173
24 177
24 181
24 199
24 208
24 212
24 219
24 220
24 222
24 231
24 236
24 241
24 245
25 31
25 36
25 45
25 54
25 59
25 62
25 68
25 87
25 94
25 109
25 117
25 120
25 126
25 136
25 150
25 170
25 171
25 185
25 197
25 207
25 210
25 215
25 237
25 239
25 246
26 27
26 28
26 30
26 32
26 33
26 34
26 35
26 38
26 42
26 43
26 44
26 45
26 46
26 48
26 53
26 57
26 60
26 63
26 65
26 69
26 71
26 74
26 75
26 77
26 78
26 79
26 83
26 91
26 97
26 99
26 104
26 105
26 119
26 121
26 127
26 133
26 141
26 157
26 160
26 163
26 174
26 189
26 205
26 211
26 213
26 215
26 221
26 225
26 227
26 230
26 231
26 232
26 236
26 245
26 247
27 29
27 32
27 35
27 37
27 38
27 41
27 42
27 45
27 46
27 48
27 53
27 64
27 82
27 86
27 96
27 116
27 122
27 126
27 128
27 130
27 138
27 141
27 146
27 148
27 150
27 158
27 165
27 166
27 170
27 184
27 214
27 222
28 29
28 30
28 32
28 35
28 36
28 40
28 41
28 42
28 43
28 48
28 51
28 55
28 63
28 67
28 68
28 87
28 92
28 93
28 95
28 96
28 106
28 123
28 124
28 125
28 134
28 148
28 156
28 168
28 169
28 177
28 202
28 215
28 224
28 232
28 234
28 236
29 31
29 32
29 33
29 41
29 58
29 60
29 66
29 70
29 71
29 74
29 83
29 85
29 86
29 96
29 97
29 103
29 129
29 131
29 135
29 137
29 142
29 144
29 147
29 150
29 158
29 159
29 162
29 165
29 176
29 179
29 182
29 187
29 192
29 195
29 198
29 204
29 210
29 230
29 236
29 249
30 33
30 34
30 36
30 37
30 39
30 40
30 43
30 44
30 48
30 52
30 55
30 63
30 67
30 69
30 75
30 79
30 82
30 93
30 95
30 115
30 117
30 124
30 132
30 140
30 141
30 149
30 156
30 162
30 171
30 173
30 177
30 180
30 194
30 210
30 245
30 249
31 36
31 38
31 42
31 43
31 45
31 47
31 56
31 63
31 69
31 70
31 72
31 75
31 78
31 87
31 94
31 96
31 102
31 103
31 109
31 112
31 123
31 129
31 134
31 140
31 152
31 156
31 165
31 179
31 180
31 182
31 184
31 187
31 196
31 207
31 223
31 232
31 239
31 246
32 35
32 41
32 44
32 45
32 59
32 89
32 91
32 92
32 110
32 115
32 123
32 151
32 156
32 175
32 187
32 199
32 221
32 240
32 241
33 35
33 38
33 39
33 41
33 42
33 44
33 47
33 50
33 52
33 53
33 54
33 57
33 64
33 73
33 75
33 87
33 100
33 101
33 105
33 106
33 114
33 116
33 122
33 125
33 128
33 130
33 131
33 141
33 158
33 162
33 164
33 165
33 175
33 183
33 185
33 191
33 197
33 203
33 221
33 224
33 226
33 229
33 237
33 244
33 246
34 35
34 36
34 37
34 39
34 41
34 46
34 47
34 51
34 55
34 62
34 64
34 72
34 84
34 88
34 89
34 93
34 96
34 114
34 116
34 128
34 130
34 131
34 158
34 162
34 171
34 179
34 184
34 185
34 188
34 196
34 200
34 212
34 216
34 218
34 225
34 226
34 231
34 239
34 242
35 38
35 42
35 46
35 55
35 59
35 61
35 71
35 73
35 75
35 79
35 85
35 88
35 90
35 105
35 136
35 140
35 145
35 166
35 186
35 203
35 215
35 224
35 225
35 231
35 242
35 245
36 43
36 44
36 45
36 49
36 52
36 59
36 65
36 68
36 72
36 81
36 84
36 96
36 100
36 109
36 114
36 126
36 128
36 130
36 135
36 145
36 151
36 154
36 155
36 171
36 180
36 191
36 220
36 225
36 238
36 242
37 38
37 39
37 47
37 48
37 52
37 57
37 60
37 66
37 68
37 78
37 89
37 112
37 115
37 143
37 149
37 172
37 184
37 191
37 194
37 217
37 230
37 248
38 42
38 43
38 44
38 50
38 51
38 59
38 60
38 68
38 70
38 74
38 88
38 94
38 103
38 108
38 112
38 113
38 120
38 121
38 128
38 136
38 147
38 148
38 153
38 169
38 175
38 179
38 182
38 197
38 206
38 219
38 243
39 42
39 44
39 46
39 51
39 53
39 54
39 55
39 58
39 62
39 68
39 79
39 83
39 86
39 87
39 97
39 112
39 117
39 123
39 133
39 144
39 151
39 154
39 158
39 165
39 170
39 182
39 183
39 192
39 195
39 200
39 208
39 212
39 217
39 229
39 239
39 241
39 245
40 43
40 47
40 49
40 51
40 54
40 62
40 63
40 65
40 68
40 74
40 78
40 81
40 95
40 97
40 100
40 102
40 104
40 108
40 113
40 117
40 132
40 133
40 162
40 174
40 184
40 196
40 199
40 203
40 205
40 207
40 232
40 246
41 42
41 47
41 49
41 61
41 64
41 69
41 71
41 72
41 73
41 74
41 76
41 77
41 83
41 88
41 89
41 92
41 93
41 95
41 98
41 99
41 110
41 113
41 123
41 125
41 134
41 145
41 150
41 151
41 154
41 155
41 157
41 169
41 192
41 216
41 222
41 227
41 232
41 237
41 240
41 243
41 247
42 45
42 49
42 53
42 54
42 56
42 57
42 62
42 63
42 66
42 67
42 76
42 77
42 93
42 99
42 103
42 110
42 114
42 120
42 122
42 129
42 133
42 142
42 143
42 147
42 160
42 162
42 170
42 174
42 178
42 186
42 192
42 195
42 196
42 199
42 205
42 209
42 216
42 217
42 227
42 228
42 243
42 248
42 249
43 57
43 61
43 62
43 66
43 67
43 69
43 82
43 103
43 112
43 119
43 122
43 129
43 137
43 166
43 180
43 201
43 206
43 212
43 218
43 219
43 221
43 233
43 237
43 242
44 45
44 56
44 67
44 77
44 85
44 86
44 102
44 109
44 113
44 116
44 123
44 142
44 143
44 144
44 154
44 159
44 178
44 197
44 200
44 240
44 247
45 50
45 54
45 62
45 79
45 99
45 103
45 106
45 112
45 132
45 147
45 148
45 168
45 175
45 193
45 194
45 215
45 225
45 233
45 246
45 247
46 50
46 59
46 61
46 65
46 72
46 76
46 84
46 85
46 87
46 95
46 96
46 118
46 120
46 140
46 144
46 147
46 159
46 165
46 181
46 198
46 199
46 216
46 223
46 245
47 48
47 49
47 50
47 56
47 67
47 68
47 80
47 86
47 92
47 96
47 100
47 118
47 120
47 129
47 131
47 140
47 142
47 145
47 154
47 161
47 173
47 174
47 177
47 182
47 183
47 196
47 197
47 199
47 204
47 210
47 214
47 222
47 225
47 228
47 248
48 49
48 55
48 60
48 61
48 71
48 79
48 81
48 82
48 83
48 92
48 94
48 101
48 104
48 114
48 118
48 121
48 134
48 140
48 153
48 155
48 156
48 159
48 181
48 188
48 206
48 209
48 210
48 223
48 234
48 235
48 240
48 242
49 58
49 60
49 65
49 79
49 80
49 88
49 92
49 106
49 114
49 121
49 125
49 139
49 152
49 160
49 164
49 168
49 170
49 176
49 181
49 186
49 194
49 202
49 210
49 241
49 243
50 52
50 53
50 56
50 59
50 60
50 61
50 63
50 65
50 66
50 67
50 70
50 76
50 87
50 88
50 90
50 91
50 94
50 95
50 105
50 108
50 111
50 117
50 118
50 119
50 124
50 134
50 139
50 147
50 154
50 165
50 167
50 169
50 173
50 178
50 194
50 222
50 228
50 232
50 234
51 53
51 72
51 73
51 75
51 76
51 92
51 94
51 97
51 99
51 100
51 112
51 115
51 119
51 122
51 132
51 143
51 145
51 146
51 153
51 170
51 217
51 222
51 227
51 235
52 76
52 85
52 106
52 135
52 146
52 147
52 174
52 193
52 194
52 218
52 223
52 235
52 242
53 56
53 61
53 62
53 65
53 68
53 70
53 72
53 73
53 77
53 83
53 99
53 111
53 113
53 115
53 119
53 124
53 126
53 141
53 155
53 172
53 173
53 177
53 181
53 211
54 58
54 59
54 64
54 67
54 72
54 73
54 75
54 76
54 85
54 93
54 95
54 97
54 101
54 106
54 116
54 121
54 167
54 169
54 170
54 180
54 184
54 194
54 227
55 64
55 65
55 72
55 75
55 84
55 86
55 96
55 98
55 108
55 111
55 117
55 118
55 128
55 131
55 161
55 175
55 189
55 200
55 210
55 230
56 57
56 58
56 65
56 66
56 73
56 76
56 82
56 89
56 105
56 111
56 114
56 115
56 119
56 120
56 129
56 131
56 135
56 138
56 149
56 157
56 158
56 179
56 185
56 186
56 192
56 215
56 233
56 240
56 244
57 59
57 91
57 106
57 133
57 145
57 149
57 159
57 183
57 192
57 202
57 204
57 228
57 238
57 239
58 81
58 89
58 101
58 108
58 138
58 188
58 204
58 216
58 220
58 244
58 246
58 247
59 60
59 61
59 78
59 80
59 102
59 130
59 134
59 147
59 174
59 199
59 201
60 62
60 67
60 83
60 84
60 87
60 97
60 110
60 113
60 134
60 159
60 167
60 243
61 69
61 76
61 91
61 93
61 103
61 109
61 114
61 121
61 129
61 137
61 139
61 149
61 193
61 213
62 69
62 82
62 89
62 99
62 101
62 109
62 111
62 126
62 135
62 145
62 151
62 156
62 160
62 163
62 215
62 227
62 241
63 64
63 76
63 83
63 90
63 95
63 99
63 138
63 141
63 161
63 163
63 166
63 202
63 205
63 218
63 223
63 237
64 70
64 81
64 85
64 88
64 108
64 109
64 111
64 116
64 118
64 119
64 121
64 134
64 147
64 149
64 161
64 166
64 169
64 188
64 199
64 200
64 213
64 220
64 239
65 67
65 70
65 71
65 76
65 78
65 116
65 123
65 124
65 130
65 142
65 146
65 155
65 158
65 173
65 178
65 184
65 209
65 218
65 219
65 223
65 226
65 233
66 74
66 90
66 91
66 93
66 111
66 114
66 128
66 136
66 140
66 141
66 156
66 181
66 182
66 205
66 212
66 231
67 70
67 79
67 84
67 101
67 107
67 110
67 122
67 126
67 136
67 160
67 169
67 173
67 199
67 228
67 229
68 70
68 71
68 74
68 78
68 79
68 87
68 91
68 100
68 109
68 113
68 124
68 126
68 130
68 135
68 173
68 175
68 187
68 195
68 207
68 210
68 230
69 75
69 77
69 80
69 90
69 92
69 106
69 108
69 115
69 116
69 117
69 131
69 137
69 142
69 149
69 163
69 181
69 188
69 201
69 208
69 212
69 215
69 217
69 224
69 230
69 234
69 242
69 245
70 90
70 95
70 98
70 102
70 104
70 107
70 110
70 113
70 115
70 122
70 136
70 138
70 140
70 142
70 151
70 158
70 159
70 189
70 198
70 202
70 203
70 241
70 249
71 81
71 85
71 95
71 101
71 136
71 159
71 168
71 174
71 183
71 188
71 201
71 203
71 217
72 80
72 92
72 98
72 113
72 124
72 134
72 139
72 150
72 151
72 168
72 172
72 247
73 75
73 91
73 96
73 98
73 103
73 105
73 110
73 114
73 124
73 126
73 139
73 158
73 166
73 169
73 175
74 81
74 105
74 107
74 117
74 118
74 132
74 157
74 160
74 167
74 197
74 210
74 227
74 249
75 77
75 80
75 82
75 85
75 88
75 99
75 105
75 110
75 113
75 116
75 130
75 145
75 149
75 153
75 157
75 187
75 190
75 194
75 196
75 206
75 221
75 225
75 226
75 248
76 87
76 90
76 93
76 96
76 98
76 100
76 150
76 162
76 167
77 79
77 80
77 81
77 84
77 85
77 118
77 127
77 129
77 144
77 158
77 162
77 163
77 172
77 174
77 180
77 186
77 191
77 192
77 206
77 237
77 243
78 85
78 87
78 101
78 107
78 111
78 138
78 139
78 161
78 170
78 174
78 192
78 199
78 214
78 229
79 80
79 99
79 108
79 116
79 138
79 154
79 202
80 82
80 91
80 113
80 114
80 115
80 122
80 131
80 148
80 156
80 168
80 190
80 193
80 201
80 218
80 228
80 232
80 245
80 246
81 109
81 137
81 152
81 158
81 226
82 101
82 107
82 115
82 121
82 122
82 156
82 176
82 196
82 205
82 211
82 218
82 223
83 98
83 107
83 110
83 153
83 175
83 193
83 239
84 89
84 90
84 103
84 118
84 128
84 133
84 135
84 136
84 144
84 150
84 151
84 165
84 199
84 202
84 207
84 213
84 221
84 232
84 235
84 243
85 98
85 121
85 140
85 143
85 161
85 178
85 189
85 208
85 232
86 88
86 89
86 112
86 130
86 151
86 153
86 155
86 163
86 166
86 195
86 212
86 225
86 235
86 244
86 247
87 93
87 94
87 110
87 121
87 124
87 134
87 138
87 152
87 176
87 184
87 213
87 226
88 119
88 129
88 140
88 203
88 233
88 234
89 131
89 176
89 184
89 193
89 208
89 233
90 92
90 93
90 112
90 121
90 127
90 133
90 176
90 183
90 203
90 214
90 226
90 233
90 235
91 98
91 114
91 125
91 126
91 127
91 136
91 137
91 143
91 146
91 149
91 157
91 171
91 179
91 190
91 203
91 215
91 222
91 236
92 99
92 101
92 106
92 109
92 116
92 153
92 164
92 183
92 187
92 191
92 202
92 206
92 227
92 236
92 242
92 246
93 97
93 102
93 115
93 144
93 195
93 197
93 209
93 211
93 230
93 248
94 102
94 119
94 127
94 141
94 150
94 170
94 175
94 206
95 105
95 111
95 124
95 126
95 127
95 131
95 139
95 142
95 170
95 185
95 190
95 214
95 218
96 100
96 127
96 148
96 194
96 216
97 99
97 124
97 127
97 129
97 155
97 176
97 207
97 235
98 100
98 108
98 153
98 165
98 167
98 191
98 192
98 220
98 230
99 122
99 136
99 151
99 154
99 168
99 191
100 110
100 131
100 161
100 178
100 182
100 206
100 223
100 236
101 102
101 104
101 125
101 159
101 167
101 173
101 195
101 198
101 208
101 219
101 220
102 118
102 124
102 126
102 137
102 167
102 174
102 179
102 193
102 217
102 239
103 104
103 107
103 108
103 115
103 135
103 145
103 152
103 159
103 185
103 209
103 214
103 228
103 236
104 128
104 168
104 178
104 179
104 204
104 206
104 227
105 107
105 117
105 118
105 125
105 133
105 150
105 161
105 188
105 198
105 200
105 204
105 206
106 112
106 120
106 123
106 125
106 171
106 175
106 182
106 221
106 224
107 143
107 148
107 149
107 186
107 202
107 214
107 219
107 234
107 237
108 113
108 141
108 216
108 217
108 248
109 147
109 156
109 171
109 176
109 177
109 191
109 198
109 210
110 157
110 198
110 214
111 125
111 134
111 149
111 218
111 236
111 241
112 120
112 122
112 165
112 172
112 179
112 185
112 193
112 194
112 210
112 245
113 118
113 127
113 135
113 180
113 185
113 191
113 234
114 132
114 142
114 209
114 249
115 118
115 140
115 144
115 156
116 135
116 168
116 227
116 232
116 242
117 122
117 152
117 211
117 212
117 230
118 129
118 162
118 181
118 205
118 206
118 211
118 231
119 143
119 174
119 202
119 232
120 121
120 128
120 130
120 132
120 145
120 148
120 161
120 167
120 183
120 191
120 193
120 196
120 201
120 213
120 223
120 248
121 182
121 186
121 188
122 123
122 144
122 152
122 163
122 176
122 177
122 196
122 204
123 148
123 154
123 157
123 172
123 180
123 244
124 126
124 128
124 137
124 139
124 140
124 151
124 164
124 197
124 198
124 200
124 202
124 207
124 231
124 235
125 149
126 127
126 138
126 158
126 160
126 172
126 188
126 189
126 206
126 213
126 233
127 132
127 165
127 169
127 178
127 186
127 203
127 233
127 235
128 187
128 188
128 198
128 229
129 130
129 135
129 146
129 164
130 163
130 169
130 172
130 192
130 196
130 208
130 212
131 152
131 166
131 176
131 205
131 245
132 137
132 154
132 190
132 226
133 148
133 164
133 174
133 177
133 180
133 205
133 221
134 139
134 146
134 187
134 239
134 246
135 152
135 153
135 155
135 167
135 175
135 180
135 181
135 193
135 208
136 139
136 168
136 203
136 225
136 226
136 227
136 243
137 147
137 164
137 176
137 180
137 195
137 228
138 144
138 154
138 194
138 210
138 219
138 223
138 237
138 240
138 249
139 150
139 190
139 217
139 231
139 236
139 239
140 153
140 157
140 171
140 172
140 214
140 229
140 235
140 246
141 166
141 176
141 216
142 150
142 189
143 148
143 160
143 162
143 173
143 222
143 233
143 247
144 160
144 173
144 218
144 228
144 230
144 235
144 243
144 244
144 247
145 152
145 168
145 181
145 188
145 189
145 200
145 201
145 238
145 247
145 248
146 160
146 213
146 224
146 225
147 150
147 157
147 175
148 163
148 190
148 208
148 209
148 222
149 165
149 221
150 201
150 217
151 162
151 166
151 182
151 190
151 213
151 238
152 207
152 208
152 224
152 245
153 164
153 185
153 189
153 231
153 238
153 243
154 171
154 184
154 192
154 197
154 201
154 207
154 240
154 246
155 163
155 188
155 221
155 234
156 170
156 185
156 187
156 211
156 213
156 238
157 177
157 185
157 189
157 201
157 247
158 179
158 194
158 223
158 240
158 249
159 169
159 181
159 190
159 192
159 205
159 230
160 172
160 204
160 248
161 198
161 203
161 207
161 212
161 236
162 178
163 181
163 187
163 213
163 244
164 182
164 216
164 249
165 177
165 219
165 220
165 234
166 195
167 169
167 170
167 185
167 196
168 177
168 222
168 248
169 170
169 205
169 234
169 236
169 242
170 234
171 197
171 230
172 187
172 196
172 241
173 240
174 225
174 229
175 193
175 210
175 218
175 233
176 177
176 179
176 200
177 179
177 189
177 211
177 212
178 215
179 199
179 224
180 190
180 200
180 211
180 224
180 238
180 243
181 183
181 203
181 240
182 183
184 186
185 238
186 204
186 220
186 231
188 216
189 223
190 224
190 249
191 213
192 196
192 200
192 205
192 218
194 213
194 215
195 235
196 198
196 218
196 230
196 233
197 227
197 230
197 237
199 232
200 211
200 239
201 240
201 242
202 240
202 241
202 242
202 243
204 228
204 229
204 240
206 218
206 224
206 227
206 237
207 226
207 234
208 211
208 221
209 225
210 211
210 222
212 220
216 229
217 219
217 225
218 220
221 248
222 229
225 226
227 246
228 239
233 244
233 249
235 243
237 245
241 243
