0 1
0 2
0 3
0 4
0 5
0 6
0 7
0 8
0 9
0 10
0 11
0 12
0 13
0 14
0 15
0 16
0 17
0 18
0 19
0 20
0 21
0 22
0 23
0 24
0 25
0 26
0 27
0 28
0 29
0 30
0 32
0 33
0 34
0 36
0 38
0 39
0 40
0 41
0 43
0 44
0 46
0 48
0 51
0 53
0 54
0 62
0 63
0 64
0 65
0 66
0 67
0 68
0 70
0 71
0 73
0 74
0 75
0 78
0 79
0 80
0 81
0 83
0 84
0 87
0 89
0 92
0 93
0 94
0 98
0 99
0 104
0 108
0 109
0 110
0 113
0 115
0 117
0 122
0 123
0 124
0 126
0 127
0 134
0 135
0 137
0 138
0 141
0 143
0 144
0 145
0 148
0 157
0 159
0 162
0 164
0 168
0 171
0 172
0 181
0 187
0 189
0 193
0 194
0 201
0 209
0 211
0 218
0 219
0 224
0 225
0 226
0 227
0 228
0 229
0 231
0 237
0 243
0 244
1 19
1 20
1 21
1 22
1 23
1 26
1 31
1 32
1 36
1 39
1 56
1 59
1 66
1 82
1 97
1 101
1 103
1 150
1 158
1 162
1 174
1 192
1 195
1 196
1 242
1 249
2 19
2 20
2 21
2 22
2 24
2 25
2 28
2 29
2 30
2 33
2 35
2 40
2 45
2 47
2 48
2 50
2 54
2 55
2 58
2 61
2 67
2 70
2 71
2 73
2 75
2 81
2 90
2 111
2 112
2 133
2 134
2 140
2 147
2 152
2 153
2 163
2 185
2 193
2 228
2 237
3 19
3 20
3 21
3 22
3 24
3 25
3 27
3 30
3 31
3 32
3 34
3 35
3 43
3 49
3 50
3 52
3 56
3 58
3 60
3 61
3 68
3 69
3 76
3 88
3 93
3 95
3 99
3 105
3 107
3 109
3 112
3 113
3 115
3 123
3 145
3 155
3 166
3 173
3 176
3 177
3 185
3 190
3 191
3 204
3 224
4 19
4 20
4 21
4 22
4 23
4 24
4 26
4 27
4 32
4 34
4 38
4 39
4 41
4 42
4 45
4 48
4 50
4 54
4 58
4 60
4 61
4 66
4 69
4 70
4 72
4 78
4 83
4 85
4 88
4 92
4 94
4 95
4 99
4 100
4 102
4 103
4 107
4 109
4 110
4 114
4 121
4 125
4 130
4 135
4 140
4 143
4 145
4 149
4 156
4 162
4 174
4 176
4 177
4 180
4 182
4 191
4 204
4 225
4 226
4 227
4 231
4 237
5 19
5 20
5 21
5 22
5 23
5 26
5 27
5 28
5 30
5 37
5 38
5 40
5 43
5 46
5 50
5 54
5 63
5 88
5 101
5 133
5 138
5 155
5 159
5 181
5 186
5 189
5 194
5 201
5 218
5 224
5 233
6 19
6 20
6 21
6 22
6 23
6 24
6 25
6 27
6 28
6 29
6 30
6 31
6 32
6 33
6 35
6 36
6 38
6 39
6 40
6 45
6 47
6 48
6 52
6 53
6 58
6 59
6 61
6 67
6 71
6 75
6 76
6 78
6 80
6 82
6 85
6 86
6 89
6 100
6 101
6 105
6 122
6 123
6 129
6 132
6 139
6 142
6 147
6 158
6 168
6 187
6 189
6 195
6 201
6 204
6 206
6 215
6 219
6 223
6 232
6 235
6 245
6 249
7 19
7 22
7 23
7 24
7 27
7 29
7 30
7 31
7 33
7 35
7 38
7 39
7 40
7 41
7 44
7 45
7 47
7 50
7 55
7 57
7 64
7 65
7 68
7 69
7 73
7 74
7 77
7 87
7 89
7 92
7 97
7 103
7 108
7 123
7 126
7 143
7 149
7 160
7 167
7 170
7 174
7 199
7 202
7 206
7 207
7 211
7 227
7 243
8 19
8 20
8 21
8 22
8 23
8 28
8 34
8 37
8 38
8 39
8 43
8 46
8 47
8 52
8 60
8 62
8 82
8 88
8 90
8 94
8 98
8 102
8 115
8 152
8 181
8 186
8 209
8 211
8 213
8 232
8 237
9 19
9 20
9 22
9 24
9 29
9 32
9 33
9 34
9 37
9 39
9 42
9 43
9 51
9 61
9 65
9 66
9 67
9 76
9 80
9 88
9 91
9 93
9 107
9 111
9 119
9 132
9 150
9 165
9 234
9 249
10 21
10 23
10 24
10 25
10 26
10 27
10 28
10 29
10 30
10 31
10 32
10 37
10 39
10 40
10 42
10 43
10 48
10 53
10 59
10 70
10 76
10 77
10 84
10 87
10 89
10 92
10 94
10 99
10 116
10 131
10 141
10 169
10 193
10 197
10 225
10 242
10 244
11 19
11 20
11 21
11 25
11 26
11 28
11 29
11 34
11 35
11 39
11 42
11 46
11 50
11 51
11 67
11 69
11 75
11 77
11 105
11 106
11 110
11 112
11 116
11 136
11 146
11 164
11 174
11 202
11 204
11 207
11 210
11 217
11 221
11 231
11 237
12 19
12 20
12 21
12 22
12 23
12 24
12 25
12 26
12 41
12 45
12 49
12 54
12 63
12 66
12 73
12 81
12 89
12 90
12 126
12 132
12 134
12 138
12 152
12 159
12 161
12 162
12 179
12 181
12 212
12 215
12 235
12 237
13 19
13 20
13 21
13 22
13 23
13 24
13 25
13 26
13 27
13 29
13 33
13 36
13 39
13 42
13 44
13 51
13 55
13 57
13 61
13 62
13 63
13 72
13 74
13 77
13 82
13 85
13 94
13 100
13 108
13 127
13 134
13 135
13 137
13 141
13 158
13 162
13 163
13 165
13 179
13 192
13 200
13 203
13 206
13 238
13 242
14 19
14 20
14 21
14 22
14 23
14 24
14 25
14 26
14 27
14 28
14 29
14 30
14 31
14 33
14 34
14 35
14 37
14 38
14 41
14 43
14 49
14 65
14 69
14 72
14 85
14 89
14 98
14 100
14 103
14 105
14 116
14 120
14 123
14 134
14 136
14 140
14 141
14 142
14 150
14 171
14 176
14 191
14 198
14 200
14 202
14 208
14 217
15 19
15 20
15 21
15 22
15 23
15 24
15 25
15 26
15 28
15 30
15 31
15 33
15 35
15 36
15 38
15 41
15 43
15 44
15 49
15 50
15 52
15 53
15 58
15 60
15 64
15 70
15 75
15 77
15 83
15 92
15 94
15 95
15 100
15 110
15 111
15 115
15 116
15 119
15 121
15 124
15 128
15 129
15 144
15 145
15 147
15 149
15 150
15 161
15 170
15 176
15 180
15 181
15 184
15 185
15 195
15 234
15 249
16 19
16 20
16 21
16 22
16 23
16 24
16 26
16 35
16 37
16 41
16 44
16 48
16 55
16 62
16 63
16 66
16 67
16 69
16 70
16 91
16 98
16 118
16 120
16 123
16 126
16 138
16 145
16 148
16 149
16 151
16 154
16 162
16 171
16 173
16 200
16 202
16 212
16 221
16 228
16 240
17 19
17 20
17 21
17 25
17 26
17 27
17 28
17 30
17 31
17 32
17 33
17 34
17 41
17 47
17 49
17 50
17 54
17 56
17 58
17 60
17 88
17 97
17 100
17 114
17 122
17 126
17 132
17 138
17 145
17 146
17 149
17 151
17 153
17 158
17 168
17 187
17 188
17 193
17 199
17 201
17 203
17 206
17 216
17 231
17 232
17 245
17 247
17 249
18 19
18 20
18 23
18 25
18 28
18 36
18 42
18 47
18 51
18 52
18 65
18 66
18 79
18 84
18 111
18 115
18 124
18 188
18 209
19 20
19 21
19 22
19 23
19 24
19 25
19 26
19 27
19 28
19 29
19 30
19 31
19 32
19 33
19 34
19 36
19 37
19 40
19 41
19 42
19 43
19 44
19 45
19 46
19 47
19 49
19 50
19 51
19 55
19 58
19 59
19 60
19 61
19 62
19 64
19 66
19 70
19 71
19 72
19 74
19 75
19 76
19 77
19 82
19 86
19 91
19 102
19 103
19 104
19 106
19 122
19 127
19 129
19 130
19 135
19 139
19 140
19 141
19 144
19 148
19 149
19 157
19 158
19 159
19 161
19 163
19 165
19 166
19 167
19 173
19 180
19 182
19 184
19 195
19 197
19 199
19 205
19 207
19 215
19 223
19 230
19 245
20 21
20 22
20 23
20 24
20 25
20 27
20 28
20 29
20 33
20 34
20 35
20 36
20 37
20 38
20 39
20 40
20 42
20 44
20 45
20 46
20 49
20 50
20 51
20 52
20 55
20 56
20 57
20 58
20 59
20 61
20 62
20 63
20 66
20 67
20 68
20 69
20 73
20 86
20 87
20 89
20 90
20 91
20 92
20 95
20 96
20 107
20 115
20 124
20 125
20 126
20 138
20 146
20 152
20 157
20 159
20 162
20 166
20 167
20 169
20 183
20 192
20 194
20 195
20 204
20 206
20 208
20 211
20 212
20 217
20 218
20 230
20 239
20 247
21 22
21 23
21 24
21 25
21 26
21 27
21 28
21 29
21 30
21 31
21 32
21 33
21 34
21 35
21 36
21 37
21 38
21 40
21 42
21 43
21 44
21 50
21 51
21 53
21 54
21 56
21 60
21 61
21 62
21 65
21 66
21 67
21 70
21 71
21 72
21 74
21 76
21 80
21 81
21 84
21 89
21 92
21 98
21 99
21 102
21 103
21 104
21 106
21 107
21 109
21 114
21 128
21 135
21 139
21 143
21 144
21 147
21 150
21 151
21 161
21 162
21 169
21 170
21 177
21 180
21 193
21 197
21 203
21 209
21 210
21 213
21 214
21 220
21 223
21 248
22 23
22 24
22 25
22 26
22 27
22 28
22 29
22 30
22 31
22 32
22 34
22 35
22 36
22 37
22 38
22 43
22 45
22 46
22 47
22 48
22 56
22 62
22 69
22 72
22 74
22 75
22 79
22 80
22 82
22 86
22 90
22 93
22 96
22 100
22 103
22 105
22 108
22 116
22 123
22 125
22 126
22 127
22 129
22 131
22 137
22 139
22 158
22 162
22 165
22 172
22 181
22 188
22 195
22 207
22 213
22 228
22 229
22 230
22 232
22 233
22 234
22 243
22 245
22 247
23 24
23 25
23 26
23 27
23 29
23 30
23 32
23 35
23 37
23 41
23 42
23 43
23 48
23 49
23 51
23 53
23 55
23 59
23 60
23 63
23 64
23 65
23 66
23 71
23 72
23 75
23 78
23 79
23 85
23 87
23 88
23 95
23 96
23 100
23 101
23 105
23 107
23 109
23 114
23 121
23 123
23 124
23 127
23 131
23 135
23 137
23 148
23 152
23 155
23 159
23 162
23 169
23 175
23 177
23 178
23 188
23 208
23 213
23 220
23 224
23 230
23 233
23 237
24 25
24 26
24 27
24 28
24 29
24 30
24 31
24 35
24 36
24 40
24 43
24 45
24 46
24 47
24 48
24 49
24 52
24 54
24 59
24 63
24 64
24 73
24 81
24 83
24 88
24 91
24 94
24 96
24 112
24 114
24 115
24 117
24 118
24 123
24 128
24 133
24 134
24 137
24 139
24 145
24 146
24 149
24 150
24 151
24 152
24 157
24 159
24 167
24 168
24 174
24 177
24 187
24 191
24 194
24 201
24 206
24 227
24 229
24 234
24 238
24 241
24 242
25 26
25 27
25 28
25 29
25 30
25 31
25 32
25 34
25 35
25 36
25 37
25 38
25 40
25 41
25 42
25 44
25 46
25 53
25 54
25 56
25 58
25 64
25 66
25 67
25 73
25 75
25 79
25 84
25 85
25 88
25 90
25 96
25 97
25 100
25 102
25 104
25 105
25 111
25 122
25 124
25 129
25 131
25 133
25 145
25 148
25 150
25 159
25 170
25 173
25 182
25 183
25 184
25 188
25 189
25 196
25 198
25 208
25 214
25 217
25 220
25 221
25 223
25 233
25 235
25 239
25 243
26 27
26 28
26 29
26 31
26 32
26 33
26 35
26 36
26 39
26 41
26 42
26 43
26 45
26 46
26 48
26 49
26 53
26 57
26 61
26 67
26 70
26 71
26 74
26 78
26 80
26 82
26 89
26 98
26 107
26 108
26 110
26 113
26 115
26 116
26 124
26 128
26 137
26 140
26 144
26 153
26 157
26 174
26 178
26 179
26 192
26 196
26 202
26 207
26 212
26 218
26 219
26 221
26 228
26 243
26 244
27 29
27 30
27 31
27 32
27 33
27 35
27 36
27 38
27 39
27 40
27 41
27 42
27 43
27 44
27 45
27 46
27 47
27 48
27 51
27 52
27 53
27 54
27 56
27 57
27 58
27 62
27 63
27 66
27 67
27 68
27 70
27 71
27 73
27 76
27 78
27 83
27 84
27 85
27 87
27 90
27 91
27 96
27 97
27 98
27 99
27 101
27 102
27 103
27 104
27 105
27 108
27 109
27 111
27 112
27 113
27 114
27 122
27 125
27 130
27 135
27 138
27 141
27 142
27 143
27 150
27 151
27 154
27 156
27 157
27 164
27 165
27 167
27 171
27 173
27 175
27 180
27 184
27 185
27 186
27 188
27 190
27 195
27 199
27 203
27 205
27 207
27 208
27 210
27 213
27 214
27 216
27 220
27 224
27 227
27 231
27 236
28 30
28 31
28 32
28 33
28 34
28 36
28 37
28 38
28 39
28 42
28 44
28 45
28 48
28 49
28 51
28 52
28 57
28 66
28 67
28 74
28 75
28 79
28 91
28 92
28 106
28 113
28 118
28 123
28 124
28 131
28 133
28 142
28 144
28 148
28 155
28 166
28 167
28 170
28 171
28 174
28 178
28 180
28 186
28 188
28 208
28 211
28 215
28 220
28 233
28 237
28 244
28 245
29 31
29 32
29 33
29 34
29 35
29 37
29 38
29 41
29 42
29 43
29 44
29 45
29 46
29 52
29 57
29 60
29 62
29 63
29 64
29 68
29 70
29 76
29 78
29 81
29 87
29 90
29 92
29 95
29 96
29 99
29 101
29 103
29 106
29 108
29 110
29 112
29 119
29 121
29 126
29 128
29 133
29 134
29 136
29 144
29 146
29 154
29 158
29 163
29 164
29 168
29 170
29 175
29 176
29 180
29 181
29 184
29 185
29 193
29 196
29 199
29 203
29 205
29 218
29 228
29 229
29 230
29 235
29 237
29 241
30 31
30 36
30 38
30 39
30 40
30 44
30 47
30 49
30 57
30 58
30 60
30 62
30 65
30 67
30 69
30 74
30 81
30 88
30 97
30 103
30 113
30 123
30 128
30 132
30 136
30 140
30 161
30 177
30 186
30 202
30 203
30 205
30 207
30 208
30 210
30 239
30 241
30 247
31 32
31 33
31 34
31 36
31 41
31 44
31 47
31 52
31 56
31 58
31 59
31 61
31 63
31 65
31 70
31 72
31 74
31 75
31 80
31 85
31 101
31 104
31 105
31 108
31 110
31 115
31 117
31 118
31 119
31 120
31 130
31 131
31 135
31 152
31 155
31 158
31 159
31 160
31 167
31 186
31 204
31 205
31 226
31 230
31 232
31 240
32 33
32 34
32 35
32 38
32 39
32 44
32 48
32 49
32 50
32 51
32 56
32 58
32 61
32 63
32 67
32 68
32 69
32 73
32 75
32 78
32 80
32 89
32 93
32 98
32 103
32 119
32 120
32 121
32 126
32 132
32 139
32 140
32 141
32 143
32 147
32 150
32 157
32 161
32 162
32 167
32 171
32 179
32 188
32 215
32 222
32 232
32 237
32 240
32 243
32 245
33 34
33 37
33 44
33 45
33 46
33 50
33 55
33 56
33 57
33 59
33 64
33 65
33 68
33 69
33 71
33 72
33 74
33 76
33 77
33 78
33 86
33 87
33 94
33 95
33 98
33 108
33 122
33 128
33 129
33 131
33 142
33 144
33 146
33 147
33 150
33 154
33 167
33 168
33 177
33 187
33 189
33 197
33 201
33 203
33 209
33 215
33 216
33 219
33 226
33 232
33 235
33 241
34 36
34 37
34 40
34 52
34 55
34 60
34 67
34 72
34 78
34 79
34 90
34 92
34 94
34 95
34 97
34 105
34 114
34 116
34 118
34 129
34 134
34 137
34 143
34 149
34 163
34 176
34 192
34 198
34 208
34 212
34 226
34 234
34 235
34 243
34 244
35 37
35 40
35 45
35 49
35 50
35 53
35 54
35 56
35 57
35 58
35 59
35 60
35 62
35 64
35 65
35 73
35 76
35 77
35 81
35 83
35 84
35 85
35 86
35 90
35 95
35 97
35 98
35 99
35 105
35 106
35 115
35 117
35 120
35 121
35 123
35 128
35 132
35 139
35 146
35 163
35 164
35 178
35 186
35 192
35 195
35 196
35 197
35 200
35 205
35 215
35 216
35 226
35 233
35 238
36 37
36 39
36 41
36 42
36 43
36 45
36 47
36 50
36 55
36 56
36 58
36 62
36 63
36 69
36 75
36 76
36 77
36 79
36 80
36 81
36 83
36 84
36 88
36 93
36 94
36 96
36 97
36 102
36 103
36 104
36 109
36 113
36 117
36 118
36 121
36 124
36 132
36 133
36 135
36 142
36 145
36 151
36 155
36 156
36 165
36 167
36 169
36 171
36 177
36 180
36 182
36 184
36 197
36 198
36 221
36 224
36 229
36 244
37 38
37 39
37 40
37 41
37 45
37 49
37 59
37 60
37 70
37 71
37 79
37 107
37 111
37 112
37 116
37 122
37 125
37 129
37 136
37 139
37 147
37 148
37 149
37 157
37 166
37 170
37 184
37 189
37 198
37 203
37 208
37 212
37 213
37 218
37 224
37 239
37 246
37 247
38 40
38 44
38 46
38 49
38 50
38 53
38 55
38 59
38 60
38 63
38 64
38 65
38 72
38 76
38 79
38 90
38 96
38 101
38 109
38 124
38 127
38 130
38 132
38 142
38 143
38 150
38 155
38 160
38 161
38 176
38 197
38 206
38 219
38 236
39 40
39 42
39 45
39 48
39 51
39 55
39 57
39 65
39 67
39 72
39 75
39 79
39 81
39 82
39 83
39 84
39 85
39 87
39 91
39 93
39 99
39 105
39 109
39 110
39 122
39 125
39 129
39 160
39 169
39 180
39 183
39 188
39 191
39 198
39 200
39 214
39 215
39 218
39 219
39 221
39 242
39 248
40 41
40 46
40 47
40 52
40 53
40 54
40 59
40 60
40 62
40 64
40 67
40 74
40 78
40 79
40 83
40 90
40 92
40 93
40 97
40 101
40 104
40 107
40 110
40 118
40 119
40 120
40 121
40 127
40 128
40 130
40 131
40 134
40 144
40 145
40 146
40 147
40 152
40 160
40 166
40 189
40 204
40 205
40 207
40 208
40 214
40 222
40 229
40 234
40 236
40 242
41 42
41 44
41 46
41 47
41 48
41 50
41 51
41 52
41 54
41 57
41 60
41 61
41 62
41 69
41 77
41 78
41 80
41 84
41 87
41 96
41 102
41 112
41 119
41 121
41 124
41 125
41 129
41 131
41 134
41 138
41 144
41 154
41 165
41 172
41 175
41 180
41 183
41 185
41 186
41 188
41 195
41 200
41 210
41 226
41 227
41 230
41 245
42 43
42 46
42 47
42 53
42 55
42 57
42 61
42 68
42 75
42 79
42 81
42 82
42 89
42 92
42 99
42 114
42 118
42 129
42 132
42 144
42 150
42 155
42 161
42 162
42 166
42 167
42 176
42 186
42 188
42 197
42 216
42 218
42 230
42 235
43 46
43 48
43 50
43 53
43 54
43 56
43 57
43 59
43 69
43 70
43 73
43 82
43 88
43 90
43 92
43 95
43 100
43 102
43 121
43 122
43 123
43 127
43 137
43 138
43 141
43 164
43 170
43 175
43 193
43 211
43 212
43 217
43 237
43 245
44 47
44 48
44 51
44 54
44 58
44 60
44 61
44 62
44 66
44 69
44 72
44 73
44 77
44 79
44 93
44 105
44 113
44 119
44 123
44 139
44 140
44 147
44 155
44 157
44 174
44 177
44 179
44 202
44 209
44 211
44 212
44 246
44 249
45 47
45 56
45 57
45 59
45 63
45 65
45 66
45 73
45 79
45 84
45 85
45 94
45 101
45 111
45 113
45 114
45 118
45 122
45 129
45 134
45 156
45 164
45 167
45 170
45 176
45 182
45 187
45 191
45 193
45 201
45 202
45 213
45 218
45 221
45 225
45 235
45 249
46 48
46 49
46 51
46 52
46 53
46 55
46 56
46 59
46 68
46 70
46 73
46 77
46 79
46 97
46 102
46 108
46 115
46 117
46 122
46 125
46 130
46 131
46 137
46 140
46 150
46 152
46 153
46 158
46 164
46 183
46 187
46 190
46 198
46 202
46 215
46 220
46 229
46 237
46 243
47 52
47 53
47 59
47 63
47 64
47 68
47 71
47 72
47 73
47 74
47 79
47 81
47 82
47 89
47 91
47 92
47 100
47 107
47 114
47 123
47 127
47 131
47 132
47 138
47 140
47 143
47 146
47 158
47 160
47 166
47 169
47 176
47 187
47 191
47 204
47 207
47 217
47 221
47 225
47 228
47 233
47 235
47 237
48 49
48 51
48 52
48 55
48 60
48 64
48 70
48 81
48 82
48 83
48 85
48 86
48 90
48 93
48 99
48 107
48 111
48 117
48 120
48 122
48 126
48 130
48 136
48 146
48 151
48 174
48 175
48 180
48 184
48 186
48 194
48 202
48 207
48 210
48 216
48 217
48 219
48 238
49 51
49 52
49 54
49 57
49 62
49 64
49 71
49 86
49 93
49 99
49 114
49 119
49 128
49 136
49 146
49 148
49 168
49 169
49 170
49 174
49 185
49 193
49 196
49 204
49 221
49 224
49 231
49 245
50 53
50 56
50 57
50 61
50 63
50 68
50 82
50 83
50 86
50 88
50 93
50 94
50 101
50 115
50 119
50 120
50 128
50 133
50 143
50 147
50 149
50 163
50 165
50 172
50 173
50 179
50 182
50 192
50 193
50 194
50 197
50 199
50 203
50 205
50 208
50 209
50 211
50 213
50 218
50 222
50 234
50 240
51 53
51 54
51 57
51 68
51 74
51 78
51 96
51 100
51 117
51 138
51 148
51 156
51 166
51 170
51 197
51 211
51 213
51 228
52 54
52 55
52 56
52 58
52 73
52 76
52 79
52 81
52 87
52 98
52 104
52 109
52 118
52 123
52 124
52 129
52 136
52 138
52 145
52 155
52 157
52 169
52 175
52 178
52 182
52 184
52 194
52 200
52 214
52 217
52 219
52 221
53 55
53 61
53 64
53 67
53 75
53 76
53 78
53 81
53 83
53 85
53 91
53 94
53 97
53 104
53 110
53 115
53 120
53 121
53 125
53 128
53 133
53 134
53 136
53 137
53 139
53 144
53 146
53 153
53 155
53 160
53 172
53 173
53 189
53 199
53 236
53 242
54 55
54 58
54 65
54 69
54 83
54 84
54 87
54 89
54 91
54 113
54 128
54 139
54 140
54 142
54 143
54 147
54 149
54 166
54 173
54 175
54 178
54 191
54 198
54 201
54 204
54 211
54 225
54 228
54 230
54 238
54 241
54 242
55 59
55 63
55 64
55 76
55 78
55 81
55 85
55 95
55 97
55 99
55 103
55 108
55 109
55 114
55 118
55 122
55 130
55 135
55 136
55 148
55 153
55 158
55 159
55 164
55 165
55 166
55 181
55 184
55 187
55 191
55 212
55 223
55 232
55 240
56 65
56 66
56 71
56 72
56 77
56 80
56 97
56 98
56 100
56 102
56 108
56 111
56 112
56 126
56 132
56 136
56 143
56 144
56 157
56 158
56 166
56 172
56 176
56 177
56 190
56 192
56 205
56 208
56 221
56 223
56 228
56 241
57 80
57 83
57 89
57 94
57 95
57 98
57 100
57 108
57 110
57 116
57 117
57 119
57 132
57 133
57 135
57 139
57 141
57 147
57 156
57 171
57 192
57 194
57 200
57 209
57 210
57 216
57 222
57 223
57 226
57 244
57 247
58 65
58 77
58 84
58 86
58 98
58 99
58 107
58 112
58 133
58 141
58 144
58 147
58 154
58 158
58 159
58 162
58 164
58 172
58 176
58 182
58 190
58 197
58 211
58 221
58 224
58 235
59 62
59 65
59 68
59 73
59 84
59 85
59 95
59 99
59 102
59 105
59 106
59 110
59 113
59 115
59 116
59 120
59 121
59 123
59 125
59 135
59 136
59 142
59 145
59 152
59 157
59 162
59 169
59 175
59 184
59 188
59 194
59 200
59 204
59 205
59 208
59 224
59 231
59 236
59 248
60 61
60 64
60 70
60 71
60 75
60 77
60 80
60 82
60 83
60 84
60 86
60 87
60 88
60 99
60 101
60 102
60 107
60 110
60 111
60 117
60 125
60 142
60 145
60 163
60 175
60 177
60 194
60 220
60 227
60 228
60 239
61 71
61 74
61 77
61 81
61 86
61 87
61 98
61 102
61 106
61 108
61 114
61 124
61 126
61 130
61 136
61 161
61 172
61 175
61 178
61 214
61 241
61 246
61 249
62 68
62 69
62 72
62 82
62 96
62 100
62 107
62 109
62 113
62 134
62 138
62 144
62 149
62 160
62 173
62 174
62 176
62 205
62 220
62 222
62 229
62 232
62 236
62 241
62 244
63 68
63 74
63 80
63 84
63 101
63 106
63 114
63 130
63 146
63 172
63 173
63 181
63 187
63 200
63 205
63 207
63 217
63 243
63 247
64 66
64 68
64 69
64 72
64 86
64 89
64 93
64 95
64 109
64 110
64 122
64 143
64 183
64 206
64 213
64 216
64 220
64 224
64 225
64 227
65 76
65 96
65 100
65 106
65 107
65 111
65 112
65 117
65 118
65 129
65 134
65 152
65 158
65 163
65 183
65 184
65 193
65 215
65 229
66 68
66 70
66 77
66 80
66 83
66 89
66 91
66 105
66 109
66 125
66 127
66 128
66 132
66 137
66 151
66 156
66 157
66 167
66 168
66 175
66 185
66 225
66 226
66 240
66 248
67 71
67 77
67 78
67 91
67 92
67 94
67 95
67 97
67 104
67 111
67 117
67 125
67 130
67 133
67 141
67 151
67 154
67 157
67 166
67 171
67 173
67 196
67 209
67 220
67 222
67 225
67 235
67 245
68 71
68 72
68 74
68 75
68 82
68 83
68 84
68 86
68 94
68 109
68 120
68 121
68 122
68 125
68 129
68 149
68 161
68 179
68 192
68 197
68 198
68 210
68 212
68 229
69 73
69 85
69 86
69 88
69 92
69 119
69 138
69 143
69 147
69 153
69 169
69 187
69 192
69 197
69 204
69 211
69 212
69 215
69 236
69 239
69 240
69 242
70 71
70 76
70 90
70 96
70 97
70 103
70 110
70 111
70 114
70 116
70 124
70 135
70 140
70 157
70 158
70 185
70 186
70 196
70 202
70 205
70 207
70 238
71 80
71 87
71 115
71 118
71 139
71 150
71 156
71 157
71 168
71 175
71 182
71 187
71 204
71 232
72 74
72 76
72 86
72 90
72 102
72 103
72 127
72 133
72 137
72 139
72 167
72 170
72 171
72 175
72 180
72 188
72 204
72 211
72 212
72 218
72 243
73 85
73 89
73 93
73 97
73 103
73 106
73 114
73 116
73 124
73 141
73 146
73 154
73 156
73 161
73 165
73 175
73 178
73 195
73 201
73 207
73 249
74 80
74 81
74 89
74 96
74 104
74 137
74 140
74 154
74 156
74 167
74 168
74 173
74 176
74 182
74 187
74 190
74 197
74 216
74 221
74 228
74 242
74 247
75 78
75 86
75 91
75 92
75 93
75 104
75 119
75 139
75 154
75 175
75 177
75 184
75 189
75 191
75 226
76 84
76 86
76 87
76 88
76 96
76 109
76 111
76 118
76 120
76 135
76 152
76 164
76 182
76 191
76 194
76 200
76 216
76 218
76 221
76 234
76 239
77 78
77 87
77 120
77 138
77 152
77 163
77 172
77 173
77 185
77 191
77 199
77 232
77 236
77 238
77 242
78 80
78 102
78 105
78 112
78 115
78 117
78 118
78 153
78 186
78 216
78 248
79 82
79 85
79 91
79 93
79 95
79 98
79 103
79 106
79 112
79 116
79 139
79 144
79 151
79 174
79 178
79 181
79 182
79 183
79 194
79 228
79 231
79 235
80 83
80 93
80 111
80 112
80 124
80 147
80 153
80 160
80 176
80 194
80 213
80 219
80 223
80 247
81 82
81 88
81 91
81 92
81 105
81 113
81 126
81 130
81 145
81 149
81 152
81 160
81 164
81 200
81 201
81 206
81 209
81 227
81 231
82 98
82 105
82 106
82 118
82 131
82 137
82 174
82 178
82 186
82 200
82 228
82 232
82 238
83 91
83 95
83 98
83 101
83 104
83 128
83 129
83 133
83 141
83 142
83 165
83 177
83 208
83 212
83 215
83 220
83 238
83 248
84 93
84 99
84 101
84 107
84 113
84 117
84 133
84 153
84 193
84 210
84 231
84 237
84 243
84 244
85 87
85 90
85 94
85 101
85 116
85 142
85 153
85 164
85 165
85 195
85 197
86 106
86 108
86 113
86 117
86 125
86 126
86 136
86 148
86 156
86 166
86 194
86 195
86 198
86 243
87 88
87 90
87 112
87 122
87 127
87 159
87 161
87 163
87 175
87 190
87 224
87 233
87 244
88 110
88 116
88 120
88 127
88 130
88 136
88 152
88 156
88 172
88 174
88 196
88 209
88 231
88 235
88 245
89 91
89 94
89 99
89 100
89 101
89 106
89 119
89 121
89 131
89 135
89 146
89 163
89 173
89 177
89 180
89 185
89 187
89 190
89 193
89 204
89 212
89 216
89 227
90 103
90 107
90 109
90 137
90 162
90 222
90 229
91 104
91 120
91 126
91 138
91 152
91 155
91 171
91 176
91 178
91 179
91 187
91 193
91 208
91 210
91 214
91 227
91 238
91 246
92 112
92 131
92 142
92 174
92 179
92 181
92 197
92 218
92 223
92 236
92 239
93 96
93 100
93 108
93 109
93 112
93 114
93 119
93 127
93 141
93 180
93 196
93 225
93 234
94 95
94 96
94 97
94 102
94 117
94 121
94 127
94 143
94 155
94 156
94 168
94 169
94 181
94 189
94 190
94 245
95 114
95 116
95 133
95 145
95 149
95 155
95 160
95 165
95 174
95 190
95 196
95 201
95 203
95 214
95 228
95 233
95 238
95 244
96 102
96 125
96 160
96 166
96 193
96 199
96 222
96 223
96 226
96 233
96 247
97 101
97 104
97 107
97 119
97 131
97 148
97 151
97 152
97 167
97 179
97 204
97 206
97 219
97 236
98 104
98 110
98 113
98 126
98 138
98 140
98 162
98 199
98 201
98 206
98 213
98 215
98 234
98 247
99 106
99 127
99 139
99 154
99 155
99 156
99 161
99 164
99 174
99 177
99 181
99 184
99 188
99 205
99 208
99 215
99 216
99 226
99 240
100 122
100 142
100 188
100 203
100 227
101 104
101 106
101 108
101 115
101 117
101 120
101 130
101 132
101 148
101 158
101 160
101 184
101 188
101 193
101 207
101 224
101 234
101 240
102 112
102 116
102 128
102 140
102 160
102 186
102 209
102 220
102 223
102 249
103 111
103 119
103 130
103 147
103 199
103 227
104 110
104 113
104 150
104 153
104 163
104 165
104 169
104 170
104 179
104 185
104 209
104 225
104 235
105 106
105 108
105 113
105 118
105 120
105 133
105 140
105 141
105 142
105 144
105 159
105 166
105 170
105 172
105 173
105 178
105 181
105 186
105 190
105 191
105 203
105 217
105 221
105 234
105 242
106 126
106 148
106 169
106 183
106 210
106 239
106 241
106 245
106 246
107 138
107 141
107 161
107 166
107 182
107 202
107 209
107 215
107 220
107 222
107 233
108 111
108 120
108 133
108 168
108 205
108 212
108 248
109 125
109 151
109 152
109 153
109 157
109 167
109 190
109 192
109 218
109 231
109 235
109 241
110 145
110 166
110 214
111 117
111 121
111 124
111 126
111 134
111 150
111 179
111 186
111 196
111 210
111 222
112 116
112 134
112 145
112 150
112 151
112 156
112 157
112 159
112 180
112 183
112 199
112 206
112 222
113 115
113 124
113 125
113 128
113 147
113 161
113 176
113 179
113 195
113 219
113 249
114 119
114 121
114 123
114 127
114 136
114 154
114 180
114 182
114 231
114 241
114 247
114 248
115 137
115 154
115 156
115 163
115 190
115 236
116 131
116 169
116 171
116 188
116 193
116 223
116 233
116 234
117 118
117 129
117 135
117 153
117 168
117 170
117 172
117 192
117 203
118 121
118 130
118 134
118 165
118 171
118 187
118 189
118 190
118 199
118 200
118 204
118 210
119 132
119 137
119 148
119 165
119 177
119 185
119 191
119 199
119 229
119 232
119 244
119 246
120 131
120 151
120 159
120 168
120 173
120 185
120 212
120 214
120 226
121 127
121 136
121 137
121 139
121 141
121 145
121 146
121 156
121 164
121 186
121 199
121 218
121 236
122 128
122 140
122 189
122 208
122 224
123 129
123 159
123 176
123 178
124 147
124 155
124 160
124 163
124 172
124 180
124 187
124 203
124 213
124 222
124 240
125 130
125 132
125 143
125 164
125 171
125 178
125 194
125 209
125 223
125 246
125 247
126 134
126 142
126 156
126 207
126 219
126 221
126 224
127 146
127 164
127 187
127 189
127 200
127 214
127 231
127 249
128 132
128 144
128 198
128 225
128 246
129 143
129 153
129 154
129 201
129 210
129 220
129 239
130 131
130 146
130 153
130 168
130 223
130 237
130 249
131 135
131 142
131 149
131 183
131 196
131 198
131 202
131 226
131 245
132 136
132 148
132 154
132 155
132 159
132 162
132 183
132 196
132 213
132 228
132 233
133 140
133 149
133 163
133 168
133 172
133 181
133 185
133 196
133 213
133 214
133 217
133 230
133 241
134 135
134 160
134 206
135 148
135 183
135 189
135 193
135 226
135 227
135 234
135 238
136 171
136 172
136 183
136 200
136 206
137 148
137 160
137 190
137 194
137 201
137 240
137 245
138 162
138 167
138 221
138 229
139 143
139 151
139 158
139 165
139 182
139 201
139 210
139 216
139 239
140 141
140 142
140 151
140 154
141 151
141 154
141 171
141 172
141 179
141 185
141 203
141 204
141 217
141 219
141 245
142 183
142 190
143 153
143 171
144 151
144 155
144 158
144 172
144 182
144 190
144 202
144 214
144 235
144 249
145 150
145 169
145 179
145 183
145 192
145 209
145 219
145 226
145 238
145 243
146 149
146 153
146 154
147 222
147 229
147 242
148 195
148 198
148 223
148 230
148 238
148 239
149 190
149 200
149 202
149 217
149 228
150 163
150 168
150 189
150 214
150 236
150 239
151 161
151 181
151 191
151 210
151 229
151 241
151 248
152 164
152 191
152 219
152 222
152 245
153 159
153 179
153 232
153 233
154 160
154 163
154 169
154 173
154 211
154 213
154 232
154 234
155 169
155 189
155 199
155 203
155 210
155 211
155 220
155 230
156 170
156 182
156 194
156 209
156 225
157 178
157 223
158 161
158 225
158 230
158 240
158 243
159 197
159 209
159 214
159 220
159 233
159 246
160 161
160 192
160 218
160 227
160 238
160 249
161 178
161 225
162 165
163 171
163 181
163 185
163 192
163 203
163 218
163 240
163 242
163 244
164 170
164 174
164 178
164 183
164 185
164 195
164 196
164 202
164 205
164 246
165 168
165 173
165 175
165 177
165 178
165 196
165 230
165 249
166 189
166 217
166 231
166 247
167 216
167 235
168 179
168 198
168 217
168 219
168 222
168 227
169 170
169 179
169 184
169 215
169 221
169 240
169 246
170 180
170 195
170 226
170 246
171 177
171 181
171 188
171 206
171 232
171 236
172 198
172 223
173 201
173 237
173 247
174 191
174 222
174 236
174 248
175 206
175 207
175 242
176 206
176 211
176 212
176 223
177 196
177 199
177 212
177 218
177 246
178 184
178 195
178 202
179 184
179 192
179 195
179 198
179 199
179 201
179 216
179 219
179 241
180 182
180 183
180 186
180 201
180 208
180 229
180 236
180 246
180 249
181 197
181 198
181 244
182 192
182 213
182 238
183 227
184 189
184 191
184 206
184 207
184 214
184 217
184 230
184 237
184 248
185 194
185 226
185 231
186 222
186 225
186 230
186 243
187 205
187 248
188 207
188 243
189 214
189 219
189 224
189 247
190 215
190 246
191 211
191 232
191 241
192 213
193 246
194 244
196 198
196 200
196 210
197 216
198 202
198 203
198 215
198 220
199 248
200 217
201 239
202 205
202 242
202 244
204 220
204 230
204 233
204 234
205 216
205 241
206 217
206 227
206 234
206 248
207 224
207 238
207 242
207 244
208 225
208 236
208 243
208 246
209 211
209 231
209 244
210 229
210 236
210 248
211 247
212 230
212 240
215 235
215 238
215 247
216 233
216 240
217 222
217 224
218 233
218 239
219 234
219 239
219 240
221 228
221 243
223 225
223 231
223 241
223 246
223 248
224 232
224 248
225 248
226 249
228 229
231 239
232 240
233 242
234 237
235 239
236 245
239 241
