0 1
0 2
0 3
0 4
0 5
0 6
0 7
0 8
0 9
0 10
0 11
0 12
0 13
0 14
0 15
0 16
0 17
0 18
0 19
0 20
0 21
0 22
0 23
0 25
0 26
0 27
0 29
0 31
0 32
0 33
0 34
0 35
0 36
0 37
0 38
0 41
0 42
0 43
0 47
0 48
0 50
0 51
0 52
0 53
0 54
0 55
0 56
0 57
0 60
0 61
0 66
0 68
0 69
0 70
0 71
0 72
0 76
0 82
0 84
0 90
0 93
0 97
0 103
0 105
0 112
0 115
0 118
0 120
0 122
0 124
0 125
0 133
0 134
0 135
0 159
0 161
0 162
0 167
0 168
0 177
0 180
0 185
0 191
0 196
0 199
0 202
0 209
0 216
0 217
0 221
0 222
0 224
0 226
0 227
0 228
0 243
0 246
1 17
1 18
1 19
1 20
1 21
1 22
1 23
1 24
1 28
1 30
1 34
1 35
1 36
1 38
1 39
1 42
1 43
1 46
1 48
1 49
1 50
1 55
1 56
1 62
1 63
1 65
1 67
1 69
1 77
1 79
1 92
1 100
1 104
1 115
1 117
1 120
1 128
1 132
1 134
1 137
1 139
1 142
1 148
1 159
1 168
1 169
1 182
1 193
1 212
1 215
1 221
1 234
1 245
2 17
2 18
2 19
2 20
2 22
2 23
2 24
2 25
2 26
2 27
2 29
2 30
2 31
2 33
2 37
2 39
2 42
2 44
2 46
2 47
2 49
2 60
2 61
2 62
2 69
2 71
2 74
2 75
2 80
2 82
2 84
2 91
2 95
2 102
2 105
2 106
2 112
2 119
2 129
2 133
2 134
2 138
2 142
2 145
2 150
2 151
2 152
2 154
2 184
2 189
2 192
2 194
2 198
2 199
2 209
2 213
2 221
2 223
2 225
2 229
2 231
2 233
2 234
2 235
2 240
2 241
3 18
3 19
3 20
3 27
3 28
3 31
3 43
3 46
3 52
3 102
3 103
3 105
3 109
3 116
3 127
3 140
3 150
3 183
3 187
3 224
3 233
3 237
4 17
4 18
4 19
4 20
4 21
4 22
4 23
4 24
4 25
4 26
4 27
4 30
4 31
4 32
4 38
4 40
4 43
4 44
4 45
4 50
4 53
4 54
4 55
4 58
4 59
4 66
4 68
4 69
4 70
4 71
4 78
4 81
4 85
4 97
4 98
4 106
4 108
4 111
4 113
4 132
4 133
4 140
4 144
4 146
4 155
4 158
4 159
4 163
4 168
4 172
4 177
4 187
4 193
4 198
4 210
4 217
4 218
4 220
4 223
4 224
4 229
4 231
4 235
5 17
5 18
5 21
5 25
5 26
5 27
5 28
5 31
5 32
5 36
5 41
5 47
5 54
5 57
5 58
5 60
5 65
5 75
5 81
5 87
5 88
5 90
5 107
5 114
5 117
5 119
5 121
5 123
5 135
5 142
5 169
5 181
5 188
5 195
5 199
5 215
5 217
5 233
6 17
6 18
6 20
6 21
6 23
6 24
6 25
6 28
6 30
6 34
6 37
6 38
6 40
6 44
6 45
6 46
6 47
6 49
6 53
6 58
6 59
6 63
6 66
6 69
6 79
6 89
6 93
6 104
6 110
6 116
6 119
6 122
6 125
6 141
6 147
6 155
6 160
6 161
6 166
6 169
6 176
6 191
6 200
6 205
6 206
7 17
7 18
7 19
7 20
7 24
7 25
7 26
7 28
7 29
7 31
7 32
7 34
7 35
7 36
7 40
7 47
7 48
7 50
7 53
7 66
7 79
7 82
7 89
7 111
7 112
7 123
7 124
7 129
7 136
7 139
7 145
7 155
7 176
7 196
7 199
7 207
7 211
7 229
7 241
8 17
8 18
8 19
8 20
8 21
8 22
8 24
8 25
8 26
8 28
8 29
8 32
8 35
8 38
8 40
8 43
8 44
8 49
8 50
8 51
8 55
8 56
8 57
8 62
8 65
8 68
8 73
8 74
8 75
8 77
8 88
8 89
8 92
8 94
8 96
8 100
8 107
8 108
8 110
8 111
8 122
8 124
8 126
8 133
8 136
8 139
8 151
8 152
8 153
8 154
8 156
8 157
8 160
8 161
8 170
8 173
8 182
8 198
8 200
8 205
8 210
8 216
8 220
8 245
9 17
9 18
9 19
9 20
9 21
9 22
9 25
9 27
9 32
9 34
9 41
9 46
9 52
9 59
9 66
9 69
9 110
9 113
9 126
9 188
9 204
9 223
9 243
9 247
10 17
10 18
10 21
10 22
10 23
10 24
10 26
10 27
10 29
10 31
10 33
10 50
10 55
10 62
10 71
10 74
10 76
10 78
10 95
10 104
10 105
10 121
10 134
10 138
10 146
10 150
10 157
10 167
10 178
10 179
10 182
10 183
10 192
10 200
10 211
10 218
10 226
10 228
10 234
10 243
10 244
11 17
11 19
11 20
11 21
11 23
11 24
11 25
11 27
11 29
11 36
11 37
11 40
11 45
11 48
11 56
11 59
11 63
11 67
11 69
11 70
11 77
11 93
11 102
11 105
11 113
11 117
11 137
11 155
11 156
11 157
11 163
11 169
11 175
11 176
11 179
11 202
11 218
11 231
11 238
11 242
11 249
12 17
12 18
12 19
12 20
12 22
12 26
12 31
12 41
12 56
12 59
12 62
12 64
12 65
12 72
12 73
12 78
12 99
12 108
12 117
12 123
12 124
12 141
12 170
12 180
12 184
12 194
12 209
12 212
12 236
12 241
12 243
12 249
13 17
13 18
13 19
13 21
13 22
13 23
13 24
13 25
13 26
13 32
13 34
13 36
13 38
13 42
13 43
13 45
13 48
13 52
13 62
13 63
13 82
13 91
13 94
13 101
13 103
13 107
13 113
13 115
13 120
13 125
13 135
13 142
13 146
13 150
13 151
13 161
13 162
13 172
13 198
13 204
13 207
13 214
13 229
13 230
13 231
13 235
13 237
14 17
14 18
14 19
14 20
14 22
14 28
14 29
14 30
14 32
14 38
14 46
14 49
14 58
14 61
14 66
14 69
14 80
14 109
14 110
14 122
14 128
14 143
14 154
14 157
14 196
14 199
15 17
15 18
15 19
15 21
15 22
15 23
15 24
15 26
15 27
15 29
15 30
15 34
15 36
15 39
15 45
15 51
15 55
15 83
15 84
15 88
15 94
15 100
15 110
15 118
15 122
15 166
15 167
15 169
15 192
15 203
15 212
15 218
15 230
15 231
15 232
15 233
16 17
16 19
16 20
16 21
16 22
16 23
16 25
16 28
16 29
16 30
16 31
16 33
16 34
16 38
16 40
16 44
16 46
16 47
16 50
16 52
16 55
16 57
16 58
16 61
16 66
16 67
16 71
16 72
16 82
16 87
16 97
16 98
16 103
16 104
16 108
16 109
16 112
16 114
16 119
16 127
16 129
16 148
16 155
16 157
16 158
16 162
16 167
16 172
16 195
16 205
16 211
16 213
16 225
16 233
16 237
17 18
17 19
17 20
17 21
17 23
17 24
17 25
17 26
17 28
17 30
17 31
17 33
17 34
17 35
17 36
17 39
17 40
17 42
17 44
17 49
17 53
17 54
17 55
17 56
17 61
17 63
17 67
17 69
17 71
17 78
17 81
17 84
17 85
17 89
17 90
17 93
17 95
17 97
17 102
17 107
17 109
17 110
17 112
17 113
17 116
17 118
17 124
17 127
17 128
17 129
17 132
17 144
17 145
17 146
17 148
17 156
17 158
17 172
17 175
17 187
17 192
17 212
17 215
17 218
17 227
17 230
17 237
17 249
18 19
18 20
18 21
18 22
18 23
18 24
18 25
18 28
18 29
18 30
18 32
18 34
18 35
18 36
18 37
18 40
18 42
18 43
18 44
18 47
18 51
18 52
18 53
18 54
18 57
18 60
18 66
18 72
18 73
18 75
18 77
18 84
18 86
18 87
18 89
18 94
18 96
18 99
18 101
18 107
18 108
18 114
18 116
18 119
18 120
18 132
18 143
18 152
18 153
18 158
18 159
18 161
18 183
18 191
18 194
18 200
18 217
18 221
18 224
18 231
18 238
18 239
18 242
19 20
19 21
19 22
19 23
19 24
19 25
19 27
19 29
19 30
19 31
19 32
19 33
19 34
19 35
19 36
19 37
19 38
19 42
19 45
19 46
19 47
19 54
19 55
19 57
19 60
19 62
19 63
19 67
19 70
19 71
19 72
19 74
19 75
19 80
19 82
19 85
19 86
19 90
19 91
19 108
19 109
19 112
19 113
19 120
19 127
19 130
19 132
19 133
19 135
19 137
19 144
19 157
19 170
19 186
19 187
19 203
19 206
19 207
19 208
19 209
19 213
19 216
19 218
19 219
19 228
19 238
19 242
19 246
20 21
20 22
20 23
20 24
20 25
20 26
20 28
20 31
20 32
20 33
20 35
20 36
20 37
20 39
20 40
20 41
20 42
20 43
20 44
20 47
20 48
20 49
20 53
20 54
20 58
20 59
20 62
20 68
20 72
20 75
20 76
20 80
20 81
20 82
20 87
20 88
20 92
20 96
20 101
20 109
20 110
20 126
20 132
20 137
20 140
20 142
20 149
20 152
20 153
20 158
20 177
20 186
20 187
20 195
20 202
20 205
20 210
20 211
20 213
20 220
20 232
20 239
20 240
20 249
21 22
21 23
21 24
21 27
21 29
21 30
21 31
21 32
21 33
21 35
21 36
21 38
21 41
21 42
21 44
21 51
21 52
21 53
21 60
21 62
21 64
21 70
21 73
21 76
21 77
21 80
21 81
21 83
21 93
21 94
21 98
21 99
21 103
21 119
21 122
21 125
21 126
21 130
21 131
21 132
21 134
21 142
21 152
21 156
21 163
21 164
21 165
21 188
21 189
21 190
21 204
21 213
21 215
21 217
21 221
21 230
21 232
21 243
21 245
22 23
22 26
22 27
22 30
22 33
22 34
22 35
22 38
22 39
22 41
22 42
22 43
22 44
22 45
22 51
22 52
22 53
22 57
22 58
22 60
22 61
22 64
22 75
22 76
22 78
22 83
22 85
22 86
22 88
22 93
22 100
22 103
22 105
22 107
22 109
22 117
22 118
22 122
22 126
22 128
22 129
22 130
22 134
22 138
22 139
22 141
22 146
22 149
22 152
22 155
22 167
22 182
22 193
22 194
22 197
22 198
22 214
22 223
22 224
22 227
22 231
22 232
22 234
22 235
22 237
22 242
23 24
23 25
23 26
23 27
23 28
23 33
23 35
23 37
23 39
23 41
23 42
23 43
23 44
23 45
23 46
23 47
23 48
23 50
23 51
23 53
23 54
23 56
23 57
23 58
23 59
23 61
23 62
23 65
23 67
23 69
23 73
23 81
23 83
23 84
23 88
23 89
23 98
23 100
23 104
23 105
23 107
23 110
23 111
23 123
23 127
23 131
23 139
23 144
23 147
23 151
23 154
23 156
23 157
23 160
23 164
23 166
23 174
23 176
23 190
23 192
23 202
23 205
23 207
23 209
23 216
23 219
23 221
23 222
23 226
23 232
23 243
24 26
24 27
24 28
24 29
24 30
24 32
24 33
24 35
24 36
24 38
24 39
24 40
24 44
24 46
24 47
24 48
24 50
24 51
24 54
24 56
24 57
24 60
24 62
24 63
24 65
24 71
24 73
24 74
24 75
24 78
24 79
24 85
24 86
24 89
24 90
24 92
24 100
24 103
24 107
24 110
24 119
24 122
24 123
24 129
24 143
24 150
24 151
24 153
24 155
24 162
24 172
24 187
24 189
24 196
24 212
24 218
24 229
24 236
24 244
24 245
24 248
24 249
25 26
25 27
25 28
25 29
25 31
25 32
25 33
25 35
25 40
25 41
25 42
25 43
25 45
25 47
25 48
25 49
25 50
25 51
25 52
25 53
25 54
25 55
25 56
25 59
25 65
25 72
25 75
25 77
25 80
25 96
25 101
25 105
25 113
25 114
25 117
25 118
25 122
25 125
25 126
25 137
25 139
25 143
25 144
25 146
25 147
25 148
25 151
25 155
25 157
25 159
25 165
25 171
25 177
25 181
25 184
25 185
25 196
25 197
25 205
25 210
25 218
25 219
25 221
25 225
25 240
25 241
25 248
26 27
26 28
26 29
26 30
26 31
26 33
26 34
26 36
26 37
26 39
26 41
26 45
26 49
26 50
26 51
26 52
26 61
26 66
26 67
26 70
26 71
26 72
26 74
26 75
26 76
26 77
26 80
26 82
26 84
26 92
26 101
26 102
26 104
26 106
26 114
26 126
26 127
26 128
26 135
26 136
26 147
26 152
26 162
26 163
26 170
26 177
26 191
26 205
26 207
26 212
26 218
26 231
26 234
26 236
26 249
27 28
27 30
27 33
27 37
27 40
27 48
27 55
27 74
27 76
27 79
27 83
27 85
27 88
27 94
27 98
27 100
27 101
27 102
27 103
27 107
27 111
27 113
27 115
27 125
27 128
27 130
27 131
27 133
27 138
27 156
27 159
27 161
27 174
27 179
27 183
27 191
27 194
27 199
27 203
27 209
27 211
27 213
27 219
27 220
27 226
27 227
27 235
27 238
27 242
28 29
28 30
28 32
28 36
28 37
28 38
28 39
28 41
28 43
28 46
28 49
28 53
28 58
28 64
28 66
28 68
28 82
28 83
28 88
28 89
28 92
28 101
28 104
28 114
28 125
28 126
28 129
28 137
28 138
28 142
28 150
28 151
28 156
28 170
28 173
28 181
28 197
28 200
28 201
28 209
28 217
28 227
28 228
28 247
28 248
29 31
29 33
29 34
29 37
29 39
29 40
29 41
29 44
29 45
29 48
29 51
29 53
29 56
29 58
29 65
29 67
29 68
29 70
29 75
29 78
29 85
29 89
29 97
29 103
29 104
29 112
29 117
29 138
29 141
29 144
29 146
29 152
29 154
29 162
29 169
29 175
29 186
29 200
29 206
29 210
29 214
29 223
29 226
29 230
29 231
29 235
29 249
30 35
30 36
30 39
30 40
30 44
30 45
30 46
30 48
30 57
30 64
30 73
30 77
30 78
30 82
30 84
30 85
30 90
30 94
30 96
30 97
30 101
30 102
30 112
30 115
30 120
30 131
30 134
30 140
30 141
30 143
30 147
30 156
30 174
30 176
30 212
30 214
30 225
30 227
30 234
30 237
30 242
30 247
30 248
31 32
31 33
31 34
31 35
31 38
31 39
31 42
31 44
31 46
31 47
31 48
31 51
31 52
31 53
31 60
31 61
31 63
31 67
31 68
31 69
31 70
31 72
31 73
31 74
31 75
31 78
31 83
31 86
31 87
31 88
31 89
31 95
31 96
31 99
31 104
31 105
31 108
31 111
31 114
31 119
31 120
31 123
31 128
31 130
31 133
31 137
31 142
31 144
31 148
31 149
31 165
31 172
31 174
31 175
31 177
31 178
31 181
31 186
31 188
31 203
31 208
31 224
31 229
31 230
31 243
31 247
32 34
32 37
32 44
32 47
32 48
32 50
32 63
32 65
32 68
32 70
32 73
32 77
32 79
32 82
32 86
32 88
32 100
32 102
32 105
32 106
32 113
32 121
32 132
32 139
32 146
32 156
32 157
32 158
32 178
32 181
32 185
32 186
32 195
32 205
32 210
32 214
32 216
32 223
32 225
32 227
32 243
33 37
33 45
33 63
33 64
33 74
33 83
33 92
33 103
33 109
33 110
33 132
33 136
33 153
33 154
33 182
33 189
33 190
33 214
33 221
33 229
33 234
34 35
34 37
34 38
34 43
34 49
34 50
34 56
34 64
34 70
34 78
34 89
34 90
34 92
34 97
34 99
34 104
34 119
34 121
34 128
34 131
34 133
34 136
34 148
34 153
34 162
34 170
34 178
34 184
34 188
34 195
34 202
34 208
34 227
34 247
35 39
35 42
35 59
35 62
35 69
35 71
35 72
35 79
35 81
35 86
35 91
35 95
35 97
35 98
35 100
35 101
35 102
35 104
35 105
35 107
35 111
35 113
35 118
35 124
35 129
35 136
35 141
35 144
35 145
35 172
35 178
35 189
35 192
35 200
35 204
35 207
35 208
35 211
35 226
36 37
36 41
36 42
36 45
36 50
36 51
36 53
36 54
36 55
36 56
36 57
36 58
36 59
36 61
36 62
36 65
36 66
36 67
36 69
36 77
36 84
36 85
36 91
36 98
36 100
36 108
36 111
36 122
36 125
36 128
36 132
36 140
36 154
36 157
36 163
36 166
36 177
36 180
36 181
36 184
36 186
36 191
36 199
36 201
36 203
36 207
36 213
36 220
36 227
36 228
36 234
36 241
36 243
36 244
36 245
37 38
37 39
37 41
37 43
37 45
37 47
37 49
37 52
37 56
37 60
37 63
37 70
37 75
37 77
37 81
37 82
37 84
37 85
37 86
37 87
37 93
37 97
37 100
37 106
37 114
37 127
37 133
37 144
37 145
37 146
37 149
37 152
37 154
37 155
37 160
37 161
37 168
37 173
37 176
37 178
37 183
37 186
37 192
37 197
37 198
37 214
37 215
37 218
37 223
37 229
37 230
37 239
37 245
37 247
37 249
38 39
38 40
38 41
38 43
38 48
38 51
38 52
38 60
38 63
38 64
38 65
38 68
38 74
38 83
38 91
38 96
38 98
38 105
38 106
38 113
38 116
38 118
38 134
38 140
38 141
38 143
38 148
38 174
38 176
38 177
38 179
38 184
38 193
38 197
38 208
38 211
38 212
38 228
39 40
39 42
39 50
39 51
39 58
39 60
39 68
39 70
39 74
39 75
39 87
39 97
39 112
39 118
39 121
39 123
39 124
39 126
39 143
39 154
39 162
39 171
39 186
39 189
39 211
39 230
39 242
40 41
40 43
40 46
40 49
40 51
40 52
40 57
40 62
40 64
40 65
40 74
40 77
40 79
40 80
40 85
40 89
40 96
40 98
40 105
40 108
40 126
40 131
40 139
40 148
40 162
40 182
40 215
40 239
40 241
40 242
41 47
41 49
41 50
41 52
41 55
41 58
41 61
41 64
41 65
41 67
41 82
41 84
41 90
41 93
41 104
41 114
41 122
41 137
41 138
41 165
41 173
41 179
41 185
41 204
41 212
42 46
42 54
42 59
42 61
42 65
42 66
42 80
42 97
42 99
42 112
42 117
42 118
42 123
42 126
42 127
42 154
42 158
42 165
42 188
42 190
42 195
42 201
42 206
42 232
42 244
42 245
42 246
42 247
43 45
43 55
43 59
43 64
43 72
43 73
43 76
43 80
43 93
43 107
43 111
43 119
43 121
43 146
43 161
43 173
43 188
43 192
43 210
43 218
43 225
43 236
44 48
44 49
44 53
44 59
44 66
44 78
44 98
44 104
44 106
44 107
44 114
44 139
44 140
44 160
44 166
44 168
44 169
44 192
44 224
45 46
45 63
45 78
45 79
45 80
45 125
45 130
45 144
45 146
45 153
45 179
45 193
45 197
45 232
45 243
45 245
46 54
46 56
46 59
46 64
46 69
46 70
46 71
46 72
46 76
46 84
46 92
46 93
46 99
46 103
46 111
46 118
46 121
46 122
46 125
46 127
46 128
46 130
46 136
46 146
46 153
46 160
46 164
46 165
46 168
46 177
46 183
46 185
46 192
46 198
46 209
46 221
46 225
46 238
46 240
46 244
46 248
47 55
47 57
47 62
47 63
47 66
47 72
47 74
47 79
47 90
47 91
47 109
47 114
47 120
47 126
47 130
47 136
47 137
47 143
47 166
47 170
47 175
47 183
47 196
47 201
47 217
47 218
47 219
47 222
47 229
47 230
47 239
47 247
48 49
48 54
48 56
48 58
48 60
48 68
48 74
48 81
48 86
48 89
48 97
48 110
48 112
48 113
48 115
48 120
48 127
48 128
48 136
48 140
48 149
48 152
48 169
48 171
48 174
48 178
48 201
48 204
48 206
48 218
48 227
48 246
48 249
49 60
49 76
49 83
49 86
49 92
49 96
49 101
49 108
49 151
49 158
49 174
49 211
49 213
49 237
50 52
50 59
50 61
50 64
50 75
50 84
50 91
50 94
50 95
50 99
50 103
50 105
50 106
50 111
50 115
50 118
50 131
50 141
50 144
50 173
50 185
50 187
50 190
50 205
50 224
50 228
50 244
50 246
50 248
51 54
51 55
51 60
51 67
51 68
51 83
51 87
51 91
51 113
51 120
51 123
51 124
51 129
51 131
51 145
51 147
51 161
51 165
51 174
51 196
51 213
52 58
52 66
52 73
52 90
52 94
52 95
52 96
52 100
52 104
52 106
52 114
52 119
52 130
52 133
52 134
52 144
52 149
52 158
52 167
52 175
52 189
52 194
52 195
52 206
52 210
52 215
52 229
52 230
52 236
53 54
53 57
53 61
53 73
53 77
53 80
53 85
53 93
53 94
53 114
53 121
53 140
53 150
53 152
53 168
53 171
53 183
53 186
53 202
53 222
53 226
53 228
53 240
53 246
54 56
54 59
54 66
54 67
54 73
54 74
54 76
54 86
54 97
54 100
54 102
54 107
54 130
54 177
54 180
54 184
54 201
54 204
54 208
54 249
55 57
55 60
55 64
55 69
55 70
55 72
55 76
55 98
55 106
55 111
55 112
55 121
55 126
55 131
55 135
55 137
55 141
55 153
55 171
55 173
55 202
55 220
55 225
55 240
55 246
56 57
56 58
56 65
56 71
56 81
56 82
56 83
56 84
56 86
56 91
56 92
56 93
56 98
56 101
56 102
56 103
56 108
56 109
56 126
56 134
56 141
56 146
56 150
56 163
56 164
56 168
56 169
56 171
56 207
56 208
56 213
56 216
56 232
57 61
57 62
57 68
57 71
57 76
57 78
57 79
57 86
57 88
57 91
57 100
57 101
57 104
57 120
57 121
57 128
57 150
57 151
57 163
57 164
57 168
57 174
57 185
57 188
57 193
57 209
57 212
57 217
57 226
58 63
58 68
58 69
58 71
58 73
58 83
58 84
58 86
58 88
58 92
58 96
58 109
58 132
58 138
58 139
58 140
58 142
58 162
58 163
58 167
58 172
58 197
58 209
58 210
58 215
59 63
59 73
59 75
59 78
59 82
59 85
59 88
59 95
59 103
59 108
59 114
59 115
59 116
59 123
59 125
59 134
59 139
59 153
59 159
59 162
59 174
59 197
59 198
59 201
59 228
59 241
60 61
60 64
60 67
60 80
60 90
60 92
60 94
60 96
60 97
60 98
60 101
60 102
60 106
60 122
60 131
60 132
60 149
60 151
60 162
60 168
60 182
60 185
60 189
60 208
60 215
60 224
61 64
61 67
61 77
61 87
61 92
61 95
61 98
61 109
61 123
61 150
61 165
61 184
61 186
61 214
61 219
61 222
61 235
62 65
62 92
62 96
62 116
62 124
62 128
62 131
62 150
62 173
62 174
62 235
62 237
62 244
63 70
63 71
63 77
63 79
63 89
63 91
63 99
63 124
63 128
63 135
63 140
63 153
63 160
63 164
63 183
63 203
63 216
63 228
63 234
63 248
64 74
64 79
64 82
64 83
64 95
64 97
64 98
64 118
64 140
64 142
64 154
64 159
64 162
64 171
64 176
64 180
64 185
64 204
64 212
64 213
64 218
64 237
64 239
64 241
65 67
65 68
65 86
65 99
65 111
65 112
65 113
65 116
65 157
65 159
65 174
65 179
65 181
65 182
65 193
65 209
65 213
65 223
65 224
66 80
66 87
66 90
66 94
66 107
66 109
66 110
66 115
66 116
66 119
66 127
66 136
66 142
66 150
66 164
66 170
66 171
66 188
66 190
66 197
66 202
66 219
66 233
66 249
67 68
67 72
67 76
67 83
67 131
67 165
67 168
67 175
67 211
67 218
67 232
67 238
68 81
68 85
68 88
68 90
68 106
68 110
68 117
68 119
68 132
68 138
68 197
68 219
69 70
69 77
69 78
69 80
69 81
69 93
69 96
69 98
69 102
69 108
69 120
69 125
69 138
69 145
69 167
69 169
69 171
69 182
69 189
69 199
69 207
69 224
69 237
69 245
70 71
70 85
70 87
70 89
70 106
70 110
70 117
70 135
70 147
70 150
70 156
70 194
70 200
70 205
71 72
71 73
71 79
71 89
71 94
71 138
71 142
71 153
71 163
71 176
71 201
71 205
71 209
71 231
71 244
71 247
72 76
72 78
72 81
72 83
72 109
72 125
72 127
72 130
72 138
72 144
72 147
72 155
72 161
72 170
72 186
72 200
72 206
72 213
72 231
72 232
72 242
72 246
72 248
73 76
73 81
73 84
73 99
73 108
73 115
73 116
73 117
73 119
73 121
73 130
73 131
73 145
73 155
73 158
73 161
73 165
73 166
73 172
73 197
73 206
73 207
73 214
73 227
73 236
73 238
73 248
74 79
74 94
74 116
74 120
74 133
74 144
74 153
74 200
74 231
74 238
75 87
75 90
75 91
75 93
75 115
75 118
75 124
75 135
75 143
75 151
75 159
75 161
75 178
75 193
75 242
76 85
76 95
76 96
76 106
76 113
76 121
76 147
76 150
76 159
76 192
76 196
76 241
77 87
77 91
77 99
77 105
77 116
77 139
77 149
77 162
77 173
77 174
77 178
77 193
77 228
78 79
78 80
78 81
78 88
78 101
78 102
78 121
78 124
78 130
78 132
78 172
78 184
78 212
78 220
78 233
78 239
79 87
79 129
79 161
79 165
79 174
79 175
79 178
79 199
79 236
79 248
80 81
80 99
80 105
80 123
80 144
80 149
80 164
80 242
81 90
81 95
81 117
81 125
81 149
81 160
81 183
81 189
81 222
81 233
81 242
81 246
81 248
82 86
82 87
82 88
82 92
82 99
82 114
82 118
82 133
82 137
82 141
82 147
82 166
82 170
82 171
82 180
82 185
82 194
82 210
82 215
82 216
82 233
82 235
82 240
82 243
83 94
83 109
83 113
83 116
83 135
83 147
83 158
83 165
83 172
83 188
83 199
83 200
83 207
83 219
84 87
84 95
84 99
84 116
84 120
84 141
84 143
84 155
84 184
84 191
84 192
84 200
84 216
84 222
84 225
84 238
85 91
85 95
85 100
85 115
85 138
85 145
85 191
85 198
85 206
85 215
85 225
85 238
86 101
86 129
86 138
86 147
86 160
86 181
86 184
86 227
87 93
87 94
87 100
87 101
87 102
87 110
87 111
87 112
87 117
87 123
87 124
87 127
87 137
87 141
87 152
87 163
87 175
87 181
87 198
87 215
87 223
87 231
87 233
87 237
87 239
88 90
88 93
88 103
88 122
88 136
88 156
88 180
88 181
88 217
88 220
88 244
89 91
89 106
89 107
89 115
89 117
89 119
89 135
89 138
89 155
89 157
89 169
89 175
89 176
89 187
89 192
89 196
89 215
89 248
90 104
90 120
90 136
90 139
90 145
90 149
90 153
90 169
90 177
90 179
90 180
90 184
90 185
90 187
90 192
90 205
90 222
90 228
90 239
90 240
91 99
91 142
91 146
91 153
91 177
91 187
91 196
91 197
91 201
91 247
92 95
92 106
92 107
92 108
92 115
92 117
92 124
92 140
92 149
92 169
92 172
92 205
92 214
92 223
92 240
93 95
93 96
93 111
93 117
93 128
93 134
93 141
93 156
93 161
93 162
93 177
93 188
93 189
93 197
93 212
93 219
94 121
94 123
94 143
94 152
94 174
94 185
94 193
94 224
94 226
94 232
94 233
94 245
95 116
95 129
95 135
95 181
95 182
95 187
95 193
95 201
96 97
96 102
96 103
96 145
96 148
96 166
96 186
96 203
96 208
96 217
96 248
96 249
97 148
97 149
97 160
97 168
97 176
97 178
97 225
98 155
98 156
98 170
98 179
98 190
98 201
98 220
98 231
98 236
98 238
98 240
99 109
99 123
99 124
99 127
99 179
99 186
99 194
99 212
99 245
100 148
100 233
100 246
101 150
101 170
101 175
101 188
101 198
101 213
101 236
102 130
102 136
102 158
102 167
102 173
102 199
102 221
103 108
103 112
103 129
103 132
103 147
103 151
103 159
104 111
104 115
104 143
104 169
104 206
105 119
105 126
105 144
105 149
105 187
105 236
105 242
106 112
106 116
106 121
106 132
106 166
106 247
107 118
107 134
107 145
107 187
107 197
107 211
107 220
107 229
107 238
107 248
108 110
108 142
108 160
108 164
108 178
108 191
108 200
108 230
109 124
109 200
110 133
110 134
110 140
110 147
110 158
110 164
110 195
110 200
110 216
110 244
111 145
111 172
111 202
111 237
112 115
112 121
112 143
112 165
112 179
112 189
112 215
112 223
112 228
112 239
113 114
113 118
113 120
113 131
113 151
113 158
113 160
113 166
113 173
113 181
113 196
113 205
113 234
113 244
113 247
114 148
114 159
114 170
114 246
115 129
115 135
115 136
115 137
115 150
115 158
115 175
115 206
115 208
116 123
116 125
116 137
116 140
116 142
116 151
116 156
116 167
116 178
116 180
116 187
116 189
116 191
116 195
116 204
116 222
117 127
117 130
117 147
117 151
117 158
117 161
117 163
117 164
117 166
117 178
117 206
117 221
117 228
117 235
117 237
117 244
118 122
118 128
118 129
118 139
118 159
118 163
118 164
118 165
118 167
118 180
118 207
118 225
118 240
118 246
119 122
119 129
119 133
119 139
119 152
119 156
119 194
119 198
119 216
119 230
119 234
120 133
120 142
120 161
120 163
120 202
120 203
120 217
120 236
121 126
121 145
121 148
121 184
121 187
121 195
121 221
121 236
121 238
122 130
122 131
122 133
122 135
122 153
122 166
122 182
122 195
122 208
122 216
122 226
122 233
122 240
122 244
122 248
123 125
123 143
123 145
123 149
123 154
123 163
123 165
123 184
123 208
123 214
123 216
123 237
123 246
124 131
124 135
124 141
124 143
124 163
124 167
124 171
124 179
124 203
124 211
124 213
124 230
124 232
125 195
125 211
125 222
126 127
126 134
126 143
126 159
126 171
126 173
126 213
126 220
126 238
127 222
127 245
128 135
128 154
128 168
128 169
128 191
128 195
128 199
129 136
129 146
129 147
129 160
129 188
129 190
129 191
129 193
129 202
130 151
130 162
130 164
130 165
130 180
130 183
130 195
130 206
130 242
131 157
131 183
131 197
131 216
131 238
131 239
132 134
132 138
132 140
132 154
132 166
132 176
132 185
132 192
132 194
132 202
132 203
132 211
132 226
132 231
132 246
133 141
133 148
133 154
133 157
133 176
133 180
133 193
133 203
133 223
134 137
134 155
134 159
134 160
134 166
134 182
134 198
134 232
134 242
135 136
135 170
135 173
135 204
135 214
135 220
135 240
136 137
136 167
136 180
136 204
137 164
137 205
137 208
138 139
138 148
138 180
138 195
138 230
138 233
139 190
139 191
139 194
140 145
140 222
140 235
141 156
141 157
141 167
141 169
141 173
141 176
141 185
141 190
141 198
141 203
141 204
141 244
142 149
142 157
142 168
142 207
142 209
142 242
143 146
143 170
143 183
143 190
143 191
143 223
143 239
144 148
144 177
144 202
145 171
145 186
145 226
146 164
147 185
148 160
148 185
148 198
148 220
148 222
148 229
148 239
148 245
149 154
149 167
149 174
149 182
149 205
149 220
149 239
150 152
150 172
150 175
150 176
150 177
150 179
150 201
150 206
150 225
150 235
150 240
150 243
150 244
151 152
151 180
151 181
151 189
151 202
151 224
151 227
151 230
151 237
151 247
151 249
152 160
152 191
152 222
152 229
152 243
153 167
153 207
153 208
153 229
153 234
154 155
154 163
154 182
154 219
155 175
155 177
155 179
155 184
155 203
155 217
155 234
155 235
155 249
156 170
156 171
156 172
156 184
156 200
156 204
156 209
157 245
158 164
158 168
158 190
158 196
158 197
159 222
159 241
160 166
160 172
160 175
160 179
160 194
160 210
160 235
161 188
162 175
162 179
162 181
162 202
162 217
162 226
163 194
163 196
164 173
164 191
164 203
164 209
164 228
164 232
165 171
165 182
165 189
165 196
165 198
165 199
165 207
165 224
166 168
166 176
166 190
166 201
167 178
167 189
167 212
167 227
167 235
168 181
168 201
168 204
168 209
168 214
168 219
168 234
169 171
169 195
169 239
170 188
170 203
170 241
170 243
171 173
171 192
171 193
173 193
173 210
173 219
173 221
174 220
175 217
176 180
176 190
176 204
176 214
176 225
177 178
177 183
177 186
177 199
177 212
178 182
178 183
178 211
178 222
178 224
178 229
178 241
178 245
179 181
179 183
179 190
179 199
179 202
179 210
180 201
180 245
181 186
181 190
181 234
182 194
182 199
182 216
182 236
183 210
183 232
184 201
185 187
185 203
185 215
185 231
186 188
186 193
186 208
186 232
187 225
188 219
188 233
189 247
190 196
190 206
190 210
191 194
191 208
191 214
191 217
191 228
192 215
192 219
193 207
193 227
193 229
193 249
194 196
194 204
194 221
194 223
194 241
195 248
196 220
196 221
197 226
197 236
198 223
198 237
198 241
200 235
201 217
201 230
201 247
203 211
203 219
203 227
204 210
204 221
204 249
205 206
205 223
205 234
206 214
206 226
207 216
207 236
208 225
209 236
211 218
211 226
212 239
213 241
216 224
217 238
219 233
220 240
222 246
229 247
233 241
234 246
238 240
238 244
241 243
242 243
