0 14
0 28
0 54
0 59
0 89
0 90
0 102
0 103
0 115
0 121
0 136
0 141
0 164
0 170
0 185
0 192
0 196
0 221
0 226
1 12
1 18
1 54
1 60
1 84
1 88
1 98
1 112
1 116
1 163
1 164
1 166
1 208
1 217
1 234
1 236
1 243
1 245
2 25
2 29
2 44
2 70
2 73
2 87
2 92
2 108
2 116
2 167
2 172
2 194
2 205
2 210
2 222
2 248
3 16
3 28
3 38
3 54
3 58
3 105
3 106
3 111
3 114
3 130
3 141
3 165
3 167
3 175
3 202
3 211
3 221
3 226
3 230
3 234
3 245
3 247
4 22
4 32
4 35
4 37
4 54
4 77
4 101
4 118
4 132
4 159
4 164
4 182
4 200
4 201
4 231
5 9
5 15
5 22
5 42
5 53
5 66
5 76
5 84
5 86
5 87
5 105
5 117
5 129
5 134
5 137
5 139
5 179
5 213
5 216
5 234
5 244
6 9
6 42
6 123
6 159
6 161
6 163
6 166
6 173
6 184
6 191
7 23
7 31
7 53
7 65
7 129
7 164
7 177
7 196
8 22
8 31
8 35
8 38
8 42
8 54
8 71
8 73
8 75
8 77
8 86
8 116
8 117
8 145
8 167
8 173
8 215
8 225
8 245
8 246
9 10
9 23
9 31
9 35
9 36
9 46
9 50
9 66
9 93
9 99
9 114
9 141
9 164
9 177
9 183
9 185
10 32
10 48
10 56
10 59
10 85
10 88
10 94
10 95
10 102
10 136
10 151
10 153
10 187
10 200
10 216
10 239
11 18
11 47
11 54
11 64
11 68
11 95
11 110
11 124
11 125
11 130
11 131
11 133
11 154
11 155
11 175
11 192
11 225
11 248
11 249
12 15
12 26
12 28
12 53
12 54
12 72
12 79
12 96
12 112
12 116
12 118
12 131
12 152
12 157
12 211
12 215
12 221
12 223
12 238
12 243
13 21
13 35
13 38
13 45
13 52
13 61
13 77
13 89
13 99
13 118
13 120
13 128
13 136
13 140
13 143
13 170
13 185
13 196
13 198
13 217
13 243
14 15
14 31
14 56
14 71
14 80
14 84
14 136
14 138
14 148
14 158
14 174
14 175
14 197
14 215
14 249
15 37
15 39
15 44
15 49
15 82
15 105
15 130
15 196
15 213
15 224
15 229
15 233
15 241
15 244
15 249
16 20
16 36
16 49
16 73
16 86
16 95
16 98
16 114
16 143
16 150
16 157
16 192
16 193
16 204
16 223
17 39
17 41
17 62
17 72
17 82
17 146
17 159
17 178
17 219
17 222
17 236
17 239
17 248
18 19
18 28
18 60
18 95
18 139
18 141
18 142
18 163
18 173
18 176
18 177
18 183
18 189
18 197
18 215
18 220
18 231
18 233
18 244
19 29
19 47
19 51
19 112
19 113
19 142
19 159
19 175
19 229
20 28
20 33
20 40
20 63
20 75
20 91
20 98
20 112
20 124
20 141
20 142
20 145
20 204
20 208
21 23
21 29
21 38
21 43
21 44
21 48
21 61
21 66
21 70
21 72
21 86
21 92
21 105
21 116
21 118
21 132
21 200
21 244
22 24
22 36
22 43
22 89
22 115
22 167
22 168
22 172
22 174
22 195
22 197
22 202
22 231
22 233
23 31
23 64
23 103
23 120
23 139
23 162
23 170
23 176
23 184
23 185
23 192
23 204
23 205
23 212
23 217
23 219
23 230
23 242
23 244
24 33
24 44
24 72
24 90
24 94
24 98
24 106
24 111
24 123
24 134
24 163
24 172
24 237
25 33
25 44
25 49
25 86
25 105
25 107
25 113
25 114
25 133
25 213
25 225
25 248
26 27
26 52
26 60
26 68
26 71
26 75
26 78
26 86
26 101
26 135
26 147
26 160
26 167
26 182
26 196
26 201
26 210
26 228
27 49
27 57
27 58
27 60
27 61
27 64
27 83
27 91
27 96
27 99
27 104
27 117
27 139
27 153
27 174
27 178
27 183
27 189
27 194
27 195
27 217
27 243
28 35
28 46
28 48
28 59
28 67
28 76
28 88
28 106
28 107
28 114
28 133
28 141
28 175
28 193
28 196
28 237
28 245
29 66
29 71
29 76
29 77
29 88
29 94
29 103
29 107
29 124
29 129
29 149
29 181
29 196
29 202
29 209
29 223
29 228
29 241
30 37
30 52
30 53
30 73
30 86
30 129
30 131
30 137
30 140
30 179
30 180
30 198
30 208
30 227
31 80
31 89
31 113
31 118
31 131
31 136
31 137
31 140
31 150
31 212
31 241
32 66
32 77
32 85
32 98
32 101
32 108
32 132
32 136
32 147
32 153
32 166
32 192
32 193
32 205
32 208
32 222
32 229
32 239
33 69
33 108
33 117
33 160
33 195
33 200
33 218
33 239
34 50
34 52
34 71
34 77
34 118
34 130
34 144
34 162
34 230
34 239
34 243
35 41
35 52
35 79
35 98
35 114
35 133
35 159
35 174
35 199
35 206
35 212
35 226
35 235
36 41
36 55
36 74
36 82
36 93
36 138
36 155
36 160
36 172
36 185
36 188
36 199
36 208
36 234
36 248
37 46
37 51
37 71
37 74
37 86
37 122
37 144
37 184
37 191
37 202
37 214
37 237
38 76
38 85
38 104
38 137
38 171
38 184
38 198
38 216
38 220
38 223
39 42
39 79
39 115
39 133
39 158
39 166
39 169
39 180
39 210
39 230
39 249
40 41
40 54
40 66
40 69
40 82
40 93
40 106
40 144
40 165
40 168
40 178
40 185
40 188
40 202
40 206
40 214
40 238
40 244
41 59
41 63
41 71
41 102
41 133
41 182
41 183
41 188
41 195
42 44
42 47
42 56
42 65
42 67
42 102
42 104
42 126
42 130
42 144
42 147
42 160
42 197
42 199
42 223
42 230
42 233
42 237
42 238
43 46
43 51
43 94
43 98
43 111
43 135
43 150
43 173
43 176
43 194
43 199
43 214
43 235
43 246
43 248
44 47
44 70
44 76
44 87
44 92
44 113
44 116
44 138
44 174
44 184
44 217
44 224
44 233
45 62
45 64
45 95
45 131
45 136
45 144
45 152
45 158
45 198
45 209
45 211
45 216
45 243
46 49
46 61
46 65
46 81
46 89
46 93
46 113
46 120
46 121
46 132
46 147
46 158
46 198
46 212
46 221
46 231
47 48
47 57
47 65
47 67
47 80
47 81
47 116
47 140
47 149
47 164
47 165
47 179
47 180
47 181
47 198
47 213
47 219
47 235
47 244
47 246
48 53
48 96
48 124
48 136
48 146
48 154
48 162
48 166
48 171
48 176
48 195
48 217
48 234
48 236
48 248
49 61
49 73
49 89
49 97
49 122
49 125
49 126
49 168
49 175
49 195
49 206
49 208
49 221
49 227
49 236
49 239
49 248
50 95
50 135
50 150
50 189
50 194
50 197
50 199
50 202
50 206
50 245
50 248
51 59
51 63
51 79
51 86
51 95
51 96
51 100
51 102
51 112
51 114
51 135
51 158
51 161
51 208
51 229
51 243
52 80
52 81
52 103
52 128
52 135
52 140
52 167
52 185
52 205
52 206
52 227
52 233
53 60
53 64
53 77
53 97
53 130
53 144
53 163
53 210
53 225
53 245
53 246
54 60
54 92
54 94
54 100
54 104
54 125
54 132
54 189
54 193
54 202
54 239
55 62
55 71
55 76
55 84
55 89
55 93
55 117
55 125
55 145
55 167
55 172
55 188
55 208
55 211
55 222
55 230
56 57
56 63
56 83
56 91
56 99
56 100
56 109
56 117
56 155
56 156
56 184
56 190
56 212
56 230
56 241
57 83
57 89
57 90
57 101
57 105
57 124
57 144
57 164
57 167
57 183
57 184
57 186
57 221
57 223
57 232
58 95
58 109
58 130
58 162
58 167
58 173
58 205
58 212
58 235
59 84
59 101
59 113
59 126
59 194
60 88
60 98
60 102
60 103
60 110
60 134
60 141
60 164
60 193
60 199
60 220
60 245
60 246
61 66
61 68
61 69
61 72
61 89
61 106
61 110
61 120
61 145
61 152
61 154
61 161
61 168
61 177
61 207
61 239
61 240
62 71
62 78
62 80
62 82
62 94
62 103
62 121
62 150
62 182
62 201
62 223
62 233
63 76
63 79
63 80
63 96
63 104
63 137
63 141
63 179
63 199
63 208
63 214
64 125
64 126
64 143
64 149
64 165
64 171
64 181
64 186
64 200
64 210
64 211
64 220
64 226
64 233
64 236
64 241
64 242
65 79
65 87
65 120
65 126
65 132
65 136
65 147
65 163
65 176
65 178
65 188
65 203
65 218
65 235
66 130
66 131
66 158
66 162
66 217
66 234
66 235
66 236
67 80
67 81
67 84
67 93
67 113
67 116
67 127
67 131
67 151
67 154
67 156
67 159
67 173
67 185
67 196
67 203
67 217
67 223
67 224
68 72
68 84
68 85
68 103
68 105
68 110
68 135
68 139
68 163
68 166
68 175
68 179
68 216
68 224
68 239
68 243
68 245
69 76
69 84
69 86
69 95
69 101
69 104
69 118
69 128
69 145
69 146
69 150
69 194
69 195
69 232
69 243
70 79
70 80
70 89
70 94
70 107
70 142
70 147
70 155
70 161
70 177
70 209
70 212
70 214
70 222
70 235
71 95
71 99
71 138
71 145
71 179
71 216
71 238
72 83
72 87
72 90
72 109
72 114
72 130
72 132
72 136
72 153
72 155
72 168
72 200
72 245
72 246
73 74
73 80
73 81
73 91
73 243
73 247
74 91
74 94
74 117
74 124
74 139
74 143
74 147
74 155
74 158
74 159
74 168
74 171
74 172
74 175
74 184
74 198
74 205
74 208
74 209
74 213
74 231
74 241
75 93
75 110
75 112
75 122
75 123
75 125
75 143
75 158
75 181
76 84
76 94
76 108
76 122
76 132
76 135
76 141
76 142
76 159
76 162
76 180
76 212
76 214
76 223
77 112
77 132
77 150
77 155
77 164
77 176
77 214
77 221
77 229
77 231
78 99
78 111
78 113
78 115
78 141
78 148
78 160
78 162
78 163
78 174
78 179
78 211
78 214
78 242
79 83
79 86
79 105
79 115
79 133
79 215
79 229
79 240
80 101
80 109
80 134
80 137
80 139
80 140
80 148
80 150
80 164
80 176
80 191
80 192
80 214
80 240
81 96
81 107
81 115
81 117
81 121
81 130
81 163
81 186
81 213
81 216
81 221
81 226
81 248
81 249
82 103
82 112
82 115
82 140
82 166
82 178
82 184
82 188
82 216
82 228
83 90
83 120
83 142
83 167
83 191
83 210
83 233
83 248
84 114
84 128
84 133
84 173
84 186
84 192
84 198
84 241
84 245
85 117
85 137
85 145
85 156
85 165
85 167
85 173
85 175
85 187
85 204
85 206
85 221
85 225
85 226
85 238
85 243
86 101
86 102
86 119
86 133
86 134
86 195
86 241
87 99
87 117
87 128
87 150
87 153
87 172
87 196
87 238
87 242
88 91
88 125
88 134
88 170
88 179
88 228
88 238
88 239
89 104
89 123
89 130
89 133
89 164
89 175
89 207
89 235
89 243
90 108
90 115
90 118
90 174
90 190
90 191
90 198
90 211
90 225
90 247
91 93
91 97
91 98
91 115
91 124
91 127
91 147
91 161
91 176
91 186
91 189
91 191
91 192
91 198
91 208
91 226
91 239
91 241
92 106
92 108
92 144
92 166
92 168
92 169
92 174
92 179
92 182
92 193
92 201
92 207
92 232
92 246
92 247
93 97
93 115
93 135
93 145
93 166
93 169
93 171
93 187
93 196
93 211
93 219
93 236
93 247
94 98
94 134
94 135
94 144
94 148
94 156
94 175
94 195
94 213
94 215
94 219
94 230
94 240
94 242
95 96
95 138
95 151
95 176
95 190
95 236
95 247
96 100
96 122
96 125
96 144
96 161
96 189
96 192
96 196
96 215
96 224
96 243
96 247
97 103
97 106
97 107
97 122
97 124
97 126
97 133
97 144
97 163
97 180
97 188
97 206
97 215
97 221
97 233
97 242
97 243
98 140
98 142
98 148
98 149
98 150
98 162
98 174
98 193
98 221
98 231
99 116
99 126
99 128
99 165
99 176
99 195
99 205
99 217
99 228
99 245
100 122
100 125
100 132
100 160
100 166
100 209
100 214
100 242
100 247
101 122
101 137
101 147
101 153
101 190
101 192
101 211
101 214
101 225
102 111
102 112
102 114
102 117
102 120
102 137
102 148
102 149
102 154
102 195
102 202
102 225
102 234
102 245
102 248
103 118
103 142
103 145
103 147
103 149
103 163
103 169
103 180
103 194
103 238
103 241
104 110
104 111
104 144
104 177
104 178
104 207
104 235
105 111
105 115
105 123
105 133
105 135
105 137
105 194
105 201
105 206
105 230
105 238
106 117
106 118
106 153
106 156
106 159
106 161
106 162
106 181
106 227
107 223
107 229
107 247
107 248
108 117
108 130
108 162
108 164
108 174
108 190
108 235
108 236
109 112
109 125
109 183
109 185
109 191
109 220
109 221
110 136
110 160
110 175
110 178
110 197
110 230
110 241
110 246
110 248
111 123
111 160
111 177
111 183
111 196
111 217
111 242
112 115
112 143
112 169
112 171
112 178
112 184
112 207
112 208
112 243
113 123
113 127
113 153
113 172
113 176
113 193
113 201
113 203
113 212
113 213
113 245
114 122
114 174
114 175
114 180
114 228
114 243
114 249
115 117
115 131
115 139
115 143
115 144
115 167
115 172
115 186
115 204
115 206
115 235
115 237
116 131
116 134
116 148
116 152
116 156
116 169
116 223
117 146
117 181
117 185
117 202
117 220
117 225
117 230
118 119
118 145
118 152
118 167
118 182
118 185
118 187
118 199
118 201
118 208
118 221
119 130
119 150
119 157
119 161
119 177
119 198
119 205
119 239
120 123
120 124
120 153
120 158
120 162
120 192
120 193
120 196
120 201
120 206
120 224
120 225
120 226
120 230
121 125
121 131
121 136
121 155
121 166
121 204
121 247
122 133
122 144
122 156
122 189
122 201
122 211
123 135
123 144
123 165
123 188
123 198
123 222
124 143
124 161
124 162
124 166
124 173
124 184
124 209
124 213
124 225
124 232
124 243
125 126
125 127
125 149
125 156
125 162
125 172
125 179
125 192
125 205
125 211
125 213
125 222
125 229
125 234
125 240
126 139
126 170
126 173
126 174
126 220
126 238
126 240
126 242
127 190
127 196
127 201
127 226
128 143
128 150
128 167
128 180
128 197
128 205
128 243
128 247
129 134
129 156
129 165
129 183
129 195
129 199
129 213
130 141
130 146
130 149
130 152
130 158
130 221
130 235
130 248
131 145
131 168
131 189
131 217
131 237
131 240
131 249
132 150
132 170
132 172
132 175
132 193
132 198
132 209
132 219
132 238
132 239
132 248
133 161
133 164
133 175
133 178
133 180
133 206
133 207
134 141
134 153
134 155
134 166
134 183
134 193
134 210
134 212
134 216
134 218
134 236
135 142
135 143
135 167
135 168
135 182
135 214
135 219
135 244
135 248
136 148
136 164
136 184
136 190
136 205
136 214
136 227
136 231
136 235
136 244
136 248
137 155
137 162
137 193
137 213
137 219
137 229
137 241
137 246
138 140
138 144
138 149
138 153
138 156
138 172
138 175
138 189
138 201
138 206
138 215
139 140
139 182
139 189
139 205
139 215
139 243
139 246
140 141
140 162
140 165
140 201
140 212
140 218
140 220
140 237
140 244
141 142
141 157
141 161
141 169
141 177
141 179
141 209
141 210
141 216
141 231
141 242
142 147
142 149
142 160
142 164
142 170
142 196
142 200
143 145
143 149
143 169
143 174
143 193
143 194
143 221
143 222
143 242
144 161
144 162
144 166
144 213
144 233
144 236
144 243
145 146
145 160
145 164
145 175
145 204
145 205
145 241
146 171
146 178
146 203
146 204
146 211
146 215
146 232
146 246
147 154
147 155
147 156
147 161
147 165
147 197
147 200
147 216
147 223
147 248
148 157
148 178
148 191
148 232
148 241
148 246
149 156
149 162
149 167
149 170
149 177
149 180
149 188
149 196
149 214
149 223
149 229
149 234
149 243
150 159
150 163
150 184
150 188
150 199
150 247
151 152
151 173
151 179
151 188
151 218
152 154
152 161
152 176
152 184
152 202
152 204
152 212
152 225
152 228
152 232
153 159
153 180
153 196
153 207
153 208
153 209
153 214
153 218
153 235
153 245
154 176
154 181
154 202
154 246
154 249
155 164
155 182
155 192
155 217
155 227
155 230
156 169
156 181
156 207
156 220
156 224
156 231
156 247
157 165
157 177
157 200
157 208
157 224
157 235
158 159
158 163
158 174
158 197
158 225
158 241
158 246
159 163
159 171
159 173
159 174
159 210
159 228
160 173
160 181
160 222
160 238
161 163
161 168
161 175
161 190
161 202
161 204
161 207
161 246
162 164
162 172
162 202
162 228
163 176
163 179
163 198
163 204
163 214
164 178
164 184
164 247
165 185
165 191
165 216
165 219
165 234
165 236
165 238
166 169
166 173
166 179
166 237
167 172
167 207
167 229
167 241
167 247
168 173
168 216
169 175
169 177
169 199
169 215
169 218
169 222
169 232
169 249
170 185
170 212
170 224
170 231
170 239
171 176
171 181
171 188
171 196
171 232
172 178
172 180
172 183
172 203
172 224
172 237
173 181
173 183
173 200
173 220
174 186
174 193
174 197
174 222
174 230
174 245
174 247
175 180
175 186
175 221
175 230
175 236
176 196
176 197
176 216
177 182
177 191
177 192
177 211
177 214
177 219
177 222
177 232
178 179
178 231
178 236
178 240
179 186
179 191
179 200
179 205
179 217
180 190
180 198
180 202
181 186
181 188
181 196
181 198
181 248
182 190
182 209
182 222
182 228
183 199
184 197
184 217
184 237
184 239
185 188
185 192
185 230
185 248
186 190
186 200
186 202
186 210
186 227
186 231
186 232
186 240
187 190
187 198
187 214
187 229
187 241
187 249
188 202
188 214
188 220
189 197
189 210
190 195
190 213
190 219
190 233
190 247
190 249
191 197
191 221
191 229
191 237
191 247
191 249
192 197
192 205
192 238
193 194
193 195
193 197
193 198
193 226
193 231
194 226
194 227
194 236
194 237
194 243
194 246
195 205
195 223
195 246
195 248
196 216
196 223
196 246
197 243
198 207
198 210
199 208
199 214
199 248
200 234
201 215
201 225
201 239
202 205
202 217
202 242
202 247
203 210
203 246
204 214
205 238
205 240
205 245
207 212
207 222
208 228
208 232
209 212
209 225
209 232
210 211
210 220
210 228
210 229
210 231
210 236
211 231
211 233
211 241
212 220
213 225
213 228
213 235
213 242
214 230
214 231
215 242
216 246
217 221
218 221
218 244
218 249
219 223
219 246
220 239
220 247
221 237
221 244
222 242
223 224
223 228
223 243
223 248
224 234
224 238
224 244
224 248
225 226
225 232
226 233
227 228
227 238
227 242
230 245
231 238
231 247
232 239
234 241
234 249
237 247
239 244
240 248
