0 8
0 25
0 44
0 52
0 110
0 150
0 173
0 177
0 181
0 236
1 3
1 25
1 64
1 77
1 78
1 117
1 120
1 126
1 161
1 176
1 197
1 226
1 227
2 3
2 29
2 35
2 56
2 89
2 127
2 144
2 147
2 169
2 179
2 186
2 194
2 199
2 213
2 217
3 30
3 37
3 65
3 79
3 81
3 92
3 98
3 99
3 123
3 144
3 187
3 207
3 237
3 238
4 9
4 15
4 19
4 23
4 55
4 64
4 73
4 119
4 124
4 145
4 151
4 156
4 178
4 211
5 15
5 19
5 20
5 37
5 48
5 59
5 69
5 107
5 110
5 130
5 140
5 167
5 200
6 24
6 26
6 59
6 115
6 227
6 239
6 242
7 31
7 64
7 75
7 78
7 103
7 120
7 129
7 173
7 211
7 242
7 244
8 61
8 70
8 88
8 89
8 100
8 139
8 142
8 150
8 157
8 177
8 217
8 243
9 44
9 66
9 85
9 110
9 112
9 170
9 189
9 216
9 238
9 243
10 23
10 59
10 61
10 99
10 111
10 140
10 148
10 154
10 157
10 220
11 13
11 31
11 41
11 43
11 47
11 49
11 57
11 74
11 100
11 102
11 111
11 128
11 142
11 170
11 207
11 246
12 21
12 24
12 79
12 98
12 102
12 144
12 150
12 191
12 204
12 207
12 238
13 20
13 58
13 112
13 129
13 134
13 152
13 170
13 192
13 199
13 212
13 221
13 227
14 36
14 46
14 72
14 112
14 121
14 129
14 149
14 164
14 171
14 243
15 20
15 22
15 26
15 48
15 70
15 83
15 145
15 149
15 158
15 161
15 196
15 204
15 207
15 219
15 227
15 238
15 244
16 81
16 97
16 105
16 123
16 124
16 138
16 158
16 168
16 174
16 202
16 204
16 223
16 247
17 25
17 90
17 98
17 115
17 128
17 146
17 173
17 191
17 198
17 200
17 220
17 227
17 228
18 21
18 26
18 38
18 60
18 115
18 139
18 144
18 183
18 189
18 213
19 61
19 196
20 43
20 152
20 160
20 186
20 227
20 242
21 39
21 44
21 94
21 97
21 157
21 170
21 194
21 201
21 207
21 216
21 220
21 241
21 248
22 35
22 59
22 125
22 159
22 181
22 207
23 30
23 70
23 108
23 124
23 166
23 174
23 198
23 212
23 229
24 26
24 38
24 69
24 77
24 78
24 99
24 146
24 156
24 163
24 182
24 201
24 206
24 217
24 233
24 241
25 39
25 120
25 186
25 198
25 199
25 236
25 249
26 37
26 59
26 69
26 75
26 94
26 131
26 205
26 210
27 35
27 61
27 99
27 169
27 171
27 177
27 181
27 184
27 185
27 186
27 210
27 230
28 57
28 109
28 116
28 130
28 189
28 198
28 204
28 206
28 208
28 214
28 222
28 226
29 32
29 35
29 38
29 46
29 79
29 86
29 87
29 103
29 116
29 120
29 141
29 143
29 154
29 165
29 183
29 184
29 196
29 207
29 231
30 71
30 116
30 133
30 151
30 228
30 233
30 238
31 60
31 90
31 121
31 131
31 136
31 137
31 144
31 178
31 184
31 186
31 188
31 238
31 245
31 249
32 69
32 78
32 83
32 112
32 113
32 120
32 168
32 179
32 193
32 219
32 235
32 240
32 241
33 34
33 38
33 45
33 49
33 80
33 115
33 134
33 143
33 200
33 232
33 234
33 239
34 41
34 89
34 111
34 114
34 196
34 216
34 222
34 244
35 41
35 52
35 55
35 59
35 88
35 106
35 132
35 145
35 182
35 199
35 233
36 41
36 136
36 140
36 194
36 203
36 225
36 243
37 66
37 86
37 93
37 114
37 125
37 131
37 141
37 148
37 158
37 170
37 177
37 184
37 185
37 213
37 218
37 219
38 39
38 79
38 104
38 139
38 169
38 190
38 235
39 52
39 100
39 141
39 155
39 159
39 174
39 198
39 215
40 60
40 62
40 64
40 68
40 70
40 78
40 81
40 92
40 121
40 151
40 158
40 192
41 44
41 150
41 187
41 211
41 228
42 60
42 65
42 77
42 79
42 105
42 138
42 142
42 151
42 190
42 206
42 245
43 52
43 104
43 115
43 160
43 161
43 167
43 172
43 183
43 193
43 233
44 49
44 150
44 199
44 221
44 228
44 234
44 245
45 62
45 76
45 167
45 170
45 172
45 223
45 242
46 47
46 56
46 64
46 148
46 183
46 187
46 194
46 240
47 53
47 58
47 64
47 144
47 146
47 169
47 207
47 226
48 51
48 52
48 55
48 101
48 128
48 157
48 181
48 185
48 186
48 187
48 197
49 81
49 87
49 112
49 121
49 124
49 140
49 174
49 212
49 227
50 53
50 69
50 124
50 133
50 159
50 161
50 191
50 225
51 84
51 104
51 126
51 127
51 139
51 163
51 244
52 61
52 68
52 78
52 96
52 104
52 114
52 120
52 128
52 141
52 146
52 147
52 150
52 155
52 172
52 174
52 197
52 224
53 83
53 103
53 114
53 116
53 195
53 225
53 244
54 65
54 81
54 93
54 94
54 98
54 112
54 144
54 164
54 166
54 179
54 185
54 207
54 210
54 218
54 230
54 237
55 57
55 71
55 112
55 135
55 136
55 152
55 160
55 180
55 239
56 74
56 128
56 144
56 164
56 172
56 173
56 181
56 192
56 202
57 58
57 77
57 107
57 113
57 115
57 123
57 132
57 177
57 189
57 199
57 248
58 60
58 83
58 101
58 118
58 135
58 136
58 157
58 158
58 160
58 168
58 170
58 171
58 229
58 233
58 245
59 66
59 80
59 90
59 95
59 99
59 133
59 138
59 214
59 229
59 233
60 74
60 84
60 98
60 99
60 113
60 129
60 140
60 148
60 179
60 202
60 208
60 222
60 241
61 88
61 91
61 95
61 96
61 111
61 113
61 116
61 120
61 132
61 159
61 190
61 225
61 232
61 237
61 248
62 67
62 72
62 81
62 182
62 188
62 195
62 217
62 226
62 228
62 248
63 73
63 103
63 120
63 126
63 131
63 191
63 216
64 77
64 197
64 237
64 245
65 101
65 114
65 116
65 119
66 77
66 86
66 135
66 170
66 190
66 238
66 239
67 75
67 121
67 125
67 154
67 195
67 208
67 226
67 230
67 233
68 88
68 93
68 104
68 106
68 172
68 212
68 213
68 223
68 243
69 97
69 112
69 148
69 162
69 186
69 202
69 203
69 210
69 215
70 86
70 104
70 146
70 187
70 202
71 83
71 84
71 109
71 175
71 184
71 199
71 214
71 244
71 245
72 82
72 92
72 98
72 143
72 153
72 166
72 169
72 170
72 184
72 196
72 211
72 221
73 215
74 79
74 117
74 168
74 172
74 196
74 203
74 249
75 98
75 129
75 165
75 170
75 189
75 213
75 217
76 86
76 127
76 128
76 133
76 149
76 186
76 204
76 231
77 127
77 128
77 153
77 186
77 217
77 232
77 236
78 100
78 110
78 138
78 204
78 242
79 89
79 96
79 111
79 128
79 134
79 139
79 152
79 189
79 223
79 226
79 240
80 93
80 96
80 119
80 126
80 128
80 132
80 142
80 143
80 150
80 168
80 181
80 205
80 235
80 246
81 84
81 90
81 93
81 98
81 101
81 111
81 133
81 206
82 110
82 178
82 186
82 197
82 226
83 157
83 158
83 163
83 218
84 111
84 133
84 150
84 180
84 223
85 96
85 198
85 228
85 231
85 248
86 96
86 111
86 113
86 116
86 147
86 177
86 207
86 214
86 244
87 92
87 144
87 206
87 235
88 167
88 175
88 210
88 246
89 94
89 98
89 107
89 111
89 112
89 151
89 163
89 165
89 229
89 231
89 238
90 153
90 209
90 227
90 234
90 237
90 248
91 123
91 158
92 101
92 108
92 118
92 138
92 155
92 157
92 188
92 192
92 193
92 216
92 243
93 121
93 145
93 171
93 201
93 246
94 110
94 125
94 134
94 140
94 160
94 173
94 211
94 216
94 222
95 117
95 168
95 186
95 240
96 112
96 144
96 148
96 162
96 191
96 204
97 114
97 123
97 140
97 146
97 176
97 177
97 180
97 210
98 110
98 118
98 132
98 155
98 175
98 181
98 189
99 105
99 108
99 118
99 136
99 197
99 201
99 207
99 211
99 214
99 216
99 222
99 227
100 116
100 243
100 245
101 104
101 142
101 147
101 164
101 168
101 174
101 211
101 237
101 238
101 241
102 166
102 177
102 206
102 236
102 242
102 249
103 128
103 148
103 170
103 178
103 190
104 110
104 111
104 139
105 120
105 124
105 127
105 159
105 222
105 231
105 234
106 120
106 129
106 171
106 175
106 221
106 232
106 244
106 248
107 128
107 145
107 160
107 191
107 231
108 111
108 123
108 140
108 148
108 157
108 168
108 200
108 232
109 121
109 126
109 131
109 138
109 145
109 156
109 158
109 166
109 174
109 180
110 138
110 140
110 142
110 146
110 175
110 206
111 124
111 177
111 195
111 225
112 113
112 122
112 134
112 156
112 177
112 190
112 242
113 114
113 141
113 165
113 187
113 212
114 119
114 204
115 128
115 145
115 174
115 183
115 204
115 211
115 219
116 127
116 225
116 248
117 143
117 185
117 187
117 205
117 224
118 127
118 128
118 150
118 153
118 164
119 132
119 227
119 236
120 130
120 133
120 184
120 188
120 218
120 224
120 245
121 146
121 147
121 158
121 188
121 191
121 221
121 237
122 131
122 138
122 151
122 161
122 181
122 191
122 198
122 213
122 217
123 137
123 177
123 187
123 198
123 212
123 215
124 134
124 184
124 234
125 127
125 158
125 211
125 232
125 238
126 151
126 162
126 193
126 219
126 239
127 148
127 153
127 182
127 184
127 196
127 249
128 133
128 137
128 187
129 156
129 191
129 193
129 219
130 143
130 154
130 155
130 169
130 178
130 187
130 227
130 228
130 230
131 141
131 170
131 213
132 155
132 214
133 139
133 141
133 142
133 154
133 208
133 229
134 154
134 173
134 189
134 235
135 143
135 153
135 162
135 186
135 189
135 222
135 227
135 246
136 151
136 154
136 155
136 164
136 215
136 234
136 238
137 146
137 152
137 156
137 179
137 212
137 223
137 226
138 141
138 143
138 174
138 177
139 143
139 147
139 197
139 220
139 224
140 147
140 156
140 159
140 174
140 177
140 193
140 210
140 231
141 171
141 189
141 241
142 192
142 245
142 248
143 177
143 186
143 192
144 160
144 177
144 248
145 190
145 200
145 219
145 237
146 148
146 166
146 180
146 186
146 209
146 218
146 225
146 248
147 150
147 160
147 181
147 221
148 162
148 173
148 197
148 201
148 208
148 211
148 240
149 163
149 180
149 187
149 223
150 159
150 166
150 174
150 185
150 188
150 200
150 218
150 235
151 197
151 205
151 225
151 227
151 240
152 153
152 179
152 181
152 198
152 201
153 170
153 172
153 182
153 247
154 157
154 166
154 191
154 197
154 223
154 228
155 159
155 171
155 186
155 242
155 243
155 249
156 164
156 174
156 192
156 240
157 174
157 175
157 201
157 203
157 216
157 241
158 196
158 214
158 220
158 227
159 163
159 193
159 212
159 238
160 221
160 231
160 248
161 183
161 187
161 195
161 223
162 165
162 179
162 199
162 235
163 166
163 196
163 218
163 243
164 185
164 193
164 224
164 233
165 176
165 199
165 205
165 219
165 234
166 188
167 174
168 196
168 200
168 233
168 243
168 245
169 183
169 192
169 225
169 226
169 236
169 243
170 178
170 185
170 192
170 227
170 229
171 191
171 202
171 205
171 225
171 238
171 245
172 195
172 198
172 234
172 240
173 188
173 202
174 182
174 225
174 244
175 177
175 193
175 195
175 218
176 196
176 238
177 183
177 195
177 210
177 211
177 229
178 205
178 215
178 219
178 234
179 208
180 196
180 197
180 198
180 200
180 206
180 217
180 220
180 243
181 215
182 212
182 218
182 231
182 235
183 226
183 240
183 246
184 196
184 200
184 205
184 224
184 228
184 233
185 227
185 245
186 193
186 202
186 209
186 213
186 231
187 192
187 217
187 227
188 230
189 198
189 242
190 233
191 224
192 195
192 206
192 216
192 248
193 202
193 214
193 229
193 237
193 247
194 216
194 221
194 235
194 237
195 197
195 209
195 236
195 242
196 213
197 211
197 221
197 228
198 199
198 211
198 242
199 224
199 230
200 205
200 206
200 227
201 207
201 213
201 215
201 217
201 219
201 248
202 210
202 230
202 238
203 231
204 208
204 231
204 234
204 237
205 242
206 209
206 231
206 234
207 210
207 219
208 213
208 219
209 228
209 241
210 217
211 220
211 234
212 228
212 244
215 224
215 235
215 246
216 247
219 243
220 237
220 242
221 225
221 246
223 229
223 234
223 243
224 226
224 238
225 247
228 229
228 238
231 243
232 247
234 235
234 239
234 245
235 247
236 237
237 244
239 242
241 248
242 246
243 247
244 245
