0 41
0 56
0 146
0 161
0 221
0 226
1 92
1 151
1 178
1 188
2 7
2 18
2 35
2 37
2 84
2 87
2 95
2 108
2 115
2 130
2 196
2 203
2 221
2 249
3 11
3 32
3 58
3 129
3 146
4 12
4 63
4 79
4 110
4 122
4 165
5 38
5 51
5 69
5 77
5 100
5 115
5 120
5 121
5 125
5 138
5 142
5 148
5 209
6 100
6 105
6 125
6 183
6 194
6 200
7 28
7 44
7 76
7 82
7 95
7 183
7 204
7 206
7 210
7 219
7 223
8 27
8 38
8 46
8 72
8 78
8 92
8 154
8 222
8 246
9 62
9 79
9 162
9 216
9 222
9 244
10 41
10 61
10 68
10 91
10 107
10 147
10 168
10 206
10 229
10 246
11 27
11 65
11 88
11 127
11 141
11 145
11 152
11 207
11 211
11 235
12 24
12 54
12 63
12 66
12 188
12 202
12 207
13 20
13 25
13 36
13 45
13 58
13 190
13 221
14 49
14 174
14 190
14 235
15 33
15 44
15 146
15 167
15 170
15 180
15 185
15 231
16 39
16 93
16 231
16 237
16 240
16 245
17 29
17 31
17 45
17 156
17 164
17 234
17 248
18 28
18 73
18 136
18 157
18 182
18 200
18 229
19 23
19 59
19 74
19 75
19 81
19 138
19 141
19 163
19 208
19 249
20 21
20 33
20 60
20 76
20 123
20 145
20 158
20 173
20 176
20 202
20 223
20 235
21 26
21 44
21 50
21 85
21 177
21 184
22 24
22 34
22 42
22 67
22 146
22 181
22 202
22 219
22 222
23 113
23 167
23 215
23 227
24 31
24 75
24 104
24 144
24 241
24 249
25 118
25 145
25 154
25 156
25 227
26 73
26 82
26 97
26 99
26 183
26 208
27 31
27 44
27 47
27 95
27 97
27 110
27 116
27 122
27 138
27 168
27 185
27 232
28 175
28 209
28 210
28 227
29 79
29 86
29 117
29 125
29 134
29 147
29 158
29 166
29 204
29 212
29 223
29 230
29 240
30 58
30 134
30 160
30 219
31 40
31 53
31 56
31 122
31 155
31 160
31 164
31 179
31 222
31 237
32 69
32 78
32 106
33 57
33 58
33 81
33 164
33 193
33 235
33 241
33 243
34 84
34 93
34 119
34 125
34 202
34 243
35 44
35 46
35 76
35 98
35 141
35 152
35 195
35 223
36 52
36 80
36 100
36 115
36 161
36 195
36 211
37 40
37 76
37 100
37 113
37 126
37 166
37 179
37 200
37 214
37 221
37 237
37 241
38 49
38 64
38 97
38 107
38 127
38 231
39 65
39 163
39 228
39 232
39 243
40 42
40 102
40 103
40 185
40 207
40 235
40 236
40 249
41 72
41 108
41 133
41 146
41 154
41 169
41 194
41 217
42 46
42 83
42 91
42 99
42 109
42 160
42 195
42 204
42 210
42 225
43 59
43 62
43 65
43 76
43 158
43 213
44 66
44 68
44 85
44 99
44 120
44 125
44 154
44 158
44 164
44 186
44 187
44 194
44 210
44 215
44 226
44 231
44 233
44 234
44 247
45 72
45 114
45 129
45 137
45 197
46 49
46 71
46 137
46 140
46 143
46 144
46 145
46 156
46 161
46 162
46 186
46 189
46 195
46 231
47 96
47 151
47 184
47 186
47 192
47 201
47 210
47 216
47 240
48 71
48 74
48 97
48 178
48 212
48 214
48 222
49 117
49 152
49 162
50 76
50 101
50 117
50 199
51 92
51 111
51 118
51 206
51 239
51 244
52 68
52 136
52 138
52 149
52 158
52 159
52 175
52 247
52 249
53 59
53 124
53 150
53 213
54 112
54 148
54 153
54 154
54 159
54 186
54 209
54 226
55 82
55 129
55 175
55 185
55 200
55 234
56 75
56 94
56 127
56 136
56 177
56 216
56 221
56 227
57 72
57 110
57 142
57 151
57 230
58 72
58 144
58 210
58 233
58 239
59 61
59 68
59 155
59 173
59 216
60 62
60 65
60 69
60 82
60 91
60 121
60 129
60 139
60 227
60 234
60 245
61 162
61 188
61 235
61 248
62 103
62 126
62 222
62 233
62 243
62 246
63 120
63 142
63 151
63 154
63 157
63 173
64 73
64 75
64 118
64 125
64 137
64 169
64 218
64 248
65 92
65 93
65 106
65 204
65 238
65 249
66 72
66 131
66 186
66 215
67 73
67 76
67 170
67 202
68 81
68 138
68 167
68 175
68 185
68 212
68 221
68 224
68 231
69 115
69 221
69 223
69 237
69 248
70 89
70 114
70 120
70 134
70 146
71 76
71 81
71 201
72 107
72 158
72 178
72 190
72 222
73 90
73 96
73 148
73 164
73 203
73 237
74 81
74 96
74 98
74 112
74 202
74 209
74 220
75 98
75 116
75 124
75 222
75 228
75 246
76 159
76 163
76 171
76 194
76 222
77 84
77 150
77 181
78 118
78 133
78 179
78 228
78 233
78 249
79 93
79 99
79 104
79 116
79 124
79 172
79 189
79 209
79 222
80 107
80 116
80 126
80 184
80 205
80 215
80 223
80 234
81 111
81 117
81 133
81 144
81 180
81 207
82 111
82 144
82 154
82 185
82 249
83 112
83 172
83 186
84 85
84 87
84 127
84 170
85 132
85 155
85 160
85 162
85 174
85 178
85 214
85 230
86 90
86 109
86 132
86 175
86 207
86 219
86 237
87 125
87 157
87 159
87 195
87 222
88 94
88 177
88 216
88 219
88 232
89 149
89 152
89 187
89 189
89 238
90 125
90 159
90 184
90 185
90 189
90 190
90 214
91 120
91 134
91 173
91 192
91 218
91 229
92 116
92 139
92 184
92 186
92 218
92 230
92 246
92 248
93 147
93 150
93 173
93 192
93 206
93 211
93 229
94 146
94 175
94 181
95 125
95 127
95 171
95 183
95 187
95 217
95 228
95 240
96 99
96 100
96 119
96 144
96 161
96 193
96 202
96 248
97 154
97 155
97 174
97 195
97 233
97 244
98 144
98 149
98 154
98 197
98 201
98 224
98 245
98 249
99 183
99 206
99 247
100 117
100 119
100 146
100 170
100 228
101 106
101 124
101 146
102 158
102 170
102 176
102 203
102 209
102 217
103 128
103 150
103 155
103 168
103 175
103 231
103 238
104 125
104 200
105 124
105 152
105 228
105 243
105 248
105 249
106 115
106 119
106 135
106 159
106 182
106 188
106 190
106 228
106 248
107 133
107 136
107 151
107 201
107 203
107 218
107 231
107 234
107 242
108 186
108 198
109 118
109 133
109 156
109 163
109 188
109 194
109 199
109 215
109 223
109 233
109 244
110 124
110 154
110 184
111 159
111 191
111 199
111 219
112 117
112 157
112 179
112 184
112 235
113 155
113 241
114 182
114 243
115 119
115 202
116 130
116 132
116 219
116 220
116 227
117 139
117 164
117 209
118 180
118 190
118 216
118 230
118 234
118 241
118 247
119 120
119 123
119 132
119 190
119 214
120 124
120 144
120 156
120 195
121 151
121 159
121 162
121 180
121 189
121 191
121 215
121 227
121 243
122 129
122 157
122 164
122 166
122 180
122 191
122 202
123 216
123 248
124 176
124 182
124 188
124 249
125 183
125 199
125 219
125 228
126 147
126 155
126 197
126 205
126 211
126 217
126 222
127 131
127 173
127 215
127 226
128 130
128 184
128 195
128 212
128 217
128 236
129 139
129 177
129 211
129 231
129 238
129 245
130 173
130 227
130 239
131 175
133 153
133 157
133 210
133 215
134 146
134 159
135 163
135 177
135 180
135 246
136 179
136 214
137 151
137 189
137 195
137 201
137 214
137 216
138 202
138 203
138 235
139 143
139 155
139 176
139 216
140 154
140 221
141 170
141 172
141 194
142 168
142 170
142 220
144 182
144 186
144 247
145 164
145 241
146 162
146 168
146 212
147 156
147 236
148 182
148 213
149 155
149 206
149 209
149 232
149 243
150 166
150 177
150 190
150 194
150 198
150 222
150 236
151 171
151 215
151 218
152 179
152 205
152 208
152 228
152 239
153 191
153 228
153 242
155 180
155 194
155 204
155 216
155 218
155 226
156 204
156 211
156 214
156 217
156 228
156 238
157 166
157 210
157 224
157 231
157 244
158 201
158 219
159 182
159 190
159 228
159 233
159 235
160 175
160 187
161 242
163 169
164 170
164 180
164 196
164 227
164 240
165 172
165 190
165 232
165 234
165 245
166 228
166 236
166 239
166 249
167 196
167 206
167 216
167 236
167 239
168 196
168 201
168 232
169 214
170 191
170 199
170 221
170 229
171 190
171 203
171 237
171 241
171 242
172 190
172 219
174 211
175 193
175 225
176 179
176 194
176 197
176 205
176 219
176 232
177 191
177 193
177 224
178 179
179 205
179 213
179 230
179 231
181 183
181 193
181 199
182 232
182 237
182 245
183 224
184 223
185 206
185 214
185 217
185 229
188 243
189 206
189 213
189 230
189 231
189 238
189 248
191 214
192 194
192 224
193 244
194 208
195 237
195 238
196 200
196 220
196 227
196 239
197 203
197 207
198 227
198 235
199 203
199 214
200 202
200 216
200 234
201 216
202 225
202 231
202 244
202 248
203 211
203 218
203 237
204 209
204 213
204 225
205 242
206 213
208 246
210 211
210 231
211 238
212 242
212 249
213 225
214 234
215 238
216 224
216 227
217 232
218 229
219 225
224 226
224 244
225 239
225 242
226 231
226 241
228 240
230 244
231 243
232 241
240 243
