0 27
0 57
0 65
0 70
0 83
0 206
0 248
1 18
1 31
1 77
1 80
1 89
1 94
1 142
1 162
1 168
1 175
1 194
1 207
1 235
1 248
2 4
2 34
2 41
2 44
2 69
2 89
2 97
2 112
2 119
2 162
2 163
2 228
2 246
3 42
3 59
3 60
3 98
3 111
3 149
3 179
3 186
4 81
4 91
4 109
4 187
4 249
5 103
5 124
5 135
5 139
5 153
5 157
5 162
5 178
5 225
5 233
5 243
5 247
6 12
6 42
6 43
6 109
6 154
6 215
7 9
7 15
7 92
7 101
7 134
7 137
7 145
7 161
7 219
7 222
7 236
8 40
8 48
8 67
8 74
8 80
8 89
8 134
8 149
8 188
8 206
8 235
8 239
9 25
9 38
9 77
9 93
9 129
9 131
9 146
9 168
9 174
9 176
9 183
9 204
9 225
10 13
10 49
10 67
10 68
10 74
10 94
10 102
10 105
10 122
10 141
10 168
10 176
10 207
10 217
10 218
10 248
11 23
11 77
11 90
11 135
11 138
11 147
11 173
11 201
11 211
11 223
11 249
12 16
12 19
12 35
12 47
12 86
12 90
12 96
12 107
12 168
12 175
12 185
12 221
12 247
13 16
13 36
13 51
13 60
13 71
13 93
13 99
13 112
13 121
13 130
13 149
13 156
13 159
13 176
13 182
13 223
13 243
14 23
14 31
14 46
14 89
14 92
14 150
14 152
14 160
14 187
14 188
14 204
15 82
15 84
15 87
15 101
15 176
15 181
15 184
16 25
16 35
16 42
16 70
16 89
16 91
16 109
16 143
16 144
16 166
16 233
16 243
17 27
17 41
17 46
17 54
17 58
17 102
17 138
17 158
17 190
17 195
17 211
17 224
17 237
18 26
18 51
18 101
18 120
18 153
18 166
18 192
18 213
19 31
19 79
19 85
19 102
19 103
19 113
19 123
19 125
19 151
19 154
19 160
19 163
19 170
19 195
19 217
19 219
19 243
20 70
20 75
20 122
20 128
20 159
20 161
20 187
20 200
20 218
20 232
20 241
20 243
21 29
21 46
21 72
21 87
21 93
21 121
21 146
21 149
21 200
21 207
21 228
21 231
22 40
22 49
22 108
22 111
22 118
22 123
22 199
22 207
23 63
23 65
23 74
23 108
23 110
23 125
23 128
23 170
23 181
23 192
23 203
23 214
23 218
24 46
24 59
24 68
24 69
24 89
24 137
24 185
24 190
24 201
24 214
24 223
24 235
24 238
25 27
25 51
25 60
25 67
25 84
25 105
25 116
25 127
25 154
25 157
25 172
25 193
25 225
25 230
25 245
26 78
26 84
26 111
26 120
26 124
26 136
26 184
26 207
27 35
27 40
27 77
27 89
27 93
27 94
27 127
27 146
27 149
27 159
27 168
27 172
27 186
27 190
27 193
27 198
27 220
27 236
27 242
28 45
28 51
28 53
28 76
28 90
28 104
28 109
28 110
28 114
28 143
28 151
28 187
28 195
28 198
28 202
28 225
28 226
28 243
29 56
29 79
29 82
29 95
29 96
29 126
29 158
29 164
29 170
29 180
29 214
29 215
29 219
29 241
30 70
30 95
30 120
30 153
30 178
30 184
30 225
30 245
31 79
31 111
31 128
31 155
31 226
32 34
32 59
32 60
32 65
32 102
32 105
32 106
32 107
32 148
32 205
32 211
32 212
32 238
32 241
32 246
33 44
33 57
33 107
33 111
33 129
33 131
33 152
33 166
33 176
33 177
33 201
33 213
33 214
33 235
33 246
33 249
34 38
34 47
34 56
34 75
34 87
34 156
34 179
34 189
34 199
34 210
34 221
34 228
34 247
35 36
35 39
35 51
35 65
35 82
35 86
35 124
35 125
35 131
35 137
35 162
35 196
35 197
35 207
35 218
35 219
36 43
36 66
36 70
36 83
36 151
36 159
36 160
36 182
36 200
36 203
36 215
36 220
36 234
37 49
37 50
37 65
37 66
37 70
37 72
37 81
37 95
37 98
37 104
37 106
37 122
37 145
37 153
37 173
37 175
37 189
37 218
37 223
37 235
37 242
38 60
38 88
38 100
38 114
38 164
38 180
38 205
39 40
39 57
39 85
39 105
39 115
39 121
39 150
39 171
39 173
39 183
39 187
39 189
39 192
39 193
39 222
40 97
40 105
40 109
40 122
40 136
41 65
41 71
41 74
41 83
41 84
41 105
41 122
41 129
41 153
41 157
41 160
41 190
41 196
41 220
41 234
41 240
41 244
42 68
42 72
42 101
42 103
42 105
42 125
42 146
42 162
42 163
42 165
42 173
42 188
42 207
42 208
42 209
42 216
42 241
43 45
43 71
43 83
43 102
43 115
43 120
43 129
43 131
43 148
43 160
43 162
43 184
43 197
43 199
44 46
44 47
44 54
44 65
44 98
44 102
44 120
44 133
44 177
44 178
44 185
44 199
44 249
45 62
45 76
45 79
45 121
45 165
45 186
45 222
45 226
45 241
46 52
46 74
46 90
46 108
46 110
46 133
46 149
46 151
46 172
46 185
46 207
47 69
47 86
47 87
47 88
47 100
47 103
47 105
47 112
47 130
47 163
47 171
47 198
47 221
47 235
47 240
47 242
48 115
48 136
48 139
48 172
48 185
48 191
48 227
49 83
49 88
49 99
49 107
49 198
49 206
49 207
49 238
49 239
49 240
49 244
50 79
50 84
50 96
50 100
50 103
50 129
50 147
50 160
50 166
50 195
50 198
50 200
50 220
50 240
50 243
50 249
51 84
51 89
51 100
51 127
51 151
51 161
51 210
51 228
52 56
52 75
52 76
52 115
52 143
52 173
52 198
52 220
52 246
53 56
53 78
53 143
53 149
53 162
53 168
53 170
53 194
53 248
54 66
54 69
54 79
54 80
54 99
54 116
54 138
54 200
54 204
54 248
54 249
55 165
55 174
55 195
55 211
55 223
55 226
55 246
55 249
56 58
56 67
56 110
56 112
56 113
56 114
56 116
56 132
56 139
56 140
56 141
56 185
56 200
56 215
56 220
57 61
57 84
57 99
57 110
57 115
57 140
57 155
57 165
57 181
57 183
57 199
57 210
57 212
57 213
57 222
58 73
58 91
58 97
58 98
58 139
58 154
58 163
58 193
58 197
58 201
58 226
58 249
59 72
59 80
59 96
59 98
59 100
59 119
59 136
59 141
59 152
59 159
59 170
59 187
59 196
59 197
59 221
59 243
59 246
60 64
60 74
60 109
60 131
60 142
60 144
60 170
60 179
60 195
60 198
60 228
60 240
61 90
61 100
61 115
61 124
61 130
61 133
61 157
61 182
61 224
61 226
62 80
62 88
62 90
62 94
62 126
62 189
62 194
62 222
62 233
62 240
63 67
63 75
63 81
63 111
63 113
63 150
63 159
63 162
63 164
63 188
63 195
63 203
63 225
63 227
63 228
64 68
64 69
64 86
64 125
64 129
64 139
64 147
64 170
64 175
64 182
64 186
64 207
64 239
65 101
65 109
65 134
65 140
65 168
65 186
65 206
65 208
65 213
66 86
66 103
66 117
66 136
66 141
66 182
66 187
66 225
66 238
67 73
67 75
67 89
67 100
67 112
67 131
67 146
67 169
67 177
67 190
67 209
67 217
67 241
67 242
68 123
68 139
68 143
68 144
68 160
68 173
68 203
68 243
69 103
69 142
69 145
69 156
69 215
69 216
69 229
70 95
70 115
70 116
70 142
70 178
70 180
70 217
70 241
71 109
71 114
71 131
71 156
71 157
71 161
71 170
71 178
71 201
72 81
72 100
72 105
72 115
72 174
72 183
72 186
72 219
72 246
73 86
73 101
73 107
73 118
73 133
73 137
73 141
73 178
73 203
73 207
73 230
74 86
74 106
74 117
74 144
74 172
74 179
74 203
74 238
74 244
75 119
75 154
75 155
75 164
76 81
76 82
76 83
76 97
76 132
76 172
76 195
76 196
76 206
76 211
76 214
76 220
76 237
76 240
77 108
77 119
77 174
77 185
77 200
77 243
78 90
78 98
78 152
78 180
78 213
78 225
78 237
79 110
79 119
79 125
79 140
79 143
79 167
79 206
79 221
80 99
80 103
80 108
80 121
80 137
80 187
80 206
80 212
80 222
81 113
81 127
81 143
81 168
81 177
81 215
81 228
81 231
81 241
82 90
82 102
82 123
82 130
82 161
82 162
82 173
82 177
82 219
82 228
83 115
83 117
84 89
84 102
84 152
84 158
84 181
84 207
84 212
84 246
85 92
85 93
85 98
85 100
85 120
85 136
85 139
85 146
85 154
85 177
85 180
85 181
85 215
85 234
86 127
86 132
86 136
86 143
86 148
86 165
86 191
86 192
86 197
86 236
86 243
86 244
87 89
87 110
87 130
87 184
87 198
87 203
87 205
87 212
87 220
88 102
88 143
88 147
88 173
88 191
89 102
89 121
89 128
89 222
89 225
89 248
90 117
90 143
90 147
90 150
90 156
90 166
90 181
90 184
90 189
90 235
90 246
91 126
91 127
91 142
91 176
91 194
91 197
91 198
91 216
91 228
92 96
92 102
92 115
92 129
92 130
92 149
92 167
92 188
92 191
92 209
92 241
93 104
93 107
93 125
93 126
93 137
93 144
93 166
93 209
93 229
94 190
95 119
95 125
95 145
95 147
95 160
95 164
95 205
95 221
95 234
95 238
96 122
96 151
96 162
96 186
96 198
96 204
96 208
97 107
97 119
97 124
97 127
97 133
97 145
97 193
97 196
97 197
97 242
98 103
98 108
98 114
98 131
98 134
98 136
98 147
98 156
98 162
98 168
98 177
98 192
98 235
98 248
99 120
99 151
99 157
99 167
99 180
99 189
99 194
99 199
99 234
99 247
100 101
100 168
100 180
100 187
100 214
100 219
101 122
101 165
101 169
101 170
101 172
101 200
101 220
101 230
101 244
102 132
102 134
102 146
102 147
102 169
102 180
103 125
103 147
103 177
103 183
103 187
104 106
104 125
104 144
104 145
104 160
104 166
104 169
104 194
104 202
104 213
104 223
105 119
105 124
105 142
105 163
105 193
105 219
106 127
106 210
106 234
106 236
106 237
106 243
107 202
107 206
107 215
107 218
107 219
107 232
107 237
107 248
108 117
108 139
108 157
108 175
108 187
108 214
108 228
108 235
108 238
109 116
109 128
109 141
109 176
109 186
109 207
109 222
109 234
109 235
110 113
110 141
110 155
110 176
110 184
110 191
110 203
110 238
110 245
111 164
111 165
111 175
111 182
111 186
111 199
111 213
112 135
112 140
112 143
112 155
112 161
112 190
112 227
112 245
112 246
113 169
113 178
113 180
113 184
113 190
113 207
113 235
113 240
113 248
114 134
114 135
114 149
114 212
114 214
114 235
115 119
115 173
115 184
115 207
115 224
115 226
116 132
116 153
116 160
116 168
116 171
116 174
116 178
116 190
116 193
116 209
116 211
116 223
116 229
117 212
117 213
117 241
117 247
118 134
118 148
118 159
118 175
118 238
118 244
119 157
119 180
119 186
119 210
119 243
119 245
119 246
119 248
120 135
120 195
120 199
120 212
120 218
120 222
120 247
120 248
121 128
121 130
121 157
121 164
121 172
121 177
121 203
121 216
121 217
121 229
121 239
122 153
122 184
122 207
122 212
122 245
123 142
123 166
123 176
123 178
123 188
123 194
123 214
123 243
124 127
124 137
124 149
124 168
124 195
124 220
125 199
126 146
126 168
126 208
126 211
126 240
126 246
127 131
127 137
127 218
127 219
128 140
128 141
128 146
128 161
128 162
128 165
128 170
128 180
128 185
128 192
128 226
128 227
128 234
128 245
129 148
129 171
129 178
129 193
129 194
129 219
129 224
129 239
129 248
130 137
130 153
130 184
130 191
130 196
130 197
130 199
130 241
130 245
130 247
131 165
131 205
131 215
132 140
132 174
132 190
132 242
133 147
133 151
133 156
133 161
133 165
133 176
133 189
133 194
133 206
133 210
134 165
134 170
134 172
134 181
134 201
134 211
134 232
134 239
134 242
135 144
135 165
135 186
135 193
135 199
135 206
136 145
136 147
136 177
136 201
136 205
136 228
136 229
136 230
136 233
136 244
137 174
137 199
137 249
138 140
138 142
138 176
138 209
138 210
138 211
138 226
138 235
138 238
139 161
139 166
139 191
139 199
140 153
140 185
140 195
140 216
140 244
141 152
141 215
142 162
142 175
142 187
142 198
142 212
142 214
143 162
143 172
143 182
143 183
143 191
143 208
143 222
143 234
144 160
144 190
144 217
144 224
145 157
145 190
146 165
146 169
146 182
146 187
146 205
146 220
146 222
146 227
146 231
147 160
147 216
147 223
147 231
147 233
147 242
148 151
148 156
148 236
148 244
149 166
149 206
149 222
149 241
150 157
150 169
150 175
150 203
150 204
150 215
151 175
151 229
152 174
152 185
152 200
152 209
152 222
152 227
152 232
152 248
153 166
153 184
153 211
153 216
154 207
154 228
155 167
155 240
156 161
156 167
156 178
156 192
156 201
156 215
157 174
157 175
157 185
157 195
157 205
157 221
157 237
158 174
158 177
158 192
158 204
158 214
158 228
158 232
158 248
159 171
159 196
159 208
159 235
159 237
159 246
160 214
160 247
161 190
161 192
161 208
162 186
162 199
162 237
162 239
162 242
162 244
163 178
163 180
163 199
163 211
163 217
163 226
164 174
164 176
164 235
165 183
165 210
165 240
165 249
166 200
166 213
166 236
167 233
167 243
167 249
168 169
168 218
169 185
169 192
169 195
169 223
169 225
169 235
170 187
170 202
170 204
170 242
171 173
171 218
171 225
172 188
172 192
172 208
172 226
172 248
173 202
173 214
173 216
173 220
173 231
173 234
173 243
174 175
174 180
174 190
174 207
174 232
174 247
175 187
175 205
175 220
176 178
176 180
176 194
176 207
176 240
177 184
177 218
177 223
177 228
177 239
177 243
178 202
178 215
179 183
179 196
179 213
179 219
179 225
179 231
179 241
179 244
180 185
180 186
180 213
180 238
181 184
181 190
181 223
181 227
181 235
182 183
182 192
182 213
182 240
183 197
184 188
184 190
184 202
184 241
185 202
185 203
185 222
185 231
185 235
186 201
186 240
186 247
187 192
187 195
187 201
187 207
187 232
188 195
188 205
188 211
188 213
188 223
188 235
189 199
189 222
189 232
189 243
190 214
191 222
191 247
192 201
192 206
192 213
192 222
192 223
192 238
192 242
193 228
194 221
194 227
194 229
194 230
195 230
196 232
196 234
196 244
197 199
197 224
198 208
198 237
198 238
199 221
199 247
200 203
200 223
201 218
201 230
201 237
201 247
202 215
202 223
203 207
203 249
204 209
204 225
205 212
205 215
206 220
206 235
206 242
206 249
207 217
207 226
207 234
207 235
208 217
209 214
209 224
209 227
210 223
210 238
211 214
211 228
211 236
212 222
212 245
212 247
213 245
214 218
215 234
215 246
215 248
216 230
216 249
217 238
220 231
221 226
222 247
223 234
227 235
228 237
228 243
229 238
229 247
231 238
231 241
235 244
236 239
236 244
236 246
237 240
238 248
240 245
242 247
243 244
245 247
