0 32
0 46
0 68
0 110
1 33
1 116
1 220
1 229
2 132
2 163
2 205
2 234
3 25
3 26
4 47
4 72
4 124
4 193
4 205
4 247
5 9
5 22
5 42
5 57
5 87
5 168
5 207
5 216
5 222
6 12
6 61
6 78
6 83
6 96
6 126
7 84
7 106
7 182
7 206
7 220
8 60
8 89
8 92
8 107
8 148
9 88
9 151
9 166
9 175
9 215
9 220
10 72
10 107
10 194
10 247
11 32
11 115
11 123
11 169
11 193
11 197
12 39
12 40
12 126
12 203
12 216
12 222
13 19
13 56
13 83
13 87
13 192
14 194
14 247
15 23
15 50
15 67
15 128
15 248
16 59
16 119
16 123
16 140
16 186
16 230
16 238
16 241
17 29
17 119
17 138
17 166
17 225
18 32
18 91
18 161
18 184
18 217
18 249
19 40
19 71
19 72
19 111
19 126
19 185
19 196
20 24
20 112
20 141
20 165
20 182
20 185
20 195
20 215
20 231
21 51
21 110
21 188
21 192
21 222
22 84
22 128
22 138
22 228
22 234
23 132
23 178
24 57
24 120
24 173
24 235
25 42
25 44
25 73
25 85
25 96
25 122
25 131
25 242
26 34
26 63
27 77
27 153
27 170
27 215
27 224
28 36
28 39
28 80
28 103
28 162
28 182
28 193
28 204
28 227
29 31
29 38
29 65
29 81
29 145
29 214
29 231
30 194
31 38
31 69
31 117
31 129
31 158
31 162
31 183
32 72
32 166
32 214
33 91
33 114
33 137
33 177
33 184
33 217
34 57
34 101
34 166
35 107
35 156
35 197
35 228
36 51
36 52
36 96
36 145
36 168
36 170
36 201
37 66
37 97
37 109
37 149
37 162
38 57
38 62
38 78
38 123
38 135
38 154
38 185
38 241
38 243
39 69
39 93
39 99
39 149
39 152
39 163
39 170
39 244
40 45
40 83
40 201
40 205
40 224
40 227
41 78
41 140
41 145
41 239
42 110
42 174
42 232
43 67
43 93
43 219
44 53
44 70
44 91
44 98
44 174
44 194
44 215
44 217
45 107
45 166
45 222
46 60
46 89
46 103
46 121
46 142
46 171
46 208
46 218
46 230
47 62
47 113
47 196
48 76
48 145
48 189
48 194
48 195
49 80
49 126
49 147
49 151
49 158
49 224
49 243
50 102
50 152
50 160
50 190
51 109
51 113
51 209
51 230
52 64
52 92
52 138
53 80
53 89
53 100
53 147
53 157
53 174
53 216
53 225
54 88
54 137
54 160
54 227
55 108
55 175
55 201
55 216
56 104
56 112
56 133
56 155
56 218
56 224
56 248
57 87
57 121
57 167
57 229
58 93
58 96
58 245
59 99
59 136
59 182
59 247
60 149
60 150
60 192
60 234
60 244
61 71
61 142
61 177
61 213
62 74
62 141
62 149
62 166
62 203
62 232
62 242
63 85
63 90
63 127
63 164
64 161
64 191
64 200
65 96
65 199
66 92
66 206
66 249
67 104
67 126
67 176
69 70
69 78
69 165
69 192
69 193
69 210
69 215
69 219
69 232
70 104
70 145
70 188
70 232
71 83
71 149
71 208
71 232
71 234
72 147
72 214
73 105
73 159
73 176
73 211
73 233
73 245
74 83
74 127
75 82
75 91
75 101
75 105
75 176
75 209
75 231
76 79
76 119
76 169
77 151
78 163
78 179
78 189
78 192
78 217
79 214
80 93
80 192
80 242
81 125
81 160
81 161
81 231
82 135
82 154
82 179
82 188
83 96
83 101
83 122
83 149
84 124
84 145
84 148
84 155
84 198
84 207
85 172
86 176
87 171
87 186
87 201
88 124
88 134
88 162
88 211
89 164
89 182
89 224
89 230
89 238
90 116
90 147
90 156
90 157
90 212
91 105
91 195
91 237
92 128
92 229
93 101
93 139
93 145
93 158
93 210
93 215
94 104
94 169
94 184
94 212
95 187
96 166
96 224
97 100
97 128
97 146
97 190
97 219
97 238
97 248
98 229
99 125
99 173
99 200
99 214
99 241
100 107
100 135
100 144
100 166
101 161
101 212
101 215
101 225
101 243
101 247
102 158
102 184
102 232
102 248
103 125
103 148
103 221
103 223
103 232
103 235
104 136
104 190
105 121
105 161
105 243
106 119
107 234
108 120
108 160
109 114
109 128
109 132
109 144
110 113
110 215
110 249
112 115
112 124
112 129
112 208
113 115
113 142
113 159
113 160
113 214
113 238
113 246
114 144
114 160
114 192
114 207
115 140
115 162
115 200
115 217
115 247
116 202
116 231
117 136
117 159
117 212
117 216
117 241
118 131
118 140
118 148
118 215
120 135
120 161
120 170
120 218
121 166
121 177
121 195
121 225
122 170
122 184
122 211
123 228
123 245
124 160
124 199
124 232
125 179
125 181
127 156
127 200
127 218
128 146
128 168
128 195
128 203
129 147
129 229
129 239
129 244
130 185
130 195
130 203
131 217
131 245
131 249
132 220
132 241
132 242
133 166
133 200
134 162
134 182
134 213
134 244
135 201
135 203
136 141
136 185
136 227
136 228
137 161
138 148
138 149
138 235
139 227
140 185
140 215
140 228
141 152
141 199
142 174
142 192
142 199
142 211
142 221
142 237
142 244
143 147
144 191
144 217
145 231
146 156
146 174
146 175
146 191
146 192
147 229
147 244
148 154
148 211
148 221
149 169
149 189
149 217
149 218
150 178
150 203
150 215
150 218
150 220
152 204
152 214
152 221
152 222
152 247
153 195
153 196
153 230
155 215
155 240
156 205
156 229
157 161
157 167
157 189
157 191
157 234
157 247
158 160
158 181
158 204
158 232
159 175
159 188
160 224
161 192
162 169
162 230
163 212
164 179
164 182
165 166
165 205
165 213
165 230
165 247
166 173
166 176
166 180
167 214
168 184
168 210
168 212
168 240
169 190
169 236
169 248
170 223
171 211
172 196
172 234
173 220
173 233
175 231
176 192
176 193
176 219
176 233
177 199
177 230
178 194
179 217
180 209
180 224
181 205
181 208
181 223
181 230
182 201
183 223
183 238
184 196
185 215
186 200
186 231
187 210
187 219
187 235
189 199
190 217
191 193
192 236
193 195
193 234
194 204
194 222
194 224
195 235
196 236
197 225
198 209
198 226
198 232
199 201
200 202
201 237
202 224
205 223
207 236
209 210
210 228
210 249
211 220
211 230
215 224
215 247
216 220
216 240
218 235
219 241
220 226
221 226
225 248
228 243
228 247
229 243
239 246
241 242
241 248
