0 10
0 53
0 100
0 103
0 125
0 131
0 137
0 141
0 158
0 161
0 169
0 171
0 175
0 177
0 199
0 229
0 231
1 7
1 43
1 53
1 69
1 74
1 84
1 95
1 99
1 102
1 130
1 131
1 157
1 172
1 185
1 186
1 205
1 212
2 20
2 43
2 48
2 119
2 151
2 157
2 194
2 236
2 237
2 244
2 247
3 8
3 24
3 44
3 45
3 48
3 57
3 60
3 61
3 65
3 82
3 104
3 146
3 151
3 171
3 221
3 222
3 225
3 246
4 14
4 17
4 23
4 28
4 29
4 31
4 33
4 37
4 43
4 49
4 50
4 141
4 157
4 168
4 200
4 202
4 218
5 10
5 15
5 22
5 23
5 42
5 53
5 77
5 80
5 115
5 145
5 157
5 165
5 189
5 219
5 227
5 233
5 249
6 8
6 9
6 18
6 61
6 63
6 99
6 103
6 108
6 115
6 125
6 159
6 165
6 167
6 169
6 176
6 179
6 200
6 201
6 205
6 207
6 208
6 212
6 222
6 232
6 238
6 239
7 24
7 29
7 47
7 60
7 66
7 151
7 153
7 160
7 166
7 179
7 190
7 194
7 214
7 229
7 235
7 249
8 10
8 24
8 37
8 73
8 81
8 97
8 100
8 133
8 149
8 155
8 157
8 159
8 162
8 167
8 177
8 179
8 197
8 213
8 217
8 221
9 12
9 16
9 21
9 36
9 43
9 48
9 52
9 55
9 63
9 72
9 90
9 92
9 108
9 113
9 121
9 171
9 187
9 189
9 192
9 195
9 207
9 211
9 214
9 221
9 241
10 18
10 26
10 30
10 65
10 76
10 80
10 83
10 93
10 100
10 137
10 151
10 168
10 175
10 188
10 240
11 19
11 50
11 56
11 79
11 94
11 106
11 121
11 126
11 133
11 136
11 141
11 177
11 189
11 204
11 234
11 235
11 249
12 20
12 45
12 49
12 53
12 56
12 57
12 58
12 62
12 80
12 84
12 101
12 117
12 149
12 154
12 166
12 183
12 192
12 198
12 200
12 229
13 53
13 66
13 92
13 108
13 111
13 113
13 148
13 160
13 190
13 201
13 208
13 223
13 228
13 232
13 248
14 21
14 41
14 77
14 114
14 115
14 117
14 126
14 141
14 146
14 154
14 159
14 161
14 182
14 232
14 239
14 248
15 70
15 80
15 92
15 101
15 104
15 123
15 124
15 134
15 160
15 181
15 219
15 225
15 229
15 230
15 238
15 241
16 36
16 41
16 45
16 47
16 51
16 62
16 98
16 112
16 132
16 147
16 148
16 178
16 186
16 207
16 226
16 232
16 238
16 249
17 30
17 68
17 79
17 86
17 96
17 119
17 120
17 135
17 142
17 146
17 161
17 169
17 174
17 205
17 212
17 225
17 226
18 63
18 85
18 89
18 95
18 102
18 127
18 162
18 170
18 176
18 216
18 234
19 39
19 53
19 66
19 76
19 83
19 101
19 126
19 128
19 139
19 188
19 197
19 205
19 212
19 215
19 222
19 223
19 235
19 241
19 243
20 31
20 55
20 60
20 74
20 81
20 107
20 126
20 141
20 146
20 158
20 160
20 164
20 208
20 216
20 219
20 223
20 229
20 233
20 242
21 35
21 50
21 87
21 94
21 112
21 148
21 153
21 160
21 190
21 192
21 214
21 233
22 42
22 43
22 80
22 86
22 127
22 128
22 130
22 166
22 168
22 174
22 190
22 212
22 221
22 222
22 235
23 33
23 42
23 57
23 78
23 100
23 102
23 106
23 145
23 158
23 172
23 178
23 181
23 206
23 219
24 50
24 77
24 81
24 83
24 96
24 105
24 130
24 132
24 134
24 135
24 143
24 149
24 160
24 165
24 166
24 184
24 192
24 212
24 222
24 225
24 230
24 241
25 26
25 33
25 35
25 45
25 51
25 84
25 117
25 132
25 144
25 151
25 168
25 169
25 182
25 193
25 198
25 207
25 223
25 225
25 229
26 53
26 55
26 68
26 70
26 74
26 85
26 92
26 108
26 118
26 123
26 130
26 135
26 142
26 170
26 185
26 187
26 199
26 209
26 211
26 245
27 36
27 50
27 60
27 61
27 98
27 103
27 138
27 149
27 162
27 175
27 196
27 205
27 219
27 230
28 54
28 98
28 120
28 127
28 132
28 144
28 155
28 166
28 213
28 218
28 238
29 31
29 56
29 57
29 62
29 69
29 80
29 93
29 95
29 103
29 124
29 155
29 165
29 215
30 35
30 38
30 46
30 49
30 51
30 59
30 68
30 75
30 92
30 102
30 114
30 125
30 135
30 177
30 200
30 201
30 207
30 213
30 225
30 227
30 229
30 233
30 237
30 240
30 241
31 38
31 46
31 68
31 73
31 102
31 103
31 134
31 161
31 165
31 195
31 206
31 227
31 238
32 34
32 55
32 61
32 62
32 70
32 75
32 92
32 106
32 112
32 115
32 139
32 150
32 152
32 157
32 160
32 174
32 187
32 212
32 237
32 242
32 245
33 38
33 43
33 57
33 58
33 86
33 92
33 114
33 133
33 137
33 158
33 180
33 188
33 201
33 206
33 222
33 235
33 241
34 84
34 91
34 130
34 138
34 141
34 143
34 168
34 170
34 214
34 243
35 66
35 67
35 84
35 85
35 100
35 101
35 112
35 131
35 152
35 157
35 168
35 173
35 187
35 217
35 218
35 220
35 223
36 53
36 58
36 77
36 94
36 127
36 132
36 146
36 147
36 159
36 198
36 215
36 219
36 227
36 237
36 248
37 52
37 59
37 63
37 68
37 72
37 82
37 116
37 131
37 133
37 166
37 178
37 187
37 213
37 217
38 40
38 60
38 63
38 71
38 74
38 95
38 119
38 132
38 133
38 153
38 177
38 185
38 202
38 221
38 225
39 45
39 59
39 84
39 119
39 140
39 168
39 192
39 202
39 223
39 228
39 230
39 235
39 240
40 43
40 88
40 95
40 115
40 119
40 131
40 133
40 145
40 161
40 171
40 192
40 204
40 206
40 234
41 47
41 52
41 55
41 65
41 84
41 88
41 97
41 141
41 190
41 203
41 218
41 224
41 228
41 230
42 67
42 74
42 85
42 93
42 112
42 124
42 129
42 130
42 132
42 203
42 225
42 226
42 227
42 229
42 237
42 239
42 242
42 244
43 44
43 55
43 64
43 67
43 100
43 106
43 110
43 170
43 176
43 198
43 200
43 207
43 210
44 88
44 96
44 98
44 120
44 126
44 133
44 136
44 145
44 191
44 209
44 211
44 212
44 224
44 234
44 237
45 47
45 48
45 62
45 73
45 77
45 86
45 94
45 134
45 149
45 154
45 167
45 171
45 185
45 191
45 198
45 202
45 217
45 224
45 231
45 248
46 47
46 79
46 101
46 107
46 131
46 142
46 144
46 145
46 165
46 167
46 182
46 183
46 199
46 235
46 236
46 241
47 49
47 67
47 81
47 100
47 102
47 113
47 117
47 118
47 142
47 150
47 153
47 156
47 174
47 182
47 186
47 195
47 213
47 214
47 228
47 238
48 53
48 59
48 60
48 62
48 76
48 85
48 137
48 152
48 170
48 172
48 185
48 186
48 198
48 230
49 61
49 66
49 74
49 101
49 108
49 121
49 154
49 156
49 183
49 211
49 212
49 219
49 240
49 248
50 84
50 96
50 111
50 115
50 135
50 166
50 190
50 209
50 216
50 235
51 55
51 84
51 114
51 122
51 130
51 143
51 146
51 163
51 164
51 174
51 188
51 191
51 205
51 213
51 224
52 69
52 74
52 79
52 97
52 124
52 128
52 133
52 144
52 166
52 175
52 181
52 191
52 197
52 200
52 206
52 249
53 57
53 87
53 93
53 103
53 113
53 116
53 117
53 121
53 141
53 153
53 154
53 159
53 171
53 190
53 192
53 206
53 215
53 219
53 228
53 234
54 57
54 61
54 67
54 78
54 86
54 87
54 94
54 108
54 114
54 131
54 154
54 179
54 187
54 195
54 204
54 207
54 211
54 236
55 68
55 73
55 75
55 78
55 120
55 138
55 165
55 173
55 178
55 191
55 206
55 219
55 220
55 222
55 229
55 233
55 248
56 84
56 121
56 141
56 164
56 184
56 197
56 223
56 228
56 231
56 238
57 64
57 65
57 75
57 80
57 100
57 139
57 163
57 186
57 198
57 207
57 211
57 215
57 216
57 238
58 92
58 94
58 101
58 109
58 112
58 115
58 133
58 145
58 157
58 225
59 87
59 104
59 119
59 122
59 128
59 141
59 143
59 190
59 197
59 209
60 63
60 66
60 100
60 113
60 114
60 119
60 149
60 151
60 178
60 192
60 193
60 220
60 247
61 138
61 195
61 227
61 243
62 68
62 108
62 161
62 213
62 216
62 234
62 248
63 91
63 100
63 104
63 147
63 162
63 204
63 246
64 145
64 160
64 162
64 206
64 210
64 241
65 75
65 88
65 90
65 100
65 110
65 133
65 141
65 161
65 166
65 178
65 184
65 200
65 208
65 216
65 248
65 249
66 67
66 75
66 97
66 98
66 111
66 112
66 114
66 132
66 134
66 146
66 163
66 178
66 179
66 185
66 196
66 215
66 244
66 246
66 248
67 79
67 89
67 98
67 103
67 108
67 127
67 183
67 206
67 248
67 249
68 73
68 82
68 85
68 125
68 126
68 133
68 142
68 176
68 197
68 220
68 229
68 246
69 131
69 179
69 184
69 190
69 232
70 72
70 76
70 81
70 92
70 100
70 102
70 135
70 194
70 195
70 206
70 225
70 240
70 245
71 77
71 96
71 103
71 106
71 107
71 109
71 143
71 187
71 188
71 203
71 206
71 208
71 228
71 243
71 248
72 74
72 90
72 115
72 122
72 123
72 132
72 170
72 172
72 194
72 198
72 204
72 222
72 229
73 100
73 136
73 143
73 164
73 171
73 180
73 190
73 199
73 207
73 216
73 220
74 89
74 103
74 135
74 146
74 157
74 203
74 209
74 218
74 231
74 233
74 239
75 82
75 89
75 106
75 109
75 116
75 124
75 126
75 129
75 145
75 162
75 189
75 195
75 196
75 210
75 211
75 213
75 217
75 219
75 232
75 243
75 247
76 88
76 89
76 104
76 110
76 121
76 133
76 169
76 170
76 233
76 239
76 243
77 95
77 107
77 125
77 141
77 183
77 207
77 215
77 220
77 245
77 248
78 81
78 90
78 97
78 102
78 104
78 138
78 140
78 142
78 143
78 172
78 180
79 104
79 123
79 147
79 154
79 157
79 160
79 167
79 209
79 236
80 83
80 94
80 99
80 127
80 150
80 169
80 227
80 228
80 230
80 246
81 85
81 104
81 128
81 132
81 156
81 176
81 186
81 200
82 99
82 104
82 125
82 147
82 154
82 174
82 179
82 180
82 201
82 235
83 98
83 128
83 151
83 153
83 157
83 201
83 203
83 214
83 228
83 235
83 241
84 87
84 113
84 117
84 156
84 160
84 170
84 175
84 181
84 213
84 227
84 237
84 240
84 241
85 106
85 111
85 122
85 125
85 128
85 136
85 139
85 187
85 211
85 246
86 91
86 93
86 98
86 118
86 201
86 209
86 210
86 224
86 226
86 238
86 247
87 177
87 184
87 195
87 203
87 206
87 235
88 98
88 106
88 143
88 146
88 167
88 183
88 187
88 210
88 220
88 223
89 106
89 107
89 121
89 122
89 136
89 153
89 162
89 204
89 220
89 228
89 248
90 107
90 113
90 117
90 141
90 169
90 178
90 182
90 185
90 214
90 229
90 233
90 239
91 92
91 125
91 142
91 148
91 175
91 188
91 220
91 248
92 94
92 97
92 108
92 115
92 127
92 177
92 194
92 210
92 232
93 96
93 114
93 115
93 116
93 119
93 125
93 159
93 191
93 193
93 198
93 202
93 211
93 216
93 232
93 233
93 235
93 249
94 105
94 106
94 107
94 118
94 119
94 144
94 169
94 172
94 195
94 203
94 228
94 232
94 247
95 125
95 127
95 129
95 135
95 136
95 147
95 169
95 178
95 200
95 205
95 242
96 142
96 169
96 178
96 180
96 201
96 224
96 226
96 236
96 239
96 242
97 107
97 116
97 121
97 128
97 136
97 143
97 181
97 195
97 197
97 198
97 227
97 232
98 99
98 119
98 131
98 144
98 153
98 159
98 171
98 175
98 194
98 195
98 204
98 212
98 232
98 242
99 105
99 110
99 129
99 136
99 146
99 161
99 164
99 190
99 193
99 194
99 214
99 228
99 229
99 231
100 114
100 134
100 138
100 160
100 166
100 168
100 189
100 190
100 198
100 227
100 228
100 236
100 248
101 111
101 134
101 139
101 141
101 153
101 154
101 159
101 169
101 196
101 216
101 228
102 113
102 121
102 134
102 140
102 152
102 158
102 205
102 244
103 111
103 116
103 121
103 131
103 139
103 167
103 179
103 180
103 186
103 190
103 191
103 197
103 202
103 225
103 237
103 241
103 246
104 108
104 109
104 116
104 126
104 145
104 174
104 194
104 204
104 217
104 228
105 126
105 138
105 183
105 222
105 224
105 241
106 130
106 133
106 145
106 154
106 158
106 159
106 165
106 174
106 177
106 204
106 220
106 235
106 240
106 241
106 246
106 247
106 248
106 249
107 145
107 149
107 151
107 161
107 170
107 180
107 209
107 210
107 213
107 226
107 248
108 127
108 143
108 146
108 148
108 170
108 176
108 195
108 198
108 199
108 206
108 218
109 139
109 170
109 173
109 176
109 180
109 188
109 198
109 205
109 217
109 229
109 231
109 242
109 246
110 115
110 124
110 135
110 154
110 162
110 164
110 165
110 170
110 178
110 179
110 182
110 216
110 232
110 234
111 134
111 139
111 152
111 164
111 168
111 169
111 178
111 199
111 201
111 203
111 245
112 133
112 141
112 143
112 172
112 205
112 216
112 218
112 228
113 137
113 150
113 160
113 167
113 180
113 188
113 190
113 192
113 213
113 235
114 129
114 167
114 187
114 207
114 211
114 229
114 245
115 122
115 124
115 131
115 137
115 148
115 171
115 188
115 189
115 195
115 206
115 209
115 210
115 217
115 234
115 239
116 138
116 171
116 207
116 209
116 212
116 240
116 249
117 163
117 171
117 173
117 198
117 213
117 220
117 227
117 233
117 243
118 129
118 148
118 149
118 150
118 187
118 223
118 229
118 232
118 238
118 242
119 122
119 133
119 140
119 160
119 161
119 190
119 200
119 205
119 216
119 220
119 223
119 230
120 127
120 136
120 145
120 146
120 153
120 156
120 165
120 166
120 168
120 209
120 220
120 237
120 239
120 246
120 248
121 127
121 132
121 146
121 182
121 196
121 198
121 208
121 222
121 224
121 228
121 230
121 243
122 151
122 189
122 219
122 228
123 132
123 143
123 160
123 165
123 175
123 186
123 188
123 207
123 214
123 215
124 134
124 147
124 149
124 158
124 172
124 184
124 198
124 239
125 138
125 139
125 143
125 149
125 152
125 165
125 172
125 176
125 190
125 200
125 203
125 241
126 134
126 135
126 144
126 154
126 176
126 205
126 208
126 240
127 139
127 140
127 164
127 170
127 175
127 193
127 206
127 225
127 226
127 239
127 243
128 135
128 146
128 154
128 159
128 184
128 185
128 186
128 189
128 220
129 156
129 157
129 163
129 183
129 192
129 195
129 198
129 204
129 219
129 227
129 230
129 234
129 235
130 134
130 150
130 175
130 182
130 189
130 192
130 200
130 232
130 248
131 149
131 162
131 186
131 198
131 214
131 221
131 224
131 229
131 234
131 239
131 244
132 148
132 179
132 192
132 199
132 201
132 207
132 216
132 236
132 246
133 151
133 159
133 174
133 206
133 215
133 222
133 227
133 228
133 234
133 245
133 247
134 142
134 159
134 161
134 163
134 184
134 195
134 199
134 217
134 219
134 231
135 165
135 166
135 179
135 190
135 202
135 208
135 211
135 234
135 239
135 240
135 249
136 145
136 146
136 168
136 181
136 197
136 210
136 234
136 236
136 240
137 173
137 196
137 203
137 206
137 212
137 216
137 237
138 156
138 164
138 242
139 152
139 165
139 170
139 171
139 178
139 211
139 216
139 221
139 239
139 244
140 156
140 173
140 204
140 207
140 219
140 246
140 248
141 166
141 177
141 191
141 198
141 213
141 214
141 235
141 241
141 248
142 157
142 165
142 184
142 201
142 221
142 230
142 244
142 247
142 248
143 147
143 152
143 171
143 220
143 227
143 232
144 158
144 164
144 166
144 182
144 187
145 189
145 219
145 224
145 228
146 155
146 177
146 199
146 239
146 248
147 150
147 176
147 188
147 190
148 158
148 196
148 201
148 204
148 208
148 231
148 235
148 247
149 153
149 188
149 203
149 233
150 152
150 156
150 187
150 212
150 218
150 232
150 241
150 245
151 153
151 158
151 166
151 173
151 180
151 183
151 199
151 214
151 219
151 221
151 246
151 247
152 153
152 159
152 168
152 186
152 189
152 190
152 206
152 213
152 219
152 228
152 249
153 165
153 177
153 180
153 189
153 191
153 228
154 158
154 206
154 207
154 219
154 227
154 229
154 230
154 238
154 244
155 174
155 186
155 195
155 214
155 219
155 227
155 232
155 244
156 180
156 185
156 214
156 224
157 175
157 176
157 199
157 234
157 242
157 244
158 165
158 199
158 200
158 203
158 219
158 240
158 249
159 200
159 210
159 248
160 171
160 183
160 211
160 229
160 239
160 240
161 174
161 192
161 202
161 214
161 215
161 218
161 224
162 196
162 206
162 221
162 241
163 195
163 197
163 201
163 203
163 213
163 231
163 232
163 243
164 167
164 179
164 180
164 187
164 194
164 195
164 198
164 204
165 195
165 198
165 240
166 179
166 183
166 215
166 236
167 180
167 192
167 232
168 213
168 216
168 227
169 170
169 172
169 187
169 196
169 231
169 245
170 208
170 226
171 181
171 190
171 205
171 226
171 249
172 179
172 213
172 218
172 219
172 238
172 243
173 189
173 193
173 198
173 202
173 220
173 236
173 240
174 175
174 205
174 234
174 247
175 180
175 196
175 219
175 231
175 236
175 242
176 190
176 201
176 219
176 237
177 191
177 200
177 213
177 221
178 180
178 185
178 204
178 225
178 227
178 230
178 236
178 240
178 241
179 186
179 193
179 226
179 242
179 247
180 181
180 188
180 192
180 205
180 212
181 185
181 186
181 222
181 237
181 245
182 191
182 203
182 206
182 216
182 244
182 246
183 186
183 201
183 203
183 205
183 210
183 213
183 216
183 228
183 243
184 189
184 203
184 232
184 233
185 206
185 207
185 214
185 217
185 223
185 236
185 246
186 187
186 213
186 226
187 191
187 210
187 218
187 236
188 200
188 217
188 240
189 190
189 209
189 213
189 226
189 243
190 212
190 213
190 220
190 249
191 222
191 238
191 243
192 200
192 208
192 221
192 222
192 242
193 196
193 205
193 216
193 244
193 249
194 242
195 205
195 207
195 210
195 248
196 207
196 221
196 232
196 233
196 240
197 200
197 217
197 227
197 238
197 239
197 249
198 218
198 234
199 207
199 208
199 214
199 220
199 231
199 234
199 236
199 238
199 246
200 203
200 208
200 210
200 241
201 213
201 221
201 223
201 242
202 209
202 223
202 230
202 245
203 224
203 229
203 236
204 206
204 218
204 227
204 234
204 238
204 243
204 244
205 213
205 220
205 229
205 237
206 225
206 233
206 238
207 209
207 222
208 220
208 231
208 240
209 212
209 225
209 228
209 229
210 216
210 236
210 240
210 241
211 214
211 222
211 228
211 246
212 220
213 222
213 237
213 247
214 229
214 230
214 249
215 226
215 230
217 223
217 232
217 244
217 249
218 221
218 222
218 223
218 237
219 231
219 239
220 227
220 228
220 230
221 234
221 241
221 246
223 228
223 238
223 242
224 231
224 238
224 247
225 229
225 234
225 246
226 231
226 237
226 244
226 249
227 237
227 246
227 248
228 239
230 232
230 238
231 232
231 238
231 244
232 234
232 243
232 248
233 236
233 249
236 249
237 241
237 243
238 242
238 245
238 247
238 248
241 247
243 249
