0 12
0 18
0 32
0 60
0 63
0 106
0 128
0 151
0 177
0 187
0 192
0 193
0 194
0 198
0 225
0 226
0 240
1 106
1 149
1 154
1 166
1 221
1 227
2 5
2 32
2 49
2 50
2 56
2 71
2 84
2 96
2 125
2 132
2 142
2 149
2 161
2 176
2 220
2 233
2 244
3 5
3 47
3 53
3 55
3 68
3 154
3 216
3 247
4 65
4 69
4 90
4 101
4 110
4 112
4 124
4 125
4 178
4 190
4 206
4 211
4 226
4 246
5 8
5 18
5 73
5 82
5 86
5 125
5 129
5 140
5 150
5 157
5 177
5 196
5 224
5 241
6 16
6 19
6 23
6 99
6 141
6 145
6 146
6 159
6 222
6 231
7 15
7 23
7 50
7 68
7 105
7 114
7 120
7 124
7 135
7 137
7 156
7 193
7 214
7 227
7 234
7 236
7 244
8 18
8 36
8 38
8 65
8 74
8 81
8 133
8 139
8 146
8 156
8 160
8 205
8 223
8 247
9 11
9 16
9 32
9 43
9 72
9 76
9 85
9 104
9 116
9 142
9 165
9 181
10 13
10 16
10 19
10 30
10 33
10 42
10 61
10 65
10 97
10 108
10 200
10 201
10 215
10 227
10 231
10 235
11 41
11 53
11 68
11 69
11 78
11 115
11 132
11 140
11 166
11 197
12 39
12 46
12 94
12 103
12 105
12 107
12 115
12 135
12 138
12 151
12 153
12 162
12 180
12 199
12 206
12 226
13 56
13 62
13 64
13 90
13 108
13 133
13 161
13 185
13 200
13 202
13 210
13 217
13 220
13 230
13 248
14 50
14 69
14 97
14 98
14 107
14 117
14 123
14 143
14 204
15 16
15 37
15 46
15 49
15 62
15 101
15 172
15 173
15 187
15 221
15 238
16 51
16 62
16 66
16 87
16 109
16 151
16 192
16 203
16 219
16 232
16 242
17 54
17 62
17 70
17 101
17 108
17 129
17 142
17 189
17 191
17 208
17 215
17 224
17 247
18 20
18 55
18 59
18 72
18 84
18 89
18 101
18 103
18 136
18 162
18 171
18 222
18 240
18 244
19 26
19 70
19 95
19 141
19 144
19 145
19 161
19 188
19 210
19 215
19 247
20 71
20 82
20 107
20 121
20 132
20 145
20 177
20 219
20 228
20 242
21 35
21 51
21 55
21 57
21 67
21 104
21 106
21 116
21 147
21 158
21 188
21 192
21 197
21 202
22 50
22 56
22 149
22 179
22 206
22 207
22 228
22 236
23 38
23 79
23 106
23 123
23 147
23 165
23 169
23 206
23 209
23 241
23 244
24 92
24 93
24 96
24 100
24 113
24 135
24 146
24 194
25 53
25 62
25 82
25 86
25 90
25 120
25 124
25 134
25 146
25 233
26 70
26 99
26 135
26 170
26 210
27 43
27 65
27 97
27 154
27 155
27 185
27 188
27 203
27 227
27 241
27 249
28 34
28 40
28 42
28 46
28 55
28 114
28 141
28 145
28 149
28 166
28 178
28 203
28 217
28 220
28 223
29 91
29 120
29 147
29 159
30 53
30 72
30 88
30 141
30 171
30 189
30 233
30 238
31 32
31 68
31 95
31 117
31 166
31 181
31 187
31 223
31 240
31 248
32 38
32 80
32 85
32 108
32 117
32 121
32 141
32 196
33 62
33 87
33 100
33 105
33 111
33 115
33 161
33 196
33 209
33 217
33 223
33 243
33 247
34 37
34 42
34 146
34 181
34 195
34 198
34 210
35 40
35 60
35 78
35 94
35 125
35 169
35 238
36 75
36 100
36 103
36 110
36 128
36 155
36 186
36 222
36 226
37 40
37 52
37 66
37 77
37 99
37 102
37 166
37 196
37 244
37 245
38 46
38 75
38 83
38 126
38 149
38 150
38 200
38 211
38 218
38 223
38 228
38 229
38 233
39 64
39 75
39 77
39 104
39 119
39 121
39 125
39 153
39 175
39 189
40 66
40 71
40 145
40 166
40 173
40 186
40 198
40 225
40 240
41 75
41 89
41 98
41 148
41 163
41 164
41 208
41 231
42 69
42 101
42 118
42 120
42 160
42 177
42 196
42 210
42 218
42 244
43 89
43 92
43 107
43 114
43 120
43 121
43 144
43 159
43 183
43 189
43 194
43 243
44 61
44 81
44 90
44 97
44 118
44 178
44 183
44 226
45 93
45 112
45 136
45 143
45 155
45 228
45 248
46 57
46 64
46 70
46 72
46 81
46 95
46 109
46 110
46 120
46 139
46 142
46 147
47 62
47 66
47 80
47 93
47 100
47 124
47 134
47 151
47 167
47 178
47 185
47 237
48 49
48 51
48 74
48 84
48 89
48 135
48 147
48 165
48 238
49 119
49 131
49 168
49 186
49 209
49 227
49 230
50 87
50 118
50 166
51 86
51 104
51 126
51 147
51 169
51 215
51 229
51 235
52 74
52 80
52 160
52 190
52 210
52 219
53 85
53 96
53 136
53 142
53 158
53 160
53 165
53 195
53 200
53 242
54 100
54 105
54 122
54 141
54 197
54 215
54 223
55 101
55 145
55 179
55 181
55 192
55 193
55 216
56 70
56 154
56 163
56 166
56 199
56 219
57 94
57 105
57 137
57 139
57 162
57 229
58 86
58 110
58 126
58 129
58 165
58 195
58 213
58 218
58 223
58 225
58 244
58 245
59 86
59 98
59 104
59 135
59 178
59 180
59 187
59 198
59 221
59 234
59 236
59 241
60 115
60 117
60 120
60 131
60 142
60 191
60 198
60 201
60 227
60 232
60 237
61 164
61 183
61 186
61 203
61 205
61 245
62 68
62 106
62 183
62 184
62 196
62 199
62 234
62 239
63 65
63 74
63 78
63 80
63 183
63 186
63 187
63 194
64 98
64 122
64 125
64 170
64 177
65 68
65 97
65 100
65 121
65 122
65 135
65 140
65 154
65 171
65 178
65 181
65 191
65 195
65 245
66 90
66 136
66 208
66 209
66 215
66 221
67 132
67 157
67 189
67 230
67 242
68 75
68 96
68 104
68 135
68 136
68 170
68 193
68 215
68 217
68 222
68 234
69 170
69 171
69 176
69 211
69 227
70 77
70 96
70 109
70 129
70 154
70 167
70 188
70 195
71 149
71 162
71 166
71 211
71 225
71 240
72 148
72 149
72 158
72 160
72 183
72 239
73 106
73 115
73 122
73 129
73 169
73 171
73 193
73 195
73 201
73 228
74 87
74 142
74 150
74 180
74 187
74 193
74 211
74 222
74 223
75 89
75 91
75 127
75 130
75 132
75 204
75 206
75 228
75 249
76 134
76 143
76 177
76 179
76 196
76 197
76 231
77 118
77 125
77 171
77 190
77 198
77 199
77 206
77 217
77 219
78 148
78 157
78 180
78 183
78 231
79 128
79 151
79 192
79 220
79 230
79 243
80 97
80 109
80 125
80 139
80 156
80 163
80 192
80 210
80 236
81 108
81 114
81 121
81 179
81 214
81 218
81 221
82 83
82 94
82 173
82 175
82 186
82 196
82 199
82 239
83 100
83 105
83 119
83 123
83 141
83 155
83 163
83 172
84 115
84 138
84 152
84 194
85 132
85 169
85 192
85 222
86 93
86 127
86 135
86 140
86 141
86 178
86 219
87 94
87 112
87 159
87 204
87 245
88 95
88 98
88 102
88 131
88 149
88 174
88 202
88 205
89 93
89 140
89 150
89 160
89 170
89 171
89 178
89 182
89 195
89 206
89 237
90 125
90 138
90 169
90 171
90 173
90 177
90 204
90 216
90 220
91 97
91 136
91 200
91 240
92 94
92 126
92 127
92 145
92 152
92 169
92 174
92 207
92 209
92 212
92 242
93 125
93 131
93 139
93 155
93 198
93 228
93 235
94 116
94 131
94 133
94 158
94 179
94 180
94 191
94 198
94 199
95 120
95 133
95 134
95 184
95 186
95 197
95 207
95 208
95 215
96 121
96 146
96 151
96 152
96 160
96 167
96 181
96 193
96 229
97 100
97 120
97 128
97 193
97 230
97 232
98 100
98 116
98 119
98 142
98 149
98 170
98 217
99 109
99 172
99 173
100 157
100 171
100 181
100 223
101 148
101 161
101 172
101 179
101 183
101 191
101 214
101 221
101 224
101 232
102 123
102 150
102 171
102 174
102 184
102 185
102 187
102 217
103 180
103 185
103 192
103 232
103 234
104 115
104 116
104 157
104 180
104 182
104 202
104 208
104 239
105 156
105 193
105 245
106 145
106 153
106 170
106 175
106 186
106 237
107 120
107 126
107 147
107 159
107 167
107 174
107 178
107 185
107 188
107 196
107 221
107 224
108 121
108 145
108 147
108 154
108 176
108 181
108 183
108 196
108 226
108 236
108 246
109 123
109 160
109 162
109 195
109 204
109 236
109 238
109 244
110 112
110 123
110 128
110 136
110 159
110 170
110 185
110 212
110 216
110 234
110 244
111 117
111 120
111 127
111 136
111 154
111 187
112 115
112 121
112 138
112 144
112 160
112 182
112 232
112 239
112 242
112 245
113 119
113 124
113 141
113 147
113 200
114 146
114 163
114 167
114 194
114 212
114 218
114 222
114 224
114 229
114 249
115 121
115 127
115 151
115 157
115 159
115 172
115 211
115 227
115 245
116 119
116 122
116 125
116 181
116 193
116 210
116 230
116 242
117 118
117 157
117 178
117 198
117 201
117 212
117 215
117 216
117 226
117 243
118 164
118 192
118 217
118 238
119 127
119 145
119 154
119 177
119 206
119 210
120 161
120 173
120 177
120 181
120 231
121 136
121 203
121 225
121 249
122 134
122 140
122 145
122 158
122 181
122 188
122 223
123 133
123 153
123 158
123 192
123 224
123 241
124 163
124 180
124 228
124 233
125 131
125 139
125 146
125 183
125 218
125 226
125 237
125 242
125 246
126 162
126 192
126 244
127 128
127 147
127 150
127 154
127 174
127 181
127 188
127 199
127 201
127 219
127 221
127 223
127 240
129 159
129 187
129 199
129 203
129 224
129 240
129 247
130 167
130 188
130 223
131 227
131 230
131 239
132 147
132 214
132 221
132 233
133 140
133 145
133 160
133 192
133 200
133 203
133 216
134 145
134 146
134 167
134 174
134 176
134 226
134 231
134 245
135 139
135 162
135 173
135 229
135 248
135 249
136 145
136 165
136 172
136 176
136 183
136 186
136 210
136 213
136 225
137 179
137 225
137 230
137 249
138 152
138 185
138 187
138 200
139 146
139 162
139 166
139 231
139 239
139 242
139 246
140 182
140 185
140 192
140 199
140 212
140 221
140 225
141 165
141 196
141 247
142 153
142 180
142 206
142 227
142 237
143 148
143 150
143 167
143 190
143 211
143 213
143 215
143 231
143 243
143 244
144 186
144 197
144 203
144 219
144 221
144 228
145 154
145 157
145 167
145 181
145 184
145 208
145 246
146 156
146 175
146 216
146 234
146 236
147 149
147 201
147 227
147 245
148 163
148 240
149 176
149 199
149 204
149 206
149 223
149 224
149 229
149 239
150 162
150 205
150 209
150 215
150 228
151 157
151 178
151 184
151 194
151 202
151 203
151 208
151 228
152 160
152 163
152 189
152 194
152 205
152 244
153 170
153 175
153 236
154 160
154 180
154 188
154 189
155 170
155 186
155 200
155 245
156 179
156 231
157 158
157 220
157 242
158 172
158 193
158 241
159 163
159 201
159 229
159 242
160 175
160 211
160 228
160 240
161 172
161 191
161 199
161 200
161 201
161 227
161 248
162 189
162 205
162 218
162 229
162 241
163 173
163 181
163 232
164 167
164 186
164 189
164 215
164 227
165 187
165 210
165 211
165 223
165 242
165 243
166 174
166 177
166 201
166 202
166 227
167 180
167 203
167 229
167 230
168 192
168 229
169 188
169 195
169 204
169 217
169 225
169 233
169 239
169 241
170 197
170 201
171 179
171 203
171 204
171 208
171 214
172 175
172 177
172 195
172 236
172 239
173 186
173 191
173 197
173 216
173 234
173 239
173 243
174 176
174 177
174 200
174 210
174 218
174 227
174 232
175 176
175 177
175 200
175 221
175 246
176 190
176 238
176 241
177 181
177 242
177 244
177 246
178 188
178 216
178 226
179 235
180 186
180 198
180 201
180 212
180 222
180 227
180 246
182 200
182 212
182 235
183 192
183 199
183 201
184 190
184 203
186 211
187 188
187 226
188 225
188 243
189 221
189 239
190 212
191 199
191 213
191 223
191 246
192 247
194 208
194 214
194 215
194 239
195 227
196 212
196 221
196 226
196 232
196 236
196 246
197 208
197 211
197 227
197 236
197 248
198 204
198 212
198 229
199 210
199 213
199 231
200 205
200 227
201 206
201 216
202 203
202 208
202 216
202 217
202 240
203 207
203 208
203 222
204 208
204 220
204 225
204 228
206 213
206 214
206 242
207 221
207 235
209 241
210 211
210 220
211 224
211 234
211 235
211 238
212 214
212 229
212 244
213 233
214 217
214 223
215 216
215 217
215 244
215 246
216 218
216 222
216 239
217 237
217 240
220 235
221 227
221 246
222 230
222 231
222 234
222 238
224 229
225 231
226 231
227 234
227 238
227 249
228 244
229 230
229 231
229 239
230 240
230 242
230 243
233 237
233 246
233 248
237 240
238 241
238 244
240 245
241 247
243 245
