0 7
0 59
0 65
0 69
0 119
0 129
0 137
0 147
0 155
0 201
0 212
0 232
0 247
0 248
1 22
1 23
1 26
1 37
1 39
1 46
1 77
1 108
1 115
1 130
1 147
1 189
1 195
1 218
1 238
1 248
2 14
2 63
2 80
2 111
2 137
2 166
2 198
2 203
2 206
2 215
2 220
2 237
2 242
3 12
3 16
3 22
3 32
3 46
3 65
3 68
3 70
3 75
3 76
3 78
3 91
3 102
3 115
3 121
3 127
3 195
3 206
4 13
4 25
4 34
4 48
4 50
4 68
4 124
4 135
4 136
4 144
4 148
4 157
4 186
4 189
4 207
4 215
4 219
4 232
5 12
5 17
5 40
5 43
5 55
5 66
5 93
5 101
5 106
5 126
5 128
5 129
5 136
5 160
5 232
5 234
5 248
6 32
6 37
6 47
6 67
6 88
6 93
6 111
6 139
6 197
6 201
6 206
6 223
6 228
6 244
7 46
7 48
7 65
7 68
7 81
7 95
7 124
7 140
7 146
7 157
7 158
7 170
7 188
7 189
7 195
7 213
7 234
8 11
8 18
8 27
8 35
8 43
8 89
8 100
8 115
8 131
8 134
8 141
8 183
8 219
8 228
8 236
8 249
9 12
9 48
9 49
9 65
9 77
9 80
9 95
9 101
9 110
9 111
9 123
9 127
9 150
9 153
9 177
9 189
9 216
9 229
10 15
10 26
10 28
10 37
10 49
10 59
10 61
10 63
10 130
10 132
10 144
10 147
10 155
10 162
10 217
10 222
10 223
10 234
10 240
11 17
11 57
11 65
11 85
11 86
11 100
11 104
11 112
11 132
11 139
11 151
11 157
11 166
11 179
11 187
11 198
11 202
11 207
11 209
11 211
11 234
12 22
12 38
12 48
12 56
12 57
12 78
12 82
12 142
12 158
12 200
12 204
12 214
12 222
12 230
12 238
12 241
12 245
13 28
13 40
13 42
13 47
13 58
13 60
13 68
13 79
13 89
13 129
13 142
13 144
13 145
13 152
13 166
13 174
13 209
13 212
13 248
14 27
14 30
14 38
14 41
14 42
14 45
14 52
14 76
14 89
14 102
14 111
14 115
14 129
14 160
14 167
14 199
14 206
14 208
14 226
14 237
14 241
14 248
15 19
15 26
15 60
15 79
15 98
15 109
15 110
15 119
15 125
15 143
15 147
15 168
15 169
15 173
15 186
15 189
15 201
15 248
16 37
16 46
16 52
16 68
16 78
16 93
16 98
16 101
16 111
16 115
16 117
16 121
16 123
16 125
16 132
16 149
16 155
16 180
16 190
16 193
16 203
16 229
16 247
17 18
17 28
17 30
17 40
17 45
17 52
17 54
17 69
17 99
17 106
17 134
17 139
17 151
17 165
17 174
17 183
17 187
17 190
17 196
17 215
17 232
18 23
18 40
18 48
18 49
18 77
18 101
18 103
18 110
18 119
18 122
18 131
18 138
18 156
18 172
18 179
18 190
18 191
18 224
18 241
18 246
19 31
19 54
19 57
19 64
19 80
19 91
19 95
19 103
19 107
19 120
19 141
19 169
19 204
19 221
19 226
19 231
19 241
20 21
20 42
20 85
20 113
20 114
20 134
20 144
20 154
20 163
20 165
20 177
20 180
20 188
20 189
20 194
20 196
20 202
20 211
20 238
20 243
21 22
21 23
21 25
21 32
21 46
21 48
21 58
21 76
21 108
21 115
21 142
21 165
21 166
21 177
21 194
21 197
21 249
22 25
22 46
22 52
22 57
22 72
22 74
22 84
22 105
22 106
22 125
22 149
22 167
22 170
23 38
23 54
23 71
23 91
23 94
23 99
23 118
23 125
23 160
23 164
23 194
23 203
23 238
23 241
24 42
24 81
24 148
24 171
24 180
24 181
24 194
24 228
24 246
25 29
25 31
25 38
25 40
25 59
25 89
25 112
25 122
25 125
25 146
25 150
25 151
25 153
25 170
25 174
25 179
25 217
25 218
25 244
25 247
26 44
26 69
26 71
26 78
26 111
26 113
26 116
26 140
26 148
26 152
26 153
26 155
26 162
26 165
26 176
26 219
26 240
27 31
27 40
27 92
27 110
27 128
27 131
27 145
27 159
27 175
27 194
27 198
27 202
27 209
27 211
27 220
27 229
27 245
28 40
28 84
28 90
28 94
28 104
28 112
28 117
28 124
28 129
28 139
28 141
28 155
28 169
28 171
28 179
28 185
28 196
28 215
28 228
28 246
29 36
29 52
29 60
29 73
29 106
29 107
29 132
29 159
29 160
29 172
29 181
29 197
29 242
30 31
30 67
30 68
30 71
30 82
30 132
30 154
30 192
30 197
30 203
30 211
30 218
30 226
30 229
30 230
30 233
31 58
31 72
31 83
31 90
31 103
31 132
31 135
31 143
31 155
31 174
31 178
31 191
31 196
31 198
31 210
31 220
31 221
31 231
32 55
32 69
32 81
32 83
32 89
32 136
32 159
32 184
32 185
32 229
32 236
32 238
32 239
32 247
33 35
33 38
33 65
33 75
33 95
33 104
33 105
33 118
33 153
33 165
33 184
33 192
33 195
33 201
33 211
33 222
34 39
34 89
34 153
34 190
34 195
34 200
34 208
34 221
34 243
35 57
35 63
35 76
35 97
35 102
35 139
35 141
35 150
35 161
35 192
35 198
35 204
35 213
35 221
35 229
35 231
35 248
36 45
36 54
36 89
36 132
36 135
36 146
36 183
36 208
36 215
36 234
36 245
37 40
37 50
37 68
37 84
37 86
37 131
37 138
37 149
37 154
37 161
37 170
37 171
37 189
37 205
37 210
37 211
37 217
37 224
37 248
38 44
38 55
38 101
38 117
38 123
38 131
38 143
38 154
38 160
38 175
38 178
39 44
39 49
39 63
39 111
39 134
39 157
39 159
39 198
39 214
39 226
39 241
40 42
40 51
40 57
40 65
40 73
40 75
40 82
40 115
40 123
40 138
40 152
40 162
40 166
40 194
40 197
40 209
40 215
40 231
41 55
41 72
41 85
41 91
41 100
41 117
41 145
41 167
41 218
42 57
42 102
42 123
42 143
42 160
42 168
42 170
42 171
42 195
42 205
42 215
43 53
43 58
43 62
43 67
43 75
43 86
43 115
43 175
43 177
43 186
43 197
43 211
43 217
43 232
43 243
44 51
44 53
44 64
44 68
44 71
44 94
44 103
44 105
44 111
44 114
44 125
44 134
44 146
44 153
44 167
44 168
44 182
44 196
44 218
44 246
44 249
45 55
45 57
45 58
45 61
45 80
45 81
45 86
45 98
45 99
45 137
45 150
45 161
45 176
45 192
46 56
46 127
46 136
46 138
46 150
46 154
46 161
46 164
46 166
46 177
46 194
46 213
46 216
46 218
46 225
46 227
46 232
46 233
47 58
47 59
47 64
47 82
47 102
47 105
47 107
47 111
47 185
47 194
47 198
47 225
48 64
48 70
48 76
48 90
48 98
48 112
48 129
48 134
48 138
48 152
48 158
48 178
48 180
48 224
48 225
48 228
48 236
49 55
49 104
49 129
49 137
49 156
49 232
50 72
50 89
50 101
50 102
50 107
50 111
50 150
50 160
50 170
50 192
50 194
50 203
50 228
50 230
51 60
51 79
51 127
51 133
51 143
51 202
51 228
51 234
51 242
52 60
52 74
52 76
52 89
52 109
52 110
52 112
52 113
52 125
52 126
52 147
52 156
52 159
52 207
52 210
52 247
53 57
53 74
53 79
53 95
53 120
53 123
53 134
53 142
53 153
53 154
53 159
54 121
54 138
54 159
54 182
54 191
54 222
54 228
54 244
55 56
55 58
55 59
55 60
55 62
55 89
55 132
55 138
55 139
55 149
55 169
55 186
55 188
55 192
55 205
55 217
55 220
55 224
55 229
55 231
55 235
56 71
56 85
56 118
56 122
56 134
56 136
56 167
56 202
56 225
57 64
57 77
57 92
57 94
57 96
57 148
57 164
57 168
57 175
57 178
57 189
57 201
57 202
57 205
57 210
57 214
57 239
58 71
58 91
58 128
58 137
58 158
58 175
58 203
58 212
58 214
58 233
59 64
59 76
59 84
59 109
59 114
59 130
59 137
59 154
59 173
59 174
59 181
59 191
59 212
59 232
59 239
60 61
60 95
60 103
60 116
60 124
60 140
60 145
60 153
60 163
60 165
60 181
60 195
60 200
60 217
60 220
60 237
61 65
61 85
61 88
61 89
61 105
61 108
61 120
61 135
61 145
61 154
61 157
61 166
61 176
61 181
61 194
61 197
61 209
61 214
61 227
61 228
61 231
61 233
61 243
61 247
62 71
62 86
62 100
62 114
62 124
62 162
62 174
62 195
62 199
62 224
63 64
63 129
63 142
63 145
63 210
63 212
63 215
63 221
63 230
64 67
64 70
64 75
64 98
64 108
64 112
64 124
64 139
64 166
64 190
64 191
64 199
64 200
64 211
64 216
64 242
65 71
65 73
65 94
65 127
65 135
65 166
65 170
65 177
65 193
65 216
65 222
65 223
65 235
65 238
66 80
66 89
66 99
66 104
66 106
66 108
66 169
66 173
66 190
66 230
66 242
67 71
67 75
67 87
67 103
67 107
67 114
67 121
67 124
67 125
67 127
67 132
67 143
67 155
67 169
67 179
67 181
67 189
67 194
67 195
67 224
67 225
67 237
67 238
67 243
67 248
68 88
68 94
68 107
68 112
68 118
68 136
68 140
68 151
68 159
68 162
68 184
68 211
68 227
68 231
68 242
69 103
69 104
69 107
69 117
69 132
69 145
69 169
69 176
69 181
69 184
69 198
69 203
69 212
70 80
70 104
70 108
70 110
70 113
70 129
70 130
70 155
70 159
70 165
70 166
70 167
70 205
70 211
70 216
70 237
70 244
71 87
71 97
71 111
71 120
71 121
71 128
71 131
71 140
71 156
71 162
71 179
71 180
71 189
71 228
71 234
71 241
72 85
72 102
72 104
72 113
72 115
72 116
72 133
72 141
72 147
72 149
72 175
72 177
72 193
72 196
72 210
72 223
72 247
73 92
73 111
73 125
73 127
73 134
73 137
73 139
73 140
73 152
73 177
73 206
73 221
73 226
73 235
73 236
73 241
73 245
74 86
74 126
74 151
74 154
74 155
74 163
74 168
74 182
74 191
74 203
74 222
74 248
75 104
75 110
75 170
75 173
75 192
75 221
75 234
76 78
76 105
76 109
76 181
76 187
76 203
76 218
76 227
76 241
76 248
77 87
77 92
77 101
77 113
77 127
77 130
77 140
77 147
77 170
77 174
77 185
77 191
77 217
77 220
77 236
77 237
77 243
78 90
78 99
78 122
78 145
78 155
78 185
78 192
78 198
78 216
78 235
78 248
79 84
79 133
79 134
79 146
79 179
79 197
79 206
79 212
79 226
79 227
79 242
79 243
80 100
80 105
80 176
80 180
80 182
80 202
80 204
80 242
80 247
80 249
81 98
81 109
81 115
81 117
81 134
81 158
81 186
81 189
81 194
81 205
81 213
81 214
81 219
82 88
82 91
82 105
82 123
82 124
82 125
82 142
82 151
82 158
82 191
82 201
82 204
82 214
83 88
83 105
83 124
83 136
83 143
83 162
83 163
83 165
83 182
83 183
83 185
83 231
83 248
84 89
84 93
84 121
84 157
84 178
84 185
84 188
84 192
84 194
84 209
84 228
85 102
85 108
85 151
85 177
85 214
85 246
85 247
85 249
86 91
86 97
86 102
86 119
86 126
86 136
86 178
86 204
86 218
86 225
87 89
87 94
87 107
87 124
87 170
87 197
87 208
87 215
87 240
88 103
88 122
88 126
88 132
88 146
88 166
88 168
88 174
88 181
88 194
88 201
88 226
88 229
88 238
89 93
89 102
89 115
89 119
89 133
89 147
89 176
89 184
89 193
89 200
89 207
89 213
89 224
89 231
89 239
90 115
90 125
90 139
90 154
90 176
90 178
90 180
90 186
90 187
90 191
90 195
90 202
90 220
90 242
91 102
91 106
91 138
91 148
91 168
91 192
91 200
91 206
91 222
91 224
91 225
91 240
92 134
92 138
92 191
93 117
93 130
93 150
93 153
93 160
93 179
93 184
93 205
93 216
93 217
93 223
93 235
93 244
94 98
94 127
94 160
94 164
94 172
94 183
94 193
94 197
94 207
94 226
94 234
95 130
95 158
95 163
95 168
95 197
95 221
95 238
96 100
96 123
96 125
96 127
96 130
96 131
96 143
96 154
96 173
96 174
96 185
96 188
96 202
96 215
96 225
96 228
96 229
96 243
96 244
96 248
97 108
97 123
97 153
97 201
97 231
97 236
97 243
98 109
98 117
98 124
98 146
98 147
98 152
98 162
98 198
98 200
98 231
98 232
98 234
98 239
98 247
99 101
99 103
99 169
99 191
99 207
99 214
99 217
99 226
99 240
99 241
99 246
100 135
100 150
100 151
100 166
100 172
100 186
100 194
100 226
100 244
100 246
101 115
101 119
101 124
101 125
101 149
101 177
101 179
101 184
101 237
101 246
102 125
102 152
102 177
102 198
102 218
102 249
103 124
103 127
103 129
103 134
103 143
103 145
103 154
103 180
103 183
103 197
103 219
103 233
103 245
104 114
104 117
104 129
104 134
104 144
104 164
104 165
104 179
104 204
104 206
105 140
105 156
105 191
105 230
105 233
105 241
106 116
106 141
106 155
106 160
106 197
106 203
106 226
106 243
106 248
107 112
107 122
107 131
107 146
107 168
107 189
107 190
107 216
107 224
107 235
108 137
108 142
108 158
108 161
108 164
108 176
108 184
108 198
108 201
108 210
108 213
108 214
108 217
109 111
109 125
109 128
109 131
109 173
109 192
109 195
109 196
109 219
109 234
109 244
110 117
110 120
110 158
110 163
110 167
110 175
110 205
110 212
110 238
110 240
110 246
111 149
111 160
111 161
111 166
111 193
111 199
111 210
111 237
112 146
112 148
112 158
112 175
112 216
112 220
112 221
112 234
112 238
113 114
113 147
113 149
113 150
113 152
113 163
113 171
113 177
113 187
113 196
113 230
113 245
113 249
114 118
114 119
114 128
114 132
114 138
114 140
114 141
114 159
114 168
114 180
114 193
114 219
114 223
114 224
114 247
114 249
115 142
115 170
115 205
115 233
116 123
116 160
116 163
116 188
116 200
116 201
116 207
116 222
116 227
117 123
117 134
117 164
117 177
117 183
117 193
117 195
117 201
117 207
117 241
118 142
118 147
118 176
118 178
118 191
119 124
119 132
119 141
119 180
119 182
119 183
119 188
119 217
120 134
120 147
120 155
120 166
120 168
120 177
120 180
120 198
120 238
120 239
120 247
120 249
121 127
121 128
121 137
121 168
121 173
121 182
121 193
121 211
121 220
121 232
122 129
122 153
122 158
122 175
122 190
122 220
122 241
123 128
123 129
123 130
123 143
123 153
123 170
123 175
123 180
123 183
123 187
123 205
123 235
123 238
124 148
124 189
124 192
124 208
124 217
124 236
125 131
125 132
125 135
125 141
125 152
125 162
125 171
125 225
125 227
125 231
125 247
126 145
126 160
126 166
126 184
126 185
126 189
126 234
126 241
127 154
127 157
127 193
127 205
127 211
127 221
127 224
127 235
127 239
127 241
128 146
128 168
128 174
128 181
128 195
128 213
129 130
129 157
129 159
129 170
129 174
129 185
129 214
129 240
130 145
130 186
131 166
131 179
131 200
131 206
131 209
132 143
132 151
132 154
132 158
132 168
132 169
132 172
132 179
132 201
132 204
132 210
132 211
132 212
132 223
132 242
133 146
133 166
133 168
133 170
133 180
133 184
133 214
133 219
133 221
133 238
133 240
134 168
134 178
134 198
134 234
134 235
134 249
135 145
135 154
135 179
135 184
135 202
135 229
135 231
135 239
135 241
136 146
136 152
136 176
136 188
136 191
136 197
136 210
136 214
136 217
136 236
137 150
137 164
137 194
137 199
138 160
138 167
138 168
138 180
138 191
138 222
138 223
138 229
138 245
139 179
139 210
139 230
140 142
140 148
140 157
140 204
140 238
140 240
141 149
141 162
141 169
141 178
141 246
142 144
142 153
142 154
142 157
142 200
142 221
143 149
143 190
143 202
143 212
143 233
143 241
143 248
144 172
144 189
144 205
144 235
144 239
145 154
145 175
145 182
145 183
145 214
145 228
145 229
146 173
146 198
146 226
146 229
146 239
147 148
147 183
147 194
147 212
147 213
147 229
147 231
147 249
148 157
148 159
148 164
148 181
148 186
148 192
148 206
148 237
148 241
149 157
149 166
149 190
149 202
149 210
149 213
149 222
149 230
150 154
150 167
150 177
150 209
150 214
150 217
150 227
150 239
151 153
151 154
151 166
151 196
151 198
151 208
151 215
151 222
151 238
151 240
151 242
152 154
152 157
152 180
152 192
152 200
152 215
152 228
152 249
153 166
153 167
153 183
153 184
153 213
153 214
153 237
153 240
154 162
154 188
154 216
154 238
154 243
155 171
155 176
156 164
156 192
156 197
156 207
156 241
156 246
157 203
158 168
158 183
158 207
158 221
158 225
158 228
158 231
159 182
159 205
159 241
160 166
160 173
160 184
160 217
160 227
160 230
160 234
160 238
161 166
161 174
161 185
161 193
161 194
161 200
161 201
161 208
161 233
161 237
162 172
162 178
162 187
162 230
163 179
163 198
163 238
163 242
164 186
164 204
164 226
164 231
164 237
164 243
165 168
165 169
165 175
165 184
165 198
165 210
165 224
165 230
165 234
166 199
166 202
166 215
167 177
167 187
167 189
167 203
167 214
167 219
167 240
167 245
167 249
168 175
168 191
168 194
168 203
168 209
168 234
169 175
169 190
169 215
169 220
169 223
170 190
170 237
171 172
171 181
171 184
171 185
171 188
171 189
171 202
171 246
172 193
172 213
173 184
173 201
173 206
173 215
173 229
173 232
173 245
174 194
174 206
174 220
174 247
175 180
175 196
175 202
175 206
175 212
175 222
175 234
176 216
176 219
176 235
177 187
177 202
177 224
178 192
178 206
178 230
179 197
179 211
179 218
179 227
179 245
179 246
180 202
180 207
180 209
180 224
180 244
181 183
181 203
181 208
181 240
181 241
181 246
182 186
182 191
182 195
182 229
183 187
183 217
183 234
183 237
183 242
184 234
185 189
185 210
185 213
185 228
185 247
185 249
186 205
186 211
186 215
186 230
186 237
187 191
187 202
187 236
187 239
187 240
188 191
188 197
188 208
188 244
189 196
189 202
189 213
189 228
189 238
189 245
189 249
190 192
190 202
190 210
190 220
190 222
191 193
191 197
191 222
192 209
192 219
192 220
192 222
192 227
193 204
193 213
193 215
193 218
193 229
193 239
193 242
194 214
194 225
194 228
194 243
194 248
195 200
195 203
195 226
195 227
195 233
195 242
195 249
197 206
197 211
197 212
197 215
197 221
197 231
197 248
198 202
198 217
198 218
198 233
199 210
199 213
199 221
199 228
199 229
201 209
201 212
202 226
202 230
202 247
202 248
203 207
203 212
203 231
204 208
204 226
204 230
204 236
204 246
205 218
205 225
205 229
205 240
206 217
207 219
207 222
208 227
208 242
208 246
209 215
209 224
209 233
209 235
209 239
209 242
210 211
210 219
210 227
210 240
210 246
211 228
211 236
212 214
213 229
213 243
214 217
215 216
215 220
215 225
215 228
215 230
216 235
216 239
216 246
217 218
217 231
217 236
217 244
218 226
219 221
219 230
219 247
220 230
220 241
220 243
221 230
222 223
222 248
223 231
223 232
224 230
224 231
226 227
226 231
226 245
227 228
227 234
227 238
227 249
228 230
229 239
229 245
230 242
231 233
231 240
232 235
233 243
234 247
234 249
235 236
235 243
235 245
242 247
243 244
243 249
245 248
