0 85
0 110
0 143
0 180
0 219
0 237
1 84
1 91
1 194
1 213
2 82
3 15
3 29
3 101
3 161
3 230
4 92
4 162
5 23
5 74
6 10
6 48
6 69
6 75
6 126
6 162
7 76
7 161
8 29
8 92
8 172
8 195
8 197
8 232
9 57
9 63
9 152
9 155
10 14
10 43
10 96
10 115
10 162
10 167
10 206
11 149
11 157
12 30
12 33
12 42
12 114
12 149
12 175
13 37
13 89
13 90
14 15
14 31
14 52
14 226
14 241
15 205
16 20
16 70
16 106
16 211
16 227
17 124
17 155
17 195
18 21
18 71
18 114
18 121
19 124
20 49
20 173
21 45
21 49
21 79
21 95
21 111
21 193
21 230
22 39
22 152
22 159
22 180
23 58
23 70
23 76
23 81
23 98
23 123
23 144
24 106
24 196
24 204
25 151
26 29
26 43
26 86
26 137
27 65
27 105
28 54
28 78
28 93
28 116
28 127
29 31
29 47
29 115
29 151
29 174
29 223
30 57
30 127
30 182
30 191
31 36
31 40
31 67
31 116
31 157
32 36
32 72
32 143
32 166
33 101
33 110
33 164
33 172
33 211
33 241
33 242
35 80
35 109
35 129
35 209
35 216
36 82
36 140
36 184
36 195
36 249
37 167
37 168
37 170
38 101
38 104
38 116
38 212
38 224
39 168
39 187
40 71
40 127
40 136
40 165
40 241
40 249
41 50
41 100
42 58
42 63
42 111
42 167
42 193
42 202
42 220
43 76
43 146
43 159
44 80
44 126
44 129
44 214
45 129
45 230
45 232
46 142
46 215
46 227
46 242
46 248
48 53
48 165
48 190
49 53
49 198
49 248
50 137
50 185
50 188
51 77
52 239
53 109
53 161
53 172
53 183
53 202
54 224
55 107
55 160
56 85
56 89
56 231
56 246
57 58
57 117
57 138
57 154
57 170
58 98
58 150
58 168
58 178
58 185
58 196
58 227
59 74
59 89
60 112
60 131
60 212
61 137
61 174
61 195
61 228
61 245
62 69
62 80
62 98
62 129
62 131
62 145
62 205
63 181
63 198
63 242
64 104
64 121
65 114
65 199
65 215
65 224
66 98
66 178
66 241
68 213
69 90
69 143
69 216
70 97
70 150
70 176
70 234
71 119
71 149
72 83
73 92
73 130
73 133
73 228
74 101
74 127
74 199
74 202
75 113
75 226
76 170
76 173
77 136
77 163
77 248
78 144
78 155
78 159
78 204
78 217
79 99
79 133
79 146
79 235
80 102
80 120
80 123
80 143
81 99
83 230
84 134
84 137
84 179
85 126
85 161
85 166
86 152
86 221
87 103
87 227
87 236
89 106
89 136
89 174
90 105
90 124
90 179
90 190
90 212
91 141
91 186
91 204
92 111
92 217
92 218
93 147
93 154
94 112
94 169
94 197
94 229
95 221
96 170
96 240
97 203
97 237
98 139
98 155
98 237
99 130
99 139
99 146
99 179
100 138
100 166
100 210
100 231
101 125
101 159
101 165
101 247
102 203
102 218
102 236
105 118
106 122
106 170
106 179
107 141
107 185
108 247
110 156
110 180
110 228
111 187
112 116
112 121
112 235
113 131
114 190
114 219
115 148
116 152
116 217
116 218
116 235
117 140
120 139
122 139
122 177
122 178
122 193
123 147
123 231
123 248
124 192
125 172
125 223
126 160
126 211
126 214
126 224
127 143
127 157
128 151
128 167
128 199
130 151
130 168
130 210
131 163
132 173
132 203
132 220
133 179
133 182
133 201
134 169
134 225
135 170
135 186
135 196
136 161
136 239
136 242
137 220
137 227
138 157
138 167
139 194
140 159
140 172
142 174
142 207
142 211
142 249
144 152
144 184
145 154
145 191
145 202
145 235
145 237
145 243
146 171
146 249
147 159
151 199
151 238
152 222
153 238
154 175
154 179
154 234
154 240
155 196
157 162
157 226
157 244
158 197
158 207
158 212
158 219
158 231
159 166
159 234
160 209
160 247
161 171
161 210
161 231
162 206
163 189
163 190
163 230
164 173
164 195
164 218
165 196
165 204
169 234
170 186
170 225
171 229
172 177
172 197
172 221
173 182
174 212
175 190
175 223
175 227
176 236
177 195
177 225
178 241
179 208
183 209
183 214
183 242
183 249
186 195
188 229
191 200
191 237
194 230
194 233
194 240
195 203
195 242
198 220
200 214
201 225
201 226
202 219
203 210
203 245
207 221
209 215
210 245
211 219
213 240
216 219
216 221
216 239
218 220
220 223
221 246
224 240
225 227
225 245
226 230
228 238
230 238
232 242
236 245
