0 114
0 168
1 64
1 129
1 144
2 10
2 13
2 38
3 52
3 172
3 204
4 96
4 126
5 97
5 243
6 127
6 156
7 15
7 104
7 111
7 117
7 137
7 169
7 188
8 76
8 207
9 117
9 185
11 119
11 201
11 215
12 170
13 53
13 115
13 141
14 243
15 124
15 125
16 81
17 85
18 73
18 220
18 225
19 112
20 179
20 218
20 222
21 62
21 206
22 93
22 177
22 227
23 151
24 91
24 121
24 229
25 247
26 65
26 78
27 76
27 138
27 173
28 55
28 204
28 214
28 226
30 60
31 135
31 218
32 55
33 115
35 167
35 241
36 151
37 56
39 123
39 188
40 112
40 232
41 48
42 67
42 72
42 74
42 113
42 190
44 56
44 61
44 98
44 170
44 181
45 109
45 115
45 195
45 226
46 218
47 121
47 124
48 78
48 247
49 59
49 108
49 123
51 110
51 126
51 129
51 194
52 133
52 152
53 64
53 138
56 89
56 183
58 106
58 136
59 90
60 168
62 94
62 134
64 199
64 221
65 178
66 186
66 200
67 184
67 211
68 249
69 212
71 112
72 239
73 209
73 224
74 95
74 233
75 141
75 200
77 85
79 219
80 85
80 93
80 248
81 175
83 93
84 114
84 157
86 137
86 178
86 247
87 120
87 146
89 128
89 241
91 242
92 121
92 154
92 236
95 105
95 120
95 161
96 124
96 131
98 104
101 168
102 124
102 134
107 146
108 177
108 210
108 222
111 215
112 158
112 243
113 174
114 178
115 171
115 174
116 144
117 141
117 150
119 195
119 231
120 133
120 142
120 178
120 224
121 130
121 180
121 190
121 226
122 181
122 213
123 136
123 194
123 219
124 139
124 173
124 227
125 182
127 151
129 203
130 169
130 218
130 227
131 160
132 231
136 146
136 182
137 175
137 249
138 144
139 158
139 169
142 174
142 220
142 243
144 222
146 223
149 222
150 185
150 244
151 152
152 193
152 220
159 185
159 228
159 230
161 237
162 175
165 204
165 209
166 174
166 177
167 244
169 201
171 203
176 210
176 212
184 196
184 207
185 188
193 197
194 229
195 234
196 206
196 231
198 211
211 236
213 230
219 246
233 238
