0 146
0 158
0 165
0 173
0 200
1 145
1 174
1 199
1 233
2 87
2 96
2 99
2 140
2 142
2 183
3 33
3 71
3 84
3 161
3 172
3 181
3 202
3 221
3 238
4 30
4 48
4 61
4 89
4 164
4 191
4 245
5 41
5 58
5 168
6 154
6 157
6 224
6 226
6 246
7 13
7 21
7 72
7 86
7 128
7 141
7 154
7 157
8 25
8 44
8 51
8 73
8 101
8 155
8 180
9 25
9 196
9 235
9 245
10 44
10 122
10 198
11 35
11 37
11 50
11 105
11 158
12 88
12 98
12 112
12 182
12 222
12 230
13 32
13 42
13 46
13 103
13 160
13 170
13 221
14 33
14 71
15 25
15 79
15 81
15 216
15 247
16 129
16 146
16 182
16 190
16 198
16 199
16 217
17 70
17 113
17 137
17 156
18 38
18 39
18 49
18 129
18 202
18 231
19 54
19 141
19 185
19 213
20 171
20 208
21 58
21 139
21 206
22 42
22 58
23 31
23 68
23 89
23 127
24 30
24 32
24 89
24 108
25 60
25 79
25 167
25 181
26 47
26 59
26 78
26 111
26 137
26 154
26 161
26 203
27 58
27 99
27 125
27 178
28 45
28 74
28 110
28 120
29 84
29 85
29 108
29 119
29 149
29 152
29 249
30 59
30 182
30 231
31 44
31 124
31 153
31 173
32 96
32 151
32 158
32 172
32 177
32 210
32 238
33 95
33 120
33 124
33 136
33 158
33 239
34 47
34 76
34 118
34 134
34 155
34 168
34 205
34 229
35 65
35 98
35 99
35 114
35 122
35 172
36 115
36 129
36 142
36 148
36 203
36 211
37 52
37 54
37 69
37 71
37 131
37 197
38 47
38 174
38 237
38 249
39 137
39 178
39 200
39 201
39 209
39 229
40 59
40 166
40 169
40 198
40 216
40 229
41 136
41 140
41 185
41 209
41 216
41 237
42 52
42 61
42 65
42 73
42 74
42 87
42 153
42 159
42 229
42 243
43 85
43 163
43 164
43 186
43 248
44 144
44 146
44 187
44 188
44 217
44 221
45 59
45 100
45 127
45 157
45 159
45 187
46 88
46 102
46 106
46 235
47 93
47 166
47 168
47 177
47 203
47 218
49 78
49 86
49 156
49 197
49 226
50 53
50 55
50 61
50 135
50 210
50 212
51 129
51 138
51 225
51 232
52 100
52 130
52 143
52 146
52 229
53 116
53 151
53 210
53 236
53 245
54 103
54 141
54 163
55 58
55 88
55 91
55 104
55 166
55 221
55 237
56 146
56 152
56 172
56 196
56 197
56 229
57 72
57 75
57 80
57 129
57 162
57 178
57 209
57 214
58 95
58 102
58 117
58 120
58 131
58 137
58 149
58 228
58 234
60 67
60 127
60 176
60 235
61 106
61 125
61 152
61 167
61 220
61 237
62 71
62 87
62 101
62 103
62 113
62 123
62 127
62 146
62 148
62 193
63 131
63 185
64 103
64 134
64 138
64 186
65 73
65 81
65 94
65 105
65 152
65 213
66 112
66 142
66 212
66 225
66 233
67 124
67 169
67 205
67 221
67 222
68 114
68 178
68 182
68 198
68 221
68 239
68 243
69 126
69 224
70 130
70 150
70 164
70 190
70 246
71 77
71 110
71 113
71 186
71 236
72 88
72 155
72 188
72 220
72 231
73 82
73 96
73 145
73 165
73 168
73 198
73 223
74 83
74 99
74 149
74 154
74 170
74 215
74 229
74 234
75 83
75 89
75 139
75 171
75 194
75 218
76 86
76 87
76 121
76 149
76 226
76 245
77 128
77 134
77 136
77 167
77 168
77 178
77 214
77 217
78 183
79 85
79 171
79 226
80 165
81 117
81 169
81 228
82 119
82 137
82 154
82 158
82 192
83 114
83 123
83 180
83 190
83 236
84 89
84 92
84 114
84 131
84 152
84 177
85 88
85 123
85 138
85 177
85 201
86 105
86 131
86 176
87 139
87 182
87 199
87 200
88 102
88 155
88 206
88 224
89 154
89 158
89 172
89 239
90 102
90 170
90 225
90 230
91 168
91 207
92 173
92 232
92 233
93 125
93 162
93 182
93 208
93 212
94 131
94 144
94 169
94 185
94 201
94 210
94 225
94 235
95 156
95 174
95 229
95 248
96 105
96 224
96 230
96 247
97 116
97 117
97 129
97 154
97 169
97 170
97 186
97 205
97 230
98 111
98 199
98 246
99 111
99 172
100 103
100 176
100 182
100 183
100 223
100 236
101 142
101 192
101 241
102 127
102 160
102 184
102 186
102 227
102 235
103 124
103 159
103 197
103 200
103 216
103 234
104 121
104 150
104 216
104 242
105 158
105 169
105 173
105 193
105 228
106 118
106 140
106 158
106 180
106 189
106 198
106 206
106 218
107 126
107 167
107 198
107 211
107 230
108 126
108 229
108 232
109 121
109 122
109 163
109 168
109 211
109 234
110 127
110 131
110 157
110 178
110 202
110 217
110 231
110 232
111 132
111 146
111 148
111 221
111 245
112 119
112 126
112 136
113 114
113 125
113 216
113 224
115 133
115 145
115 165
115 248
116 168
117 136
117 142
118 130
118 180
118 221
118 236
119 135
119 248
119 249
120 126
120 192
120 200
121 122
121 137
121 156
122 171
122 179
124 151
124 223
125 146
125 149
125 237
126 128
126 194
126 197
126 234
127 154
127 166
127 174
127 183
127 206
128 147
128 169
128 190
128 234
129 138
129 150
129 157
129 161
129 228
130 133
130 143
130 166
130 183
130 248
131 138
131 168
131 199
131 233
132 135
132 141
132 153
132 183
132 190
132 199
132 226
132 249
133 134
133 150
133 187
133 217
133 232
134 139
134 179
135 222
136 180
136 194
137 142
137 166
137 180
137 235
138 233
139 173
139 193
139 201
140 248
140 249
141 168
141 178
141 242
142 147
142 163
142 202
143 225
143 233
144 165
144 182
144 198
144 209
144 225
145 197
146 149
147 174
147 223
147 225
148 195
148 207
148 217
149 158
149 202
150 151
150 191
150 233
151 154
151 201
151 204
152 202
152 242
154 177
155 182
155 233
156 183
157 202
158 163
159 187
159 223
160 173
160 176
160 199
160 249
161 221
161 229
161 231
161 247
162 202
163 224
164 192
164 196
164 224
165 168
165 220
165 239
166 230
167 201
167 220
167 235
168 240
169 174
169 192
169 215
169 249
171 174
171 209
171 218
171 225
171 235
172 215
174 224
175 225
175 233
176 177
176 195
177 193
177 218
177 235
178 234
179 218
179 225
180 210
180 215
181 238
182 240
182 242
184 246
185 209
186 196
186 219
186 223
187 229
188 213
188 229
188 243
189 208
189 249
190 240
191 207
192 207
192 220
194 236
198 247
199 214
200 211
200 228
201 219
201 231
202 206
203 210
204 225
205 237
206 216
208 223
210 216
210 228
211 232
211 241
215 227
215 232
215 240
219 220
220 227
221 223
222 243
223 233
223 238
224 240
224 244
225 247
226 230
226 234
226 244
227 246
228 230
229 241
232 241
232 245
234 239
236 238
240 248
242 245
244 246
