0 185
0 234
1 31
1 78
1 112
1 113
1 144
1 177
1 184
1 211
2 213
2 221
3 25
3 52
3 62
3 86
3 115
3 129
3 219
3 221
3 230
4 23
4 30
4 175
5 55
5 93
5 136
5 144
6 58
6 245
7 46
7 108
8 73
8 94
8 111
8 198
8 236
9 43
9 78
9 171
9 241
10 37
10 46
10 107
10 217
10 223
11 67
11 137
11 246
12 41
12 42
12 46
12 109
12 173
12 247
13 122
13 133
13 154
13 159
14 51
14 94
14 244
15 170
15 177
15 200
15 205
15 215
15 234
15 237
16 74
16 78
16 111
16 213
17 57
17 192
18 22
18 50
18 119
18 140
18 188
18 222
19 139
19 199
20 99
21 37
21 118
21 137
21 211
21 220
22 99
22 160
22 232
22 244
23 40
23 80
23 97
23 198
24 28
24 48
24 87
24 123
24 127
24 227
26 92
26 153
27 38
27 77
27 233
28 88
28 92
28 131
28 219
28 223
29 54
29 124
29 217
30 154
30 181
30 240
31 66
31 95
31 193
32 95
33 41
33 49
33 121
33 127
33 142
33 178
34 51
34 80
34 94
34 222
35 58
35 73
35 125
35 126
35 191
35 238
36 145
37 51
37 65
37 71
37 103
37 180
38 136
38 186
38 205
38 210
39 63
39 206
39 225
40 74
40 94
40 113
40 229
41 62
41 78
41 202
41 216
42 64
42 194
43 145
43 179
43 222
43 236
44 112
44 210
45 64
45 111
45 121
45 179
45 226
45 234
46 114
46 135
47 143
47 192
47 214
48 55
48 99
48 102
48 106
48 116
48 124
48 125
48 234
48 237
49 71
49 98
49 110
49 127
50 62
50 73
50 85
50 115
50 131
50 204
50 207
50 248
51 237
52 66
52 149
52 189
52 204
52 216
53 182
53 191
53 192
54 81
54 154
55 212
56 134
56 138
56 171
56 239
57 70
57 71
57 126
57 223
57 226
58 97
58 161
58 173
59 95
59 120
59 143
59 173
59 183
59 237
59 242
60 98
61 86
61 101
62 82
62 94
62 172
62 180
62 207
62 222
63 78
63 109
63 187
64 72
65 103
65 129
65 148
65 174
65 186
65 227
66 148
66 230
67 149
67 167
68 209
69 103
70 121
70 130
70 132
70 249
71 82
71 131
71 188
71 205
72 166
72 213
73 115
74 106
74 180
75 186
76 117
76 237
77 187
77 221
78 181
79 110
79 152
79 193
79 211
79 244
80 121
80 144
80 190
81 89
82 133
82 139
82 171
82 178
82 223
82 237
84 153
84 162
84 215
84 245
85 153
85 161
85 177
86 144
86 204
86 214
87 128
87 166
87 204
88 125
88 242
89 115
89 142
89 169
89 240
90 116
90 183
90 247
91 145
92 100
92 197
92 207
94 125
94 210
94 245
97 103
97 129
97 207
97 208
98 120
98 122
98 135
98 189
99 175
99 176
99 232
100 159
101 109
101 171
101 181
101 206
101 243
102 116
102 197
102 220
103 204
104 129
105 130
105 160
105 243
106 113
106 132
106 188
107 160
107 172
107 183
107 236
109 156
109 175
109 223
110 114
110 131
110 162
110 178
110 216
111 126
111 233
112 184
113 171
113 183
113 191
114 183
114 186
114 229
115 183
115 241
116 187
116 188
117 197
118 131
118 141
118 154
118 161
118 174
118 176
120 130
120 177
120 193
121 171
121 238
122 127
122 193
122 225
123 135
123 188
123 223
124 177
124 187
124 196
125 157
125 177
126 131
126 242
127 221
127 247
128 169
128 192
128 248
129 202
129 219
129 227
131 208
131 215
132 234
133 136
133 151
133 189
134 175
134 197
134 204
134 220
136 224
137 210
138 194
138 198
139 209
139 219
139 226
140 170
140 174
140 184
140 212
140 215
141 161
141 209
141 236
142 187
143 186
144 152
144 209
144 243
148 194
149 228
150 241
151 156
151 187
153 188
154 179
155 186
155 246
156 165
156 173
159 168
159 194
159 218
161 182
161 189
161 195
162 174
163 174
165 229
166 200
166 242
167 196
167 227
168 208
168 224
168 235
169 181
171 215
172 218
174 179
174 222
176 191
176 237
178 232
179 236
181 216
182 199
182 201
183 248
184 248
185 194
185 224
185 238
186 194
186 197
186 234
187 248
189 198
189 212
191 218
194 207
195 211
195 240
197 238
198 215
198 217
200 243
200 248
201 249
202 249
204 211
207 226
208 210
211 228
218 234
218 245
218 246
221 243
221 249
222 231
222 247
226 248
231 249
232 246
233 242
234 239
245 248
248 249
