0 8
0 32
0 97
0 110
0 125
0 147
0 153
0 168
0 175
0 178
0 207
0 208
0 222
1 8
1 28
1 39
1 72
1 81
1 89
1 96
1 107
1 118
1 124
1 152
1 180
1 183
1 187
1 194
1 203
1 229
1 232
2 47
2 63
2 83
2 84
2 94
2 97
2 109
2 131
2 135
2 145
2 215
2 219
2 247
3 36
3 55
3 61
3 82
3 98
3 116
3 121
3 133
3 138
3 142
3 152
3 166
3 177
3 186
3 187
3 189
3 192
3 197
3 200
3 211
3 227
3 234
4 14
4 36
4 79
4 81
4 93
4 101
4 110
4 129
4 175
4 198
4 220
4 222
4 226
4 241
4 244
5 6
5 8
5 30
5 63
5 73
5 91
5 106
5 108
5 110
5 128
5 130
5 134
5 141
5 146
5 150
5 190
5 193
5 220
6 18
6 23
6 54
6 74
6 82
6 95
6 101
6 131
6 149
6 158
6 172
6 174
6 184
6 198
6 201
6 237
6 240
6 243
7 31
7 38
7 44
7 74
7 90
7 101
7 105
7 110
7 145
7 153
7 155
7 158
7 169
7 179
7 208
7 214
7 217
7 227
7 228
7 244
8 9
8 16
8 24
8 37
8 46
8 47
8 57
8 68
8 77
8 80
8 102
8 107
8 139
8 144
8 157
8 192
8 208
8 226
8 240
9 21
9 63
9 67
9 116
9 133
9 149
9 164
9 199
9 208
9 217
9 225
9 230
9 238
9 245
10 31
10 67
10 72
10 144
10 151
10 161
10 174
11 18
11 32
11 48
11 72
11 75
11 76
11 80
11 90
11 113
11 122
11 169
11 170
11 193
11 219
11 223
11 242
11 244
11 246
11 247
11 248
12 13
12 47
12 48
12 57
12 60
12 61
12 110
12 131
12 148
12 157
12 166
12 170
12 189
12 193
12 196
12 215
12 234
12 246
12 247
13 25
13 34
13 42
13 54
13 62
13 80
13 109
13 129
13 134
13 137
13 159
13 172
13 183
13 229
13 242
13 243
14 31
14 34
14 44
14 56
14 61
14 88
14 116
14 130
14 131
14 151
14 160
14 163
14 165
14 170
14 179
14 181
14 184
14 201
14 239
15 39
15 73
15 88
15 113
15 121
15 158
15 201
15 236
15 241
16 48
16 54
16 62
16 98
16 111
16 112
16 137
16 207
17 21
17 26
17 27
17 43
17 48
17 68
17 82
17 103
17 169
17 189
17 195
17 207
17 216
17 245
18 61
18 83
18 101
18 123
18 144
18 175
18 199
18 222
18 229
18 236
19 71
19 82
19 128
19 150
19 155
19 168
19 170
19 191
19 207
19 243
20 34
20 44
20 52
20 54
20 55
20 59
20 62
20 71
20 75
20 81
20 99
20 112
20 129
20 154
20 194
20 216
21 40
21 45
21 58
21 80
21 97
21 103
21 130
21 167
21 178
21 209
21 214
21 218
21 219
21 226
21 249
22 26
22 57
22 61
22 64
22 74
22 79
22 117
22 122
22 123
22 137
22 155
22 245
23 32
23 44
23 83
23 96
23 127
23 130
23 131
23 161
23 169
23 176
23 177
23 182
23 191
23 198
23 246
24 26
24 48
24 68
24 86
24 112
24 126
24 142
24 152
24 171
24 187
24 193
24 204
24 227
24 229
24 242
25 36
25 53
25 68
25 89
25 93
25 99
25 105
25 112
25 114
25 115
25 141
25 157
25 165
25 221
25 241
25 242
25 247
26 29
26 60
26 98
26 110
26 122
26 161
26 196
26 203
26 208
26 212
26 224
26 225
26 238
27 36
27 37
27 39
27 52
27 98
27 109
27 117
27 130
27 137
27 150
27 166
27 183
27 203
27 215
28 51
28 54
28 55
28 76
28 90
28 100
28 129
28 132
28 206
28 223
28 233
28 236
28 241
29 34
29 44
29 54
29 67
29 92
29 127
29 131
29 161
29 163
29 174
29 175
29 176
29 184
29 209
29 223
30 52
30 72
30 112
30 115
30 158
30 168
30 209
30 215
30 223
30 240
31 40
31 70
31 77
31 87
31 98
31 209
31 222
31 235
32 48
32 85
32 107
32 124
32 144
32 148
32 155
32 191
32 192
32 197
32 198
32 220
33 42
33 56
33 110
33 117
33 141
33 145
33 153
33 156
33 163
33 167
33 194
33 198
33 214
33 237
34 42
34 46
34 55
34 62
34 105
34 118
34 124
34 129
34 156
34 175
34 180
34 186
34 188
34 189
35 55
35 117
35 150
35 152
35 161
35 172
35 189
35 194
35 199
35 203
35 213
35 214
35 220
35 230
35 232
35 233
35 236
36 58
36 62
36 70
36 74
36 75
36 88
36 101
36 119
36 121
36 141
36 177
36 234
36 243
37 55
37 72
37 85
37 105
37 109
37 134
37 137
37 142
37 143
37 147
37 191
37 220
37 229
37 243
38 85
38 97
38 102
38 106
38 112
38 125
38 128
38 142
38 161
38 162
38 164
38 181
38 192
38 204
38 207
38 240
39 82
39 108
39 158
39 164
39 172
39 191
39 224
39 231
40 72
40 81
40 108
40 132
40 187
40 199
40 230
41 68
41 94
41 103
41 119
41 126
41 165
41 178
41 196
41 202
42 83
42 125
42 135
42 137
42 231
42 235
42 244
43 63
43 84
43 107
43 135
43 153
43 163
43 168
43 174
43 194
43 212
44 55
44 56
44 61
44 96
44 104
44 110
44 114
44 122
44 157
44 171
44 185
44 188
44 219
45 64
45 75
45 94
45 111
45 116
45 138
45 149
45 188
45 200
45 204
45 218
45 219
45 226
45 238
45 249
46 56
46 62
46 64
46 79
46 102
46 112
46 136
46 147
46 166
46 178
46 186
46 197
46 210
46 216
46 219
46 225
46 228
47 96
47 109
47 128
47 136
47 142
47 150
47 180
47 202
47 220
47 225
47 230
47 232
47 249
48 78
48 85
48 87
48 91
48 95
48 123
48 137
48 144
48 145
48 162
48 178
48 195
48 202
48 219
48 221
48 230
49 78
49 99
49 110
49 133
49 163
49 169
49 184
49 190
49 214
49 248
50 54
50 79
50 86
50 96
50 99
50 103
50 153
50 155
50 176
50 188
50 212
50 234
50 248
51 71
51 86
51 144
51 185
51 195
51 199
51 202
51 219
52 67
52 71
52 72
52 78
52 93
52 97
52 104
52 118
52 131
52 139
52 145
52 147
52 246
53 55
53 87
53 92
53 122
53 142
53 144
53 160
53 162
53 166
53 186
53 193
53 203
53 209
53 230
53 234
53 241
54 64
54 73
54 79
54 82
54 84
54 117
54 139
54 173
54 175
54 182
54 196
54 222
55 66
55 72
55 89
55 91
55 105
55 158
55 167
55 174
55 185
55 189
55 196
55 222
55 230
55 238
55 242
56 68
56 90
56 98
56 107
56 150
56 155
56 182
56 186
56 188
56 210
56 219
56 238
57 63
57 89
57 90
57 104
57 113
57 131
57 141
57 150
57 155
57 165
57 182
57 190
57 198
57 233
57 249
58 60
58 111
58 113
58 114
58 118
58 123
58 135
58 143
58 145
58 146
58 150
58 174
58 180
58 187
58 192
58 195
59 69
59 74
59 88
59 101
59 114
59 130
59 176
59 192
59 203
59 210
59 212
59 228
59 233
59 241
60 73
60 88
60 157
60 161
60 168
60 196
60 197
60 227
60 231
60 235
61 78
61 88
61 96
61 97
61 103
61 113
61 118
61 157
61 172
61 180
61 192
61 203
61 224
61 247
62 81
62 82
62 102
62 106
62 118
62 120
62 129
62 137
62 151
62 153
62 178
62 180
62 181
62 193
62 203
62 221
62 224
63 83
63 84
63 97
63 105
63 118
63 133
63 152
63 156
63 159
63 165
63 192
63 194
63 236
63 245
63 248
64 82
64 99
64 106
64 108
64 117
64 123
64 124
64 133
64 141
64 150
64 164
65 82
65 83
65 117
65 126
65 179
65 182
65 205
65 206
65 219
65 223
65 226
65 227
65 232
65 236
66 67
66 69
66 87
66 88
66 96
66 100
66 119
66 125
66 140
66 145
66 177
66 183
66 211
66 231
66 237
67 72
67 115
67 126
67 145
67 146
67 163
67 172
67 190
67 200
67 245
68 71
68 82
68 89
68 99
68 113
68 128
68 131
68 189
68 214
68 238
69 79
69 83
69 91
69 108
69 112
69 117
69 123
69 133
69 151
69 203
69 205
69 208
69 221
69 231
69 242
70 97
70 130
70 136
70 165
70 166
70 187
70 196
70 211
70 233
70 249
71 83
71 86
71 121
71 126
71 145
71 151
71 152
71 162
71 167
71 188
71 202
71 203
71 239
71 248
72 76
72 84
72 88
72 98
72 99
72 100
72 135
72 141
72 144
72 155
72 165
72 166
72 186
72 194
72 201
72 219
72 245
73 82
73 121
73 148
73 184
73 196
73 218
74 80
74 87
74 117
74 132
74 135
74 143
74 146
74 152
74 154
74 189
74 213
74 217
74 224
74 232
74 241
74 244
75 78
75 81
75 94
75 101
75 102
75 121
75 128
75 150
75 182
75 228
76 85
76 95
76 107
76 145
76 184
76 202
76 211
76 215
76 217
76 224
76 225
76 232
76 234
76 235
77 84
77 92
77 96
77 99
77 106
77 111
77 194
77 200
77 207
77 248
77 249
78 83
78 108
78 132
78 152
78 173
78 186
78 198
78 236
78 237
78 246
79 93
79 95
79 120
79 141
79 160
79 167
79 168
79 180
79 183
79 196
79 200
79 204
79 227
79 228
79 236
79 237
79 248
80 134
80 135
80 138
80 143
80 146
80 165
80 173
80 196
80 211
80 215
80 221
80 227
81 121
81 182
81 207
81 217
81 221
81 237
81 242
81 247
82 98
82 99
82 116
82 134
82 136
82 145
82 146
82 192
82 240
83 99
83 103
83 112
83 116
83 117
83 125
83 185
83 198
83 201
83 205
84 85
84 94
84 118
84 138
84 165
84 197
84 208
84 215
84 247
85 95
85 146
85 224
85 232
85 243
85 247
86 180
86 188
86 189
86 194
86 196
87 93
87 117
87 134
87 174
87 180
87 189
87 197
87 200
87 212
87 215
87 232
88 134
88 142
88 180
88 237
89 111
89 125
89 126
89 134
89 135
89 146
89 169
89 174
89 184
89 186
89 187
89 195
89 224
89 225
89 248
90 92
90 101
90 102
90 110
90 123
90 182
90 183
90 193
90 200
90 226
90 227
90 233
90 238
90 239
91 93
91 100
91 129
91 157
91 203
91 205
91 234
91 241
91 243
92 103
92 115
92 117
92 119
92 131
92 135
92 150
92 151
92 171
92 182
92 195
92 199
92 210
92 212
92 222
92 223
92 230
92 232
92 234
93 139
93 182
93 198
93 201
93 207
93 214
93 242
93 245
94 116
94 139
94 145
94 154
94 157
94 166
94 182
94 202
94 211
94 231
94 233
94 235
94 241
95 103
95 115
95 116
95 122
95 136
95 143
95 179
95 180
95 190
95 211
95 219
95 225
95 231
96 124
96 126
96 130
96 138
96 141
96 158
96 187
96 201
96 216
96 247
97 114
97 119
97 120
97 121
97 132
97 143
97 153
97 154
97 155
97 160
97 164
97 171
97 197
97 199
97 201
97 207
97 208
97 241
97 245
98 108
98 125
98 136
98 164
98 176
98 190
98 203
98 233
99 119
99 127
99 131
99 133
99 151
99 165
99 168
99 172
99 176
99 183
99 215
99 221
99 245
100 104
100 105
100 153
100 154
100 166
100 173
100 176
100 186
100 197
100 231
100 241
101 110
101 126
101 178
101 180
101 218
102 121
102 139
102 142
102 158
102 159
102 189
102 199
102 240
103 123
103 125
103 137
103 152
103 155
103 171
103 184
103 205
103 212
103 236
103 240
104 111
104 115
104 172
104 195
104 219
104 230
104 246
104 248
105 114
105 167
105 188
105 191
105 193
105 224
105 239
105 246
106 107
106 140
106 141
106 161
106 163
106 193
106 205
106 213
106 237
106 239
106 242
107 120
107 137
107 156
107 159
107 167
107 176
107 198
107 202
107 203
107 209
107 230
108 111
108 134
108 150
108 164
108 182
108 187
108 202
108 219
108 226
108 231
108 236
109 150
109 154
109 167
109 187
109 199
109 243
110 133
110 138
110 139
110 155
110 157
110 159
110 171
110 225
111 112
111 121
111 122
111 131
111 151
111 177
111 185
111 214
111 221
112 113
112 126
112 132
112 149
112 161
112 192
112 222
112 230
113 118
113 139
113 166
113 171
113 208
113 216
113 223
114 158
114 185
114 210
114 224
114 248
115 142
115 143
115 151
115 202
115 211
115 238
115 247
116 165
116 182
116 196
116 197
116 210
116 217
116 231
116 234
116 237
117 136
117 150
117 165
117 208
117 224
117 227
117 234
117 249
118 127
118 131
118 156
118 162
118 168
118 184
118 226
118 228
118 229
119 120
119 122
119 125
119 140
119 146
119 166
120 154
120 162
120 174
120 178
120 180
120 194
120 201
120 209
120 216
120 231
120 234
121 123
121 131
121 168
121 170
121 180
121 182
121 191
121 205
121 212
121 238
122 139
122 149
122 184
122 209
122 212
122 216
122 245
123 134
123 147
123 168
123 188
123 226
123 228
123 231
123 240
124 138
124 143
124 159
124 162
124 193
124 195
124 214
124 222
124 226
125 138
125 162
125 165
125 175
125 206
125 212
125 214
126 136
126 146
126 148
126 154
126 169
126 173
126 175
126 190
126 194
126 208
126 231
126 238
126 241
126 245
126 247
126 249
127 137
127 141
127 142
127 150
127 157
127 159
127 165
127 181
127 182
127 221
127 242
128 152
128 155
128 159
128 162
128 235
128 242
129 130
129 149
129 152
129 174
129 199
129 220
129 223
129 226
129 231
129 240
129 246
130 142
130 147
130 149
130 150
130 163
130 177
130 179
130 183
130 193
130 230
130 240
130 242
131 144
131 149
131 150
131 153
131 213
131 214
131 221
131 230
132 145
132 153
132 180
132 186
132 245
133 139
133 141
133 190
133 196
133 201
133 213
133 216
133 236
133 248
134 152
134 161
134 206
134 230
134 237
134 245
135 190
135 194
135 203
135 225
135 243
135 244
135 246
136 141
136 163
136 170
136 186
136 202
136 207
136 233
136 234
137 140
137 210
137 213
137 225
137 235
137 248
138 152
138 171
138 190
138 191
138 200
138 201
138 203
138 209
138 212
138 217
138 219
138 228
138 241
139 142
139 167
139 169
139 173
139 177
139 187
139 225
140 177
140 179
140 180
140 181
140 188
140 220
140 222
140 238
140 245
141 149
141 154
141 158
141 159
141 201
141 225
141 234
141 238
142 145
142 151
142 191
142 223
142 227
142 249
143 144
143 198
143 202
143 221
143 228
144 174
144 214
144 229
144 237
144 242
145 155
145 172
145 217
145 218
146 147
146 160
146 182
146 188
146 190
146 202
147 158
147 162
147 171
147 187
147 193
147 197
147 207
148 190
148 211
148 231
148 240
149 164
149 180
149 183
149 184
149 188
149 211
149 221
149 232
150 156
150 160
150 163
150 186
150 224
150 229
150 233
150 243
151 167
151 188
151 193
151 231
151 239
152 178
152 181
152 190
152 195
152 204
152 216
152 225
152 236
152 238
153 164
153 223
153 225
153 244
154 167
154 203
154 210
154 216
154 236
155 191
155 197
156 205
156 221
156 223
157 158
157 165
157 172
157 182
157 221
157 236
158 165
158 180
158 184
158 198
158 202
158 210
158 217
158 239
158 246
159 163
159 179
159 221
159 227
159 246
160 188
160 198
160 199
160 205
161 162
161 186
161 187
161 192
161 200
161 206
161 220
161 243
162 163
162 178
162 179
162 188
162 222
162 227
162 229
162 248
163 166
163 167
163 182
163 185
163 216
163 225
163 245
164 194
164 198
164 244
165 171
165 187
165 199
165 212
165 238
165 240
166 175
166 181
166 190
166 208
167 244
168 188
168 193
168 198
168 205
168 209
168 237
169 198
169 226
169 231
170 181
170 183
170 211
170 213
170 233
171 177
171 186
171 216
171 226
171 248
172 178
172 181
172 188
172 195
172 217
172 218
172 230
173 175
173 180
173 185
173 204
173 241
174 178
174 200
174 225
174 226
174 238
175 177
175 178
175 182
175 183
175 187
175 188
175 214
176 177
176 218
176 230
176 237
176 238
177 178
177 183
178 196
178 200
178 201
178 218
179 196
179 213
179 234
180 202
180 245
180 248
181 189
181 190
181 205
181 215
181 221
182 183
182 215
182 224
182 229
182 232
183 184
183 186
183 187
183 199
183 205
183 234
183 244
184 216
184 220
184 224
185 202
185 221
185 237
187 188
187 203
187 212
187 216
187 231
187 249
188 230
189 192
189 216
189 236
189 243
190 193
190 221
190 225
190 245
191 207
191 208
191 225
191 244
192 199
192 219
193 200
193 209
193 239
193 248
193 249
194 202
194 210
194 233
195 216
195 218
195 236
195 237
196 197
196 205
196 231
196 243
196 245
197 232
198 204
198 206
198 217
198 229
198 243
199 249
200 213
200 246
201 202
201 218
202 205
202 211
202 218
202 229
202 243
204 225
204 232
205 211
205 218
206 242
208 209
209 239
210 227
211 225
211 229
212 227
213 218
214 215
215 230
215 242
216 229
217 219
218 228
219 232
219 239
219 248
221 241
221 249
222 229
222 243
224 226
224 242
226 242
226 246
227 229
227 233
228 234
228 246
229 249
230 231
231 237
231 238
232 242
232 244
234 244
236 247
239 242
243 249
