1 26
1 40
1 72
1 189
1 223
2 9
2 134
3 194
3 239
4 18
4 179
4 186
4 198
5 18
5 35
8 141
9 22
9 216
11 13
11 134
11 191
12 15
12 142
13 158
14 25
15 82
15 166
15 210
16 69
16 219
18 196
19 82
20 156
21 40
21 64
21 74
21 191
22 97
23 220
25 110
25 131
26 88
26 206
27 233
28 157
29 43
29 53
29 57
29 89
29 91
29 116
29 137
29 225
30 127
31 56
31 142
31 156
33 237
35 130
36 62
37 167
38 122
38 147
39 103
39 144
40 71
40 241
41 99
41 182
43 145
43 230
44 126
44 166
45 75
45 125
46 126
48 153
48 249
49 122
50 83
50 122
50 154
50 203
51 93
51 216
53 157
54 101
54 119
56 61
56 116
56 228
58 115
58 240
61 138
61 192
62 66
62 78
62 127
62 205
64 91
64 110
64 214
66 92
66 221
66 227
67 143
67 196
68 126
69 166
70 154
70 167
70 184
70 196
71 85
71 146
71 154
73 156
75 124
75 190
76 80
76 194
76 202
76 221
79 163
79 234
82 127
83 246
84 134
84 154
85 94
85 162
85 229
85 234
88 138
88 223
89 245
90 110
90 217
91 190
93 140
94 111
95 98
97 142
97 171
98 152
98 230
99 104
99 109
99 188
100 166
100 215
101 124
104 195
105 110
107 140
108 169
108 197
109 136
109 166
109 237
110 170
111 178
112 136
113 155
113 210
113 237
114 124
114 225
115 191
115 198
115 229
116 220
116 221
120 205
121 241
122 209
124 131
126 179
131 189
136 192
136 212
136 247
137 146
138 171
140 154
140 160
141 153
141 215
142 156
144 189
144 219
145 146
145 164
145 206
147 158
147 245
151 155
153 232
155 163
155 197
162 202
166 204
168 177
168 224
169 186
169 228
169 233
174 219
174 237
174 239
177 226
181 241
182 213
185 245
188 194
189 224
192 228
194 203
194 234
196 224
203 241
210 221
217 241
220 225
