0 12
0 136
0 138
0 165
0 169
0 193
0 213
1 37
1 49
1 90
1 215
2 46
2 213
2 238
3 44
3 106
3 227
4 134
4 248
5 42
5 245
6 26
6 46
6 53
6 132
7 68
7 77
7 85
7 126
7 188
7 195
7 206
7 232
8 15
8 34
8 62
8 157
8 160
8 174
9 27
9 60
9 122
9 141
9 190
9 249
10 19
10 38
10 77
10 172
10 184
10 209
11 16
11 54
11 63
11 204
12 17
12 24
12 39
12 61
12 109
12 245
13 75
13 103
13 125
13 138
13 142
13 171
13 215
13 244
13 246
14 29
14 91
15 27
15 188
16 60
16 63
16 190
16 229
16 233
17 235
18 73
18 226
19 27
19 97
19 168
20 121
20 123
20 172
20 183
20 196
21 116
21 160
21 246
22 54
22 222
23 49
23 148
23 178
24 57
24 209
24 236
25 180
25 182
25 235
27 208
28 38
28 132
28 234
29 53
29 141
29 203
29 233
30 151
30 156
30 194
31 71
31 83
31 206
32 105
32 190
33 150
33 192
33 235
35 42
35 47
35 73
35 90
36 180
37 64
37 105
37 120
37 126
37 189
38 107
38 120
38 185
38 186
38 199
38 239
39 67
39 73
39 174
39 192
39 215
40 108
40 125
40 130
40 134
40 135
40 170
41 107
41 115
41 138
42 216
42 220
43 65
43 198
43 209
43 213
44 109
44 117
44 199
44 211
44 228
45 196
45 211
45 243
46 82
46 215
46 242
47 65
47 79
47 87
47 234
48 72
48 237
49 53
49 66
49 69
49 71
49 106
49 180
49 208
50 56
50 118
50 153
50 208
50 216
51 93
51 131
51 141
51 146
51 247
52 53
52 54
52 97
52 116
52 140
52 206
53 57
53 247
54 122
54 160
54 214
54 229
55 91
55 129
55 176
56 95
56 112
56 223
57 211
58 64
58 205
59 71
59 134
59 146
59 165
59 229
60 91
60 98
60 164
60 165
60 212
62 64
62 96
62 173
62 221
62 227
64 95
64 136
64 165
64 204
65 77
65 83
65 157
65 208
65 214
65 244
66 179
66 187
66 219
66 233
67 85
67 147
67 170
67 226
67 240
68 109
68 182
68 213
68 228
68 231
68 233
69 84
69 94
69 125
69 136
70 191
71 189
72 144
72 220
72 221
73 163
74 89
74 169
74 196
75 213
76 228
76 235
77 112
77 117
77 122
77 156
77 159
78 151
80 201
80 244
81 119
81 201
82 109
82 134
82 228
82 236
82 240
83 124
83 144
83 206
84 191
84 197
85 97
85 128
85 152
85 162
86 135
86 160
86 181
86 229
87 245
88 112
88 138
88 206
88 229
89 163
89 197
89 242
91 171
91 192
92 249
93 153
93 247
94 116
94 199
95 146
96 115
96 147
97 132
97 213
97 229
98 140
98 161
99 227
100 119
100 171
100 187
100 231
101 158
101 193
102 143
102 219
102 224
103 111
103 131
103 201
103 221
103 243
104 105
104 108
104 142
104 145
104 177
104 180
105 123
105 202
105 208
107 131
108 110
108 206
108 233
108 246
109 216
110 114
110 137
110 148
110 161
110 201
110 238
111 169
112 208
112 230
113 152
113 181
113 231
115 145
115 151
115 166
115 246
116 131
119 126
119 222
120 184
120 248
121 126
121 212
122 123
122 169
122 206
123 151
123 197
124 157
125 204
126 146
127 142
127 148
128 149
128 218
129 164
129 172
129 229
130 159
130 170
132 208
132 231
133 161
134 249
135 154
135 188
135 208
137 201
138 177
139 187
139 196
139 227
140 191
141 149
142 201
143 160
144 221
145 146
145 171
145 172
145 175
145 184
146 241
147 149
147 159
147 200
148 219
149 222
150 180
150 198
150 234
151 244
152 154
152 184
154 171
155 172
155 220
155 234
157 188
157 215
157 233
158 173
158 220
159 173
161 188
161 203
163 166
163 249
165 169
165 171
165 197
165 205
165 208
166 168
166 240
167 213
167 228
169 190
170 176
170 186
170 199
171 181
171 204
172 217
176 229
176 243
177 249
178 195
179 224
182 215
182 225
185 213
185 216
186 187
186 230
186 237
187 198
188 196
189 247
190 217
191 207
191 232
193 217
194 242
197 228
197 244
202 217
202 241
205 235
205 244
206 230
206 239
210 223
211 242
212 232
214 219
217 225
220 240
221 224
222 225
224 234
226 244
232 243
239 240
239 243
239 244
240 243
241 243
244 249
