0 49
0 61
0 168
1 122
2 169
2 177
2 240
3 96
4 5
5 25
5 40
5 110
5 187
6 25
6 28
6 141
7 11
7 21
7 32
7 68
7 117
9 108
10 56
10 61
10 189
11 25
11 211
12 141
12 163
14 32
15 94
16 168
16 172
16 239
20 192
21 184
21 192
21 212
22 68
22 189
22 216
25 81
25 127
25 216
30 150
30 176
32 124
32 191
32 240
35 212
36 122
37 83
37 140
40 89
40 105
42 93
42 177
42 189
43 184
43 194
46 207
46 238
47 213
48 93
48 112
49 118
50 55
50 119
50 160
50 205
51 63
51 66
51 85
51 149
51 167
52 102
52 122
52 202
53 143
53 248
54 134
54 150
54 165
54 189
55 90
55 118
60 211
61 117
61 194
62 138
62 140
62 146
62 197
63 131
63 168
63 176
67 179
68 114
68 142
70 72
70 149
71 112
71 129
71 148
72 190
73 98
75 132
75 147
75 230
77 96
77 132
77 224
81 249
86 92
86 195
86 198
89 190
92 164
92 228
93 144
93 155
94 129
94 214
96 97
96 119
96 156
97 181
97 212
98 165
98 205
100 128
100 158
102 177
103 140
105 215
105 219
106 206
106 238
108 119
110 177
110 220
113 167
113 211
114 150
116 224
117 192
117 207
117 221
120 148
120 189
123 126
123 215
124 203
124 242
125 244
126 221
132 142
132 149
132 152
132 185
132 223
133 159
135 197
136 160
136 212
138 184
138 187
141 195
144 162
146 179
147 194
147 213
148 203
150 183
150 221
152 172
156 234
158 192
159 249
161 241
161 245
162 240
162 249
163 228
164 190
164 196
165 245
166 176
166 205
168 182
169 174
172 233
181 208
182 220
183 203
189 242
191 248
198 233
198 244
202 214
202 241
212 230
240 242
