0 85
0 86
0 127
0 155
0 167
0 186
0 195
1 8
1 22
1 51
1 74
1 134
1 149
1 150
1 156
1 157
1 161
1 174
1 206
2 32
2 49
2 56
2 72
2 116
2 206
2 224
2 226
3 31
3 80
3 178
3 199
3 203
3 235
4 5
4 94
4 133
4 142
4 168
4 177
4 197
4 236
5 8
5 68
5 117
5 178
5 218
6 7
6 20
6 85
6 88
6 108
6 138
6 141
6 144
6 170
6 175
6 184
6 232
6 242
7 26
7 39
7 58
7 124
7 183
7 208
7 234
7 239
7 246
8 23
8 47
8 54
8 137
8 156
8 178
8 191
8 199
8 236
9 49
9 54
9 56
9 74
9 86
9 114
9 133
9 246
10 23
10 62
10 63
10 120
10 166
10 182
10 186
10 191
10 198
10 229
10 239
11 43
11 66
11 150
11 189
11 195
11 233
12 15
12 48
12 62
12 94
12 126
12 133
12 164
12 195
12 201
12 223
13 17
13 30
13 54
13 82
13 122
13 192
13 246
13 249
14 69
14 105
14 109
14 119
15 24
15 68
15 98
15 139
15 164
15 166
15 224
16 89
16 95
16 110
16 114
16 117
16 136
16 173
16 180
16 198
16 223
16 237
16 248
17 18
17 51
17 104
17 117
17 129
17 157
17 164
17 222
17 244
18 111
18 156
18 177
18 199
18 200
18 204
18 227
19 61
19 97
19 152
19 156
19 173
19 239
20 25
20 29
20 114
20 124
20 126
20 213
20 245
21 28
21 37
21 71
21 77
21 90
21 111
21 169
21 221
21 228
22 38
22 62
22 78
22 80
22 101
22 143
22 176
22 194
22 207
22 216
22 217
22 224
23 37
23 76
23 122
23 127
23 178
23 184
23 191
23 240
24 52
24 85
24 94
24 154
24 184
25 40
25 76
25 93
25 105
25 111
25 124
25 144
25 165
25 197
25 210
26 56
26 83
26 121
26 194
26 225
27 45
27 47
27 59
27 84
27 95
27 97
27 111
27 127
27 208
27 226
27 248
28 120
28 124
28 147
28 178
28 248
29 129
29 132
29 136
29 137
29 190
29 248
30 32
30 37
30 63
30 82
30 93
30 101
30 118
30 168
30 179
30 188
30 202
30 209
30 227
30 239
31 34
31 62
31 65
31 115
31 123
31 151
31 194
31 195
31 200
31 219
32 38
32 48
32 53
32 57
32 58
32 79
32 131
32 136
32 137
32 191
32 220
32 227
32 244
33 122
33 165
33 173
33 180
33 210
33 212
33 219
34 93
34 112
34 126
34 141
34 196
35 52
35 75
35 77
35 82
35 92
35 200
35 224
35 243
35 247
36 58
36 71
36 78
36 132
36 184
36 188
36 204
36 216
36 242
37 115
37 161
37 162
37 191
37 209
37 210
37 212
37 213
38 59
38 65
38 76
38 105
38 135
38 139
38 140
38 150
38 153
38 170
38 203
38 217
38 236
38 238
39 41
39 93
39 175
39 178
39 182
39 190
39 241
40 52
40 141
40 152
40 184
40 203
41 89
41 182
41 185
41 191
41 203
41 206
41 212
41 240
42 46
42 85
42 100
42 140
42 154
42 179
42 240
43 45
43 77
43 90
43 106
43 120
43 157
43 180
43 183
43 188
43 191
43 219
43 222
44 62
44 89
44 91
44 96
44 105
44 130
44 156
44 187
44 203
45 53
45 73
45 120
45 134
45 182
45 205
45 229
46 65
46 91
46 97
46 149
46 157
46 179
46 183
46 187
46 189
47 59
47 84
47 90
47 91
47 92
47 147
47 166
47 198
47 238
47 239
47 246
48 86
48 90
48 157
48 183
48 188
48 222
48 239
49 76
49 83
49 119
49 121
49 124
49 125
49 126
49 147
49 151
49 193
49 227
49 236
50 82
50 100
50 168
50 170
50 220
50 225
50 245
51 53
51 69
51 78
51 101
51 123
51 128
51 141
51 159
51 198
51 209
51 242
51 248
52 70
52 90
52 98
52 100
52 103
52 106
52 144
52 193
52 202
52 243
53 66
53 83
53 84
53 86
53 92
53 127
53 135
53 138
53 152
53 154
53 169
53 204
53 226
53 239
54 137
54 152
54 156
54 158
54 179
54 190
54 203
54 204
54 225
54 227
54 228
54 248
55 66
55 89
55 142
55 175
55 179
55 228
55 234
56 98
56 179
57 80
57 83
57 84
57 93
57 125
57 132
57 167
57 190
57 199
57 202
57 210
57 229
58 84
58 104
58 141
58 161
58 178
58 180
58 228
58 243
58 244
59 62
59 103
59 125
59 135
59 165
59 174
59 211
59 215
59 239
60 61
60 65
60 103
60 115
60 118
60 131
60 194
60 218
60 226
60 231
61 67
61 70
61 114
61 128
61 147
61 187
62 79
62 100
62 148
62 163
62 173
62 226
62 229
62 249
63 76
63 126
63 151
63 159
63 160
63 186
63 198
63 242
64 71
64 123
64 134
64 139
64 240
65 84
65 106
65 119
65 193
65 202
65 226
66 151
66 167
67 98
67 112
67 155
67 167
67 180
67 235
67 244
68 82
68 137
68 139
68 173
68 201
68 226
68 232
69 71
69 100
69 156
69 164
69 203
69 216
69 238
69 242
70 77
70 89
70 110
70 129
70 134
70 141
70 180
70 188
70 214
71 85
71 111
71 128
71 133
71 135
71 163
71 174
71 209
71 210
71 218
71 220
71 239
72 142
72 186
72 189
72 226
72 235
73 101
73 130
73 211
74 131
74 132
74 139
74 147
74 161
74 202
74 230
75 89
75 93
75 106
75 118
75 129
75 135
75 152
75 180
75 197
75 208
75 225
75 236
75 243
75 244
76 125
76 132
76 140
76 165
76 201
76 231
77 122
77 151
77 177
77 238
77 240
77 244
78 81
78 89
78 112
78 143
78 158
78 164
78 174
78 208
78 230
79 82
79 97
79 113
79 127
79 145
79 182
79 218
80 111
80 113
80 148
80 152
80 168
80 192
80 223
81 83
81 90
81 99
81 133
81 165
81 173
81 189
81 194
81 235
82 88
82 92
82 102
82 151
82 172
82 177
82 231
83 108
83 118
83 168
83 170
83 201
83 228
83 246
84 85
84 92
84 112
84 117
84 131
84 182
84 224
84 245
85 111
85 126
85 132
85 135
85 137
85 184
85 223
86 134
86 147
86 156
86 164
86 205
86 209
86 221
87 109
87 128
87 135
87 157
87 167
87 176
87 215
87 216
88 127
88 131
88 240
88 243
89 206
89 248
90 142
90 185
90 187
90 197
90 210
90 220
90 232
91 95
91 126
91 144
91 152
91 218
91 219
91 220
91 247
92 117
92 122
92 154
93 101
93 115
93 132
93 139
93 141
93 170
93 184
94 100
94 135
94 149
94 164
94 200
94 203
94 221
94 223
94 240
95 96
95 100
95 111
95 173
95 183
95 190
95 192
95 209
96 102
96 106
96 147
96 162
96 185
96 187
96 193
96 214
96 215
96 233
96 246
97 111
97 130
97 144
97 153
97 188
97 206
97 207
97 224
97 229
98 132
98 137
98 195
98 229
99 137
99 156
99 186
99 192
99 204
99 215
99 236
100 155
100 161
100 196
100 231
100 237
101 125
101 159
101 161
101 169
101 210
101 239
101 245
101 249
102 115
102 143
102 146
102 173
102 183
102 226
102 228
103 121
103 146
103 249
104 122
104 128
104 189
104 201
104 230
105 109
105 126
105 137
105 149
105 154
105 169
105 183
105 226
105 237
106 127
106 139
106 142
106 143
106 152
106 166
106 202
106 212
106 241
107 109
107 110
107 115
107 134
107 160
107 179
107 185
107 193
107 213
107 225
107 231
108 144
108 159
108 206
108 210
109 118
109 155
109 162
109 211
109 217
109 230
109 237
110 123
110 132
110 152
110 240
110 249
111 126
111 133
111 157
111 161
111 172
112 114
112 127
112 168
112 169
112 198
112 214
112 217
113 122
113 136
113 204
113 218
113 225
113 228
113 239
114 120
114 150
114 158
114 161
114 162
114 163
114 171
114 182
115 143
115 152
115 154
115 170
115 202
115 212
115 215
115 237
116 204
116 219
116 223
116 228
116 231
116 245
116 246
117 123
117 159
117 170
117 193
117 202
117 236
118 164
118 176
118 211
119 126
119 180
119 204
119 211
119 239
120 136
120 159
120 163
120 167
120 187
120 196
120 214
120 230
120 249
121 158
121 194
121 221
121 222
121 246
122 242
122 248
123 137
123 180
123 214
123 216
124 137
124 158
124 171
124 180
124 200
124 210
124 213
124 219
124 245
125 130
125 152
125 153
125 155
125 165
125 190
125 194
126 143
126 159
126 195
126 199
126 225
126 235
126 243
126 246
127 187
127 204
128 146
128 151
128 170
128 216
128 247
129 141
129 144
129 150
129 156
129 162
129 190
129 197
130 137
130 146
130 173
130 209
130 211
130 217
131 140
131 156
131 185
131 212
131 237
131 239
131 240
132 144
132 180
132 187
133 134
133 148
133 223
133 244
134 149
134 166
134 174
134 206
134 225
135 140
136 176
136 182
136 227
137 167
137 224
138 140
138 143
138 168
138 221
138 237
139 188
139 227
140 143
140 153
140 155
140 159
140 177
140 190
140 223
140 226
140 242
141 175
141 179
141 232
142 203
142 211
143 148
143 158
143 176
143 203
143 205
143 209
143 212
144 151
144 158
144 168
144 193
144 214
145 192
145 220
145 242
146 163
146 209
146 235
146 241
147 160
147 235
148 174
148 221
149 152
149 192
149 199
150 169
150 208
150 216
150 237
151 161
151 176
151 209
151 227
152 159
152 169
152 195
152 211
152 235
152 245
153 204
153 231
153 234
153 239
154 167
154 233
155 203
155 218
155 222
155 225
155 238
156 211
156 240
157 226
157 249
158 188
158 190
158 200
158 219
158 224
159 202
159 249
160 167
160 222
160 239
161 174
161 191
161 215
162 185
162 229
162 240
163 166
163 180
163 206
163 220
163 223
164 167
164 180
164 198
164 208
164 209
165 178
165 181
165 244
166 199
166 241
167 196
167 214
167 225
168 191
168 211
168 228
168 241
169 178
169 180
169 199
170 191
171 172
171 246
172 202
172 204
172 223
172 233
173 177
173 196
173 203
173 242
174 188
174 192
174 223
174 239
174 240
174 243
175 219
175 231
176 189
176 216
177 226
178 208
179 238
180 183
180 228
180 234
180 237
180 244
181 227
181 228
181 231
181 233
182 199
182 242
183 186
183 200
183 212
183 219
184 219
185 210
185 248
186 200
186 208
186 216
186 222
186 235
187 242
189 226
190 211
190 236
191 213
191 240
191 243
192 219
192 222
193 205
193 218
193 241
194 212
196 201
196 218
197 201
198 201
198 210
198 240
199 200
199 212
199 218
199 230
200 212
201 232
202 221
202 223
202 228
202 234
202 245
203 237
203 242
204 212
204 230
204 248
204 249
205 214
205 219
205 242
206 236
208 220
208 229
209 231
210 213
210 228
211 212
212 246
212 248
213 217
213 234
214 244
215 220
215 228
215 246
216 218
216 227
216 228
216 242
217 242
217 249
218 224
218 227
219 248
220 224
220 229
221 244
222 224
222 234
223 224
224 236
225 229
227 243
227 248
228 240
228 245
231 245
234 235
234 238
235 248
243 245
243 246
