0 14
0 19
0 63
0 105
0 137
0 146
0 154
0 162
0 186
0 187
0 221
1 31
1 55
1 93
1 94
1 137
1 145
1 208
1 216
1 245
2 46
2 95
2 107
2 145
2 189
2 191
2 193
2 207
2 221
2 231
3 9
3 14
3 49
3 52
3 90
3 95
3 98
3 105
3 116
3 129
3 153
3 163
3 168
3 192
3 219
3 229
3 240
3 247
4 7
4 9
4 44
4 56
4 73
4 115
4 117
4 169
4 183
4 200
4 226
4 244
4 249
5 36
5 46
5 54
5 100
5 153
5 178
5 182
5 186
5 199
5 218
5 247
5 249
6 17
6 28
6 74
6 101
6 121
6 124
6 139
6 141
6 152
6 182
6 203
6 208
6 248
7 20
7 31
7 36
7 59
7 74
7 91
7 98
7 103
7 111
7 135
7 154
7 182
7 190
7 201
7 205
7 214
7 221
7 233
8 21
8 36
8 42
8 62
8 73
8 93
8 98
8 130
8 161
8 165
8 168
8 172
8 206
9 26
9 29
9 42
9 46
9 55
9 117
9 126
9 133
9 149
9 160
9 168
9 189
9 194
9 196
9 202
9 212
9 229
10 22
10 34
10 60
10 79
10 80
10 92
10 113
10 147
10 149
10 150
10 239
10 241
11 35
11 56
11 75
11 88
11 94
11 98
11 106
11 115
11 138
11 146
11 166
11 169
11 191
11 208
11 216
11 244
12 17
12 25
12 47
12 73
12 81
12 109
12 156
12 167
12 176
12 222
13 65
13 70
13 117
13 131
13 141
13 151
13 165
13 169
13 213
13 238
13 243
13 246
14 24
14 106
14 140
14 155
14 169
14 187
14 203
14 218
14 225
14 228
15 20
15 25
15 27
15 41
15 43
15 55
15 75
15 91
15 123
15 127
15 177
15 222
15 226
16 25
16 40
16 48
16 59
16 113
16 211
17 31
17 39
17 43
17 53
17 61
17 66
17 67
17 88
17 166
17 167
17 168
17 194
17 195
17 201
17 212
17 236
17 238
18 24
18 38
18 41
18 45
18 47
18 74
18 104
18 133
18 138
18 141
18 166
18 175
18 183
18 207
18 209
18 230
18 246
19 20
19 35
19 57
19 76
19 106
19 118
19 168
19 170
19 213
19 233
19 237
19 239
20 41
20 65
20 67
20 79
20 114
20 118
20 127
20 136
20 180
20 185
20 202
20 205
20 207
21 31
21 53
21 63
21 71
21 79
21 99
21 130
21 149
21 160
21 166
21 167
21 172
21 175
21 178
21 208
21 209
21 215
21 218
22 48
22 71
22 82
22 83
22 124
22 141
22 172
22 185
22 190
22 194
22 200
22 221
22 229
22 249
23 34
23 43
23 82
23 89
23 146
23 179
23 180
23 188
23 194
23 200
23 212
23 230
23 242
24 38
24 49
24 70
24 82
24 85
24 114
24 131
24 134
24 147
24 177
24 180
24 226
24 245
25 43
25 64
25 100
25 124
25 158
25 186
25 197
25 199
25 222
25 232
26 41
26 69
26 72
26 81
26 86
26 91
26 101
26 121
26 145
26 169
26 199
26 205
26 216
27 31
27 91
27 138
27 146
27 172
27 182
27 183
27 189
27 198
27 204
27 245
28 34
28 35
28 48
28 50
28 86
28 114
28 128
28 133
28 139
28 178
28 198
28 233
28 238
29 89
29 98
29 107
29 111
29 118
29 140
29 168
29 220
29 232
29 236
30 172
30 200
30 221
31 55
31 63
31 133
31 170
31 183
31 189
31 217
32 74
32 88
32 122
32 133
32 139
32 140
32 166
32 174
32 231
32 233
33 37
33 39
33 58
33 77
33 92
33 102
33 119
33 137
33 144
33 151
33 155
33 176
33 183
33 207
34 39
34 55
34 60
34 66
34 70
34 72
34 77
34 99
34 138
34 172
34 182
34 215
34 243
35 50
35 52
35 53
35 54
35 74
35 94
35 120
35 145
35 154
35 186
35 198
35 200
35 206
35 212
35 248
36 56
36 63
36 86
36 112
36 118
36 167
36 193
36 195
36 200
36 219
36 237
37 49
37 98
37 102
37 111
37 124
37 126
37 136
37 159
37 179
37 189
37 205
37 243
38 39
38 47
38 109
38 110
38 133
38 159
38 177
38 189
38 195
38 225
39 41
39 62
39 70
39 72
39 81
39 101
39 108
39 109
39 116
39 127
39 128
39 132
39 156
39 174
39 214
39 221
39 229
39 240
40 42
40 51
40 59
40 62
40 77
40 82
40 92
40 94
40 105
40 130
40 135
40 159
40 162
40 163
40 192
40 196
40 204
40 225
40 228
40 231
40 241
40 246
41 66
41 87
41 149
41 154
41 158
41 171
41 190
41 193
41 200
41 210
41 215
41 219
41 227
42 87
42 119
42 163
42 187
42 216
42 238
43 56
43 67
43 99
43 100
43 105
43 112
43 114
43 135
43 156
43 207
43 221
43 226
43 228
43 239
43 247
44 68
44 142
44 160
44 166
44 179
44 186
44 207
44 210
44 213
44 220
44 247
45 53
45 85
45 88
45 97
45 98
45 100
45 182
45 193
45 212
46 60
46 68
46 106
46 139
46 158
46 164
46 184
46 188
46 189
46 195
46 208
47 68
47 89
47 91
47 98
47 104
47 132
47 137
47 145
47 160
47 197
47 205
47 210
47 215
47 222
47 224
47 225
48 63
48 76
48 81
48 95
48 129
48 186
48 198
48 200
48 211
48 215
48 224
48 238
49 54
49 82
49 95
49 96
49 106
49 120
49 135
49 139
49 146
49 166
49 185
49 202
49 230
50 73
50 84
50 86
50 91
50 96
50 111
50 117
50 128
50 132
50 141
50 151
50 164
50 170
50 175
50 177
50 178
50 206
50 231
51 83
51 95
51 124
51 163
51 168
51 170
51 204
51 209
51 213
51 219
51 232
52 91
52 96
52 155
52 194
52 217
52 237
53 69
53 95
53 131
53 136
53 137
53 201
53 232
54 62
54 84
54 110
54 127
54 137
54 139
54 172
54 173
54 184
54 186
54 197
54 209
54 223
54 231
54 238
55 60
55 64
55 65
55 74
55 102
55 105
55 130
55 133
55 134
55 144
55 158
55 208
55 228
56 94
56 140
56 158
56 162
56 199
56 202
56 206
56 223
56 229
57 59
57 76
57 125
57 192
57 195
57 204
57 234
57 248
58 81
58 114
58 120
58 121
58 142
58 151
58 152
58 160
58 170
58 198
58 210
58 220
59 65
59 96
59 178
59 241
60 62
60 63
60 97
60 119
60 168
60 174
60 197
60 213
60 249
61 62
61 67
61 71
61 79
61 96
61 118
61 139
61 161
61 184
61 215
62 63
62 68
62 69
62 90
62 105
62 106
62 123
62 212
63 77
63 95
63 99
63 104
63 106
63 198
63 208
63 244
64 112
64 126
64 148
64 188
64 189
64 201
64 214
64 219
64 231
64 243
64 248
65 76
65 98
65 102
65 139
65 174
65 204
65 214
65 224
66 79
66 88
66 103
66 107
66 112
66 123
66 144
66 178
66 182
66 206
66 239
67 73
67 82
67 85
67 112
67 187
67 190
67 194
67 241
68 69
68 71
68 91
68 99
68 129
68 133
68 156
68 166
68 200
68 219
68 220
69 91
69 99
69 101
69 123
69 132
69 181
70 75
70 77
70 92
70 119
70 130
70 140
70 170
70 175
70 208
70 209
70 238
70 242
71 93
71 105
71 116
71 137
71 159
71 185
71 195
72 73
72 100
72 101
72 107
72 135
72 173
72 174
72 175
72 183
72 240
73 84
73 99
73 114
73 139
73 191
73 196
73 212
73 241
74 96
74 98
74 100
74 123
74 125
74 130
74 141
74 163
74 183
74 185
74 191
74 205
74 234
75 94
75 118
75 123
75 130
75 134
75 199
75 215
75 217
75 237
76 78
76 93
76 95
76 107
76 111
76 131
76 193
76 234
76 238
77 82
77 130
77 168
77 212
77 245
78 109
78 122
78 128
78 137
78 171
78 183
78 193
78 199
78 209
78 210
78 220
79 122
79 126
79 177
79 210
79 220
80 102
80 107
80 109
80 134
80 149
80 151
80 156
80 196
80 206
80 223
81 83
81 88
81 109
81 137
81 162
81 170
81 174
81 190
81 196
81 199
81 211
81 214
81 222
81 232
81 241
81 249
82 97
82 98
82 105
82 111
82 115
82 137
82 157
82 221
83 87
83 108
83 119
83 133
83 156
83 168
83 175
83 180
83 196
83 203
83 229
83 231
83 234
83 248
84 93
84 131
84 185
84 188
84 189
84 206
84 210
84 229
84 235
84 244
84 247
85 86
85 99
85 106
85 146
85 202
85 215
85 218
85 226
85 231
85 232
86 96
86 97
86 119
86 132
86 133
86 145
86 190
86 194
86 201
86 238
86 241
87 114
87 123
87 160
87 170
87 174
87 188
87 222
87 232
87 233
87 239
88 130
88 174
88 177
88 204
88 214
89 95
89 180
89 181
89 206
89 217
89 226
89 227
89 240
89 245
90 96
90 123
90 125
90 187
91 95
91 98
91 110
91 116
91 129
91 143
91 209
91 214
91 245
92 121
92 156
92 163
92 187
92 216
93 103
93 134
93 137
93 181
93 204
93 206
94 101
94 109
94 120
94 145
94 149
94 156
94 180
94 206
94 238
94 247
95 99
95 111
95 144
95 146
95 149
95 177
95 190
95 203
95 225
95 231
96 134
96 166
96 175
96 211
96 236
97 137
97 138
97 143
97 147
97 170
97 179
97 181
97 206
97 240
98 109
98 110
98 113
98 172
98 182
98 184
98 204
98 220
98 244
99 101
99 113
99 132
99 145
100 108
100 112
100 114
100 116
100 120
100 122
100 126
100 132
100 134
100 161
100 168
100 175
100 186
100 200
100 203
100 223
100 245
101 141
101 165
101 176
101 185
101 233
101 235
101 242
102 114
102 120
102 121
102 193
102 222
103 144
103 153
103 159
103 203
103 207
104 119
104 166
104 177
104 187
104 208
105 156
105 173
105 192
105 210
105 224
105 241
105 249
106 114
106 116
106 145
106 157
106 169
106 195
106 205
106 237
107 117
107 127
107 172
107 202
107 214
107 229
107 242
108 151
108 183
108 202
108 216
108 230
109 123
109 131
109 147
109 177
109 213
109 229
110 138
110 155
110 195
110 205
110 210
110 218
110 234
111 128
111 147
111 148
111 184
111 240
112 115
112 120
112 129
112 145
112 149
112 173
112 210
112 235
113 117
113 134
113 142
113 151
113 163
113 164
113 170
113 177
113 186
113 198
113 202
113 208
113 216
113 228
113 248
113 249
114 116
114 132
114 207
114 216
114 218
114 219
114 221
114 246
115 117
115 118
115 155
115 183
115 192
115 201
115 203
115 224
116 215
117 133
117 152
117 166
117 175
117 179
117 186
117 196
117 208
117 221
117 227
117 230
117 231
117 234
118 127
118 149
118 175
118 200
118 203
118 211
118 222
118 236
119 131
119 136
119 150
120 172
120 205
120 214
121 137
121 138
121 142
121 148
121 156
121 163
121 183
121 211
121 225
121 233
121 237
122 158
122 163
122 216
122 236
122 240
122 244
122 248
123 145
123 153
123 177
123 213
124 146
124 152
124 159
124 160
124 200
124 205
124 209
124 222
124 246
125 130
125 147
125 150
125 173
125 177
125 185
125 187
125 191
125 196
125 216
125 241
125 244
125 246
126 131
126 137
126 193
126 198
126 199
126 210
126 216
126 232
126 236
127 130
127 132
127 153
127 162
127 170
127 174
127 175
127 193
127 232
128 152
128 157
128 169
128 228
128 244
128 245
129 135
129 144
129 171
129 183
129 199
129 221
130 141
130 146
130 150
130 170
130 197
130 207
130 209
130 215
130 221
131 151
131 154
131 165
131 193
131 237
132 139
132 143
132 155
132 166
132 175
132 176
132 187
132 222
132 244
133 150
133 179
133 220
133 244
133 247
134 153
134 172
134 198
134 212
134 235
135 140
135 166
135 235
136 158
136 165
136 186
136 189
136 218
137 164
137 191
137 199
137 208
137 238
137 245
137 249
138 152
138 167
138 208
138 216
138 218
139 201
139 229
139 230
140 141
140 148
140 152
140 159
140 191
140 194
140 210
141 173
141 215
141 243
142 156
142 172
142 183
142 190
142 214
142 224
142 226
143 161
143 163
143 165
143 175
143 197
143 200
143 208
143 236
144 156
144 216
145 170
145 176
145 178
145 194
145 213
145 215
145 218
145 222
145 227
146 187
146 192
146 220
146 222
146 231
147 153
147 178
147 182
147 213
147 216
147 219
147 223
148 210
148 214
148 220
149 163
149 168
149 173
149 208
149 230
149 240
150 154
150 163
150 167
150 181
150 198
150 211
150 222
151 160
151 234
152 172
152 235
153 160
153 163
153 168
153 172
153 200
153 203
153 223
153 236
153 237
154 173
154 180
154 182
154 194
154 214
154 223
154 236
155 157
155 196
155 211
156 164
156 226
156 245
157 199
157 209
158 171
158 178
158 179
158 182
158 194
158 231
158 240
158 247
159 208
159 210
159 211
159 222
159 237
160 161
160 169
160 176
160 215
160 221
160 230
160 238
161 188
161 191
161 213
161 233
161 240
162 175
162 186
162 220
162 227
162 242
163 178
163 179
164 180
164 191
164 192
164 205
165 194
165 214
165 245
165 248
166 167
166 179
166 206
166 236
167 169
167 175
167 177
167 178
167 190
167 192
167 195
167 242
168 177
168 193
168 224
168 232
169 175
169 189
169 191
169 228
170 186
170 206
170 208
170 221
170 228
170 239
171 177
171 208
172 234
172 240
173 189
173 217
173 229
173 248
174 185
174 190
174 208
174 209
174 216
174 244
174 248
175 188
175 191
175 194
175 228
175 230
175 236
175 246
176 178
176 181
176 188
176 203
176 241
177 191
177 203
177 231
177 236
177 245
178 197
178 203
178 206
178 214
178 240
178 245
179 206
179 243
180 202
180 223
180 228
180 243
181 195
181 204
181 220
181 241
181 246
182 183
182 213
183 221
184 203
184 208
184 223
184 230
184 241
184 243
184 248
185 206
185 210
185 242
186 204
186 220
186 235
187 197
187 221
187 245
188 192
188 231
188 234
189 235
190 208
190 213
190 229
190 240
191 195
191 215
191 218
191 221
191 224
191 238
192 218
192 237
192 240
193 204
193 211
193 213
193 217
193 240
193 245
194 197
194 204
195 234
195 237
195 245
196 202
196 206
196 207
196 220
196 227
197 200
197 205
197 213
197 217
197 229
198 199
198 223
198 226
198 243
199 202
199 206
199 210
199 235
199 246
200 214
200 216
200 237
201 218
202 216
202 226
202 233
204 220
204 233
205 218
206 223
206 231
207 209
207 223
207 225
208 234
208 238
209 224
210 211
210 227
211 230
211 231
212 244
213 225
213 233
213 246
214 224
214 225
214 230
214 232
214 236
215 226
215 228
216 230
216 236
216 249
217 222
217 224
218 223
218 236
218 242
219 222
219 232
219 238
220 222
220 227
220 240
221 232
222 224
222 238
222 248
223 232
223 236
224 240
224 243
224 248
225 242
226 247
226 248
227 228
227 245
227 247
228 234
231 233
231 234
231 236
231 240
231 248
232 235
236 237
237 241
237 243
238 242
239 246
244 245
