0 61
0 69
0 75
0 116
0 125
0 192
0 210
0 237
0 247
1 22
1 167
1 212
1 223
1 246
2 64
2 74
2 84
2 98
2 112
2 128
2 175
2 191
3 37
3 97
3 126
3 131
3 134
3 204
3 218
4 18
4 67
4 110
4 159
4 213
5 36
5 46
5 65
5 87
5 92
5 187
5 240
6 12
6 43
6 55
6 136
6 156
6 190
6 204
6 246
7 27
7 29
7 105
7 187
8 41
8 43
8 59
8 154
8 159
8 174
8 181
8 187
8 236
8 245
9 39
9 44
9 148
9 181
9 215
9 217
10 57
10 93
10 111
10 143
10 148
10 171
10 204
11 46
11 64
11 82
11 100
11 118
11 130
11 237
11 241
12 27
12 42
12 62
12 109
12 137
12 141
12 197
12 246
13 51
13 52
13 57
13 107
13 139
13 175
13 187
13 212
13 225
13 230
14 181
15 46
15 97
15 136
15 160
15 174
15 225
16 36
16 40
16 43
16 84
16 97
16 103
16 125
16 163
16 178
16 230
17 22
17 71
17 97
17 133
17 152
17 181
17 198
17 202
18 19
18 31
18 32
18 122
18 125
18 169
18 179
19 20
19 97
19 131
19 193
19 201
19 211
19 243
20 42
20 64
20 122
20 132
20 144
20 176
20 239
20 241
21 28
21 55
21 75
21 111
21 131
21 153
21 163
21 195
21 210
21 224
21 236
21 240
22 32
22 48
22 66
22 76
22 79
22 99
22 126
22 132
22 145
22 182
22 242
23 41
23 44
23 84
23 125
23 126
23 155
23 168
23 170
23 172
23 186
24 39
24 80
24 87
24 106
24 114
24 118
24 141
24 185
24 186
24 188
24 216
24 218
24 249
25 29
25 53
25 67
25 98
25 105
25 114
25 130
25 172
25 186
25 191
25 203
26 29
26 105
26 207
27 84
27 113
27 136
27 146
27 163
27 166
27 215
27 226
27 237
27 238
27 244
28 107
28 189
28 191
29 56
29 61
29 82
29 89
29 158
29 173
29 215
30 67
30 79
30 118
30 119
30 155
30 186
30 191
30 212
30 239
31 92
31 98
31 105
31 136
31 219
31 234
32 64
32 67
32 102
32 159
32 178
32 191
32 210
32 222
32 226
32 227
33 43
33 56
33 68
33 90
33 134
33 187
33 209
33 241
34 71
34 132
34 137
34 229
34 232
34 234
35 55
35 71
35 99
35 102
35 106
35 136
35 177
35 222
35 235
35 239
35 243
36 75
36 86
36 102
36 130
36 164
36 202
37 70
37 144
37 219
37 232
38 75
38 112
38 130
38 143
38 157
38 208
38 210
39 175
39 176
39 177
39 206
39 226
39 227
40 59
40 86
40 98
40 114
40 139
40 151
40 179
40 182
40 185
40 223
40 237
40 238
41 78
41 84
41 143
41 144
41 153
41 161
41 196
41 197
41 200
41 227
42 49
42 59
42 129
42 130
42 163
42 168
42 193
42 195
42 205
43 75
43 100
43 201
43 236
44 102
44 194
45 167
45 225
45 244
46 75
46 78
46 98
46 99
46 124
46 125
46 138
46 167
46 182
47 121
47 144
47 185
47 231
48 54
48 140
48 157
48 204
48 209
48 231
48 233
48 237
49 103
49 110
49 127
49 225
49 247
50 51
50 62
50 108
50 110
50 136
50 236
51 94
51 104
51 107
51 109
51 152
51 155
51 187
51 192
51 212
52 196
52 204
52 206
52 237
52 246
53 56
53 65
53 66
53 87
53 98
53 137
53 179
53 187
53 208
53 211
54 79
54 116
54 208
54 233
55 125
55 133
55 181
55 192
55 199
55 210
56 134
56 159
57 59
57 116
57 157
57 174
57 193
57 196
57 198
57 216
57 226
57 247
58 72
58 79
58 90
58 94
58 97
58 117
58 149
58 172
58 210
59 127
59 156
59 170
59 178
59 214
60 64
60 75
60 151
60 209
60 216
61 62
61 65
61 136
62 67
62 109
62 129
62 138
62 228
62 249
63 99
63 199
63 200
64 114
64 116
64 134
64 135
64 174
64 176
64 211
64 229
64 244
65 71
65 72
65 81
65 202
65 249
66 89
66 97
66 165
67 131
67 139
67 160
67 190
67 242
68 77
68 160
68 220
68 229
69 98
69 121
69 176
69 217
69 240
70 179
70 181
70 210
70 240
70 247
71 73
71 118
71 155
71 161
71 199
71 209
71 220
71 245
72 94
72 109
72 115
72 149
72 176
74 91
74 126
74 156
74 219
75 90
75 141
75 154
75 164
75 167
75 174
75 175
75 197
75 206
75 220
76 81
76 91
76 93
76 118
76 137
76 141
76 165
76 206
76 210
77 109
77 128
77 171
77 203
77 205
77 207
77 220
77 237
78 87
78 148
78 153
78 195
78 210
78 221
79 99
79 108
79 122
79 176
79 180
79 190
79 225
80 93
80 101
80 116
80 118
80 122
80 126
80 170
80 203
80 244
81 89
81 136
81 179
81 191
81 240
81 242
82 83
82 180
82 199
82 222
82 225
82 228
82 230
82 233
82 235
83 85
83 89
83 97
83 165
83 212
83 220
83 223
84 90
84 123
84 150
84 185
84 186
84 220
84 231
84 244
85 93
85 120
85 148
85 167
85 230
86 122
86 123
86 127
86 163
86 175
86 188
86 215
87 129
87 143
87 189
87 191
87 221
88 112
88 124
88 182
89 127
89 146
89 152
89 205
90 163
90 177
90 179
91 118
91 140
91 180
91 196
92 149
92 157
92 193
92 197
92 204
92 217
93 102
93 140
93 151
93 224
94 161
94 174
94 219
95 115
95 150
95 183
95 202
95 223
95 246
96 210
96 235
97 101
97 125
97 169
98 100
98 152
98 203
98 246
99 135
99 163
100 161
100 214
100 216
101 166
101 173
101 183
101 235
102 126
102 143
102 160
102 176
103 128
103 145
103 219
103 245
104 130
104 133
104 147
104 197
104 202
104 239
105 106
105 144
105 247
106 107
106 144
106 149
106 150
106 180
106 195
106 248
107 111
107 116
107 164
107 205
108 142
108 188
108 197
108 202
109 176
109 185
109 234
110 148
110 149
110 153
110 187
110 189
110 193
110 226
110 243
111 114
111 231
111 242
112 124
112 150
112 185
112 200
112 202
112 237
113 115
113 126
113 137
113 138
113 234
114 117
114 143
114 158
115 149
115 175
116 136
116 158
116 176
116 178
116 186
116 224
116 238
117 179
117 220
118 142
118 173
119 184
119 213
120 152
120 231
120 249
121 177
121 192
121 193
121 200
121 209
121 226
122 131
122 137
122 175
122 220
123 133
123 157
123 159
124 127
124 144
124 176
124 180
124 184
124 226
124 231
125 134
125 169
125 173
125 221
125 229
126 140
126 152
126 158
126 248
127 134
127 190
127 204
127 215
127 241
128 177
128 208
129 209
129 220
129 238
130 141
130 143
130 173
130 211
131 202
132 147
132 164
132 193
132 219
132 230
132 236
133 183
133 197
133 225
134 143
134 147
134 158
134 165
134 180
135 149
135 153
135 166
135 203
135 234
136 155
136 162
136 191
136 199
137 142
137 184
137 187
137 201
138 161
138 196
138 224
138 226
138 236
139 147
139 183
139 194
139 202
139 226
140 149
140 171
141 179
141 181
141 189
141 190
141 245
142 178
142 183
142 224
143 170
143 185
143 209
144 151
144 160
144 177
144 185
144 196
144 238
145 196
146 210
146 221
147 170
147 239
148 156
148 204
149 192
149 221
149 224
150 211
150 217
150 231
150 242
151 180
153 235
154 171
154 214
154 236
155 171
155 200
156 209
156 219
156 245
157 176
157 186
157 232
158 191
158 215
158 231
158 237
159 177
159 181
159 204
159 247
159 249
160 168
160 210
162 201
163 217
163 233
163 242
164 180
164 209
164 212
164 237
165 208
165 227
165 233
165 241
166 168
166 239
166 248
167 172
167 201
167 210
167 221
167 234
168 178
169 182
169 184
170 183
170 244
171 185
171 211
171 246
172 181
172 213
172 226
172 236
173 211
173 227
173 240
174 196
174 209
174 223
174 247
174 248
175 185
175 210
176 209
177 181
178 189
178 207
178 209
178 218
178 232
180 192
180 202
180 209
181 196
181 203
181 220
182 186
182 199
182 239
182 244
183 191
183 201
184 202
184 228
184 229
185 210
186 191
186 207
186 218
187 219
188 235
189 207
190 225
190 231
190 237
191 204
192 202
192 235
193 241
194 201
195 249
196 197
196 198
196 212
197 241
198 207
198 211
198 239
199 212
199 245
200 211
201 218
202 225
203 225
204 208
204 209
205 227
205 244
206 212
206 249
207 219
207 221
208 215
209 216
211 213
211 246
212 224
212 226
212 245
214 221
215 239
216 229
217 242
218 224
218 246
219 221
220 248
221 248
223 237
223 242
224 230
224 240
226 231
230 240
231 234
231 238
235 238
236 239
236 248
237 238
237 241
237 249
