0 12
0 19
0 27
0 54
0 78
0 141
0 227
0 238
1 3
1 24
1 39
1 46
1 77
1 92
1 122
1 164
1 184
1 190
1 193
1 239
2 19
2 22
2 27
2 82
2 101
2 155
2 177
2 197
2 203
2 212
2 223
2 241
3 4
3 79
3 102
3 115
3 153
3 177
3 188
3 189
3 198
3 240
3 242
4 18
4 32
4 34
4 48
4 68
4 77
4 83
4 84
4 96
4 106
4 107
4 122
4 129
4 141
4 142
4 185
4 187
4 211
4 225
4 229
5 61
5 73
5 79
5 100
5 114
5 131
5 150
5 167
5 213
6 19
6 28
6 30
6 77
6 82
6 137
6 142
6 149
6 200
6 208
6 210
7 37
7 67
7 79
7 95
7 98
7 107
7 108
7 124
7 158
7 159
7 168
7 179
7 194
7 214
7 234
7 246
8 45
8 61
8 115
8 124
8 125
8 137
8 181
8 206
9 13
9 29
9 75
9 125
9 163
9 166
9 183
9 194
9 208
9 215
9 226
9 240
9 249
10 15
10 27
10 28
10 37
10 41
10 45
10 58
10 61
10 91
10 100
10 101
10 114
10 134
10 139
10 142
10 151
10 154
10 241
11 28
11 86
11 130
11 144
11 194
11 201
11 215
12 38
12 57
12 124
12 125
12 163
12 183
12 199
12 214
13 31
13 34
13 62
13 79
13 111
13 130
13 146
13 152
13 161
13 175
13 178
13 199
13 207
13 216
13 221
13 225
13 231
14 37
14 50
14 85
14 92
14 100
14 136
14 142
14 194
14 206
14 215
14 238
14 243
15 17
15 28
15 43
15 58
15 64
15 95
15 99
15 121
15 127
15 136
15 150
15 185
15 197
15 206
15 217
15 235
16 20
16 28
16 32
16 55
16 98
16 100
16 115
16 137
16 141
16 163
16 189
16 195
16 205
16 208
16 211
16 225
16 229
16 247
17 26
17 29
17 31
17 32
17 57
17 81
17 88
17 116
17 127
17 131
17 160
17 165
17 167
17 187
17 206
17 210
17 231
18 33
18 70
18 88
18 130
18 134
18 162
18 173
18 212
18 220
18 229
18 231
18 236
18 241
19 25
19 44
19 56
19 64
19 82
19 109
19 119
19 135
19 138
19 156
19 163
19 166
19 179
19 196
19 225
19 230
20 32
20 33
20 42
20 49
20 62
20 91
20 102
20 107
20 155
20 162
20 194
20 205
20 235
21 22
21 65
21 89
21 142
21 212
21 218
22 36
22 44
22 48
22 91
22 120
22 171
22 187
22 201
22 208
22 232
23 32
23 58
23 64
23 79
23 92
23 96
23 117
23 128
23 183
23 185
23 218
24 55
24 77
24 79
24 92
24 96
24 108
24 117
24 120
24 129
24 131
24 133
24 146
24 170
24 223
24 234
25 40
25 66
25 120
25 124
25 125
25 140
25 143
25 148
25 158
25 160
25 203
25 231
25 244
25 248
26 50
26 55
26 140
26 153
26 155
26 156
26 221
26 230
26 238
27 33
27 66
27 76
27 125
27 132
27 161
27 167
27 173
27 180
27 207
27 218
27 220
27 221
27 236
28 32
28 45
28 65
28 66
28 75
28 76
28 103
28 142
28 146
28 160
28 170
28 172
28 244
29 33
29 40
29 48
29 80
29 89
29 139
29 146
29 161
29 164
29 182
29 190
29 204
29 211
29 215
29 223
30 43
30 81
30 106
30 108
30 118
30 163
30 199
30 200
30 203
30 209
30 219
30 221
30 222
31 39
31 43
31 73
31 92
31 94
31 97
31 120
31 161
31 227
31 237
32 96
32 100
32 132
32 154
32 186
32 192
32 237
32 245
33 50
33 57
33 61
33 90
33 129
33 134
33 203
34 48
34 50
34 71
34 82
34 84
34 115
34 139
34 173
34 185
34 202
34 207
34 218
34 224
34 225
34 229
35 44
35 58
35 66
35 84
35 87
35 143
35 160
35 204
35 225
35 245
36 43
36 59
36 108
36 158
36 189
36 200
36 238
37 47
37 78
37 93
37 118
37 119
37 120
37 123
37 156
37 165
37 232
37 249
38 68
38 102
38 167
38 171
38 189
38 210
38 225
38 239
38 244
38 249
39 46
39 63
39 75
39 89
39 105
39 113
39 122
39 125
39 131
39 145
39 198
39 205
39 243
40 75
40 108
40 112
40 121
40 128
40 172
40 173
40 184
40 206
40 226
41 42
41 66
41 81
41 86
41 91
41 102
41 114
41 115
41 123
41 148
41 156
41 160
41 185
41 188
41 190
41 211
41 237
41 245
42 50
42 67
42 68
42 74
42 85
42 104
42 141
42 155
42 158
42 174
42 183
42 200
42 204
42 218
42 219
42 225
42 232
43 44
43 58
43 115
43 170
43 198
43 203
43 204
43 213
43 227
43 237
43 245
43 247
44 71
44 76
44 84
44 86
44 126
44 127
44 128
44 154
44 180
44 181
44 210
44 234
45 72
45 83
45 95
45 102
45 107
45 110
45 165
45 169
45 191
46 48
46 53
46 69
46 76
46 77
46 91
46 104
46 125
46 144
46 150
46 190
46 198
46 218
46 221
46 226
46 240
47 66
47 78
47 114
47 196
48 82
48 92
48 121
48 153
48 157
48 162
48 185
48 196
48 211
48 219
48 225
48 248
49 61
49 70
49 74
49 83
49 194
49 199
49 202
49 205
49 227
50 73
50 102
50 116
50 120
50 129
50 138
50 154
50 159
50 189
50 194
50 198
50 206
50 211
50 249
51 60
51 71
51 73
51 74
51 77
51 100
51 118
51 134
51 136
51 144
51 154
51 164
51 169
51 178
51 223
51 231
52 56
52 69
52 83
52 106
52 143
52 166
52 194
52 246
53 86
53 111
53 119
53 123
53 147
53 160
53 163
53 208
53 212
53 248
54 68
54 90
54 130
54 157
54 167
54 181
54 183
54 186
54 190
54 222
54 224
55 65
55 69
55 71
55 104
55 120
55 128
55 155
55 160
55 161
55 173
55 177
55 212
55 223
56 102
56 104
56 115
56 136
56 139
56 145
56 191
56 199
56 205
56 206
56 211
56 217
56 230
57 65
57 119
57 144
57 199
58 68
58 89
58 114
58 117
58 126
58 144
58 196
58 209
58 222
58 246
59 82
59 112
59 115
59 120
59 124
59 137
59 145
59 153
59 157
59 158
59 164
59 180
59 185
60 64
60 115
60 149
60 170
60 177
60 192
60 219
61 66
61 107
61 109
61 129
61 142
61 158
61 177
61 179
61 183
61 193
61 217
61 243
62 71
62 86
62 91
62 122
62 134
62 146
62 157
62 164
62 167
62 178
62 211
63 77
63 81
63 111
63 117
63 152
63 187
63 190
63 203
63 206
63 209
63 244
64 66
64 73
64 86
64 98
64 135
64 151
64 152
64 153
64 176
64 194
65 146
65 158
65 177
65 186
65 188
65 190
65 205
66 76
66 159
66 181
66 188
66 226
66 229
67 83
67 84
67 92
67 94
67 105
67 120
67 160
67 169
67 183
67 247
68 85
68 87
68 113
68 115
68 117
68 127
68 132
68 146
68 157
68 167
68 169
68 207
68 221
68 224
68 231
69 70
69 191
69 223
69 235
69 242
69 248
70 74
70 76
70 111
70 123
70 143
70 155
70 185
70 204
70 227
71 77
71 87
71 89
71 154
71 161
71 177
71 197
71 210
71 222
71 229
71 234
72 90
72 116
72 121
72 127
72 135
72 138
72 161
72 164
72 172
72 175
72 188
72 189
72 194
72 208
72 233
72 247
73 76
73 81
73 84
73 139
73 155
73 172
73 173
73 182
73 203
73 214
73 216
73 222
73 230
73 231
73 241
73 248
74 93
74 100
74 123
74 136
74 140
74 148
74 174
74 184
74 221
74 223
74 232
74 235
74 241
75 88
75 109
75 115
75 117
75 138
75 159
75 184
75 205
75 224
75 227
75 241
75 243
75 249
76 99
76 129
76 148
76 165
76 173
76 174
76 216
76 224
76 229
77 89
77 110
77 111
77 123
77 124
77 133
77 142
77 198
77 214
77 234
78 87
78 90
78 97
78 118
78 123
78 178
78 191
78 213
78 216
78 242
79 88
79 90
79 123
79 132
79 147
79 148
79 200
79 206
80 85
80 161
80 191
80 214
80 219
80 232
80 239
81 101
81 112
81 145
81 148
81 169
81 175
81 210
81 221
81 223
82 108
82 142
82 144
82 177
82 185
82 186
82 204
82 228
83 100
83 121
83 140
83 181
83 189
83 219
84 86
84 101
84 109
84 135
84 143
84 145
84 147
84 148
84 165
84 166
84 199
84 216
85 95
85 96
85 98
85 117
85 125
85 148
85 154
85 156
85 214
86 87
86 133
86 154
86 177
86 249
87 99
87 115
87 119
87 127
87 143
87 151
87 164
87 174
87 194
87 197
87 204
87 208
87 210
87 223
87 234
87 248
88 106
88 107
88 109
88 111
88 114
88 154
88 161
88 164
88 169
88 190
88 194
88 195
88 203
88 206
88 207
88 227
88 236
89 129
89 159
89 161
89 179
89 197
89 203
89 215
89 224
90 114
90 122
90 142
90 155
90 158
90 175
90 186
90 229
90 231
91 99
91 126
91 129
91 132
91 142
91 154
91 166
91 190
91 213
91 236
91 239
92 130
92 134
92 160
92 164
92 169
92 176
92 192
92 218
92 225
92 229
92 246
92 248
93 96
93 99
93 115
93 117
93 146
93 162
93 198
93 207
93 239
93 241
94 96
94 107
94 116
94 119
94 138
94 140
94 163
94 167
94 177
94 183
94 209
94 210
94 217
95 152
95 207
95 222
95 234
96 137
96 200
96 227
96 238
97 105
97 112
97 130
97 147
97 154
97 202
97 207
97 221
97 236
98 128
98 134
98 146
98 149
98 156
98 183
98 196
98 249
99 143
99 154
99 168
99 182
99 197
99 204
99 216
99 241
100 106
100 120
100 125
100 137
100 143
100 149
100 163
100 180
100 191
100 218
100 248
101 103
101 123
101 130
101 140
101 178
101 184
101 209
101 238
101 247
102 110
102 121
102 128
102 148
102 166
102 184
102 219
103 120
103 159
103 186
103 188
104 142
104 153
104 175
104 178
104 189
104 192
104 202
104 203
104 207
104 246
104 249
105 107
105 131
105 171
105 219
105 225
106 114
106 115
106 133
106 150
106 159
106 161
106 175
106 176
106 177
106 183
106 187
106 208
106 209
106 222
106 225
107 111
107 128
107 139
107 145
107 154
107 159
107 195
107 231
107 239
107 243
108 124
108 156
108 161
108 169
108 184
108 247
109 118
109 132
109 146
109 149
109 151
109 156
109 168
109 179
109 198
109 201
109 209
110 118
110 121
110 161
110 176
110 187
110 205
110 221
111 126
111 156
111 157
111 158
111 159
111 180
111 210
111 237
112 116
112 159
112 173
112 175
112 196
112 198
112 209
113 134
113 140
113 142
113 143
113 154
113 170
113 202
113 222
114 115
114 135
114 143
114 159
114 205
114 224
114 228
114 233
114 241
114 246
115 116
115 157
115 238
115 241
116 121
116 160
116 192
116 197
116 206
116 232
117 145
117 173
117 176
117 182
117 191
117 194
117 211
117 229
117 233
117 239
118 125
118 135
118 150
118 171
118 173
118 182
118 185
118 248
119 180
119 237
119 244
120 150
120 170
120 203
120 206
120 229
120 233
120 244
121 126
121 132
121 159
121 163
121 171
121 176
121 178
121 186
121 188
121 196
121 234
121 238
121 239
122 138
122 142
122 146
122 184
122 207
122 224
122 235
122 245
123 125
123 143
123 157
123 184
123 199
123 207
123 211
123 218
123 239
124 160
124 164
124 180
124 203
124 222
124 228
124 238
125 131
125 208
125 222
126 150
126 162
126 204
126 214
126 220
126 236
126 247
127 129
127 143
127 144
127 206
127 208
127 230
127 241
128 174
128 179
128 215
128 216
128 249
129 139
129 141
129 181
129 194
129 207
129 213
129 215
129 233
130 152
130 160
130 181
130 224
130 232
131 160
131 172
131 181
131 188
131 190
131 214
131 220
132 159
132 172
132 183
132 193
132 200
132 236
132 242
133 151
133 160
133 161
133 197
133 229
133 231
134 150
134 176
134 181
134 189
134 195
134 212
134 217
134 224
135 154
135 157
135 174
135 189
135 233
136 149
136 158
136 163
136 172
136 182
136 185
136 201
136 204
136 209
136 235
136 238
136 241
137 146
137 155
137 214
137 217
137 223
137 241
137 244
138 139
138 151
138 183
138 200
138 226
139 164
139 169
139 173
139 200
139 211
139 219
139 227
139 242
139 243
140 184
140 191
140 196
140 205
140 206
140 212
140 246
141 145
141 146
141 166
141 187
141 193
141 210
141 216
141 227
141 234
142 176
142 197
142 229
142 233
142 235
142 241
143 153
143 180
143 201
143 208
143 245
144 145
144 148
144 183
144 207
144 216
144 245
145 180
145 181
145 188
145 200
145 217
145 225
145 226
145 229
145 248
146 152
146 161
146 173
146 186
146 195
146 200
146 230
146 231
146 234
146 246
147 157
147 166
147 182
147 192
147 197
147 210
148 163
148 166
148 168
148 169
148 172
148 173
148 183
148 198
148 232
149 151
149 185
149 209
150 159
150 167
150 194
150 224
150 228
151 164
151 180
151 192
151 248
152 174
152 219
153 157
153 171
153 175
153 222
153 231
153 248
154 169
154 233
155 163
155 170
155 188
155 209
155 230
155 244
156 187
156 202
156 220
156 224
156 247
156 248
157 205
157 207
157 217
157 219
157 224
157 248
158 188
158 189
158 197
158 203
158 232
159 172
159 180
159 234
160 163
160 191
160 193
160 212
160 240
161 164
161 183
161 214
161 237
162 193
162 208
163 171
163 188
163 211
163 212
163 216
163 238
163 241
163 244
164 207
165 169
165 186
165 191
165 211
165 239
166 169
166 178
166 184
166 189
166 192
166 198
166 238
167 192
167 226
167 233
167 240
168 176
168 181
168 212
168 217
168 222
168 240
168 248
169 172
169 186
169 210
169 236
169 242
170 183
170 190
170 227
170 232
170 247
171 192
171 200
172 177
172 184
172 190
172 193
172 202
172 248
173 178
173 184
173 194
173 198
173 203
173 219
173 231
173 235
173 245
174 179
174 193
174 196
175 182
175 204
175 217
175 225
175 234
176 186
176 202
176 223
177 190
177 197
177 239
177 242
177 249
178 186
178 193
178 219
178 227
179 217
180 181
180 183
180 188
180 223
180 229
180 241
181 195
181 218
182 186
182 203
182 211
182 220
182 245
183 185
183 200
183 217
183 235
184 200
184 238
185 201
185 212
185 242
185 243
186 190
186 192
186 197
186 216
186 223
186 230
186 243
187 195
187 206
187 241
188 219
188 221
188 231
189 197
189 198
189 209
190 197
190 208
190 219
190 222
190 227
190 242
190 246
191 204
191 207
191 220
191 238
191 239
192 225
192 226
192 238
192 247
193 239
193 241
193 249
194 206
194 207
194 214
194 245
195 206
195 210
196 197
196 219
196 223
196 231
196 237
196 242
196 245
196 249
197 241
197 244
198 214
198 224
198 246
199 204
199 216
199 237
199 238
200 206
200 220
201 214
201 221
201 242
201 248
202 210
202 218
202 222
203 209
203 230
204 232
204 246
205 213
206 221
206 232
207 214
207 229
207 244
208 241
209 225
209 229
209 235
210 248
211 242
211 246
211 247
211 248
212 213
212 231
212 236
212 243
212 249
213 224
213 240
213 241
214 228
214 242
215 217
216 226
216 236
216 237
217 220
217 247
218 220
218 228
218 235
219 230
219 239
220 221
220 231
220 244
221 227
221 234
221 243
221 245
222 228
223 245
224 245
224 248
225 230
225 235
225 245
226 240
227 229
228 249
229 236
231 241
231 242
234 239
240 244
240 247
243 245
