0 28
0 37
0 39
0 63
0 64
0 65
0 74
0 75
0 103
0 118
0 133
0 155
0 174
0 176
0 206
0 221
0 239
1 9
1 14
1 17
1 30
1 42
1 47
1 48
1 53
1 58
1 81
1 97
1 103
1 122
1 127
1 131
1 134
1 164
1 171
1 185
1 186
1 201
1 214
1 222
2 18
2 30
2 45
2 54
2 59
2 65
2 79
2 83
2 90
2 93
2 96
2 101
2 102
2 137
2 145
2 155
2 166
2 169
2 183
2 222
2 223
2 232
3 4
3 9
3 15
3 17
3 36
3 39
3 43
3 55
3 59
3 62
3 66
3 76
3 99
3 117
3 122
3 129
3 136
3 153
3 155
3 164
3 167
3 173
3 205
3 227
3 237
3 239
4 11
4 16
4 42
4 54
4 62
4 78
4 114
4 121
4 127
4 129
4 150
4 151
4 154
4 185
4 210
4 225
4 233
4 240
4 242
4 243
5 14
5 21
5 22
5 27
5 28
5 42
5 43
5 52
5 53
5 59
5 97
5 98
5 102
5 119
5 136
5 152
5 156
5 174
5 210
5 211
5 218
5 225
5 242
6 10
6 17
6 38
6 61
6 66
6 67
6 81
6 98
6 107
6 109
6 111
6 117
6 140
6 174
6 179
6 180
6 187
6 215
6 231
6 246
7 32
7 34
7 38
7 46
7 56
7 85
7 90
7 91
7 104
7 125
7 136
7 139
7 148
7 157
7 162
7 168
7 203
7 209
7 214
7 231
7 248
8 9
8 17
8 28
8 35
8 43
8 58
8 113
8 114
8 141
8 161
8 173
8 177
8 195
8 196
8 229
8 231
8 237
9 31
9 40
9 53
9 55
9 57
9 80
9 85
9 86
9 88
9 110
9 121
9 141
9 142
9 147
9 153
9 167
9 180
9 194
9 197
9 199
9 204
9 234
9 239
9 242
10 12
10 22
10 71
10 82
10 113
10 116
10 120
10 128
10 132
10 137
10 153
10 181
10 185
10 210
10 216
10 236
11 12
11 13
11 16
11 20
11 23
11 34
11 46
11 53
11 57
11 62
11 66
11 99
11 113
11 129
11 131
11 135
11 152
11 153
11 170
11 192
11 200
11 207
11 238
12 15
12 33
12 38
12 56
12 71
12 72
12 74
12 76
12 117
12 126
12 134
12 141
12 142
12 182
12 196
12 204
12 225
12 233
12 243
13 17
13 18
13 36
13 49
13 77
13 111
13 125
13 163
13 164
13 175
13 203
13 219
13 224
13 227
13 228
13 238
14 21
14 24
14 28
14 42
14 61
14 72
14 86
14 87
14 94
14 123
14 156
14 165
14 174
14 197
14 203
14 215
14 225
15 22
15 42
15 44
15 56
15 64
15 73
15 84
15 118
15 128
15 150
15 174
15 179
15 186
15 195
15 198
15 202
15 211
15 230
15 233
15 236
16 22
16 31
16 59
16 82
16 88
16 99
16 118
16 125
16 132
16 134
16 146
16 154
16 172
16 186
16 194
16 209
16 210
16 212
16 217
16 226
16 227
16 228
17 18
17 24
17 39
17 40
17 48
17 58
17 63
17 73
17 81
17 82
17 83
17 90
17 122
17 128
17 174
17 175
17 183
17 196
17 199
17 217
17 225
17 238
17 242
18 32
18 44
18 48
18 56
18 100
18 108
18 114
18 116
18 134
18 148
18 155
18 168
18 180
18 197
18 222
18 237
19 33
19 40
19 45
19 64
19 69
19 87
19 96
19 97
19 103
19 127
19 129
19 144
19 155
19 158
19 159
19 172
19 178
19 182
19 203
19 205
19 209
19 225
19 231
19 240
20 24
20 67
20 89
20 109
20 119
20 129
20 135
20 136
20 160
20 219
21 25
21 38
21 39
21 53
21 56
21 86
21 135
21 138
21 185
21 223
21 228
21 229
22 28
22 31
22 37
22 52
22 54
22 57
22 80
22 81
22 97
22 105
22 112
22 114
22 119
22 125
22 130
22 134
22 142
22 148
22 149
22 150
22 177
22 195
22 208
22 229
22 232
22 249
23 24
23 56
23 59
23 86
23 99
23 108
23 109
23 122
23 136
23 143
23 144
23 155
23 185
23 202
23 205
23 217
24 26
24 31
24 48
24 61
24 74
24 78
24 86
24 106
24 113
24 118
24 121
24 129
24 137
24 150
24 190
24 215
25 31
25 33
25 43
25 61
25 77
25 86
25 94
25 99
25 102
25 104
25 112
25 121
25 125
25 148
25 162
25 178
25 182
25 194
25 230
25 234
25 245
26 38
26 41
26 53
26 83
26 107
26 108
26 131
26 134
26 135
26 141
26 143
26 144
26 152
26 204
26 227
26 246
26 249
27 35
27 37
27 43
27 46
27 47
27 57
27 66
27 67
27 83
27 109
27 113
27 122
27 137
27 150
27 151
27 153
27 168
27 179
27 186
27 188
27 196
27 205
27 222
27 227
27 245
28 40
28 46
28 56
28 61
28 74
28 81
28 86
28 92
28 121
28 127
28 129
28 131
28 153
28 155
28 174
28 186
28 187
29 31
29 58
29 85
29 92
29 94
29 101
29 115
29 123
29 142
29 147
29 163
29 166
29 192
29 198
29 204
29 211
29 216
29 221
29 228
29 245
30 46
30 48
30 65
30 68
30 78
30 79
30 94
30 149
30 159
30 167
30 187
30 211
30 248
31 35
31 37
31 42
31 48
31 49
31 66
31 72
31 79
31 103
31 104
31 121
31 136
31 145
31 156
31 168
31 171
31 222
31 235
32 71
32 86
32 87
32 95
32 102
32 123
32 132
32 150
32 161
32 174
32 180
32 224
32 227
32 238
33 51
33 57
33 83
33 84
33 92
33 94
33 106
33 108
33 114
33 120
33 129
33 131
33 134
33 156
33 167
33 170
33 173
33 176
33 186
33 193
33 202
33 214
33 241
33 242
33 247
34 39
34 40
34 43
34 46
34 68
34 80
34 91
34 103
34 127
34 135
34 140
34 143
34 156
34 172
34 173
34 175
34 186
34 193
34 208
34 209
34 213
34 233
34 235
35 50
35 60
35 78
35 91
35 104
35 105
35 115
35 127
35 131
35 159
35 187
35 207
35 235
35 239
35 242
36 42
36 61
36 79
36 84
36 90
36 124
36 125
36 130
36 131
36 141
36 147
36 157
36 162
36 182
36 191
36 214
36 219
36 234
36 241
36 244
37 43
37 52
37 55
37 77
37 95
37 109
37 123
37 148
37 179
37 185
37 191
37 207
37 209
37 215
37 244
37 247
38 44
38 47
38 53
38 63
38 82
38 102
38 107
38 158
38 173
38 174
38 207
38 210
38 212
38 219
38 222
38 239
38 245
39 44
39 90
39 138
39 148
39 154
39 176
39 236
39 247
40 50
40 61
40 111
40 115
40 129
40 161
40 165
40 181
40 197
40 199
40 211
40 219
40 238
40 246
41 54
41 57
41 63
41 68
41 75
41 76
41 81
41 91
41 96
41 106
41 125
41 139
41 140
41 144
41 145
41 152
41 159
41 163
41 173
41 196
41 201
41 205
41 216
41 237
41 240
42 46
42 47
42 55
42 69
42 85
42 107
42 108
42 120
42 134
42 140
42 145
42 149
42 153
42 176
42 185
42 193
42 195
42 225
42 228
42 230
42 232
42 244
43 66
43 74
43 81
43 94
43 104
43 108
43 121
43 157
43 185
43 195
43 198
43 201
43 207
43 210
43 225
43 233
44 96
44 104
44 120
44 135
44 140
44 148
44 154
44 162
44 174
44 183
44 208
44 218
44 221
44 222
44 225
44 237
44 238
45 64
45 68
45 70
45 77
45 82
45 83
45 99
45 110
45 117
45 150
45 160
45 173
45 174
45 188
45 197
45 206
45 211
45 232
46 50
46 52
46 56
46 74
46 83
46 156
46 158
46 174
46 175
46 183
46 184
46 206
46 215
46 219
46 221
46 230
47 50
47 53
47 57
47 60
47 69
47 81
47 86
47 91
47 122
47 128
47 129
47 135
47 167
47 173
47 175
47 185
47 201
47 203
47 225
47 230
47 231
47 238
48 62
48 70
48 89
48 101
48 125
48 129
48 130
48 138
48 161
48 190
48 197
48 202
48 204
48 227
48 240
49 59
49 71
49 81
49 88
49 110
49 117
49 129
49 132
49 135
49 157
49 171
49 226
49 229
49 231
49 235
50 68
50 75
50 95
50 104
50 136
50 148
50 153
50 158
50 170
50 185
50 212
50 230
50 231
50 240
50 247
51 55
51 73
51 77
51 86
51 92
51 101
51 115
51 131
51 132
51 138
51 141
51 169
51 196
51 197
51 206
51 208
51 220
51 228
51 229
51 238
51 248
52 54
52 63
52 69
52 78
52 106
52 116
52 122
52 126
52 130
52 132
52 158
52 162
52 164
52 168
52 171
52 197
52 200
52 209
52 226
53 87
53 92
53 93
53 99
53 100
53 147
53 163
53 218
53 230
54 84
54 92
54 106
54 112
54 119
54 122
54 123
54 127
54 150
54 153
54 170
54 177
54 224
54 227
54 242
54 244
55 77
55 97
55 101
55 106
55 107
55 108
55 110
55 133
55 142
55 157
55 163
55 183
55 199
55 201
55 208
55 209
55 223
55 243
55 248
56 85
56 92
56 107
56 113
56 134
56 170
56 196
56 243
57 59
57 85
57 105
57 116
57 121
57 132
57 136
57 166
57 167
57 179
57 186
57 206
57 246
58 59
58 74
58 78
58 85
58 118
58 123
58 134
58 151
58 162
58 167
58 194
58 202
58 211
58 223
58 225
58 226
58 228
58 230
59 66
59 78
59 86
59 92
59 95
59 108
59 113
59 132
59 177
59 187
59 193
59 211
59 225
59 242
59 244
60 68
60 72
60 76
60 84
60 92
60 106
60 121
60 159
60 160
60 185
60 187
60 221
60 226
60 227
61 67
61 89
61 91
61 93
61 115
61 136
61 141
61 143
61 155
61 182
61 186
62 65
62 76
62 83
62 87
62 99
62 111
62 115
62 117
62 122
62 127
62 154
62 155
62 164
62 168
62 172
62 174
62 175
62 190
62 207
63 68
63 69
63 102
63 131
63 134
63 148
63 159
63 170
63 173
63 178
63 184
63 201
63 233
63 246
64 89
64 109
64 113
64 120
64 142
64 143
64 153
64 164
64 165
64 196
64 203
64 205
64 246
65 66
65 68
65 77
65 79
65 88
65 93
65 105
65 106
65 107
65 113
65 128
65 136
65 145
65 157
65 182
65 184
65 194
65 201
65 230
65 240
65 247
65 248
66 78
66 90
66 91
66 100
66 102
66 112
66 113
66 139
66 142
66 154
66 165
66 180
66 207
66 215
66 241
66 245
67 72
67 82
67 90
67 92
67 103
67 112
67 123
67 168
67 171
67 183
67 185
67 191
67 208
67 216
67 222
67 229
67 247
68 71
68 78
68 90
68 91
68 94
68 99
68 101
68 117
68 129
68 147
68 195
68 211
68 217
68 224
69 107
69 111
69 132
69 146
69 157
69 171
69 180
69 208
69 210
69 223
69 232
69 235
69 249
70 77
70 83
70 84
70 110
70 145
70 156
70 160
70 164
70 165
70 177
70 190
70 192
70 206
70 212
70 216
70 226
70 237
71 96
71 104
71 123
71 125
71 129
71 132
71 204
71 210
71 211
71 217
71 241
72 104
72 108
72 109
72 113
72 115
72 122
72 129
72 141
72 156
72 161
72 164
72 169
72 203
72 208
72 216
72 217
72 222
72 247
73 77
73 82
73 95
73 99
73 130
73 181
73 192
73 206
73 212
73 216
73 231
73 241
73 244
74 78
74 110
74 117
74 120
74 132
74 150
74 165
74 198
74 209
74 212
74 214
74 217
74 226
75 87
75 90
75 99
75 108
75 123
75 144
75 152
75 160
75 161
75 168
75 178
75 191
75 196
75 198
75 201
76 92
76 96
76 99
76 119
76 124
76 133
76 151
76 180
76 190
76 196
76 208
76 209
76 239
76 241
76 243
77 93
77 94
77 112
77 115
77 136
77 138
77 146
77 147
77 162
77 190
77 191
77 221
77 244
78 81
78 85
78 89
78 102
78 108
78 113
78 119
78 122
78 123
78 128
78 134
78 184
78 189
78 196
78 204
78 239
78 244
78 246
79 83
79 100
79 108
79 117
79 122
79 127
79 129
79 133
79 154
79 193
79 204
79 210
79 216
79 222
79 228
79 231
80 87
80 92
80 114
80 135
80 152
80 153
80 162
80 174
80 177
80 182
80 215
80 221
80 233
81 95
81 106
81 109
81 111
81 112
81 134
81 141
81 157
81 175
81 181
81 190
81 211
81 230
81 233
81 238
81 246
82 95
82 96
82 100
82 104
82 105
82 115
82 125
82 145
82 146
82 166
82 169
82 176
82 189
82 192
82 220
82 229
82 232
82 240
83 98
83 105
83 117
83 118
83 131
83 140
83 171
83 212
83 215
83 235
84 95
84 119
84 123
84 133
84 137
84 163
84 170
84 187
84 211
84 227
84 228
84 230
84 248
84 249
85 89
85 103
85 120
85 124
85 160
85 163
85 171
85 197
85 199
85 225
85 235
86 90
86 91
86 104
86 108
86 130
86 148
86 157
86 158
86 180
86 184
86 199
86 225
86 241
87 89
87 106
87 109
87 124
87 131
87 136
87 139
87 156
87 186
87 204
87 213
87 222
88 114
88 125
88 135
88 150
88 158
88 178
88 209
88 222
88 223
89 94
89 110
89 146
89 170
89 179
89 244
90 100
90 127
90 136
90 137
90 150
90 169
90 173
90 182
90 199
90 229
91 95
91 97
91 98
91 102
91 127
91 137
91 145
91 167
91 188
91 214
91 223
92 141
92 143
92 155
92 175
92 183
92 184
92 185
92 209
92 215
92 217
92 231
92 247
93 101
93 103
93 108
93 114
93 115
93 116
93 122
93 142
93 145
93 146
93 156
93 173
93 176
93 188
93 198
93 229
93 240
93 242
93 243
93 245
93 248
94 102
94 112
94 114
94 115
94 129
94 148
94 149
94 163
94 164
94 189
94 195
94 206
94 214
94 222
94 229
94 246
95 123
95 139
95 141
95 166
95 222
95 249
96 114
96 123
96 128
96 160
96 164
96 166
96 167
96 179
96 196
96 197
96 204
96 213
96 226
96 231
96 241
97 124
97 128
97 130
97 132
97 147
97 152
97 153
97 154
97 193
97 198
97 210
97 219
98 103
98 110
98 118
98 142
98 152
98 157
98 159
98 164
98 166
98 175
98 190
98 214
98 223
98 225
98 236
98 245
99 108
99 133
99 146
99 153
99 169
99 191
99 196
99 204
99 209
99 246
100 101
100 102
100 105
100 121
100 131
100 134
100 136
100 150
100 162
100 174
100 183
100 184
100 190
100 211
100 221
100 227
100 242
100 243
101 111
101 118
101 125
101 129
101 130
101 131
101 142
101 143
101 149
101 174
101 193
101 196
101 197
101 202
101 223
101 224
101 226
101 241
101 247
102 108
102 122
102 135
102 155
102 157
102 159
102 161
102 162
102 178
102 189
102 198
102 204
102 210
102 228
103 124
103 127
103 129
103 196
103 197
103 225
103 242
103 249
104 108
104 114
104 129
104 132
104 150
104 166
104 210
104 212
104 220
104 226
104 232
104 243
105 117
105 118
105 121
105 124
105 149
105 155
105 165
105 173
105 180
105 190
105 199
105 216
105 222
105 226
105 247
106 126
106 140
106 143
106 144
106 180
106 182
106 191
106 193
106 210
106 217
106 222
106 236
106 237
106 242
106 247
107 108
107 141
107 151
107 169
107 177
107 214
107 217
107 230
107 237
108 128
108 129
108 130
108 159
108 165
108 182
108 183
108 189
108 192
108 233
108 238
109 114
109 130
109 140
109 150
109 159
109 173
109 197
109 202
109 203
109 231
109 249
110 159
110 172
110 188
110 197
110 201
110 213
110 214
110 243
110 247
111 112
111 113
111 127
111 128
111 135
111 144
111 157
111 165
111 168
111 186
111 189
111 201
111 228
111 248
112 140
112 141
112 142
112 155
112 165
112 167
112 195
112 203
112 228
112 233
112 242
112 249
113 142
113 145
113 173
113 197
113 215
113 217
113 225
113 230
114 120
114 123
114 142
114 153
114 156
114 157
114 160
114 161
114 169
114 184
114 186
114 187
114 192
114 217
114 228
114 234
114 247
115 117
115 123
115 124
115 135
115 142
115 161
115 163
115 167
115 172
115 182
115 186
115 214
115 248
116 120
116 136
116 173
116 198
116 212
116 214
116 216
116 225
116 230
117 142
117 145
117 147
117 183
117 185
117 199
117 203
117 207
117 226
117 227
117 241
118 121
118 138
118 142
118 145
118 146
118 163
118 170
118 179
118 191
118 195
118 207
118 210
118 221
118 227
118 233
118 243
119 134
119 146
119 149
119 163
119 164
119 171
119 230
119 248
120 127
120 130
120 152
120 186
120 194
120 203
120 227
120 230
120 246
121 123
121 125
121 147
121 169
121 171
121 181
121 206
121 223
121 239
121 248
122 157
122 170
122 173
122 184
122 185
122 186
122 212
122 214
122 231
123 127
123 136
123 144
123 152
123 170
123 171
123 172
123 174
123 184
123 202
123 207
123 216
123 223
123 228
123 238
123 244
124 137
124 152
124 155
124 160
124 164
124 170
124 173
124 174
124 183
124 215
124 217
124 235
124 237
125 136
125 151
125 193
125 201
125 214
125 244
125 248
126 130
126 132
126 173
126 179
126 209
126 224
126 227
126 244
127 130
127 134
127 181
127 205
127 214
127 218
127 224
128 139
128 148
128 149
128 156
128 162
128 185
128 201
128 203
128 209
128 213
128 217
128 219
129 134
129 143
129 168
129 171
129 219
129 240
129 249
130 150
130 156
130 166
130 180
130 220
130 225
130 234
130 242
131 137
131 138
131 140
131 169
131 185
131 200
131 202
131 220
131 221
131 246
131 247
132 145
132 196
132 200
132 209
132 213
132 215
132 222
132 224
132 228
132 242
132 248
133 175
133 232
133 235
133 241
133 247
134 135
134 143
134 161
134 170
134 177
134 178
134 197
134 201
134 207
134 213
134 215
134 231
135 164
135 167
135 208
135 210
135 211
135 234
135 236
135 237
136 148
136 156
136 187
136 208
136 227
136 228
136 233
137 145
137 146
137 150
137 168
137 182
137 200
137 216
137 232
137 243
137 244
138 153
138 169
138 193
138 194
138 195
138 198
138 203
138 204
138 208
138 217
138 220
138 225
138 239
139 140
139 146
139 151
139 180
139 210
139 216
139 221
139 240
139 242
140 159
140 183
140 184
140 194
140 195
140 197
140 204
140 213
140 217
140 225
141 144
141 157
141 166
141 172
141 177
141 186
141 187
141 211
141 212
141 228
141 235
141 245
142 145
142 153
142 155
142 171
142 173
142 177
142 178
142 202
142 219
142 227
143 148
143 154
143 162
143 169
143 177
143 216
143 220
143 225
143 241
143 247
144 163
144 212
144 222
144 223
144 232
145 151
145 159
145 181
145 183
145 202
145 204
145 215
145 231
145 235
145 240
146 157
146 158
146 160
146 172
146 176
146 181
146 184
147 162
147 163
147 165
147 183
147 195
147 209
147 236
147 245
148 166
148 168
148 174
148 179
148 213
148 222
148 231
148 236
148 242
149 198
149 221
149 234
149 236
150 166
150 176
150 185
150 217
150 234
150 237
150 244
151 155
151 164
151 165
151 177
151 189
151 196
151 202
151 204
151 215
152 153
152 157
152 197
152 198
152 221
152 225
152 232
153 157
153 161
153 184
153 200
153 205
153 207
153 232
154 160
154 161
154 173
154 178
154 188
154 196
154 229
154 237
154 245
155 173
155 179
155 193
155 196
155 210
155 214
155 215
155 235
155 244
156 162
156 204
156 207
156 231
156 249
157 158
157 170
157 180
157 204
157 205
157 211
157 247
158 176
158 191
158 195
158 199
158 210
158 214
158 218
158 219
158 228
158 248
159 172
159 189
159 201
159 206
159 227
159 228
160 167
160 186
160 196
160 203
160 205
160 222
160 228
160 246
161 193
161 201
161 209
161 235
161 243
162 164
162 165
162 178
162 186
162 200
162 207
162 214
162 218
162 227
162 243
162 246
163 171
163 173
163 177
163 182
163 187
163 192
163 213
163 228
164 173
164 182
164 195
164 216
164 222
165 166
165 181
165 192
165 231
165 238
166 174
166 176
166 185
166 187
166 188
166 192
166 196
166 231
166 239
166 240
166 244
166 246
167 179
167 192
167 200
167 205
167 206
167 228
167 237
167 245
167 247
168 169
168 180
168 215
168 225
168 235
168 243
168 244
169 182
169 189
169 196
169 233
169 240
170 177
170 184
170 203
170 230
171 179
171 181
171 193
171 202
171 212
171 246
171 249
172 180
172 196
172 208
172 215
172 226
172 237
172 242
173 182
173 192
173 214
173 219
173 225
173 233
173 246
173 249
174 190
174 212
174 213
174 214
174 216
174 244
174 246
175 192
175 214
175 220
175 223
175 239
176 177
176 199
176 201
176 227
176 239
176 245
177 186
177 199
177 221
177 233
178 194
178 207
178 223
178 237
179 188
179 194
179 199
179 216
179 217
179 227
179 238
179 248
180 201
180 208
180 215
180 236
180 243
180 248
181 206
181 207
181 211
181 223
181 224
181 233
181 241
182 220
182 227
182 238
182 248
183 216
183 223
183 240
183 244
184 209
184 212
184 223
184 240
185 194
185 221
185 239
185 240
186 215
186 224
186 245
187 194
187 195
187 207
187 235
187 246
188 201
188 209
188 215
188 229
188 241
188 245
189 232
189 236
190 192
190 194
190 200
190 204
190 211
190 214
190 227
190 234
190 246
190 249
191 192
191 194
191 230
191 232
191 235
192 193
192 196
192 214
192 225
193 202
193 228
193 240
193 243
194 199
194 211
194 233
194 234
195 204
195 237
195 241
196 200
196 224
196 232
196 240
197 202
197 221
197 233
198 208
198 210
198 224
198 226
199 231
199 243
200 216
200 224
200 236
200 246
200 248
201 203
201 216
201 241
201 243
202 212
202 216
202 223
202 243
202 247
202 249
203 204
203 234
204 215
204 219
204 235
204 237
205 220
205 222
205 226
206 222
206 224
206 226
206 229
206 231
206 234
206 242
207 249
208 212
209 215
209 216
209 223
209 241
209 247
210 213
210 217
210 233
210 244
211 212
211 215
212 227
212 238
213 224
213 225
213 226
213 242
213 243
214 218
214 219
214 229
214 243
215 217
215 234
215 243
216 233
216 243
216 246
218 226
218 240
218 243
219 225
220 248
221 223
222 244
222 245
223 230
223 233
223 240
223 242
224 227
224 248
224 249
225 230
225 245
226 237
226 248
227 246
227 247
227 248
228 241
229 241
231 235
231 245
232 242
232 243
233 236
234 235
234 249
235 248
236 243
237 239
241 246
242 248
244 245
