0 53
0 60
0 92
0 94
0 109
0 114
0 123
0 127
0 129
0 170
0 184
0 186
0 224
0 246
1 29
1 63
1 85
1 139
1 202
1 204
1 216
1 224
2 9
2 24
2 27
2 32
2 50
2 127
2 128
2 138
2 164
2 183
2 185
2 209
3 18
3 35
3 84
3 98
3 100
3 154
3 158
3 162
3 176
3 181
4 30
4 82
4 89
4 148
4 153
4 170
4 184
4 200
4 210
4 238
5 15
5 39
5 57
5 63
5 64
5 69
5 71
5 106
5 149
5 161
5 165
6 16
6 52
6 83
6 108
6 142
6 147
6 155
6 167
6 241
7 36
7 63
7 79
7 92
7 107
7 123
7 128
7 189
7 247
8 11
8 22
8 25
8 30
8 39
8 76
8 135
8 198
8 207
8 208
8 217
9 25
9 32
9 49
9 97
9 100
9 110
9 122
9 136
9 147
9 152
9 187
9 188
9 191
9 237
10 22
10 57
10 92
10 93
10 99
10 109
10 170
10 177
10 181
10 203
10 222
11 29
11 44
11 49
11 104
11 152
11 166
11 172
11 175
11 215
12 41
12 76
12 117
12 160
12 172
12 174
12 208
12 217
12 224
13 20
13 64
13 79
13 81
13 109
13 131
13 194
13 195
13 241
14 30
14 77
14 81
14 91
14 92
14 104
14 108
14 117
14 134
14 135
14 141
14 148
14 173
14 248
15 17
15 20
15 35
15 63
15 66
15 68
15 93
15 112
15 132
15 136
15 189
15 242
16 44
16 59
16 91
16 93
16 97
16 134
16 135
16 154
16 159
16 179
16 196
16 206
16 241
17 41
17 60
17 79
17 96
17 104
17 126
17 212
17 218
18 58
18 72
18 88
18 108
18 114
18 138
18 154
18 194
19 25
19 45
19 55
19 78
19 98
19 118
19 181
19 189
19 191
19 206
20 44
20 45
20 68
20 74
20 109
20 114
20 118
20 148
20 156
20 218
21 26
21 48
21 52
21 59
21 97
21 103
21 107
21 148
21 149
21 159
21 165
21 207
21 219
21 230
21 246
22 43
22 65
22 80
22 104
22 116
22 123
22 125
22 140
22 154
22 155
22 158
22 159
22 187
22 208
22 239
22 240
22 249
23 39
23 74
23 89
23 101
23 110
23 151
23 159
23 166
23 197
23 226
23 234
23 241
24 27
24 29
24 51
24 76
24 98
24 116
24 121
24 124
24 140
24 146
24 171
24 199
24 200
24 208
24 211
24 234
25 38
25 82
25 114
25 121
25 195
25 241
26 35
26 49
26 54
26 61
26 64
26 81
26 120
26 158
26 205
26 207
26 210
26 212
26 214
27 56
27 105
27 109
27 111
27 113
27 118
27 169
27 172
27 188
27 231
28 33
28 66
28 103
28 118
28 136
28 153
28 155
28 182
28 212
28 236
29 106
29 110
29 165
29 176
29 211
29 232
29 234
30 32
30 56
30 69
30 75
30 82
30 83
30 87
30 153
30 168
30 169
30 174
30 182
30 211
30 212
31 56
31 69
31 115
31 153
31 172
31 192
31 229
31 232
31 245
31 248
32 40
32 45
32 47
32 68
32 74
32 76
32 84
32 121
32 138
32 198
32 200
32 233
32 237
32 240
32 244
33 34
33 61
33 62
33 79
33 107
33 110
33 140
33 155
33 160
33 165
33 245
33 247
34 83
34 96
34 142
34 144
35 47
35 52
35 72
35 103
35 140
35 238
35 248
36 59
36 107
36 112
36 130
36 139
36 187
36 194
36 213
37 83
37 129
37 141
37 152
37 185
37 195
37 216
37 231
37 240
37 249
38 67
38 195
38 226
39 52
39 77
39 116
39 160
39 162
39 165
39 182
39 185
39 193
39 199
39 200
39 202
39 215
39 227
39 248
40 43
40 58
40 72
40 73
40 91
40 152
40 157
40 182
40 217
40 220
41 44
41 69
41 70
41 94
41 110
41 118
41 155
41 157
41 185
41 198
41 203
41 216
41 237
42 66
42 100
42 103
42 112
42 128
42 130
42 131
42 180
42 181
42 219
42 235
43 64
43 69
43 97
43 107
43 112
43 118
43 139
43 158
43 169
43 207
43 226
43 227
44 46
44 108
44 146
44 173
45 48
45 68
45 96
45 107
45 127
45 130
45 140
45 144
45 153
45 154
45 178
45 179
45 193
46 77
46 78
46 87
46 110
46 129
46 131
46 158
46 185
46 236
46 240
46 242
47 49
47 62
47 65
47 77
47 102
47 118
47 121
47 133
47 154
47 182
47 186
47 188
47 200
47 207
47 210
47 212
47 216
47 219
48 57
48 126
48 152
48 161
48 175
48 205
49 58
49 113
49 122
49 153
49 155
49 166
49 191
49 195
49 229
49 236
49 248
50 70
50 82
50 93
50 121
50 159
50 177
50 210
50 229
50 230
50 245
51 56
51 95
51 135
51 142
51 187
51 205
51 208
51 209
51 215
51 225
52 95
52 115
52 138
52 155
52 162
52 164
52 191
52 229
53 67
53 70
53 73
53 94
53 117
53 123
53 190
53 194
53 214
53 215
53 222
54 107
54 128
54 133
54 134
54 140
54 151
54 158
54 170
54 220
55 65
55 76
55 110
55 114
55 115
55 152
55 170
55 195
55 241
56 92
56 95
56 152
56 190
56 195
56 209
56 248
57 91
57 131
57 170
57 204
57 222
57 231
57 234
58 82
58 154
58 163
58 194
58 210
59 60
59 67
59 69
59 82
59 91
59 102
59 148
59 177
59 178
59 188
59 201
59 225
59 237
59 240
59 246
60 74
60 101
60 110
60 147
60 149
60 159
60 161
60 168
60 219
60 236
61 106
61 108
61 115
61 125
61 138
61 142
61 149
61 189
61 211
61 249
62 65
62 108
62 188
62 223
62 246
63 84
63 89
63 97
63 108
63 136
63 141
63 157
63 192
63 233
63 238
63 246
63 249
64 66
64 67
64 184
64 189
64 200
64 228
64 229
65 74
65 77
65 80
65 89
65 136
65 225
65 248
66 114
66 145
66 169
66 170
66 199
66 220
66 229
66 243
66 249
67 70
67 83
67 87
67 92
67 121
67 133
67 135
67 181
67 186
67 196
68 94
68 95
68 113
68 164
68 200
68 227
68 228
68 247
69 110
69 115
69 119
69 120
69 122
69 126
69 154
69 170
69 200
69 210
70 93
70 94
70 143
70 155
70 203
71 107
71 115
71 123
71 134
71 156
71 187
71 194
71 205
71 220
71 242
72 93
72 94
72 100
72 103
72 105
72 145
72 149
72 164
72 185
72 216
73 75
73 89
73 130
73 165
73 180
73 207
73 209
73 211
73 216
73 244
74 90
74 123
74 136
74 169
74 212
74 238
75 86
75 111
75 186
75 198
75 249
76 84
76 94
76 105
76 117
76 135
76 196
76 209
76 215
76 230
76 234
76 248
77 78
77 82
77 91
77 93
77 94
77 108
77 115
77 138
77 165
77 200
77 210
77 215
77 237
78 94
78 122
78 181
78 230
79 81
79 102
79 103
79 120
79 122
79 127
79 128
79 144
79 151
79 153
79 157
79 169
79 174
79 189
79 197
79 198
79 214
79 225
80 103
80 113
80 123
80 126
80 136
80 163
80 188
80 242
80 244
80 246
81 99
81 118
81 126
81 128
81 135
81 165
81 166
81 170
81 194
81 203
81 211
81 220
81 231
81 241
82 87
82 119
82 165
82 166
82 178
82 188
82 192
82 196
82 223
82 225
82 238
83 119
83 173
83 176
83 194
83 207
83 213
84 142
84 207
84 233
84 236
84 246
84 247
85 93
85 98
85 130
85 139
85 147
85 199
85 215
85 219
85 227
85 229
85 231
85 237
86 101
86 128
86 132
86 141
87 168
87 187
87 194
87 196
87 225
87 237
88 146
88 170
88 186
88 206
88 227
88 235
89 90
89 100
89 103
89 112
89 117
89 148
89 186
89 212
90 94
90 96
90 111
90 113
90 115
90 117
90 131
90 158
90 165
90 227
90 239
90 244
91 101
91 108
91 157
91 166
92 130
92 171
92 210
92 225
93 98
93 120
93 128
93 167
93 180
93 183
93 191
93 210
93 221
93 223
93 225
94 122
94 126
94 137
94 180
94 222
94 229
94 246
94 247
95 100
95 132
95 193
95 217
96 110
96 143
96 182
96 201
96 234
97 98
97 106
97 157
97 167
97 238
97 242
98 171
98 183
98 206
99 108
99 114
99 115
99 131
99 136
99 142
99 205
99 211
100 102
100 188
100 224
100 231
101 103
101 128
101 139
101 150
101 155
101 223
101 231
101 235
102 113
102 126
102 127
102 145
102 159
102 166
102 174
102 215
102 229
103 111
103 119
103 131
103 149
103 197
103 213
103 218
103 222
104 118
104 119
104 127
104 154
104 157
104 174
104 182
104 205
104 207
104 225
105 125
105 130
105 148
105 157
105 173
105 198
105 202
105 241
105 247
106 164
106 188
106 202
106 207
106 222
107 119
107 128
107 140
107 171
107 177
107 193
107 196
107 221
107 245
107 248
108 113
108 164
108 185
108 198
108 203
108 249
109 131
109 175
109 192
109 206
109 228
109 238
110 120
110 144
110 174
110 216
110 226
111 115
111 117
111 120
111 144
111 201
111 204
111 210
111 234
112 119
112 136
112 139
112 140
112 158
112 200
112 210
113 115
113 131
113 178
113 194
113 240
113 244
114 119
114 130
114 153
114 172
114 183
114 204
114 216
114 232
114 248
115 130
115 132
115 154
115 155
115 185
115 191
115 204
115 243
115 244
116 120
116 147
116 149
116 152
116 165
116 199
116 203
116 212
116 221
116 235
116 242
116 245
117 182
117 200
117 234
118 131
118 149
118 159
118 164
118 189
118 199
118 208
118 217
118 224
118 249
119 124
119 126
119 127
119 175
119 184
119 188
119 194
119 204
119 218
119 220
120 173
120 193
120 205
120 226
120 228
120 234
120 244
121 132
121 136
121 138
121 224
121 243
121 244
122 140
122 164
122 180
122 192
122 244
123 128
123 134
123 160
123 161
123 163
123 184
123 213
124 178
125 126
125 161
125 167
125 173
126 144
126 164
126 167
126 169
126 181
127 152
127 174
127 205
127 210
128 136
128 138
128 141
128 211
128 225
128 227
128 234
129 138
129 157
129 187
129 210
129 219
130 138
130 139
130 222
130 232
130 248
130 249
131 147
131 193
131 217
131 222
132 164
132 181
132 220
133 160
133 167
133 177
133 188
133 194
133 207
133 235
134 140
134 149
134 151
134 161
134 181
135 157
135 163
135 164
135 167
135 245
135 246
136 143
136 146
136 150
136 177
136 206
136 214
137 176
137 182
137 237
137 240
138 153
138 158
138 168
138 169
138 179
138 211
138 219
138 234
139 145
139 166
139 174
139 179
139 183
139 192
139 202
139 203
139 207
139 227
140 147
140 152
140 165
140 187
141 148
141 176
141 209
141 248
142 164
142 206
142 207
142 219
142 231
142 235
142 241
143 156
143 166
143 176
143 184
143 209
144 156
144 164
144 179
144 209
144 210
144 219
144 240
145 148
145 153
145 163
145 199
145 201
145 222
145 227
146 191
146 197
146 227
147 186
147 189
147 200
148 167
148 182
148 206
149 157
149 211
149 243
150 162
150 180
150 214
150 221
150 239
151 168
151 181
151 208
151 213
152 172
152 191
152 207
152 234
152 247
153 179
153 190
153 196
153 201
153 223
154 162
154 230
154 234
154 236
155 166
155 184
155 185
155 188
155 195
155 215
155 226
156 196
156 203
156 210
157 167
157 172
157 183
157 207
157 226
158 162
158 167
158 191
158 238
158 240
159 209
159 222
159 248
160 170
160 181
160 194
160 205
160 247
161 191
161 227
161 239
161 241
162 173
162 179
162 189
162 207
162 219
162 225
163 182
163 226
163 246
164 165
164 166
164 185
164 191
164 213
164 219
164 233
165 205
166 173
166 213
167 186
167 230
167 235
167 245
167 247
168 171
168 177
168 238
168 249
169 224
169 237
170 200
170 232
170 245
171 207
171 228
171 235
171 249
172 198
173 187
173 208
173 223
173 232
174 180
174 193
174 197
174 211
174 232
174 245
175 205
175 240
175 241
175 248
176 186
176 187
176 189
176 244
177 217
178 182
178 195
178 207
178 217
178 239
178 249
180 184
180 197
180 200
180 220
180 236
181 184
181 200
181 201
181 229
181 233
181 240
181 243
182 200
182 235
182 244
183 207
183 222
183 223
183 232
184 195
184 204
184 206
184 208
184 221
184 225
185 190
185 226
185 229
185 243
186 217
186 242
187 197
187 232
188 230
189 226
189 227
189 240
189 244
190 194
190 225
190 232
191 203
191 232
192 205
192 212
192 220
192 221
193 213
193 243
193 249
194 209
195 208
195 218
196 210
196 221
196 237
196 242
197 231
197 237
197 241
198 210
199 202
199 216
199 226
199 237
200 223
200 240
200 248
201 219
202 234
202 244
203 210
203 213
205 218
205 222
207 217
207 249
209 214
209 236
209 237
210 218
211 221
211 236
211 246
212 230
212 240
212 245
213 227
213 238
213 243
215 232
217 232
218 226
218 240
219 240
220 224
220 227
220 235
221 230
221 235
221 240
221 248
221 249
224 233
224 247
226 228
227 228
227 248
228 244
228 247
229 243
230 248
231 240
233 243
234 237
235 247
236 239
237 238
240 244
240 245
242 247
243 246
243 249
