0 35
0 70
0 79
0 134
0 159
0 196
0 209
0 216
0 218
0 241
1 7
1 35
1 36
1 38
1 118
1 133
1 188
1 198
1 242
2 20
2 37
2 42
2 72
2 95
2 110
2 161
2 185
2 190
2 218
2 228
2 230
2 231
2 241
3 15
3 69
3 91
3 146
3 199
3 208
3 236
3 244
4 48
4 54
4 62
4 103
4 115
4 123
4 156
4 174
4 195
4 210
5 33
5 131
5 219
5 224
6 9
6 18
6 33
6 38
6 47
6 68
6 76
6 109
6 136
6 142
6 162
6 173
6 240
7 40
7 127
7 149
7 151
7 196
7 246
8 15
8 29
8 31
8 49
8 103
8 119
8 140
8 144
8 167
9 22
9 52
9 86
9 96
9 106
9 149
9 152
9 176
9 192
9 216
9 242
10 17
10 63
10 96
10 100
10 102
10 109
10 135
10 137
10 188
10 205
10 206
10 220
11 16
11 37
11 57
11 74
11 85
11 98
11 102
11 146
11 162
11 165
11 176
11 202
11 214
12 18
12 54
12 71
12 80
12 124
12 137
12 167
12 175
12 229
13 29
13 40
13 52
13 71
13 83
13 120
13 147
13 162
13 180
13 192
13 215
13 246
13 248
14 15
14 19
14 67
14 117
14 128
14 142
14 176
14 193
14 200
14 204
14 218
14 228
14 234
14 249
15 48
15 68
15 88
15 89
15 98
15 102
15 105
15 108
15 116
15 118
15 160
15 166
15 171
15 175
15 210
15 224
15 231
15 240
15 249
16 18
16 19
16 20
16 53
16 113
16 116
16 125
16 129
16 155
16 167
16 179
17 51
17 70
17 97
17 152
17 162
17 214
17 231
17 232
18 26
18 32
18 73
18 75
18 160
18 164
18 182
18 209
19 91
19 170
19 187
19 234
20 23
20 37
20 78
20 103
20 121
20 153
20 168
20 184
20 192
21 44
21 65
21 77
21 85
21 86
21 157
21 177
21 187
21 209
21 210
21 216
21 243
22 24
22 55
22 59
22 141
22 168
22 202
22 241
22 243
23 26
23 34
23 81
23 83
23 97
23 104
23 113
23 135
23 143
23 163
23 171
23 202
23 204
23 221
24 35
24 51
24 56
24 100
24 103
24 175
24 188
24 212
24 216
24 247
25 69
25 80
25 103
25 124
25 138
25 146
25 167
25 237
26 27
26 52
26 59
26 60
26 72
26 115
26 121
27 75
27 190
27 211
28 40
28 49
28 56
28 67
28 126
28 147
28 166
29 45
29 64
29 101
29 208
29 247
30 66
30 70
30 75
30 109
30 139
30 143
30 176
30 178
30 196
30 211
30 227
31 58
31 91
31 92
31 95
31 116
31 138
31 200
31 231
31 248
32 67
32 102
32 139
32 159
32 162
32 170
32 202
32 244
33 54
33 55
33 70
33 84
33 88
33 97
33 120
33 164
33 204
33 217
33 241
33 243
34 108
34 110
34 117
34 143
34 233
35 45
35 62
35 77
35 97
35 117
35 207
35 224
36 72
36 118
36 131
36 177
36 193
37 59
37 113
37 123
37 129
37 133
37 156
37 170
37 172
37 195
37 200
37 221
38 74
38 92
38 112
38 165
38 195
38 220
38 238
38 240
39 41
39 78
39 89
39 98
39 126
39 152
39 158
39 169
39 200
39 221
39 226
39 234
40 67
40 97
40 117
40 138
40 158
40 177
40 202
41 44
41 67
41 105
41 134
41 135
41 150
41 168
41 174
41 193
41 201
41 232
41 237
42 96
42 107
42 113
42 123
42 161
42 163
42 182
43 55
43 70
43 73
43 112
43 123
43 160
43 166
43 178
43 182
43 198
43 200
43 244
44 72
44 78
44 106
44 115
44 130
44 131
44 180
44 193
44 217
45 81
45 94
45 164
45 173
45 187
45 190
46 60
46 78
46 87
46 155
46 163
46 169
46 189
46 235
47 90
47 97
47 137
47 150
47 165
47 199
47 235
48 84
48 86
48 135
48 155
48 163
48 169
48 172
48 189
48 215
48 221
49 91
49 113
49 144
49 162
49 167
49 177
49 186
49 214
49 217
49 219
49 242
49 243
50 53
50 73
50 91
50 202
50 204
50 214
50 229
50 234
51 63
51 88
51 142
51 152
51 164
51 166
52 83
52 95
52 98
52 186
52 238
53 55
53 68
53 109
53 142
53 144
53 171
53 201
53 224
54 62
54 67
54 71
54 132
54 148
54 155
54 160
54 168
54 194
55 85
55 100
55 103
55 144
55 147
55 168
55 175
55 249
56 59
56 152
56 155
56 166
56 205
56 213
56 234
57 67
57 78
57 80
57 111
57 140
57 148
57 182
57 245
57 246
58 61
58 63
58 76
58 77
58 80
58 99
58 101
58 141
58 167
58 221
58 226
59 62
59 104
59 109
59 129
59 198
59 232
59 233
60 84
60 85
60 109
60 114
60 155
60 209
60 238
61 62
61 90
61 119
61 223
61 228
61 233
61 249
62 93
62 113
62 129
62 132
62 183
62 193
62 198
63 115
63 161
63 166
63 192
63 199
64 95
64 105
64 119
64 137
64 160
64 182
64 185
64 199
64 228
64 245
65 68
65 70
65 120
65 147
65 157
65 160
65 166
65 242
66 81
66 147
66 150
66 160
66 171
66 182
66 190
66 206
66 221
66 224
67 141
67 150
67 151
67 169
67 211
67 235
68 107
68 108
68 122
68 141
68 201
68 222
69 151
69 157
69 176
70 149
70 209
70 212
70 232
70 234
71 81
71 100
71 184
71 236
71 237
72 108
72 130
72 137
72 138
72 140
72 147
72 161
72 193
72 207
72 220
73 80
73 126
73 134
73 141
73 148
73 153
73 172
73 193
73 213
73 215
73 227
74 87
74 151
74 157
74 183
74 203
74 246
75 94
75 99
75 115
75 181
75 187
75 225
75 230
76 101
76 152
76 167
76 190
76 209
77 94
77 97
77 112
77 115
77 124
77 127
77 150
77 161
77 165
77 186
77 187
77 217
77 238
78 80
78 91
78 101
78 119
78 121
78 174
78 179
78 192
78 204
78 220
78 234
79 87
79 156
79 162
79 181
79 196
79 202
80 90
80 118
80 134
80 163
80 204
81 85
81 104
81 131
81 134
81 135
81 152
81 186
81 204
82 175
82 183
82 232
83 96
83 118
83 123
83 129
83 138
83 172
83 218
83 223
84 100
84 121
84 131
84 132
84 186
84 212
84 230
85 145
85 178
85 190
85 209
85 228
85 235
86 126
86 135
86 203
86 224
86 230
87 116
87 130
87 159
87 200
87 225
88 116
88 149
88 154
88 164
88 181
88 240
88 245
89 156
89 164
89 166
89 173
89 177
89 214
89 233
90 102
90 107
90 175
90 206
90 223
91 112
91 170
91 182
91 200
91 214
92 95
92 137
92 189
92 194
93 116
93 122
93 148
93 149
93 165
93 168
93 191
93 194
93 200
93 205
93 213
93 221
93 235
93 243
94 96
94 107
94 112
94 197
94 216
94 244
95 105
95 119
95 146
95 156
95 157
95 162
95 192
95 243
95 247
96 185
96 186
96 203
97 110
97 162
97 183
97 201
97 229
97 243
97 249
98 112
98 117
98 146
98 199
98 219
98 222
98 224
98 238
99 136
99 143
99 217
99 218
99 219
99 234
99 238
99 247
100 102
100 113
100 151
100 156
100 158
100 189
101 234
101 247
102 123
102 128
102 142
102 153
102 190
102 196
102 218
102 227
102 236
103 114
103 141
103 150
103 156
103 157
103 163
103 195
103 206
104 111
104 143
104 151
104 165
104 187
104 203
104 216
104 242
104 245
105 119
105 151
106 125
106 128
106 138
106 139
106 180
106 211
107 138
107 166
107 176
108 116
108 126
108 135
108 156
108 167
108 195
108 203
108 236
109 115
109 127
109 148
109 154
109 161
109 228
110 112
110 115
110 119
110 141
110 160
110 197
110 225
110 242
110 246
111 139
111 163
111 196
111 204
111 227
111 239
111 241
112 126
112 177
112 248
113 116
113 212
113 216
113 218
114 118
114 193
114 206
114 247
115 175
115 178
115 197
116 124
116 148
116 183
116 186
116 222
116 226
117 151
117 165
117 182
117 206
117 228
117 235
117 243
118 119
118 124
118 126
118 130
118 164
118 208
118 227
118 237
119 146
119 156
119 164
119 165
119 216
119 233
119 249
120 151
120 222
121 126
121 163
121 164
121 191
121 232
121 238
121 242
122 123
122 171
122 211
122 225
123 177
123 187
123 204
123 207
123 219
123 221
125 164
125 167
125 187
125 199
125 237
126 144
126 153
126 174
126 198
126 202
126 206
126 217
126 223
126 232
127 129
127 137
127 203
127 245
127 249
128 192
128 212
128 220
128 227
128 247
129 138
129 172
129 177
129 213
129 219
129 243
130 136
130 137
130 141
130 150
130 194
130 216
130 226
130 227
130 246
131 139
131 164
131 190
132 179
132 246
133 174
133 219
134 175
135 138
135 139
135 162
135 164
135 199
135 212
135 216
135 220
135 235
136 172
136 185
136 212
136 240
137 163
137 200
137 239
137 241
138 142
138 170
138 186
138 198
138 221
139 158
139 188
139 206
139 214
139 220
139 233
140 141
140 172
140 177
140 224
141 158
141 232
142 159
142 165
142 180
142 191
142 219
142 230
142 249
143 177
143 181
143 199
143 222
143 227
143 228
144 149
144 170
144 219
144 221
144 228
144 232
145 162
145 176
145 194
145 195
145 214
146 160
146 206
146 228
147 192
147 241
147 243
148 149
148 176
148 219
148 231
148 233
150 198
150 218
151 171
151 178
151 180
151 185
152 158
152 184
152 192
152 203
152 214
152 243
153 197
154 182
154 212
154 226
154 243
155 159
155 161
155 176
155 191
155 234
156 157
156 171
156 248
157 177
157 198
157 220
157 224
157 238
158 185
158 190
158 202
158 216
159 177
159 202
159 212
160 167
160 168
161 180
161 187
161 192
161 207
162 171
162 185
162 211
162 217
163 165
163 172
163 173
163 180
163 212
163 243
164 170
164 172
164 234
164 245
165 206
165 221
165 238
166 193
166 229
168 209
168 240
169 173
169 178
169 207
170 172
170 199
170 239
171 214
171 215
171 220
171 245
172 174
172 198
172 224
172 236
173 197
173 205
173 209
173 217
174 181
174 242
175 181
176 203
176 220
176 232
176 236
176 242
177 228
177 230
178 183
178 195
178 207
178 231
179 183
179 247
180 187
180 189
180 198
181 246
181 247
181 249
182 186
182 208
182 225
182 243
182 246
183 189
183 208
183 219
183 221
184 192
184 217
184 230
184 236
185 220
186 218
187 194
187 249
188 196
188 214
188 215
188 234
188 235
189 200
189 208
190 238
190 246
191 205
191 236
192 219
192 228
193 207
194 205
194 220
195 202
195 226
196 224
196 235
196 246
197 198
197 240
198 203
200 206
200 238
202 205
202 210
202 224
202 232
202 241
202 247
203 209
204 205
204 242
205 213
205 237
206 215
207 221
207 224
210 237
211 213
211 215
211 235
211 243
213 215
214 231
215 229
215 241
216 231
216 240
216 247
217 240
218 220
218 223
218 248
218 249
221 231
222 228
222 233
222 234
222 241
224 229
224 240
225 247
227 246
228 232
228 243
228 245
233 235
233 237
235 246
239 247
240 243
243 246
