0 49
0 70
0 103
0 153
1 20
1 27
1 45
1 121
2 7
2 48
2 59
2 60
2 63
2 74
2 77
2 96
2 120
2 162
2 236
3 51
3 67
3 74
3 134
3 147
4 19
4 23
4 133
4 138
4 167
4 170
4 176
5 7
5 9
5 11
5 122
5 152
5 157
5 188
5 235
6 95
6 112
6 126
6 144
6 145
6 160
6 171
6 190
6 199
6 213
7 81
7 99
7 119
7 195
7 216
8 9
8 26
8 52
8 105
8 177
8 192
8 193
8 218
8 229
9 37
9 99
9 164
9 185
9 198
9 202
9 248
10 19
10 24
10 92
10 96
10 166
10 168
11 38
11 56
11 61
11 69
11 70
11 72
11 90
11 139
11 171
11 216
11 231
12 18
12 32
12 64
12 83
12 99
12 217
13 38
13 69
13 79
13 82
13 94
13 111
13 112
13 115
13 149
13 173
13 214
13 235
13 239
14 72
14 98
14 123
14 149
14 151
14 164
14 203
14 205
14 207
15 26
15 56
15 86
15 122
15 150
15 200
15 209
15 224
16 42
16 55
16 75
16 153
16 165
16 198
16 199
16 215
16 227
16 247
17 20
17 27
17 32
17 40
17 87
17 91
17 114
17 121
17 133
17 168
17 177
17 235
18 48
18 97
18 106
18 169
18 225
19 79
19 109
19 112
19 120
19 145
19 153
19 170
19 183
19 213
19 232
20 78
20 85
20 93
20 124
20 155
21 142
21 161
21 180
21 222
21 232
21 234
22 218
23 48
23 56
23 66
23 68
23 160
23 218
24 25
24 63
24 84
24 133
24 141
24 153
24 157
24 172
24 187
24 206
25 26
25 75
25 116
25 139
25 146
25 158
25 226
25 230
25 249
26 99
26 105
26 159
26 196
26 227
27 30
27 51
27 68
27 72
27 106
27 161
27 167
27 214
27 215
27 240
28 73
28 80
28 101
28 153
28 159
28 160
29 57
29 103
29 106
29 141
29 229
29 230
29 246
30 55
30 60
30 70
30 87
30 94
30 100
30 167
30 168
30 213
31 33
31 112
31 113
31 125
31 224
32 38
32 122
33 77
33 170
33 206
33 227
33 242
33 246
34 68
34 123
34 130
34 180
34 222
35 64
35 71
35 84
35 113
35 149
35 168
35 179
35 236
36 93
36 113
36 164
36 227
36 230
37 84
37 97
37 140
37 169
37 188
37 207
37 214
38 88
38 94
38 108
38 131
38 190
38 197
38 202
38 240
39 51
39 109
39 111
39 133
39 147
39 152
39 167
39 171
39 172
39 173
39 180
39 217
40 63
40 83
40 87
40 93
40 179
40 207
40 222
40 239
40 241
41 58
41 85
41 90
41 100
41 101
41 143
41 172
41 173
41 189
41 200
41 224
41 229
41 236
41 240
42 90
42 117
42 129
42 146
42 157
42 192
42 199
42 201
42 209
42 240
43 98
43 142
43 210
44 49
44 109
44 139
44 151
44 155
44 157
44 174
44 215
44 222
44 233
45 132
45 151
45 244
46 69
46 79
46 115
46 154
46 155
46 179
46 224
47 61
47 67
47 104
47 124
47 135
47 151
47 162
47 163
47 171
47 188
47 241
48 115
48 121
48 164
48 167
48 184
48 230
48 243
49 112
49 126
49 156
49 157
49 182
50 56
50 76
50 107
51 53
51 90
51 156
51 162
51 210
51 230
51 244
52 70
52 90
52 91
52 124
52 143
52 145
52 147
52 169
52 180
52 187
52 204
52 235
52 239
53 81
53 175
53 219
54 59
54 62
54 93
54 114
54 141
54 224
54 243
55 74
55 89
55 102
55 108
55 124
55 131
55 145
55 146
55 181
55 183
55 187
55 201
55 236
56 65
56 81
56 141
56 184
56 205
57 195
57 207
57 221
58 110
58 191
58 220
58 240
59 64
59 71
59 72
59 73
59 203
60 82
60 95
60 114
60 148
60 155
60 170
60 242
60 244
61 150
61 162
61 170
61 175
61 202
62 81
62 98
62 183
62 190
62 245
63 85
63 92
63 123
63 140
63 141
63 155
63 171
63 240
64 73
64 81
64 83
64 117
64 207
64 214
64 216
64 236
64 246
65 164
65 177
65 229
66 97
66 125
66 142
66 146
66 178
67 170
68 81
68 119
68 131
68 139
68 232
68 240
68 241
69 121
69 124
69 153
69 163
70 156
70 161
70 169
70 200
70 230
70 243
70 249
71 137
71 163
71 189
71 218
71 226
71 232
72 82
72 137
72 175
72 185
72 188
73 111
73 149
73 184
73 203
74 91
74 105
74 107
74 150
74 166
74 198
74 210
74 221
74 241
75 81
75 122
75 134
75 157
76 82
76 88
76 90
76 95
76 106
76 139
76 140
76 151
76 158
76 209
77 83
77 118
77 147
78 112
78 161
78 181
78 246
79 98
79 127
79 189
79 227
79 229
80 113
80 153
80 208
80 215
81 120
81 128
81 158
81 199
81 215
81 230
82 94
82 177
82 210
82 214
82 227
83 108
83 195
83 198
84 107
84 186
84 197
84 239
84 241
85 223
86 90
86 91
86 172
86 187
86 219
87 153
87 190
87 203
87 205
87 208
87 214
88 132
88 207
89 110
89 130
90 164
90 202
90 205
90 217
91 133
92 150
92 205
92 219
93 96
93 132
93 135
93 165
93 170
93 179
93 180
93 204
93 207
93 231
93 236
93 242
94 148
94 164
94 222
94 228
95 119
95 137
95 140
95 144
95 160
95 196
95 201
95 229
96 146
96 207
97 105
97 183
97 188
97 203
97 206
97 225
97 237
97 238
98 105
98 231
99 120
99 140
99 194
99 197
99 204
100 204
100 207
101 116
101 189
101 220
102 103
102 122
102 131
102 141
103 108
103 124
103 132
103 180
104 182
104 246
104 248
105 119
105 179
106 189
107 173
107 188
108 153
108 162
108 171
108 198
109 213
109 220
109 238
110 165
110 185
111 137
111 138
111 178
111 199
111 200
111 226
112 134
112 176
112 179
112 224
113 117
113 120
113 167
113 168
113 181
113 194
113 219
113 221
114 222
114 233
114 239
115 131
115 168
115 187
115 210
115 212
115 235
116 171
116 194
116 197
116 211
116 222
116 228
116 231
116 232
117 130
117 212
117 237
118 171
118 177
118 186
118 199
118 214
119 121
119 130
119 138
119 169
119 176
120 127
120 137
120 172
120 180
120 191
121 150
121 160
121 187
121 223
121 244
122 137
122 156
122 177
122 198
122 218
122 245
122 246
123 149
123 157
123 201
123 202
123 233
124 211
125 141
125 231
126 150
126 157
126 191
126 233
126 235
126 248
127 176
127 190
128 146
128 159
128 230
129 155
129 232
130 158
130 168
130 202
130 232
131 159
132 156
132 186
132 249
133 147
133 151
133 187
133 199
133 224
133 227
133 232
134 159
135 207
135 246
136 154
136 169
136 201
137 197
137 220
137 221
137 225
137 238
138 195
138 217
138 237
139 140
139 160
139 176
139 204
139 214
139 221
139 231
140 185
140 243
141 215
142 161
142 177
142 236
142 237
143 199
143 226
143 233
144 150
144 230
144 243
145 159
145 160
145 183
145 215
146 149
146 175
146 180
146 225
146 229
146 246
147 177
147 202
147 249
148 170
148 202
148 204
148 214
149 160
149 191
149 205
149 227
149 229
149 244
150 169
150 175
150 193
150 217
150 246
151 162
151 178
151 217
151 226
151 229
151 243
152 249
153 158
153 179
153 199
153 216
154 227
154 236
155 173
156 185
156 214
157 169
157 173
157 178
157 180
157 189
157 215
157 225
158 232
158 240
159 182
159 184
159 190
159 193
159 212
160 163
160 178
161 163
161 182
161 200
162 204
163 190
163 192
163 203
163 224
163 229
163 236
163 239
164 183
164 216
164 232
164 233
165 221
165 223
165 249
166 200
166 249
167 173
167 222
168 207
168 222
168 229
169 171
169 212
170 184
170 201
170 230
171 187
171 198
171 227
172 235
173 213
176 193
176 231
176 232
177 183
177 195
177 240
178 212
179 232
180 242
180 248
183 193
183 221
184 209
184 214
184 215
184 242
185 224
185 245
186 201
186 207
187 193
187 197
187 245
188 247
189 190
189 210
190 219
190 247
191 227
192 203
192 218
192 231
193 203
194 248
196 204
197 212
199 212
199 219
200 204
200 225
201 205
201 206
204 232
205 219
205 242
206 240
206 243
208 217
209 229
209 230
210 237
211 224
211 226
213 226
214 234
216 221
216 227
216 238
220 228
220 232
221 234
222 228
223 233
224 231
224 244
227 233
227 246
229 240
232 248
235 246
241 246
242 248
243 248
