0 21
0 78
0 102
0 150
0 179
0 225
1 67
1 74
1 185
1 193
1 226
1 231
2 80
2 150
2 153
2 181
2 187
2 221
2 248
3 8
3 24
3 27
3 74
3 92
3 95
3 124
3 150
3 161
4 28
4 34
4 37
4 110
4 163
4 195
5 21
5 45
5 103
5 106
5 131
5 168
5 186
5 190
5 235
6 10
6 117
6 135
6 157
6 179
6 187
6 188
6 205
6 212
7 36
7 146
7 151
7 153
7 232
7 238
8 13
8 22
8 67
8 84
8 110
8 134
8 150
8 159
8 167
8 211
8 224
9 37
9 113
9 127
9 140
9 165
9 222
9 238
10 24
10 60
10 119
10 140
10 153
10 244
11 63
11 86
11 134
11 177
11 191
11 207
11 233
12 22
12 43
12 54
12 55
12 131
12 132
12 174
12 178
12 191
12 218
12 222
13 21
13 31
13 119
13 131
13 239
14 87
14 111
14 188
14 214
14 217
14 237
14 239
15 50
15 63
15 78
15 172
15 243
16 17
16 83
16 88
16 99
16 115
16 125
16 133
16 149
16 189
16 234
17 27
17 33
17 89
17 98
17 105
17 193
17 196
17 224
17 235
17 238
18 33
18 74
18 81
18 106
18 107
18 147
18 149
18 154
18 166
18 178
18 189
18 226
18 232
19 58
19 105
19 123
19 234
20 115
20 121
20 141
20 170
20 204
20 217
20 226
20 246
20 247
21 25
21 164
21 166
21 173
21 185
22 67
22 78
22 147
22 231
23 87
23 145
23 169
23 180
23 195
24 45
24 70
24 73
24 117
24 123
24 133
24 134
24 142
24 189
24 202
24 213
24 225
25 34
25 55
25 58
25 100
25 115
25 135
25 225
26 51
26 105
26 152
26 171
26 177
26 182
26 193
26 209
27 39
27 96
27 98
27 101
27 115
27 154
27 162
27 212
27 239
28 49
28 59
28 62
28 85
28 100
28 105
28 113
28 170
29 62
29 90
29 140
29 150
29 172
29 174
30 84
30 88
30 136
30 214
31 32
31 83
31 89
31 194
31 210
31 228
31 235
32 57
32 137
32 141
32 166
32 198
32 209
32 244
33 71
33 140
33 150
33 166
33 202
33 209
34 131
34 135
34 149
34 168
34 189
34 227
34 229
34 241
34 249
35 218
36 107
36 176
36 206
36 218
36 234
37 38
37 99
37 102
37 104
37 105
37 125
37 190
37 224
38 44
38 52
38 65
38 90
38 135
38 175
38 187
38 225
39 45
39 50
39 181
40 54
40 59
40 61
40 139
40 208
40 240
41 43
41 75
41 78
41 93
41 133
42 46
42 95
42 96
42 103
42 228
43 54
43 65
43 132
43 192
43 200
43 237
44 68
44 85
44 89
44 118
44 132
44 154
44 161
44 219
45 53
45 60
45 81
45 186
46 76
46 112
46 118
46 147
46 179
46 189
46 217
47 85
47 90
47 125
47 157
47 173
47 197
47 215
47 224
48 99
48 108
48 110
48 113
48 131
48 194
49 74
49 137
49 143
49 185
49 222
49 239
49 249
50 110
50 118
50 145
50 186
50 201
50 212
51 71
51 111
51 125
51 142
51 184
52 79
52 86
52 122
52 126
52 160
52 228
52 240
53 63
53 103
53 104
53 115
53 150
53 200
53 215
53 233
54 81
54 93
54 137
54 221
54 228
55 67
55 90
55 108
55 130
55 151
55 221
56 57
56 74
56 76
56 97
56 134
56 149
56 175
56 187
57 167
57 178
57 242
58 71
58 77
58 137
58 138
58 140
58 199
58 224
58 228
58 249
59 129
59 158
59 177
59 185
59 209
59 216
60 138
61 78
61 109
61 113
61 133
61 160
61 165
61 197
62 93
62 106
62 108
62 131
62 230
63 95
63 149
63 211
63 227
64 79
64 90
64 158
64 172
64 183
64 225
65 71
65 79
65 164
65 171
65 179
65 182
65 233
66 73
66 96
66 135
66 169
66 194
66 202
66 239
66 241
66 249
67 114
67 117
67 121
67 132
67 188
67 206
67 211
67 249
68 245
69 79
69 113
69 129
69 177
69 183
69 187
69 188
69 201
70 109
70 169
70 193
71 125
71 150
71 158
71 203
71 242
72 80
72 84
72 99
72 126
72 150
72 161
72 163
72 194
73 165
73 213
73 246
74 88
74 113
74 141
74 152
74 163
74 196
75 86
75 108
75 148
75 160
75 244
76 150
76 151
76 159
76 223
76 238
76 245
77 84
77 122
77 128
77 169
77 231
77 237
78 136
78 154
78 216
79 96
79 105
79 140
80 96
80 109
80 174
81 111
81 138
81 193
81 204
81 244
81 249
82 118
82 161
82 170
82 246
83 95
83 120
83 125
83 130
83 177
83 183
83 189
83 231
83 241
84 130
84 180
84 198
84 200
84 210
84 213
84 243
85 108
85 121
85 167
85 194
85 199
85 234
85 240
85 246
86 88
86 101
86 137
86 198
86 221
87 88
87 200
88 175
88 182
88 193
88 206
88 220
88 224
89 114
89 131
89 246
90 113
90 132
90 146
90 167
90 173
90 179
90 204
91 102
91 138
91 152
91 153
91 176
92 119
92 122
92 176
93 105
93 109
93 110
93 146
93 209
94 130
94 217
94 228
94 236
95 132
95 136
95 145
95 193
95 233
96 119
97 138
97 189
97 200
97 222
98 104
98 145
98 167
98 168
98 178
98 179
99 119
99 154
99 194
100 101
100 113
100 114
100 118
100 139
100 156
100 209
100 219
101 105
101 109
101 148
101 149
101 181
101 183
101 187
101 193
101 205
101 217
101 223
102 119
102 229
103 113
103 116
103 123
103 215
104 119
104 133
104 162
104 186
105 112
105 126
105 131
105 138
105 158
105 159
105 161
105 212
105 224
105 243
106 114
106 136
106 198
106 204
107 110
107 145
107 164
107 194
107 196
107 245
108 152
108 177
108 182
108 187
108 190
108 203
108 225
109 211
109 214
110 153
110 196
110 211
110 232
111 120
111 150
111 161
112 241
113 131
113 136
113 147
113 187
113 195
113 202
113 242
114 225
115 116
115 153
115 200
115 204
115 230
116 149
116 157
117 140
117 174
117 179
117 226
118 131
118 137
118 215
119 133
119 153
119 154
119 192
119 220
119 227
119 229
119 246
120 141
120 150
120 177
120 233
120 237
120 244
121 133
121 143
121 192
122 155
122 237
122 238
123 154
123 181
123 220
123 240
123 244
124 154
124 190
124 191
124 228
124 235
124 239
125 181
125 199
125 201
125 204
125 243
126 139
127 161
127 192
127 218
127 249
128 129
128 159
128 171
128 180
128 208
128 226
128 231
129 171
129 186
129 200
129 238
130 149
130 157
130 161
130 162
130 182
130 186
130 200
131 134
131 148
131 160
131 163
131 223
132 173
133 159
133 218
134 165
134 176
134 195
135 186
135 194
135 219
135 221
135 223
135 227
136 169
136 179
136 219
136 238
137 144
137 156
137 202
138 143
138 172
138 175
138 176
138 201
138 231
139 140
139 153
139 172
139 178
139 187
139 221
139 245
139 249
140 152
140 215
140 226
140 248
140 249
141 175
141 180
141 182
141 201
141 209
141 228
142 147
142 153
142 165
142 204
142 205
142 210
142 222
142 224
143 207
143 233
143 238
144 176
144 199
144 207
144 219
144 222
145 160
145 236
145 249
146 154
146 213
147 172
147 188
147 189
147 212
147 214
147 241
148 157
148 222
149 201
149 218
149 231
150 228
150 232
150 239
151 165
151 175
151 179
151 183
151 231
151 240
152 177
152 182
152 222
153 189
153 224
154 164
154 249
155 178
155 212
156 159
156 222
157 163
157 236
158 168
158 218
158 231
159 188
159 248
160 182
160 223
160 227
160 246
161 182
161 190
161 216
161 218
161 229
161 231
161 236
162 163
162 185
162 188
162 201
162 209
162 243
163 168
163 201
164 190
164 217
164 246
165 186
165 191
165 206
165 209
165 222
165 242
166 238
166 243
167 174
167 192
167 202
167 210
169 185
169 186
169 194
169 242
170 181
170 202
170 241
171 176
171 178
171 191
171 227
173 188
175 198
175 230
175 247
176 212
176 216
177 185
177 196
177 199
177 209
178 183
179 217
180 246
181 192
181 206
181 222
181 230
182 189
182 209
182 236
182 240
183 205
184 189
185 200
185 201
185 207
185 218
185 239
185 241
185 249
188 212
190 208
190 212
192 197
193 221
194 202
194 221
195 230
195 235
197 198
198 218
198 242
198 247
199 233
201 205
202 211
202 225
202 227
202 230
202 241
203 218
204 235
204 241
205 247
207 214
207 223
207 241
207 245
208 209
208 238
208 243
209 240
209 246
210 222
210 237
211 248
214 224
217 239
217 242
218 231
219 223
219 248
220 245
221 227
221 238
221 245
222 232
223 238
224 229
225 249
229 237
233 235
234 235
240 247
240 249
245 247
