0 18
0 19
0 40
0 53
0 66
0 69
0 108
0 130
0 168
0 177
0 185
0 198
0 219
1 43
1 69
1 80
1 82
1 118
1 127
1 131
1 138
1 140
1 158
1 225
1 236
1 239
2 7
2 18
2 56
2 64
2 86
2 103
2 108
2 115
2 136
2 150
2 179
2 193
2 218
2 221
2 237
2 244
2 249
3 72
3 102
3 138
3 184
3 185
3 196
3 208
3 209
3 249
4 7
4 12
4 78
4 96
4 150
4 187
4 191
4 216
5 12
5 40
5 60
5 77
5 81
5 110
5 149
5 162
5 188
5 214
5 231
5 233
5 234
6 28
6 62
6 94
6 121
6 137
6 156
6 161
6 182
6 221
7 31
7 73
7 76
7 107
7 114
7 163
7 172
7 176
7 189
7 195
7 205
7 222
7 238
7 240
7 249
8 23
8 106
8 138
8 160
8 189
8 220
8 228
8 242
9 48
9 67
9 68
9 77
9 140
9 145
9 162
9 164
9 169
9 171
9 186
9 187
9 244
10 11
10 68
10 70
10 85
10 86
10 88
10 98
10 109
10 122
10 153
10 163
10 196
10 220
11 25
11 28
11 96
11 104
11 129
11 145
11 150
11 164
11 168
11 175
11 190
11 203
11 210
11 217
11 233
11 242
12 20
12 35
12 49
12 60
12 82
12 102
12 112
12 117
12 118
12 125
12 161
12 202
12 204
12 222
12 228
12 238
13 45
13 61
13 64
13 90
13 120
13 131
13 132
13 159
13 161
13 162
13 171
13 181
13 215
13 228
13 243
14 15
14 39
14 67
14 74
14 85
14 112
14 113
14 159
14 170
14 175
14 187
14 199
14 232
14 235
14 243
15 17
15 42
15 63
15 64
15 73
15 82
15 87
15 92
15 102
15 108
15 117
15 140
15 156
15 157
15 169
15 247
16 50
16 81
16 85
16 89
16 108
16 118
16 145
16 156
16 191
16 201
16 209
16 217
17 18
17 57
17 63
17 82
17 103
17 109
17 119
17 162
17 166
17 220
17 227
17 228
17 237
18 32
18 47
18 58
18 63
18 82
18 88
18 91
18 93
18 117
18 120
18 137
18 157
18 182
18 183
18 186
18 195
18 210
18 216
18 230
18 248
19 60
19 81
19 86
19 89
19 103
19 119
19 175
19 190
19 192
19 193
19 204
19 213
19 217
19 227
19 248
20 90
20 118
20 137
20 141
20 179
20 192
20 206
20 214
20 235
20 238
21 41
21 56
21 70
21 85
21 92
21 132
21 138
21 142
21 145
21 154
21 184
21 198
21 202
22 23
22 35
22 40
22 77
22 82
22 83
22 84
22 86
22 114
22 117
22 214
22 227
22 228
22 229
23 52
23 56
23 74
23 136
23 146
23 149
23 180
23 181
23 214
23 233
23 248
24 51
24 64
24 76
24 82
24 87
24 90
24 97
24 99
24 112
24 124
24 160
24 193
24 195
24 200
24 201
24 207
24 212
24 234
25 47
25 73
25 90
25 105
25 146
25 165
25 181
25 186
25 188
25 199
25 229
25 231
25 237
26 33
26 67
26 76
26 141
26 145
26 188
26 198
26 209
26 227
26 238
27 44
27 49
27 61
27 73
27 82
27 115
27 118
27 161
27 174
27 217
27 240
28 40
28 116
28 117
28 118
28 171
28 173
28 181
28 215
28 240
29 36
29 42
29 56
29 59
29 78
29 93
29 106
29 107
29 113
29 132
29 167
29 222
29 231
29 233
29 244
30 53
30 58
30 68
30 116
30 117
30 140
30 162
30 193
30 195
30 212
30 216
30 243
30 244
31 38
31 39
31 51
31 75
31 152
31 161
31 168
31 184
31 192
31 200
31 214
32 33
32 35
32 56
32 70
32 71
32 74
32 103
32 120
32 127
32 142
32 174
32 179
32 185
32 232
32 235
32 241
32 249
33 56
33 63
33 64
33 73
33 106
33 125
33 169
33 180
33 203
33 221
34 36
34 40
34 49
34 75
34 76
34 104
34 106
34 124
34 146
34 153
34 196
35 40
35 53
35 67
35 81
35 82
35 96
35 102
35 109
35 132
35 144
35 202
35 213
35 245
36 45
36 46
36 67
36 86
36 90
36 95
36 150
36 154
36 164
36 184
37 79
37 86
37 134
37 157
37 195
37 226
37 229
37 236
37 239
38 39
38 61
38 71
38 82
38 102
38 124
38 125
38 170
38 211
38 232
38 236
38 237
38 238
39 71
39 85
39 89
39 103
39 118
39 148
39 171
39 211
39 216
40 41
40 42
40 49
40 53
40 78
40 113
40 120
40 121
40 154
40 178
40 179
40 188
40 242
41 47
41 55
41 92
41 97
41 132
41 141
41 144
41 149
41 156
41 173
41 179
41 193
41 208
41 228
41 231
42 45
42 52
42 72
42 73
42 137
42 144
42 157
42 158
42 180
42 185
42 191
42 205
42 213
42 217
42 218
43 50
43 53
43 78
43 87
43 95
43 113
43 133
43 134
43 138
43 146
43 151
43 167
43 176
43 180
43 181
43 187
43 192
43 219
43 223
44 53
44 79
44 91
44 95
44 108
44 109
44 138
44 145
44 175
44 198
44 217
44 231
44 249
45 46
45 82
45 86
45 95
45 96
45 112
45 131
45 136
45 137
45 152
45 168
45 182
45 195
45 207
45 215
45 217
45 246
46 47
46 87
46 97
46 104
46 111
46 128
46 142
46 156
46 173
46 190
46 198
46 200
46 202
47 67
47 88
47 103
47 118
47 119
47 137
47 157
47 193
47 204
47 213
47 230
47 248
48 74
48 79
48 94
48 96
48 97
48 126
48 132
48 140
48 155
48 168
48 179
48 192
48 198
48 215
48 231
48 232
49 57
49 64
49 77
49 87
49 132
49 197
49 216
49 218
50 67
50 90
50 94
50 99
50 102
50 108
50 113
50 114
50 127
50 134
50 164
50 165
50 170
50 177
50 207
50 230
50 247
51 52
51 87
51 129
51 146
51 168
51 176
51 182
51 197
51 228
51 235
52 106
52 135
52 153
52 178
52 189
52 224
52 246
53 55
53 96
53 118
53 123
53 126
53 137
53 140
53 143
53 144
53 155
53 169
53 182
53 184
53 234
53 235
54 56
54 63
54 74
54 117
54 147
54 152
54 179
54 188
54 197
54 198
54 218
54 221
54 226
54 235
55 66
55 89
55 107
55 151
55 152
55 157
55 196
55 241
55 243
55 246
55 247
56 68
56 69
56 71
56 72
56 145
56 154
56 177
56 202
56 205
56 217
56 240
57 66
57 68
57 96
57 120
57 127
57 128
57 140
57 143
57 158
57 160
57 166
57 184
57 211
57 243
58 69
58 73
58 98
58 104
58 107
58 111
58 114
58 136
58 138
58 146
58 147
58 154
58 158
58 166
58 184
58 220
58 228
59 63
59 80
59 90
59 115
59 125
59 131
59 146
59 164
59 175
59 201
59 245
60 63
60 92
60 93
60 102
60 105
60 107
60 131
60 175
60 202
61 63
61 73
61 77
61 87
61 121
61 126
61 129
61 130
61 165
61 168
61 175
61 180
61 181
61 185
61 201
61 213
61 223
61 227
61 239
61 247
62 67
62 83
62 104
62 130
62 132
62 169
62 180
62 184
62 201
62 203
62 214
62 227
62 237
63 67
63 73
63 85
63 87
63 102
63 103
63 141
63 144
63 164
63 191
63 218
63 232
63 247
64 66
64 70
64 90
64 106
64 118
64 136
64 138
64 142
64 173
64 189
64 195
64 197
64 203
65 102
65 124
65 128
65 180
65 191
65 205
65 206
65 222
65 230
65 232
65 248
66 77
66 85
66 113
66 115
66 120
66 125
66 135
66 182
66 200
66 221
66 224
66 243
67 86
67 92
67 115
67 117
67 128
67 179
67 230
67 247
68 77
68 82
68 95
68 98
68 104
68 125
68 142
68 157
68 196
69 73
69 76
69 127
69 166
69 203
69 225
69 228
69 242
70 74
70 92
70 96
70 123
70 136
70 145
70 172
70 188
70 203
71 113
71 166
71 193
71 213
71 248
72 73
72 102
72 136
72 140
72 162
72 175
72 194
72 220
72 223
72 229
72 233
72 234
72 237
72 238
72 245
73 98
73 102
73 147
73 148
73 157
73 173
73 187
73 199
73 201
73 215
74 118
74 124
74 128
74 175
74 181
74 200
74 230
74 235
75 85
75 101
75 134
75 139
75 141
75 176
75 229
76 77
76 82
76 134
76 155
76 184
76 202
76 213
76 242
76 249
77 79
77 81
77 82
77 89
77 91
77 99
77 105
77 143
77 168
78 83
78 96
78 145
78 151
78 156
78 159
78 202
78 204
78 249
79 94
79 117
79 119
79 137
79 153
79 166
79 207
79 239
80 96
81 120
81 125
81 130
81 134
81 166
81 184
81 195
81 219
81 233
82 99
82 116
82 132
82 157
82 160
82 173
82 235
82 248
83 84
83 106
83 124
83 136
83 176
83 182
84 113
84 133
84 141
84 166
84 182
84 191
84 207
84 208
84 238
84 248
85 101
85 106
85 141
85 142
85 143
85 151
85 164
85 205
85 213
85 222
85 228
85 248
86 99
86 112
86 113
86 144
86 151
86 158
86 181
86 190
86 193
86 211
86 219
86 234
86 244
87 94
87 99
87 102
87 114
87 139
87 150
87 161
87 176
87 220
88 122
88 136
88 159
88 209
88 219
88 234
88 236
88 247
89 95
89 99
89 103
89 110
89 117
89 121
89 152
89 191
89 207
89 218
90 105
90 114
90 131
90 138
90 144
90 180
90 215
90 236
91 97
91 115
91 177
91 186
91 231
91 236
91 245
92 115
92 130
92 145
92 149
92 167
92 218
92 229
92 236
92 237
92 244
93 96
93 116
93 118
93 156
93 167
93 169
93 192
94 95
94 131
94 154
94 160
94 161
94 190
94 191
94 225
95 108
95 137
95 145
95 171
95 218
95 239
95 246
96 114
96 129
96 154
96 158
96 159
96 193
96 195
96 197
96 199
96 209
97 144
97 213
98 109
98 116
98 119
98 123
98 149
98 175
98 193
98 227
99 120
99 124
99 212
100 109
100 115
100 127
100 128
100 146
100 149
100 171
100 192
100 193
100 225
100 235
100 238
101 117
101 126
101 179
101 188
101 201
101 210
101 220
101 246
102 123
102 142
102 143
102 156
102 159
102 178
102 182
102 192
102 194
102 216
102 224
102 236
103 118
103 155
103 198
103 201
103 212
104 109
104 115
104 121
104 132
104 175
104 181
104 193
104 213
105 106
105 109
105 132
105 133
105 138
105 154
105 161
105 177
105 189
105 200
105 213
105 218
106 136
106 163
106 171
106 180
106 188
106 227
107 119
107 151
107 162
107 177
107 202
107 218
107 219
107 228
107 229
108 127
108 132
108 140
108 202
108 205
108 207
108 236
109 115
109 122
109 162
109 164
109 166
109 203
109 214
109 224
110 115
110 124
110 126
110 149
110 161
110 200
110 201
110 225
110 230
111 151
111 160
111 166
111 175
111 193
111 227
112 165
112 168
112 175
112 176
112 178
112 185
112 186
112 193
112 224
112 242
112 243
112 246
113 152
113 164
113 193
113 205
114 146
114 168
114 170
114 178
114 197
114 239
115 124
115 154
115 167
115 186
115 189
115 194
115 219
115 240
115 246
116 118
116 159
116 163
116 167
116 171
116 179
116 210
116 215
116 240
116 242
117 142
117 145
117 185
117 237
118 128
118 146
118 161
118 192
118 208
118 220
118 225
118 234
118 245
119 128
119 151
119 198
119 224
119 241
120 182
120 193
121 122
121 159
121 165
121 199
121 203
121 218
121 228
121 244
121 246
122 146
122 153
122 179
122 209
122 235
122 240
122 247
123 151
123 167
123 195
123 235
124 141
124 173
124 184
124 202
124 213
124 221
124 231
124 237
124 240
124 243
125 181
125 199
125 200
125 205
125 206
125 223
125 229
126 148
126 178
126 180
126 191
126 203
126 209
126 219
127 152
127 153
127 218
127 223
128 139
128 141
128 158
128 181
128 220
128 226
128 231
128 238
128 244
128 249
129 132
129 140
129 160
129 173
129 186
129 233
129 234
130 163
130 170
130 171
130 195
130 202
130 210
130 216
130 230
131 181
131 189
131 227
131 233
131 239
132 139
132 194
132 202
132 208
132 245
133 150
134 144
134 149
134 217
134 228
134 244
134 249
135 149
135 151
135 203
135 214
136 142
136 167
136 200
136 213
136 226
136 229
136 235
137 138
137 148
137 169
137 174
137 175
137 200
137 205
137 207
137 235
138 191
138 198
138 239
138 245
139 144
139 158
139 162
139 173
139 190
139 195
139 213
139 222
139 227
140 184
140 223
140 227
140 245
140 247
141 142
141 149
141 191
141 232
142 156
142 169
142 174
142 226
142 231
142 233
142 237
142 244
143 156
143 173
143 178
143 198
143 204
143 229
144 151
144 155
144 186
144 191
145 235
145 244
146 156
146 163
146 185
146 245
146 248
147 154
147 163
147 167
147 174
147 187
147 189
147 209
147 222
147 239
148 237
148 238
148 240
149 161
149 163
149 181
149 194
149 226
149 249
150 155
150 191
150 196
150 201
151 189
151 217
152 167
152 180
152 208
152 214
152 218
152 227
152 245
153 156
153 161
153 190
153 209
153 211
153 242
153 247
154 158
154 167
154 204
154 227
154 241
155 158
155 172
155 187
155 199
155 249
156 167
156 188
156 205
156 208
156 227
157 203
157 212
158 178
158 188
158 215
158 228
159 163
159 192
159 210
159 221
159 237
159 238
159 249
160 174
160 176
160 201
160 214
160 217
160 221
160 233
160 246
160 248
161 179
161 185
161 192
162 203
162 212
162 225
162 248
163 164
163 165
163 203
163 219
163 237
163 249
164 186
164 190
164 226
164 229
164 244
164 246
164 249
165 216
166 207
167 190
167 238
168 178
168 216
168 235
169 179
169 181
169 187
169 219
170 182
170 185
170 189
170 235
171 200
171 201
171 203
171 230
171 237
172 193
173 176
174 197
174 208
174 215
174 248
175 179
175 212
175 235
175 239
176 196
176 225
176 231
176 239
177 181
177 182
177 235
177 242
178 185
178 207
178 223
179 186
179 193
179 201
179 220
180 191
180 192
180 194
180 198
180 205
180 220
180 221
181 182
181 217
181 249
182 185
182 199
182 225
182 241
183 189
183 206
183 219
183 237
183 248
184 203
184 233
185 189
185 201
185 249
186 193
186 224
186 241
186 242
186 245
187 200
187 210
187 225
188 212
188 221
188 233
189 197
189 200
189 229
190 195
190 210
190 222
190 241
190 245
191 194
191 206
191 235
192 202
192 221
192 229
193 201
193 205
193 206
193 237
194 201
194 224
194 248
195 198
195 217
196 205
196 211
196 214
196 218
196 221
196 233
197 216
198 203
198 208
198 210
198 211
198 241
199 241
200 211
200 215
200 229
201 203
201 212
201 243
202 212
203 226
203 235
203 240
203 246
204 205
205 217
206 220
206 226
206 231
207 226
207 231
208 221
208 243
208 247
209 223
209 233
210 238
210 245
210 249
211 231
211 233
211 248
211 249
213 218
213 248
214 222
214 242
215 244
215 246
216 217
216 226
216 230
216 247
217 221
217 237
217 247
218 222
218 249
219 222
219 237
220 227
220 231
220 237
221 223
221 244
223 229
223 233
224 226
225 247
227 238
227 246
228 230
229 242
230 237
231 238
232 241
233 234
236 241
237 246
237 247
237 248
238 244
240 248
241 246
