1 47
1 87
1 106
1 141
1 248
3 77
3 160
4 119
5 52
5 57
5 198
7 60
7 185
7 210
8 59
8 239
9 34
9 85
9 199
11 40
11 201
12 190
12 199
13 64
13 191
13 214
15 126
15 214
17 72
17 136
17 202
17 215
18 98
18 137
18 203
20 92
20 99
20 169
20 201
21 75
22 219
23 236
24 214
25 49
27 134
27 249
29 65
29 237
30 126
31 49
31 106
32 181
32 198
32 220
34 46
34 203
34 236
34 245
36 238
38 177
38 245
39 221
39 242
40 84
40 133
40 164
41 165
42 93
42 121
42 128
42 152
44 162
44 222
45 140
45 159
46 67
46 119
47 185
49 58
49 89
49 237
51 237
52 176
53 80
53 162
53 190
54 200
55 83
55 181
55 188
56 205
58 201
59 92
59 190
59 193
60 161
60 167
60 198
60 221
60 236
62 211
64 92
64 177
64 179
64 214
64 230
65 119
65 155
65 180
66 107
66 177
67 165
67 216
68 140
68 169
69 96
69 198
70 75
70 240
71 86
71 137
71 223
72 169
72 200
75 112
75 161
75 248
77 192
78 163
78 224
79 232
80 106
80 171
81 162
83 166
84 89
84 138
84 238
85 127
87 191
89 125
89 205
89 230
91 246
95 194
96 112
96 114
96 187
97 167
97 176
98 181
100 204
100 246
101 235
102 187
106 188
109 206
110 138
110 169
111 168
112 241
113 128
114 139
114 141
114 171
114 193
115 168
116 169
117 231
119 216
119 247
120 137
121 126
121 173
125 195
126 184
126 188
127 128
129 162
129 227
130 140
130 190
136 191
137 147
137 164
137 240
139 210
142 226
145 166
148 240
153 164
153 246
155 175
160 204
161 246
162 211
162 234
163 205
167 179
168 194
168 200
169 220
171 212
171 236
176 181
176 220
178 211
178 224
180 208
181 193
181 219
183 190
184 249
186 198
187 214
187 219
188 223
189 245
198 214
200 231
201 226
202 237
205 226
206 223
208 239
222 232
222 240
224 232
227 235
247 249
