0 20
0 29
0 60
0 81
0 97
0 112
0 125
0 128
0 143
0 156
0 158
0 170
0 175
0 176
0 177
0 189
0 226
0 245
1 28
1 51
1 57
1 60
1 72
1 91
1 122
1 126
1 129
1 135
1 152
1 154
1 242
2 9
2 43
2 91
2 103
2 117
2 161
2 189
2 224
3 6
3 24
3 39
3 52
3 68
3 73
3 77
3 81
3 103
3 111
3 113
3 177
3 228
3 231
3 240
4 32
4 50
4 53
4 56
4 58
4 68
4 72
4 95
4 109
4 146
4 157
4 159
4 181
4 188
4 193
4 197
4 209
4 218
4 219
4 221
4 228
4 231
4 236
5 40
5 89
5 95
5 104
5 108
5 110
5 134
5 140
5 151
5 161
5 191
5 207
5 222
5 241
6 7
6 17
6 42
6 43
6 49
6 55
6 57
6 66
6 80
6 134
6 166
6 174
6 221
6 233
6 236
7 16
7 35
7 48
7 49
7 55
7 85
7 91
7 118
7 121
7 122
7 126
7 132
7 133
7 136
7 172
7 185
7 209
7 218
7 235
7 236
8 17
8 56
8 73
8 74
8 76
8 81
8 85
8 147
8 160
8 177
8 189
8 213
8 219
8 229
8 231
8 240
9 10
9 22
9 45
9 56
9 79
9 80
9 101
9 117
9 118
9 131
9 137
9 141
9 191
9 195
9 198
9 201
9 214
9 221
10 40
10 61
10 67
10 83
10 88
10 111
10 131
10 132
10 142
10 145
10 148
10 153
10 157
10 175
10 187
10 189
10 194
10 195
10 205
10 218
10 219
10 222
10 232
11 16
11 18
11 63
11 65
11 67
11 95
11 98
11 104
11 127
11 194
11 204
11 205
11 237
12 39
12 59
12 63
12 64
12 65
12 103
12 118
12 134
12 138
12 140
12 147
12 148
12 169
12 195
12 234
13 14
13 61
13 83
13 90
13 152
13 176
13 177
13 178
13 192
13 209
13 232
13 236
14 57
14 59
14 91
14 129
14 133
14 135
14 163
14 165
14 241
15 18
15 23
15 38
15 48
15 57
15 72
15 74
15 76
15 85
15 95
15 128
15 139
15 142
15 143
15 150
15 152
15 179
15 183
15 213
15 214
15 219
15 225
15 245
16 57
16 64
16 77
16 84
16 107
16 109
16 114
16 125
16 141
16 199
16 218
16 225
17 18
17 67
17 72
17 88
17 110
17 117
17 144
17 156
17 164
17 187
17 192
17 201
17 217
17 241
17 243
17 248
18 34
18 53
18 67
18 135
18 141
18 149
18 157
18 185
18 189
18 210
18 212
18 218
19 64
19 69
19 71
19 112
19 148
19 155
19 217
19 230
19 245
20 37
20 50
20 51
20 63
20 64
20 80
20 106
20 110
20 117
20 176
20 185
20 189
20 220
20 222
20 245
21 22
21 27
21 31
21 36
21 42
21 51
21 67
21 82
21 95
21 103
21 108
21 121
21 122
21 123
21 124
21 125
21 143
21 175
21 190
21 191
21 199
21 209
21 212
21 219
21 245
21 247
22 36
22 67
22 94
22 116
22 160
22 166
22 170
22 171
22 176
22 183
22 198
22 225
22 232
22 243
23 31
23 37
23 52
23 53
23 107
23 121
23 127
23 128
23 184
23 191
23 201
23 243
23 244
23 249
24 39
24 43
24 64
24 89
24 90
24 92
24 96
24 130
24 134
24 138
24 142
24 162
24 176
24 187
24 203
24 224
24 234
24 235
24 237
25 56
25 60
25 77
25 99
25 109
25 148
25 152
25 225
25 244
26 44
26 53
26 71
26 106
26 116
26 135
26 146
26 152
26 162
26 164
26 169
26 173
26 184
26 216
26 226
26 247
27 34
27 35
27 60
27 61
27 94
27 95
27 98
27 102
27 106
27 160
27 175
27 189
27 222
27 224
28 32
28 107
28 120
28 121
28 133
28 141
28 149
28 158
28 168
28 201
28 202
28 204
28 205
28 215
28 225
28 233
29 35
29 43
29 47
29 79
29 83
29 102
29 110
29 112
29 134
29 141
29 150
29 176
29 182
29 186
29 189
29 196
29 198
29 225
29 241
30 55
30 75
30 86
30 88
30 90
30 98
30 113
30 121
30 135
30 137
30 165
30 197
30 214
30 230
30 240
31 32
31 57
31 71
31 91
31 96
31 108
31 116
31 176
31 204
32 33
32 43
32 57
32 59
32 64
32 78
32 82
32 107
32 120
32 122
32 173
32 185
32 187
32 195
32 236
32 248
33 38
33 69
33 77
33 86
33 95
33 99
33 105
33 113
33 119
33 130
33 157
33 171
33 173
33 244
34 52
34 69
34 74
34 79
34 94
34 103
34 139
34 141
34 170
34 177
34 180
34 187
34 197
34 225
34 239
34 243
34 245
34 248
35 38
35 48
35 54
35 61
35 74
35 84
35 148
35 150
35 193
35 200
35 203
35 235
35 246
36 51
36 57
36 76
36 80
36 117
36 124
36 125
36 130
36 177
36 184
36 205
36 206
36 210
36 219
37 64
37 79
37 85
37 96
37 105
37 145
37 155
37 156
37 197
37 221
37 233
38 73
38 132
38 153
38 177
38 179
38 181
38 200
38 238
38 243
38 247
39 52
39 55
39 58
39 64
39 79
39 85
39 98
39 125
39 136
39 153
39 164
39 211
39 233
39 243
40 49
40 52
40 62
40 67
40 69
40 79
40 90
40 113
40 168
40 218
40 220
40 224
41 56
41 95
41 106
41 108
41 122
41 138
41 139
41 148
41 156
41 157
41 207
41 215
41 226
41 230
41 243
41 246
41 249
42 86
42 87
42 94
42 95
42 97
42 100
42 112
42 123
42 150
42 154
42 176
42 192
42 217
42 227
42 243
43 45
43 51
43 83
43 90
43 108
43 112
43 118
43 140
43 157
43 166
43 193
43 196
43 198
43 207
43 219
43 237
43 241
44 65
44 105
44 108
44 113
44 114
44 150
44 152
44 160
44 173
44 202
44 215
44 219
44 228
44 243
44 246
45 86
45 96
45 107
45 108
45 127
45 154
45 156
45 159
45 168
45 169
45 186
45 224
45 234
46 81
46 98
46 108
46 109
46 119
46 122
46 129
46 183
46 233
46 236
47 53
47 92
47 104
47 155
47 159
47 198
47 200
47 204
47 215
47 235
48 58
48 83
48 87
48 89
48 91
48 92
48 97
48 149
48 156
48 161
48 164
48 186
48 213
48 217
48 236
48 248
49 58
49 82
49 86
49 99
49 152
49 161
49 180
49 188
49 204
49 206
49 210
49 211
49 227
49 238
49 239
49 246
50 68
50 102
50 111
50 121
50 122
50 149
50 157
50 189
50 198
50 213
50 246
51 52
51 56
51 93
51 101
51 102
51 113
51 121
51 153
51 164
51 170
51 181
51 211
51 212
51 213
51 233
52 69
52 90
52 97
52 116
52 117
52 150
52 171
52 172
52 175
52 179
52 193
52 195
52 208
52 211
52 213
53 58
53 62
53 73
53 78
53 86
53 120
53 132
53 150
53 176
53 182
53 183
53 204
54 62
54 81
54 83
54 90
54 93
54 105
54 114
54 117
54 136
54 160
54 194
54 198
54 211
54 238
54 240
54 242
55 65
55 80
55 91
55 98
55 134
55 157
55 193
55 195
55 196
55 202
55 219
55 223
55 230
55 235
55 248
56 57
56 94
56 102
56 111
56 120
56 141
56 154
56 171
56 188
56 190
56 201
56 215
56 226
56 228
56 239
57 68
57 91
57 110
57 130
57 142
57 158
57 177
57 178
57 189
57 213
57 216
57 217
57 226
57 233
57 238
58 59
58 64
58 70
58 76
58 88
58 139
58 174
58 207
59 64
59 66
59 96
59 108
59 118
59 166
59 221
59 227
59 233
59 236
59 238
59 246
60 93
60 132
60 149
60 153
60 172
60 226
60 227
61 62
61 101
61 102
61 103
61 121
61 126
61 144
61 148
61 149
61 176
61 180
61 183
61 187
61 211
61 214
61 231
61 233
61 243
62 70
62 88
62 91
62 93
62 101
62 110
62 128
62 143
62 181
62 189
62 201
62 225
62 229
63 81
63 108
63 114
63 123
63 147
63 149
63 158
63 164
63 200
63 224
64 123
64 181
64 182
64 188
64 205
64 210
64 215
64 226
64 240
65 71
65 80
65 85
65 104
65 128
65 145
65 152
65 160
65 223
65 239
65 244
66 67
66 70
66 75
66 84
66 99
66 102
66 108
66 118
66 126
66 128
66 129
66 160
66 184
66 187
66 199
66 201
66 202
66 211
66 223
66 232
66 235
66 240
67 112
67 116
67 139
67 141
67 149
67 186
67 198
67 210
67 215
67 222
67 223
67 233
68 77
68 78
68 80
68 130
68 144
68 156
68 189
68 199
68 215
68 234
68 238
69 78
69 113
69 168
69 205
69 209
69 217
70 75
70 146
70 194
70 198
70 219
70 224
70 226
70 234
70 245
71 95
71 112
71 136
71 137
71 149
71 158
71 160
71 178
71 195
71 215
72 73
72 86
72 101
72 112
72 150
72 178
72 222
72 226
72 239
73 74
73 88
73 96
73 136
73 141
73 171
74 98
74 112
74 113
74 124
74 139
74 153
74 155
74 165
74 176
74 186
74 194
74 196
74 205
74 212
74 218
74 235
75 82
75 85
75 114
75 116
75 130
75 148
75 159
75 169
75 179
75 182
75 200
75 204
75 229
75 234
75 243
75 244
76 93
76 106
76 112
76 130
76 132
76 158
76 168
76 169
76 219
76 221
76 227
76 247
77 86
77 115
77 135
77 148
77 159
77 200
77 208
77 230
78 104
78 107
78 145
78 161
78 162
78 192
78 193
78 196
78 201
78 211
78 229
78 231
78 235
78 236
78 238
79 99
79 119
79 121
79 131
79 167
79 178
79 183
79 211
80 88
80 117
80 124
80 129
80 158
80 161
80 185
80 211
80 235
80 241
81 117
81 149
81 168
81 187
81 198
81 212
81 225
81 231
82 98
82 120
82 123
82 132
82 137
82 187
82 204
82 208
82 212
82 221
83 85
83 87
83 91
83 93
83 98
83 105
83 110
83 111
83 114
83 130
83 151
83 198
83 204
83 207
83 215
83 228
83 231
83 233
83 240
84 100
84 150
84 207
84 210
84 231
84 235
84 247
85 134
85 211
85 219
85 234
86 108
86 126
86 142
86 146
86 148
86 180
86 184
86 189
86 214
86 216
86 233
86 238
86 241
87 94
87 136
87 148
87 162
87 183
87 193
87 201
87 203
87 209
87 213
87 245
88 106
88 125
88 126
88 141
88 160
88 171
88 182
88 194
88 214
88 223
88 235
89 97
89 113
89 115
89 143
89 150
89 157
89 165
89 184
89 196
89 220
89 221
90 93
90 108
90 153
90 157
90 194
90 201
90 204
90 208
90 212
90 228
90 245
90 248
91 94
91 111
91 116
91 147
91 187
91 197
91 202
91 208
91 226
91 228
92 98
92 101
92 113
92 120
92 135
92 144
92 163
92 179
92 202
92 218
93 114
93 140
93 143
93 144
93 158
93 178
93 190
93 200
94 130
94 139
94 200
94 208
94 219
94 232
95 119
95 150
95 218
96 97
96 114
96 128
96 141
96 150
96 155
96 172
96 175
96 208
96 211
96 247
97 113
97 134
97 138
97 140
97 151
97 170
97 173
97 185
97 208
97 249
98 109
98 131
98 134
98 174
98 176
98 190
98 192
98 197
98 198
98 219
98 235
99 126
99 140
99 143
99 146
99 174
99 181
99 184
99 214
99 228
99 237
99 239
100 109
100 149
100 163
100 205
100 208
100 214
100 223
100 224
100 248
101 109
101 129
101 132
101 164
101 184
101 186
101 201
101 210
101 223
102 104
102 116
102 161
102 162
102 176
102 196
102 223
102 226
103 123
103 130
103 157
103 159
103 181
103 222
103 248
104 167
104 174
104 178
104 179
104 185
104 196
104 199
104 215
105 108
105 118
105 126
105 131
105 144
105 148
105 155
105 173
105 187
105 193
105 207
105 219
105 234
105 241
105 249
106 107
106 116
106 127
106 154
106 188
106 225
106 228
106 242
106 243
107 137
107 139
107 147
107 196
107 213
107 224
107 243
107 249
108 125
108 131
108 200
108 209
108 229
108 238
108 244
108 246
109 112
109 115
109 135
109 140
109 151
109 166
109 169
110 124
110 125
110 130
110 170
110 171
110 182
110 184
110 194
110 218
110 221
110 224
111 117
111 122
111 147
111 151
111 167
111 217
111 218
111 235
112 133
112 173
112 176
112 202
112 217
112 223
112 238
113 138
113 163
113 172
113 176
113 188
113 190
113 199
113 201
113 246
114 124
114 127
114 130
114 144
114 147
114 198
114 234
114 249
115 137
115 139
115 159
115 172
115 178
115 180
115 182
115 184
115 216
115 238
116 121
116 124
116 132
116 165
116 198
116 206
116 213
116 219
116 222
116 226
116 239
116 244
117 126
117 181
117 220
117 234
118 132
118 166
118 194
118 224
118 227
118 236
119 125
119 133
119 134
119 139
119 184
119 192
119 213
120 126
120 129
120 167
120 179
120 186
120 188
120 193
120 232
120 236
121 127
121 190
121 200
121 222
121 223
121 226
121 229
122 127
122 141
122 142
122 153
122 177
122 196
122 201
122 205
122 228
122 232
123 135
123 143
123 168
123 175
123 185
123 191
123 196
123 223
123 229
124 179
124 182
124 209
124 219
124 223
124 229
124 239
125 142
125 194
125 215
125 221
125 229
125 246
125 248
126 141
126 145
126 175
126 181
126 202
126 226
127 128
127 148
127 155
127 157
127 163
127 182
127 190
127 220
127 221
127 227
127 238
127 244
128 167
128 204
128 248
128 249
129 131
129 144
129 153
129 157
129 173
129 189
129 190
129 192
129 206
129 219
129 228
129 242
130 148
130 168
130 180
130 190
130 192
130 193
130 207
130 228
130 243
131 143
131 156
131 179
131 216
131 239
132 133
132 155
132 163
132 165
132 172
132 199
132 213
132 218
132 220
132 221
132 234
132 246
133 158
133 188
133 214
133 215
133 222
133 248
134 158
134 165
134 173
134 177
134 182
134 191
134 213
134 222
134 226
134 233
134 242
135 144
135 146
135 169
136 145
136 156
136 173
136 201
136 207
136 246
137 138
137 203
138 149
138 156
138 163
138 210
138 219
138 221
139 143
139 144
139 149
139 158
139 174
139 175
139 187
139 216
139 235
139 242
139 243
140 145
140 171
140 174
140 179
140 190
140 221
140 240
141 163
141 166
141 181
141 186
141 199
141 203
141 207
141 249
142 156
142 170
142 201
142 235
142 238
142 243
143 159
143 171
143 186
143 194
143 205
143 221
144 145
144 150
144 217
144 233
144 239
144 245
145 149
145 154
145 158
145 197
145 202
145 212
145 225
145 235
145 237
146 170
146 175
146 198
146 200
146 237
146 241
147 152
147 226
147 230
147 239
148 162
148 179
148 180
148 183
148 212
148 243
149 167
149 172
149 198
149 209
149 229
149 236
149 248
150 195
150 214
150 220
150 229
151 162
151 176
151 184
151 194
151 195
151 204
151 212
151 224
151 241
151 243
152 160
152 165
152 202
152 203
152 210
152 225
152 233
153 162
153 164
153 171
153 194
153 212
153 218
153 234
153 240
153 242
153 247
154 157
154 183
154 194
154 196
154 200
154 229
154 232
154 234
154 237
155 157
155 161
155 165
155 186
155 188
155 196
155 202
155 219
155 249
156 170
156 184
156 206
156 210
156 220
156 244
157 231
157 247
158 162
158 218
158 228
159 170
159 218
159 235
159 243
159 248
160 171
160 177
160 182
160 192
160 195
160 211
160 226
161 174
161 222
161 230
162 165
162 187
162 197
162 201
162 234
162 246
163 170
163 200
163 222
164 187
164 202
164 214
165 196
165 205
165 217
165 226
165 227
165 241
165 245
166 183
166 190
166 197
166 201
166 241
167 171
167 190
167 192
167 228
167 229
167 239
167 242
168 175
168 179
168 182
168 207
168 223
168 237
168 242
169 170
169 171
169 184
169 192
169 199
169 216
169 220
170 184
170 227
170 244
171 185
171 205
171 224
171 238
171 241
171 246
172 176
172 206
172 229
172 233
172 234
172 235
172 236
172 239
172 246
173 179
173 193
173 226
173 227
173 229
173 245
174 186
174 189
174 214
174 219
174 231
174 232
175 198
175 210
175 216
175 236
176 213
176 216
176 221
176 229
176 235
176 246
176 249
177 190
177 217
177 234
177 248
178 187
178 190
179 186
179 196
179 211
179 236
180 181
180 184
180 195
180 204
180 208
180 216
180 220
180 223
180 245
180 246
181 184
181 227
181 235
181 247
182 189
182 204
182 212
182 213
182 215
182 232
183 185
183 195
183 205
183 213
183 215
183 227
183 230
183 240
184 187
184 193
184 199
184 236
185 221
185 234
185 239
186 188
186 213
186 215
186 224
186 247
187 206
187 218
187 239
187 245
187 248
188 189
188 206
188 208
188 227
188 230
188 245
189 207
189 214
189 226
189 243
189 245
190 210
190 237
190 240
191 204
191 224
191 237
191 247
192 198
192 204
192 240
192 243
192 244
193 205
193 220
193 227
194 197
194 201
194 202
194 209
194 215
194 227
194 240
195 202
195 205
195 212
195 235
196 218
196 223
196 234
196 245
197 236
198 211
198 221
198 233
198 241
199 226
200 210
201 203
201 210
202 234
203 206
203 214
204 241
205 232
205 245
207 213
207 237
208 230
208 238
208 242
208 245
209 243
210 242
211 212
211 228
212 247
213 230
213 242
213 249
215 236
215 238
215 249
216 246
217 247
218 221
220 221
220 223
220 227
221 228
221 242
222 241
223 225
223 234
223 243
223 246
225 232
225 237
226 227
226 239
227 248
228 244
229 238
229 241
230 233
230 248
231 242
231 249
232 246
232 248
234 247
235 248
237 242
237 243
240 247
242 244
245 246
