0 45
0 54
0 135
0 181
0 183
0 203
0 211
1 42
1 83
1 95
1 101
1 103
1 167
1 208
1 210
1 214
1 229
1 242
2 14
2 64
2 83
2 148
2 152
2 156
2 179
2 222
2 226
3 34
3 41
3 44
3 73
3 96
3 100
3 117
3 124
3 132
3 169
3 188
3 199
3 240
4 14
4 37
4 66
4 91
4 162
4 179
4 184
4 191
4 192
4 193
4 198
4 211
4 212
4 226
5 46
5 59
5 64
5 74
5 90
5 148
5 168
5 173
5 192
5 211
5 236
6 24
6 45
6 68
6 79
6 115
6 176
7 16
7 80
7 87
7 154
7 172
7 233
7 237
8 34
8 88
8 114
8 160
8 180
8 207
8 212
8 219
9 102
9 127
9 144
9 169
9 182
9 225
9 238
10 21
10 32
10 48
10 59
10 118
10 132
10 143
10 155
10 165
10 238
11 23
11 34
11 47
11 74
11 110
11 122
11 168
11 199
12 54
12 77
12 78
12 85
12 89
12 103
12 133
12 147
12 181
12 244
13 33
13 85
13 88
13 106
13 158
13 179
13 187
13 212
14 24
14 44
14 46
14 47
14 53
14 55
14 82
14 98
14 114
14 123
14 148
14 183
15 42
15 43
15 98
15 118
16 18
16 30
16 37
16 61
16 113
16 118
16 153
16 200
16 207
16 219
16 223
16 228
16 248
17 19
17 26
17 40
17 46
17 103
17 150
17 245
18 96
18 118
18 131
18 136
19 22
19 31
19 72
19 103
19 109
19 119
19 121
19 144
19 160
19 165
19 182
19 212
19 221
19 227
20 41
20 50
20 67
20 70
20 72
20 75
20 89
20 102
20 134
20 140
20 187
20 195
20 208
20 218
20 227
21 46
21 65
21 96
21 98
21 108
21 139
21 156
21 158
21 167
21 188
21 191
21 207
21 219
21 228
21 240
22 75
22 91
22 137
22 138
22 149
22 155
22 163
22 220
22 248
23 30
23 32
23 36
23 57
23 58
23 64
23 95
23 108
23 121
23 123
23 162
23 225
23 236
24 52
24 76
24 79
24 102
24 110
24 124
24 133
24 215
25 59
25 97
25 118
25 169
25 185
25 201
26 43
26 87
26 126
26 160
26 162
26 166
26 181
26 186
26 197
26 227
26 230
26 233
27 80
27 93
27 108
27 140
27 187
28 81
28 113
28 142
28 176
28 182
28 203
28 204
28 240
29 32
29 33
29 52
29 59
29 61
29 75
29 79
29 97
29 98
29 118
29 147
29 155
29 165
29 188
29 202
30 35
30 61
30 76
30 84
30 130
30 133
30 150
30 227
30 245
31 90
31 94
31 113
31 121
31 123
31 147
31 173
31 207
31 228
31 241
32 88
32 152
32 164
32 214
32 226
33 41
33 74
33 134
33 137
33 140
33 148
33 172
33 202
33 208
33 210
33 225
34 92
34 135
34 145
34 162
34 196
34 217
34 243
34 245
35 57
35 62
35 68
35 100
35 102
35 128
35 156
35 161
35 179
35 198
35 243
36 46
36 66
36 78
36 81
36 98
36 105
36 121
36 132
36 176
36 183
36 185
36 241
37 44
37 69
37 71
37 122
37 126
37 133
37 162
37 184
37 194
37 202
37 220
38 41
38 47
38 153
38 195
38 220
38 237
38 241
39 47
39 70
39 107
39 202
39 205
39 211
39 223
39 240
40 41
40 54
40 109
40 118
40 122
40 154
40 178
40 196
40 222
40 239
41 47
41 79
41 94
41 124
41 139
41 150
41 157
41 191
41 204
41 220
41 233
41 240
42 156
42 236
43 63
43 87
43 120
43 144
43 148
43 150
43 173
43 183
43 204
43 208
44 63
44 91
44 129
44 158
44 185
44 190
44 202
44 235
44 241
45 116
45 123
45 146
45 227
46 50
46 52
46 135
46 139
46 174
46 179
46 209
47 60
47 69
47 132
47 182
47 230
47 249
48 144
48 163
48 176
48 212
48 221
48 225
48 230
49 66
49 91
49 99
49 138
49 229
49 231
50 57
50 74
50 93
50 105
50 108
50 113
50 114
50 155
50 173
50 189
50 201
50 218
50 226
51 85
51 137
51 160
51 200
51 205
51 211
51 222
51 226
52 132
52 149
52 174
52 177
52 179
52 188
52 199
52 200
52 212
53 66
53 119
53 175
53 207
53 227
54 91
54 124
54 132
54 143
54 188
54 212
54 236
55 127
55 165
55 186
55 190
55 198
55 211
55 230
56 105
56 128
56 129
56 179
56 209
56 233
56 236
57 72
57 157
57 167
57 189
57 195
57 222
57 230
58 60
58 68
58 84
58 100
58 125
58 127
58 146
58 175
58 180
58 187
58 192
58 207
58 231
59 74
59 106
59 111
59 118
59 180
59 186
59 194
59 196
59 204
59 217
59 230
59 232
60 64
60 132
60 140
60 161
60 186
60 224
61 119
61 121
61 165
61 181
61 188
61 200
61 226
61 232
62 69
62 83
62 111
62 124
62 140
62 211
63 81
63 93
63 99
63 114
63 152
63 164
63 188
63 207
63 216
63 226
63 235
64 66
64 76
64 237
65 67
65 87
65 117
65 134
65 138
65 167
65 178
65 203
65 247
66 70
66 91
66 94
66 114
66 119
66 124
66 140
66 141
66 242
66 248
67 68
67 85
67 107
67 113
67 145
67 152
67 188
67 222
67 230
67 233
67 242
68 70
68 83
68 127
68 149
68 161
68 172
68 192
68 199
68 200
68 247
69 80
69 109
69 139
69 204
69 208
70 82
70 83
70 102
70 104
70 136
70 163
70 232
71 88
71 92
71 102
71 103
71 157
71 161
71 174
71 203
71 214
71 216
71 231
72 141
72 146
72 150
72 167
72 191
72 203
72 207
72 223
73 76
73 87
73 97
73 109
73 182
73 226
73 246
74 88
74 150
74 160
74 198
74 204
74 215
74 248
74 249
75 78
75 106
75 112
75 118
75 123
75 133
75 169
75 200
75 209
75 236
76 101
76 102
76 109
76 134
76 152
76 156
76 216
76 217
76 224
77 81
77 168
77 184
77 222
77 223
77 238
77 243
77 244
78 86
78 195
78 226
78 230
79 85
79 109
79 163
79 194
79 221
79 231
80 153
80 211
80 226
80 228
80 236
80 248
81 128
81 133
81 152
81 167
81 182
81 233
81 244
81 249
82 102
82 116
82 120
82 131
82 140
82 164
82 229
83 98
83 161
83 180
83 193
83 206
83 217
83 231
84 101
84 134
84 137
84 152
84 190
84 211
84 234
85 116
85 118
85 158
85 200
86 114
86 117
86 123
86 138
86 143
86 164
86 195
86 212
86 241
87 159
87 183
87 194
87 207
87 220
87 247
88 135
88 142
88 185
88 195
88 209
88 222
89 133
89 164
89 167
89 224
89 237
90 139
90 148
90 155
90 159
90 165
90 178
90 202
90 205
90 215
90 230
90 235
91 98
91 106
91 123
91 144
91 219
91 227
92 177
92 234
93 103
93 113
93 135
93 149
93 202
93 203
93 216
93 217
93 220
93 230
94 103
94 107
94 117
94 124
94 151
94 162
95 108
95 141
95 169
95 200
95 224
96 135
96 144
96 164
96 180
96 185
96 237
97 138
97 141
97 161
97 163
97 197
97 245
98 127
98 188
98 204
98 207
99 121
99 129
99 206
99 207
99 222
100 195
100 196
100 200
100 213
100 220
100 224
100 233
101 108
101 111
101 114
101 134
101 151
101 180
101 202
101 203
101 210
101 246
101 249
102 106
102 185
102 246
103 123
103 153
103 154
103 159
103 165
103 169
103 224
103 229
103 245
103 249
104 128
104 182
105 136
105 139
105 147
105 164
105 179
105 204
105 207
105 232
105 243
105 247
106 146
107 111
107 125
107 134
107 183
108 191
108 195
108 197
109 171
109 176
110 125
110 131
110 138
110 158
110 216
110 237
111 125
111 126
111 145
111 147
111 175
111 187
111 190
111 224
112 124
112 146
112 199
112 203
112 205
112 213
112 221
112 230
113 168
113 172
113 213
114 170
114 177
114 181
114 189
114 209
114 230
115 153
115 168
115 181
115 183
115 195
115 204
115 232
116 174
116 179
116 189
116 204
116 221
116 231
116 247
117 142
117 166
117 215
118 125
118 173
118 191
118 213
118 224
119 144
119 164
119 175
119 212
119 234
120 179
120 219
121 188
121 198
121 204
121 207
121 215
121 229
121 246
122 146
122 148
122 162
122 163
122 167
122 185
122 193
123 176
124 143
124 170
124 190
124 192
124 209
125 133
125 146
125 174
125 187
125 245
126 182
126 194
126 227
126 232
126 249
127 160
127 193
127 219
127 227
127 235
127 247
128 142
128 153
128 158
128 186
128 190
128 199
128 241
128 243
129 164
129 172
129 174
129 177
129 208
129 244
129 247
130 138
130 145
130 147
130 154
130 157
130 192
130 228
130 247
131 197
132 134
132 148
132 162
132 174
132 185
132 249
133 137
133 180
133 230
133 235
134 197
134 233
135 141
136 140
136 143
136 169
136 176
136 185
136 212
137 160
137 171
137 176
137 185
137 190
137 191
137 221
137 231
137 243
138 218
138 239
138 245
138 248
139 188
139 195
139 226
140 145
140 212
140 217
140 222
140 225
140 228
140 238
140 241
141 152
141 161
141 200
141 205
141 235
142 175
142 190
142 209
142 232
143 168
143 187
143 205
144 152
144 172
144 177
144 209
144 217
145 149
145 156
145 175
145 187
145 191
145 218
146 153
146 206
146 208
146 219
146 220
147 151
147 180
147 223
147 224
147 232
147 242
149 168
149 216
149 217
150 153
150 191
150 193
150 220
150 223
150 224
150 233
151 172
151 177
151 188
151 198
151 204
151 224
151 242
152 174
152 179
152 221
152 230
152 231
152 243
153 175
153 182
153 212
153 215
154 158
154 183
154 200
154 223
154 244
155 174
155 175
155 180
155 198
155 200
155 219
155 220
156 180
156 182
156 227
156 238
157 165
157 188
158 178
158 227
159 241
160 189
160 229
161 162
161 183
161 238
162 225
162 232
162 245
163 231
163 246
164 189
165 209
165 226
166 180
166 205
167 183
168 184
168 187
168 196
168 221
169 176
169 235
170 183
170 187
170 208
170 237
171 192
171 202
171 226
172 208
172 210
172 235
173 190
173 210
173 229
173 242
174 191
174 200
174 211
175 193
175 241
175 244
175 249
176 183
176 185
176 186
176 226
177 216
178 212
178 213
178 234
179 205
179 222
179 231
182 208
182 222
182 225
183 234
183 243
184 190
184 202
184 217
184 226
184 241
184 242
184 244
185 192
185 221
185 235
186 231
187 190
187 222
188 191
188 207
188 240
188 243
188 244
189 215
189 223
189 232
189 237
189 248
189 249
190 237
191 222
192 228
193 211
193 222
193 240
193 241
194 202
194 205
195 201
195 232
195 233
195 245
196 213
198 201
198 204
198 232
200 245
201 207
201 219
202 227
203 215
203 216
203 241
203 242
204 217
206 214
207 209
208 220
208 225
208 245
209 218
209 227
210 243
211 229
211 249
212 213
212 228
212 243
212 244
213 215
213 218
213 224
213 226
213 242
214 220
215 235
217 227
217 229
217 235
217 239
220 224
220 234
220 237
221 228
222 238
222 239
223 245
224 226
224 247
225 231
225 236
227 248
228 239
228 240
229 248
231 239
232 241
235 238
236 249
238 242
242 249
