0 6
0 11
0 20
0 35
0 42
0 67
0 74
0 77
0 97
0 104
0 105
0 129
0 154
0 160
1 11
1 13
1 17
1 36
1 48
1 87
1 93
1 96
1 108
1 116
1 119
1 135
1 136
1 176
1 200
2 36
2 67
2 71
2 84
2 87
2 95
2 110
2 119
2 128
2 132
2 150
2 155
2 167
2 198
2 210
2 226
2 248
3 21
3 28
3 60
3 61
3 110
3 121
3 125
3 134
3 152
3 190
3 192
3 197
3 203
4 32
4 39
4 45
4 73
4 91
4 139
4 158
4 200
4 224
4 231
4 233
4 235
4 240
5 18
5 43
5 46
5 71
5 86
5 130
5 201
5 212
5 218
5 240
5 241
5 245
5 248
6 27
6 28
6 29
6 45
6 50
6 64
6 92
6 98
6 111
6 127
6 130
6 141
6 176
6 188
6 213
6 240
7 24
7 46
7 51
7 117
7 122
7 130
7 169
7 199
7 212
7 246
8 10
8 38
8 53
8 72
8 95
8 126
8 141
8 167
8 168
8 185
8 225
8 230
8 238
8 241
8 243
8 245
9 10
9 33
9 43
9 63
9 71
9 89
9 91
9 105
9 116
9 123
9 152
9 155
9 158
9 165
9 178
9 191
9 195
9 214
9 243
9 246
10 20
10 31
10 49
10 68
10 82
10 90
10 92
10 99
10 101
10 107
10 117
10 188
10 198
10 218
10 232
10 247
10 249
11 12
11 28
11 31
11 39
11 50
11 54
11 122
11 131
11 150
11 152
11 161
11 174
11 184
11 197
11 201
11 221
11 236
12 24
12 35
12 66
12 67
12 106
12 107
12 111
12 123
12 187
12 192
12 193
12 203
12 204
12 210
12 223
12 249
13 23
13 26
13 47
13 51
13 55
13 71
13 89
13 100
13 114
13 119
13 146
13 154
13 155
13 168
13 179
13 224
13 229
14 25
14 47
14 68
14 85
14 88
14 111
14 113
14 148
14 159
14 172
14 178
14 193
14 204
14 205
14 208
14 248
14 249
15 42
15 53
15 72
15 91
15 132
15 157
15 180
15 183
15 185
15 187
15 193
15 211
15 216
15 222
15 225
15 226
15 234
15 243
16 31
16 61
16 64
16 121
16 147
16 151
16 185
16 188
16 204
16 207
16 214
16 239
16 243
17 77
17 96
17 138
17 162
17 165
17 187
17 189
17 199
17 203
17 208
17 219
17 237
17 240
17 241
17 242
18 22
18 42
18 55
18 68
18 81
18 89
18 92
18 105
18 115
18 145
18 151
18 161
18 167
18 179
18 193
18 211
18 216
18 217
18 232
18 239
18 242
19 35
19 37
19 83
19 92
19 108
19 132
19 144
19 237
20 84
20 98
20 124
20 133
20 167
20 188
20 208
20 221
20 223
21 28
21 32
21 63
21 72
21 109
21 123
21 134
21 138
21 159
21 161
21 170
21 174
21 206
21 209
21 226
21 246
22 39
22 55
22 65
22 67
22 74
22 87
22 101
22 103
22 117
22 199
22 201
22 237
23 39
23 50
23 113
23 148
23 169
23 176
23 177
23 185
23 210
23 216
23 244
24 27
24 34
24 35
24 49
24 72
24 83
24 89
24 94
24 108
24 117
24 127
24 155
24 165
24 205
24 214
24 215
24 218
24 231
24 242
25 28
25 38
25 60
25 62
25 71
25 102
25 113
25 117
25 121
25 128
25 132
25 166
25 168
25 226
25 240
26 30
26 48
26 81
26 94
26 98
26 106
26 110
26 116
26 118
26 121
26 159
26 160
26 190
26 227
26 238
27 42
27 56
27 84
27 96
27 121
27 129
27 184
27 196
28 37
28 38
28 46
28 67
28 104
28 117
28 164
28 184
28 193
28 206
28 214
28 226
28 229
29 87
29 103
29 112
29 114
29 121
29 145
29 174
29 206
29 233
30 49
30 53
30 54
30 61
30 65
30 70
30 92
30 114
30 157
30 160
30 162
30 175
30 229
30 233
30 241
30 249
31 37
31 100
31 103
31 116
31 125
31 129
31 132
31 133
31 136
31 158
31 160
31 167
31 175
32 42
32 61
32 74
32 85
32 131
32 142
32 143
32 144
32 159
32 163
32 166
32 174
32 178
32 189
32 228
32 230
32 232
32 244
33 43
33 56
33 71
33 78
33 97
33 106
33 185
34 56
34 57
34 124
34 135
34 148
34 156
34 191
34 242
34 245
35 107
35 130
35 180
35 186
35 196
35 217
35 242
36 70
36 75
36 96
36 104
36 108
36 131
36 162
36 172
36 185
36 187
36 199
36 208
36 212
36 221
36 226
36 228
36 240
37 38
37 52
37 68
37 69
37 107
37 116
37 136
37 149
37 152
37 154
37 202
37 227
37 229
37 245
38 42
38 44
38 57
38 62
38 67
38 91
38 105
38 109
38 112
38 122
38 136
38 141
38 201
38 229
39 85
39 90
39 115
39 131
39 134
39 137
39 171
39 191
39 198
39 201
39 206
39 208
39 229
39 234
39 235
39 245
40 41
40 49
40 54
40 66
40 72
40 87
40 94
40 106
40 115
40 143
40 149
40 166
40 212
41 50
41 75
41 113
41 120
41 171
41 172
41 186
41 188
41 205
41 212
41 215
41 240
42 70
42 75
42 77
42 78
42 86
42 126
42 161
42 163
42 169
42 208
43 50
43 57
43 129
43 142
43 164
43 187
43 193
43 220
44 47
44 49
44 83
44 88
44 102
44 169
44 188
44 234
44 248
45 47
45 63
45 107
45 151
45 179
45 193
45 195
45 208
45 224
45 228
45 249
46 47
46 48
46 100
46 113
46 115
46 128
46 130
46 146
46 159
46 183
46 192
46 193
46 201
46 207
46 211
46 215
46 216
46 229
47 59
47 100
47 128
47 139
47 153
47 173
47 186
47 197
47 227
47 246
48 54
48 62
48 112
48 149
48 153
48 154
48 155
48 169
48 213
48 214
48 246
49 69
49 70
49 71
49 73
49 77
49 81
49 92
49 113
50 82
50 85
50 89
50 116
50 151
50 166
50 183
50 198
50 225
50 226
50 237
51 72
51 80
51 118
51 139
51 161
51 191
51 195
51 197
51 207
51 216
51 227
51 235
51 242
52 53
52 105
52 149
52 153
52 162
52 193
52 210
52 212
52 229
53 59
53 62
53 76
53 81
53 91
53 109
53 116
53 124
53 158
53 209
54 74
54 93
54 111
54 118
54 122
54 128
54 135
54 144
54 153
54 201
54 211
54 249
55 61
55 97
55 117
55 126
55 137
55 148
55 187
56 87
56 89
56 98
56 107
56 108
56 146
56 154
56 174
56 178
56 188
56 230
57 84
57 85
57 98
57 119
57 122
57 124
57 134
57 139
57 195
57 199
57 201
58 63
58 64
58 101
58 107
58 108
58 121
58 122
58 164
58 176
58 196
58 223
58 225
58 236
58 246
59 69
59 71
59 72
59 90
59 104
59 139
59 145
59 151
59 157
59 171
59 196
59 212
59 224
59 243
60 63
60 81
60 116
60 124
60 134
60 147
60 149
60 153
60 157
60 168
60 183
60 193
60 209
60 237
61 86
61 94
61 111
61 112
61 121
61 133
61 149
61 163
61 192
61 198
61 199
62 95
62 124
62 143
62 154
62 178
62 205
62 233
62 238
62 249
63 106
63 113
63 134
63 135
63 153
63 197
63 204
63 219
63 232
64 65
64 71
64 78
64 89
64 98
64 128
64 156
64 166
64 200
64 205
64 227
65 112
65 135
65 170
65 180
65 207
65 220
65 242
65 245
66 71
66 76
66 78
66 98
66 100
66 103
66 118
66 128
66 140
66 145
66 157
66 159
66 203
66 234
67 101
67 109
67 161
67 226
67 247
68 82
68 203
68 227
68 239
69 79
69 88
69 118
69 126
69 134
69 139
69 149
69 158
69 192
69 208
69 210
69 230
69 233
69 243
70 94
70 130
70 177
70 184
70 186
70 197
70 209
70 218
70 248
71 75
71 100
71 119
71 146
71 158
71 238
71 242
71 249
72 95
72 106
72 120
72 130
72 143
72 144
72 148
72 168
72 170
72 198
72 234
72 243
73 79
73 126
73 168
73 182
73 205
73 228
74 95
74 109
74 114
74 154
74 177
74 188
74 214
75 113
75 115
75 120
75 121
75 160
75 165
75 171
75 172
75 178
75 215
75 228
75 233
75 234
75 235
75 237
76 95
76 115
76 117
76 132
76 136
76 146
76 170
76 230
77 82
77 106
77 110
77 129
77 147
77 156
77 164
77 180
77 190
77 196
77 198
77 200
78 83
78 92
78 97
78 102
78 122
78 124
78 160
78 200
78 209
78 214
78 239
79 90
79 105
79 110
79 119
79 128
79 132
79 142
79 143
79 151
79 157
79 163
79 180
79 181
79 195
79 224
80 96
80 142
80 147
80 164
80 212
80 232
81 105
81 114
81 158
81 164
81 176
81 182
81 191
81 192
81 201
81 204
81 215
81 232
82 83
82 128
82 139
82 143
82 196
82 213
82 235
82 248
83 119
83 184
83 195
83 203
83 210
83 216
83 237
84 87
84 101
84 115
84 152
84 178
84 204
84 226
84 233
84 238
85 118
85 175
85 188
85 199
85 203
85 206
86 104
86 123
86 133
86 134
86 136
86 137
86 146
86 151
87 97
87 117
87 121
87 149
87 151
87 161
87 179
87 193
87 239
88 89
88 93
88 113
88 121
88 155
88 161
88 181
88 185
88 212
89 106
89 110
89 116
89 137
89 166
89 171
89 186
89 190
90 149
90 163
90 206
90 240
90 244
90 246
90 248
90 249
91 93
91 127
91 128
91 138
91 147
91 156
91 204
91 210
92 132
92 136
92 159
92 175
92 179
92 187
92 196
92 197
92 225
92 232
93 94
93 104
93 144
93 154
93 179
93 181
93 206
93 236
94 160
94 174
94 175
94 182
94 197
94 214
94 232
94 233
94 246
95 112
95 160
95 179
95 206
95 207
95 220
95 245
95 249
96 136
96 140
96 147
96 148
96 155
96 162
96 172
96 190
96 211
96 227
96 231
96 240
97 104
97 133
97 134
97 158
97 166
97 170
97 175
97 185
97 210
97 219
98 101
98 132
98 136
98 145
98 160
98 179
98 209
98 225
98 239
98 244
99 111
99 119
99 120
99 135
99 167
99 185
99 201
100 108
100 115
100 134
100 189
100 204
100 228
100 232
101 150
101 172
101 178
101 193
101 218
101 222
101 246
102 108
102 111
102 116
102 143
102 148
102 182
102 191
102 209
102 211
102 219
102 227
102 243
103 123
103 146
103 149
103 181
103 183
103 184
103 185
103 194
104 139
104 178
104 219
104 225
105 197
105 221
106 122
106 123
106 126
106 149
106 159
106 172
106 189
106 214
106 219
106 220
106 237
107 112
107 151
107 157
107 171
107 207
107 229
107 233
108 156
108 165
108 181
108 224
108 233
109 172
109 190
109 199
109 230
109 234
109 237
109 246
110 157
110 158
110 166
110 205
110 207
110 239
110 244
111 159
111 179
111 184
111 206
111 208
111 247
112 162
112 178
112 192
112 201
112 211
113 127
113 128
113 138
113 142
113 170
113 191
113 209
113 222
113 224
113 248
113 249
114 174
114 199
114 221
115 126
115 127
115 162
115 163
115 166
115 194
115 222
115 230
115 241
116 117
116 148
116 163
116 167
116 178
116 187
116 193
116 194
116 209
116 227
116 249
117 120
117 161
117 181
117 232
118 119
118 132
118 177
118 179
118 184
118 212
118 228
118 230
118 241
118 248
119 155
119 187
119 193
119 213
119 223
119 230
120 127
120 131
120 138
120 169
120 171
120 181
120 232
120 238
121 125
121 170
121 196
121 225
121 240
122 130
122 200
122 216
122 217
122 227
122 233
122 239
122 241
123 143
123 169
123 192
123 194
123 213
123 230
123 238
123 249
124 143
124 180
124 239
124 243
125 129
125 158
125 182
125 216
125 223
125 240
126 131
126 137
126 169
126 199
126 213
127 147
127 178
127 235
128 149
128 167
128 185
128 229
128 242
129 147
129 150
129 157
129 185
129 193
129 200
129 216
129 225
130 131
130 161
130 163
130 185
130 194
130 197
130 201
130 202
130 211
131 142
131 146
131 160
131 161
131 170
131 172
131 185
131 243
132 183
132 197
132 210
132 226
132 241
133 172
133 182
133 207
133 211
133 221
133 232
133 247
134 172
134 205
134 218
134 247
135 162
135 173
135 174
135 178
135 209
135 225
135 227
135 243
136 163
136 173
136 206
136 220
136 232
136 239
137 144
137 151
137 152
137 154
137 162
137 173
138 167
138 179
138 190
138 205
138 232
139 144
139 227
139 231
140 167
140 168
140 173
140 189
140 203
140 239
140 249
141 169
141 174
141 192
141 196
142 150
142 185
142 242
143 146
143 150
143 163
143 187
143 212
143 236
143 238
143 249
144 146
144 194
144 223
145 181
145 241
146 158
146 188
146 190
146 203
146 209
146 234
146 249
147 157
147 208
147 220
148 183
148 198
148 202
148 203
149 157
149 163
149 165
149 169
149 173
149 190
149 213
149 220
149 240
149 243
150 165
150 170
150 176
150 188
150 197
151 164
151 172
151 198
151 208
151 221
152 153
152 164
152 176
152 181
152 198
152 221
152 236
152 239
152 242
152 247
152 249
153 184
153 218
153 219
153 230
153 234
153 243
154 177
154 178
154 203
154 223
154 234
155 204
155 211
155 239
155 243
156 157
156 197
157 161
157 191
157 203
157 212
157 237
157 246
158 162
158 164
158 170
158 175
158 224
158 233
158 238
158 242
159 181
159 185
159 203
159 209
159 234
159 247
159 248
160 170
160 173
160 176
160 180
160 195
160 200
160 205
160 211
160 240
161 166
161 180
161 223
162 174
162 197
162 206
162 230
162 231
163 193
163 223
163 246
164 185
164 186
164 218
164 234
164 240
164 248
165 209
165 214
165 222
166 171
166 184
166 206
167 168
167 183
167 193
167 214
168 177
168 210
168 226
168 236
168 237
168 249
169 171
169 205
169 220
169 246
170 244
170 247
171 184
171 190
171 224
172 185
172 217
172 238
172 241
173 180
173 205
173 226
173 240
174 179
174 188
174 199
174 203
174 208
174 248
175 193
176 189
176 208
176 218
177 207
177 217
177 223
177 224
178 181
178 184
178 205
178 208
178 214
178 239
179 212
179 216
179 222
179 224
179 225
179 243
179 249
180 200
180 201
180 234
181 230
181 240
181 245
181 246
182 184
182 207
182 225
182 239
182 241
183 192
183 224
183 243
184 196
184 205
184 213
185 190
185 206
185 209
185 235
185 236
186 194
186 205
186 208
186 214
186 225
187 193
187 196
187 198
187 207
187 236
187 237
187 241
188 242
189 194
189 201
189 206
189 208
190 221
190 237
190 246
191 220
191 236
191 249
192 221
192 226
192 237
192 243
193 199
193 200
193 231
193 235
193 244
194 221
194 227
194 249
195 199
195 209
195 230
195 232
195 246
197 221
198 207
198 222
198 248
199 203
199 214
199 239
200 221
200 231
200 237
201 220
201 238
201 239
201 245
202 219
203 229
204 220
204 236
204 240
205 215
205 216
205 218
206 207
206 230
206 233
206 238
207 227
208 229
208 235
209 220
209 227
209 240
210 238
212 227
212 228
212 231
212 235
213 224
213 234
214 215
214 216
214 244
214 249
215 218
216 219
218 228
218 232
218 242
219 228
220 224
221 236
221 238
221 240
223 224
223 226
223 245
225 246
225 247
226 231
226 248
231 237
233 247
234 241
235 236
238 243
239 242
239 245
240 241
240 247
246 249
