0 53
0 93
0 102
0 135
1 17
1 220
2 51
2 99
2 101
2 121
2 128
3 24
3 231
4 47
4 97
4 192
4 221
5 9
5 17
5 34
5 97
7 180
7 186
7 236
7 242
7 249
8 13
8 103
8 144
8 183
8 185
9 104
9 163
10 157
10 212
11 119
11 155
11 223
11 233
11 238
12 115
12 226
13 99
13 185
13 211
13 221
14 64
14 192
15 18
15 44
15 179
15 187
16 177
16 185
16 203
16 248
17 54
17 99
17 244
18 31
18 41
18 78
18 123
18 215
18 220
19 49
19 59
19 81
19 108
19 117
19 160
19 214
20 74
20 229
20 242
21 73
21 81
21 155
21 182
21 192
21 194
22 132
22 242
23 25
23 132
23 152
24 60
24 68
24 200
24 211
24 241
25 140
25 145
25 163
26 109
26 156
26 174
26 214
26 218
27 67
27 80
27 209
28 39
28 42
28 71
28 74
28 157
29 69
29 172
29 215
30 55
30 126
30 137
30 216
30 247
31 158
32 64
32 119
32 127
32 198
32 238
33 60
33 74
33 119
33 175
33 233
35 45
35 84
35 171
35 197
36 63
36 85
36 129
36 138
36 162
36 223
37 188
38 150
38 207
39 56
39 177
39 238
40 43
40 69
40 78
40 84
40 155
40 164
41 47
41 203
41 215
41 243
41 247
42 101
43 65
44 57
44 108
44 124
44 154
44 157
44 217
45 93
45 130
45 164
45 189
45 226
45 231
46 49
46 226
47 54
47 64
47 202
47 238
48 63
48 177
49 54
49 70
49 226
50 176
51 190
52 64
52 68
52 116
52 118
52 128
52 168
52 197
52 236
53 92
53 97
53 100
53 147
54 110
54 114
54 170
54 213
55 137
55 187
56 93
56 156
56 165
56 190
56 222
56 245
57 192
57 207
58 139
58 147
58 225
59 136
60 70
60 76
60 84
60 97
60 130
60 158
61 67
61 114
61 128
61 157
61 210
61 221
62 205
63 75
63 131
63 211
63 229
63 231
64 139
64 144
65 194
66 171
66 199
66 216
66 242
67 73
67 214
67 242
68 80
68 95
68 127
68 149
68 163
69 137
69 153
69 235
70 246
71 90
71 145
71 172
71 239
72 100
72 217
72 230
73 131
75 139
75 157
75 242
76 209
77 130
77 145
78 82
78 123
78 180
78 228
81 82
81 120
81 153
81 182
82 247
83 229
83 233
84 161
84 215
85 88
85 92
85 95
85 191
85 242
86 96
86 191
86 203
87 179
87 190
88 132
88 232
90 157
91 181
91 207
91 211
92 97
94 132
95 96
95 128
95 174
95 183
96 180
97 101
97 106
97 114
97 181
98 112
98 147
98 208
99 221
99 238
101 156
101 221
101 241
102 105
102 153
102 188
102 200
102 240
102 242
103 124
103 130
103 156
104 141
104 204
105 205
106 135
106 147
106 204
106 212
107 203
107 218
107 225
108 126
108 242
109 191
109 204
110 116
110 126
110 149
110 245
111 164
111 168
111 207
113 159
113 200
114 148
114 153
114 174
114 212
114 230
115 144
115 157
115 189
115 216
115 217
115 228
116 142
116 204
116 231
118 152
118 193
119 134
119 139
119 233
119 249
120 198
120 246
121 164
122 164
124 130
124 146
124 244
125 183
125 244
126 129
126 224
128 130
129 146
129 202
129 203
129 208
129 223
129 241
129 248
130 163
130 165
131 137
131 148
131 213
131 222
132 226
133 218
134 162
134 201
134 204
134 229
135 151
136 137
136 189
137 140
137 199
138 172
138 216
139 224
140 202
141 143
142 149
144 227
145 174
146 171
147 189
150 170
150 241
152 243
153 193
154 208
155 216
155 224
155 233
156 177
157 165
160 189
160 216
161 228
163 223
164 236
165 198
165 224
167 176
167 205
168 223
168 243
170 246
171 175
171 246
174 199
174 236
174 243
175 231
176 181
176 197
176 233
177 201
179 186
180 190
180 242
181 227
183 205
183 226
184 247
186 212
186 234
187 216
187 227
188 200
189 192
189 210
190 248
191 215
191 235
192 201
192 213
193 200
193 226
194 213
194 216
195 236
198 243
199 210
199 223
202 216
205 214
205 223
206 209
206 233
208 220
209 239
210 232
211 237
217 235
217 242
222 223
225 230
229 249
231 245
234 243
235 240
