0 12
0 20
0 131
1 45
1 68
2 68
2 102
2 137
2 158
2 207
3 24
3 164
3 196
4 130
4 165
4 211
5 57
8 110
8 125
11 187
12 115
12 131
13 50
13 72
13 116
13 209
14 80
14 186
15 207
16 244
18 204
18 244
18 249
20 131
21 100
22 119
24 167
24 203
25 42
25 85
25 249
28 138
30 213
31 80
31 202
33 84
34 152
35 135
35 196
36 82
36 112
36 183
37 59
37 180
38 91
38 177
41 225
43 68
43 75
43 165
44 183
44 187
44 194
44 220
45 94
46 47
47 195
47 245
48 141
49 50
49 191
50 234
51 80
51 166
52 166
53 206
53 213
54 91
55 104
55 213
57 148
58 135
59 146
60 105
60 249
62 95
62 144
62 210
64 193
64 234
65 75
65 122
65 187
65 203
66 105
66 229
68 96
68 124
68 183
71 142
71 173
71 215
71 217
72 83
72 110
72 202
72 226
74 81
75 225
76 104
76 244
77 135
78 209
79 80
80 100
81 137
81 159
81 171
82 188
83 112
84 126
84 189
85 106
85 124
85 181
86 104
86 183
86 185
86 195
87 119
87 132
87 185
87 232
88 211
89 124
89 145
90 158
90 215
90 226
91 151
91 197
92 126
92 136
94 240
95 168
95 181
95 230
96 106
96 138
96 194
96 203
97 180
97 230
99 194
100 160
100 182
100 197
100 240
102 132
102 171
105 140
105 214
107 115
107 205
108 200
108 239
110 243
112 191
114 146
116 138
116 249
117 119
119 137
119 188
119 209
119 231
121 199
123 190
123 236
125 155
126 144
127 213
130 243
131 152
131 166
131 234
132 144
132 187
133 137
135 243
136 214
137 188
138 228
140 170
140 214
141 169
141 205
141 229
141 231
145 188
148 228
149 165
152 172
157 235
158 241
160 202
161 209
164 208
164 236
167 199
170 175
170 188
171 249
174 205
174 214
175 223
177 225
179 229
181 244
182 221
182 243
186 228
193 204
194 199
194 218
195 197
197 231
199 207
200 219
202 223
204 222
204 230
209 240
212 231
216 244
219 241
219 243
223 235
235 241
240 247
