0 84
0 97
0 144
0 149
0 196
0 199
0 208
1 11
1 122
1 150
1 230
2 19
2 38
2 76
2 107
3 19
3 27
3 131
3 196
3 223
3 236
4 184
4 190
4 212
5 43
5 44
5 76
5 89
5 143
5 166
5 198
5 202
5 232
6 131
6 139
6 169
6 175
6 177
6 180
7 74
7 111
7 244
8 108
8 215
8 235
9 47
9 150
9 197
9 219
9 227
10 19
10 100
10 148
10 171
10 174
11 72
11 103
11 108
11 183
11 216
11 226
12 118
12 161
12 198
12 245
13 35
13 56
13 68
13 97
13 217
13 240
14 23
14 33
14 105
14 133
14 143
14 154
14 174
14 204
15 27
15 65
15 83
15 110
15 130
15 147
15 221
15 241
16 20
16 74
16 88
16 92
16 121
16 188
16 192
16 238
16 241
17 56
17 111
17 122
17 160
17 187
17 236
18 91
18 99
18 101
18 241
18 245
19 22
19 83
19 101
19 109
19 148
19 151
19 152
19 163
19 211
19 223
19 224
20 48
20 51
20 64
20 171
20 188
20 220
21 37
21 109
21 124
21 127
21 225
21 241
22 87
22 151
22 176
22 213
23 227
23 232
23 239
24 107
24 225
24 235
25 59
25 138
25 194
25 227
25 245
26 56
26 57
26 59
26 73
26 75
26 117
26 157
26 233
27 31
27 159
27 183
27 206
27 214
28 35
28 78
28 130
28 150
28 158
28 177
28 194
28 222
28 236
28 241
28 242
29 38
29 60
29 99
29 110
29 146
29 162
29 230
30 97
31 90
31 105
31 141
31 180
31 213
32 37
32 50
32 96
32 143
32 170
32 219
33 80
33 96
33 102
33 158
33 192
33 204
34 41
34 71
34 111
34 179
34 227
35 83
35 145
35 188
35 192
35 198
35 237
36 85
36 93
36 162
36 222
36 229
36 246
37 92
37 109
37 197
37 203
38 53
38 74
38 115
38 123
38 125
38 126
38 135
38 215
39 57
39 62
39 110
39 176
39 202
40 60
40 67
40 130
40 136
41 85
41 140
42 45
42 60
42 135
42 171
42 204
43 45
43 91
43 106
43 107
43 140
43 197
44 134
44 165
44 183
44 189
44 209
44 224
45 57
45 156
45 187
46 104
46 117
46 132
46 136
46 185
46 189
46 200
46 203
46 217
46 244
47 81
47 211
47 226
48 61
48 74
48 86
48 171
48 177
48 186
48 196
48 233
48 237
49 193
50 64
50 132
50 150
50 175
50 177
50 202
50 206
50 209
50 239
50 248
51 122
51 138
51 228
51 241
52 53
52 65
52 132
52 163
52 171
52 204
53 75
53 136
53 214
53 236
54 104
54 156
54 207
55 69
55 123
55 133
55 208
56 97
56 163
56 173
56 211
56 248
57 158
58 69
58 153
59 75
59 81
59 91
59 131
59 176
60 108
60 190
60 222
61 73
61 98
61 127
61 150
61 167
61 180
61 194
61 208
61 243
62 99
62 102
62 116
62 121
62 221
62 227
62 228
63 132
63 192
64 80
64 171
64 188
64 219
64 248
65 103
65 170
65 173
65 242
66 73
66 215
67 229
68 79
68 104
68 105
68 144
68 186
68 211
68 214
68 228
69 204
70 244
71 177
71 204
71 205
71 207
72 78
72 162
73 133
73 141
73 145
73 184
73 243
74 124
74 208
74 245
75 85
75 102
75 157
76 108
76 215
77 137
77 202
77 208
77 245
78 81
78 96
79 85
79 133
79 161
79 174
79 207
79 246
80 127
80 167
80 198
80 235
81 91
81 168
81 176
81 219
81 220
83 94
83 113
83 133
83 141
83 164
83 166
83 184
83 196
83 211
84 118
84 151
84 194
85 90
85 247
86 147
86 204
87 212
88 90
88 128
88 176
88 214
89 113
89 144
89 170
89 173
89 192
89 202
89 208
89 214
90 133
90 144
90 201
90 234
91 108
91 141
91 143
91 190
91 210
92 104
92 123
92 156
92 246
93 176
93 178
93 220
94 107
94 116
94 135
94 170
94 240
95 104
95 205
95 223
96 100
96 135
96 156
97 195
97 201
97 220
97 230
97 233
97 245
98 129
98 207
99 152
99 165
99 171
99 189
99 207
100 115
100 128
100 144
100 153
100 182
100 203
100 216
100 217
100 245
101 111
101 190
101 202
101 204
101 234
102 137
102 181
102 234
102 246
103 110
103 130
103 163
103 170
103 206
103 220
103 242
103 248
104 109
104 133
104 156
104 179
104 183
104 218
105 113
105 180
105 235
106 139
106 146
106 193
106 242
107 191
107 229
108 119
108 179
108 229
108 247
109 200
110 127
110 197
110 237
111 134
111 163
111 195
111 217
111 220
111 224
112 155
112 177
112 239
113 130
113 133
113 151
114 117
114 144
114 172
114 173
114 206
114 247
115 125
115 165
116 139
116 212
117 121
117 129
117 187
118 120
118 181
118 189
118 198
118 215
118 220
119 200
119 248
120 136
120 153
121 193
121 216
122 123
122 202
123 151
123 201
123 232
124 131
124 158
124 213
124 245
125 131
125 141
126 156
126 166
127 130
128 154
128 172
129 137
129 208
130 143
130 204
131 207
132 154
132 191
132 203
132 220
133 146
133 222
133 237
134 169
135 146
135 169
135 190
135 191
136 226
136 230
136 238
137 138
137 201
137 214
138 167
138 213
138 215
139 170
139 180
139 236
140 145
141 183
141 227
142 153
142 156
142 163
142 184
142 186
142 195
142 237
142 239
143 180
143 204
143 227
144 246
145 172
145 173
145 174
145 193
145 194
145 216
145 220
146 159
146 179
146 188
146 208
147 220
148 203
148 207
150 225
150 238
150 240
151 164
152 176
152 227
153 176
154 156
154 226
155 180
155 181
155 184
155 248
156 180
156 184
156 205
156 236
157 166
157 179
157 191
157 223
157 244
158 176
158 193
158 205
159 228
159 246
160 184
160 217
160 222
160 226
161 227
161 238
161 249
162 194
162 237
163 220
164 169
164 183
164 191
164 226
165 179
165 222
165 246
166 237
167 194
168 170
168 198
168 227
168 229
168 240
170 231
170 244
171 179
171 195
172 173
173 182
175 208
175 238
176 211
177 219
178 179
178 196
179 246
180 207
180 227
182 196
182 216
182 218
183 193
184 189
184 191
184 214
184 244
185 200
185 243
186 190
186 195
188 207
188 245
189 207
189 212
190 231
193 195
194 213
196 197
196 240
197 209
198 224
198 246
199 202
199 223
199 236
200 216
200 238
200 244
201 215
201 219
201 228
201 235
201 249
204 231
204 236
204 244
204 249
206 242
208 225
208 228
209 221
210 230
210 237
212 236
213 219
213 236
214 230
215 249
216 231
217 237
218 227
219 234
220 248
221 248
224 237
226 233
226 235
229 238
231 248
235 242
241 245
