0 2
0 20
0 26
0 36
0 55
0 57
0 71
0 80
0 98
0 107
0 111
0 124
0 128
0 131
0 144
0 184
0 186
0 192
0 197
0 203
0 209
0 213
0 216
0 227
0 233
0 246
1 6
1 11
1 52
1 58
1 63
1 91
1 103
1 105
1 108
1 144
1 154
1 180
1 182
1 187
1 214
1 222
1 229
1 240
2 16
2 42
2 56
2 73
2 92
2 93
2 95
2 96
2 103
2 152
2 170
2 185
2 189
2 202
2 217
2 230
2 232
2 246
3 19
3 46
3 50
3 53
3 60
3 69
3 74
3 79
3 91
3 107
3 123
3 139
3 152
3 172
3 214
3 215
3 222
3 226
3 236
4 5
4 11
4 24
4 28
4 38
4 49
4 58
4 59
4 64
4 71
4 72
4 74
4 100
4 109
4 111
4 163
4 174
4 186
4 188
4 190
4 194
4 195
4 200
4 206
4 245
4 248
5 13
5 25
5 30
5 40
5 60
5 61
5 81
5 89
5 93
5 97
5 103
5 109
5 129
5 130
5 153
5 154
5 179
5 185
5 195
5 240
5 248
6 15
6 17
6 36
6 40
6 45
6 69
6 86
6 87
6 116
6 117
6 121
6 124
6 133
6 148
6 184
6 185
6 186
6 188
6 205
6 216
6 221
6 236
6 238
7 8
7 18
7 22
7 25
7 30
7 42
7 62
7 63
7 91
7 93
7 101
7 132
7 142
7 146
7 147
7 148
7 160
7 162
7 174
7 176
7 190
7 191
7 192
7 209
7 215
7 229
7 247
8 16
8 35
8 42
8 45
8 108
8 109
8 125
8 139
8 147
8 151
8 152
8 160
8 167
8 182
8 186
8 194
8 205
8 225
8 236
9 11
9 32
9 46
9 47
9 82
9 100
9 109
9 111
9 113
9 134
9 151
9 176
9 177
9 178
9 199
9 211
9 218
9 227
9 235
10 15
10 31
10 41
10 52
10 55
10 68
10 91
10 92
10 93
10 105
10 139
10 146
10 148
10 150
10 160
10 190
10 215
10 222
10 242
11 18
11 32
11 37
11 39
11 50
11 67
11 75
11 81
11 88
11 137
11 148
11 154
11 199
11 206
11 227
11 249
12 16
12 41
12 43
12 55
12 70
12 76
12 78
12 82
12 84
12 100
12 107
12 111
12 123
12 125
12 138
12 144
12 166
12 167
12 188
12 191
12 204
12 205
13 17
13 20
13 25
13 43
13 44
13 52
13 62
13 68
13 87
13 93
13 94
13 96
13 127
13 128
13 145
14 15
14 33
14 41
14 51
14 59
14 75
14 76
14 79
14 131
14 136
14 139
14 140
14 141
14 148
14 154
14 161
14 165
14 172
14 180
14 182
14 189
14 202
14 217
14 221
14 230
14 232
14 235
14 236
15 21
15 24
15 30
15 32
15 55
15 59
15 74
15 88
15 97
15 106
15 115
15 128
15 130
15 141
15 163
15 170
15 191
15 217
16 42
16 54
16 58
16 64
16 80
16 82
16 90
16 97
16 108
16 112
16 113
16 119
16 127
16 145
16 150
16 169
16 224
16 233
16 243
16 245
17 31
17 35
17 37
17 39
17 49
17 50
17 57
17 72
17 75
17 77
17 78
17 81
17 96
17 98
17 108
17 145
17 147
17 164
17 185
17 195
17 198
17 223
17 225
17 249
18 28
18 30
18 40
18 41
18 49
18 62
18 77
18 94
18 112
18 123
18 127
18 136
18 141
18 148
18 156
18 173
18 174
18 175
18 179
18 186
18 187
18 190
18 198
18 214
18 218
18 227
18 241
18 246
19 24
19 27
19 40
19 44
19 48
19 49
19 65
19 74
19 92
19 106
19 110
19 128
19 134
19 140
19 144
19 161
19 168
19 212
19 233
20 21
20 24
20 26
20 52
20 63
20 64
20 88
20 89
20 110
20 116
20 130
20 143
20 176
20 187
20 199
20 201
20 226
21 28
21 30
21 33
21 62
21 97
21 113
21 121
21 127
21 134
21 140
21 142
21 147
21 163
21 177
22 31
22 38
22 40
22 63
22 85
22 96
22 97
22 102
22 109
22 126
22 133
22 147
22 150
22 152
22 164
22 167
22 185
22 187
22 205
22 221
22 227
22 235
22 245
22 246
23 57
23 58
23 80
23 84
23 93
23 113
23 117
23 119
23 127
23 140
23 146
23 157
23 176
23 213
23 229
24 62
24 73
24 90
24 102
24 115
24 117
24 130
24 144
24 153
24 156
24 167
24 178
24 183
24 213
24 239
24 244
25 35
25 42
25 47
25 49
25 85
25 117
25 120
25 123
25 128
25 144
25 151
25 155
25 160
25 164
25 169
25 180
25 181
25 203
25 227
25 229
25 244
26 47
26 51
26 54
26 70
26 74
26 84
26 103
26 121
26 125
26 128
26 129
26 133
26 153
26 160
26 164
26 167
26 169
26 180
26 194
26 209
26 210
26 214
26 216
26 245
27 44
27 75
27 98
27 124
27 127
27 131
27 152
27 161
27 171
27 179
27 191
27 199
27 207
27 210
27 213
27 221
27 249
28 29
28 34
28 62
28 79
28 81
28 94
28 110
28 118
28 123
28 126
28 138
28 154
28 193
28 201
28 223
28 234
28 239
29 47
29 108
29 130
29 146
29 158
29 161
29 191
29 213
30 44
30 60
30 65
30 69
30 75
30 77
30 80
30 109
30 111
30 134
30 135
30 142
30 163
30 196
30 208
30 216
30 225
31 44
31 63
31 66
31 83
31 90
31 101
31 119
31 120
31 143
31 145
31 159
31 169
31 170
31 210
31 211
31 212
32 34
32 40
32 41
32 42
32 47
32 49
32 51
32 77
32 92
32 94
32 131
32 146
32 155
32 163
32 173
32 181
32 194
32 195
32 198
32 209
32 210
32 223
32 239
33 37
33 51
33 56
33 58
33 68
33 69
33 79
33 82
33 90
33 109
33 123
33 127
33 166
33 190
33 205
33 216
33 221
33 236
33 241
34 51
34 62
34 77
34 81
34 114
34 120
34 122
34 136
34 140
34 141
34 150
34 153
34 161
34 175
34 181
34 188
34 197
34 213
34 221
34 225
34 243
35 58
35 85
35 93
35 97
35 100
35 105
35 133
35 136
35 178
35 196
35 200
35 235
36 42
36 47
36 50
36 57
36 62
36 81
36 96
36 152
36 162
36 197
36 201
36 203
36 217
36 225
36 245
37 55
37 84
37 105
37 109
37 129
37 142
37 155
37 165
37 170
37 176
37 177
37 191
37 202
37 215
37 230
37 239
37 246
37 247
38 44
38 47
38 50
38 89
38 98
38 99
38 107
38 109
38 131
38 150
38 151
38 156
38 171
38 172
38 201
38 205
38 213
38 219
38 222
38 236
38 244
38 249
39 46
39 63
39 67
39 69
39 72
39 90
39 116
39 139
39 157
39 165
39 176
39 180
39 181
39 190
39 217
39 223
39 237
39 239
39 246
40 53
40 64
40 94
40 101
40 117
40 120
40 135
40 137
40 151
40 154
40 197
40 199
40 208
40 211
40 218
40 225
40 236
40 237
40 241
41 43
41 45
41 53
41 57
41 89
41 107
41 118
41 125
41 131
41 136
41 146
41 174
41 178
41 227
42 52
42 67
42 70
42 79
42 86
42 90
42 91
42 98
42 135
42 181
42 192
42 218
42 230
43 44
43 54
43 68
43 71
43 81
43 83
43 94
43 102
43 105
43 117
43 126
43 143
43 147
43 148
43 151
43 168
43 189
43 190
43 195
43 208
43 219
43 245
44 47
44 80
44 84
44 105
44 126
44 148
44 154
44 159
44 167
44 179
44 192
44 210
44 237
44 241
44 246
45 48
45 56
45 61
45 68
45 71
45 74
45 94
45 107
45 109
45 118
45 145
45 155
45 160
45 168
45 173
45 174
45 193
45 205
45 213
45 235
45 240
45 244
46 60
46 73
46 79
46 81
46 82
46 89
46 110
46 113
46 125
46 154
46 194
46 205
46 213
46 225
46 226
46 236
46 244
47 64
47 70
47 79
47 100
47 106
47 153
47 179
47 180
47 185
47 208
47 217
47 235
47 237
47 238
48 64
48 71
48 81
48 84
48 98
48 113
48 116
48 121
48 122
48 128
48 131
48 133
48 142
48 159
48 160
48 168
48 171
48 185
48 210
48 228
48 230
48 233
49 75
49 89
49 91
49 102
49 113
49 118
49 125
49 127
49 132
49 136
49 147
49 149
49 175
49 184
49 189
49 199
49 213
49 233
49 240
49 246
50 58
50 67
50 80
50 85
50 88
50 93
50 94
50 97
50 117
50 125
50 136
50 150
50 170
50 195
50 204
50 208
50 244
51 61
51 82
51 86
51 87
51 102
51 104
51 125
51 138
51 160
51 180
51 181
51 189
51 209
51 211
51 242
51 248
52 57
52 58
52 67
52 78
52 84
52 101
52 103
52 111
52 117
52 120
52 157
52 159
52 173
52 185
52 210
52 229
52 239
52 244
53 80
53 88
53 101
53 115
53 117
53 123
53 124
53 127
53 155
53 158
53 164
53 179
53 204
53 207
54 62
54 65
54 67
54 111
54 124
54 130
54 144
54 155
54 164
54 171
54 185
54 206
54 215
54 242
55 63
55 91
55 107
55 109
55 122
55 123
55 124
55 145
55 193
55 200
55 201
55 204
55 209
56 58
56 67
56 70
56 78
56 81
56 93
56 112
56 126
56 138
56 143
56 145
56 155
56 170
56 171
56 172
56 175
56 221
57 64
57 78
57 80
57 82
57 88
57 100
57 109
57 116
57 128
57 134
57 163
57 171
57 178
57 199
57 247
58 62
58 83
58 86
58 88
58 94
58 99
58 116
58 125
58 144
58 152
58 169
58 184
58 200
58 204
58 220
58 222
58 235
58 246
59 69
59 76
59 99
59 130
59 140
59 146
59 156
59 175
59 193
59 206
59 222
59 237
59 238
59 248
60 62
60 81
60 90
60 101
60 110
60 111
60 112
60 116
60 135
60 139
60 148
60 150
60 152
60 156
60 189
60 200
60 208
60 221
60 227
60 235
60 237
60 243
61 67
61 85
61 100
61 127
61 144
61 184
61 191
61 192
61 199
61 223
61 232
61 233
61 245
61 246
62 72
62 89
62 93
62 95
62 105
62 124
62 144
62 160
62 161
62 163
62 170
62 216
62 224
62 230
62 244
63 75
63 92
63 95
63 97
63 98
63 112
63 119
63 122
63 131
63 141
63 169
63 179
63 189
63 190
63 207
63 209
63 215
63 216
63 228
63 236
64 78
64 85
64 100
64 126
64 142
64 145
64 148
64 160
64 178
64 197
64 245
65 95
65 104
65 107
65 121
65 129
65 139
65 164
65 170
65 175
65 185
65 193
65 205
65 207
65 209
65 236
65 248
66 74
66 95
66 97
66 111
66 114
66 121
66 128
66 136
66 142
66 162
66 170
66 171
66 180
66 190
66 192
66 209
66 219
66 221
66 240
66 246
67 76
67 127
67 149
67 152
67 157
67 163
67 165
67 169
67 177
67 185
67 204
67 220
67 228
68 70
68 88
68 108
68 115
68 120
68 133
68 143
68 150
68 168
68 202
68 221
68 225
68 227
68 231
68 235
68 242
68 244
68 247
69 117
69 121
69 126
69 131
69 154
69 168
69 179
69 211
69 214
69 220
69 228
69 230
70 79
70 92
70 98
70 120
70 131
70 173
70 194
70 200
70 208
70 238
70 246
71 74
71 78
71 86
71 94
71 115
71 141
71 154
71 162
71 180
71 201
71 205
71 221
71 228
71 232
71 234
72 83
72 86
72 96
72 103
72 112
72 117
72 143
72 168
72 180
72 181
72 194
72 195
72 209
72 214
72 216
73 77
73 82
73 85
73 105
73 117
73 122
73 131
73 159
73 166
73 174
73 180
73 181
73 184
73 192
73 194
73 214
73 244
73 246
73 247
74 78
74 85
74 86
74 92
74 93
74 115
74 120
74 127
74 128
74 136
74 147
74 150
74 175
74 185
74 186
74 210
74 212
74 232
75 82
75 86
75 91
75 115
75 129
75 131
75 146
75 154
75 165
75 171
75 190
75 201
75 203
75 216
75 221
75 226
75 234
76 84
76 90
76 91
76 93
76 103
76 114
76 134
76 139
76 144
76 161
76 165
76 166
76 205
76 212
76 222
76 225
76 230
76 233
76 239
76 248
76 249
77 99
77 122
77 125
77 151
77 179
77 192
77 193
77 195
77 197
77 207
77 222
77 240
77 247
78 93
78 96
78 97
78 98
78 105
78 126
78 131
78 137
78 145
78 170
78 190
78 191
78 192
78 206
78 210
78 217
79 88
79 91
79 111
79 127
79 139
79 140
79 156
79 174
79 185
79 200
79 201
79 236
79 238
79 242
79 243
80 91
80 98
80 130
80 140
80 141
80 181
80 190
80 198
80 229
81 86
81 98
81 101
81 102
81 104
81 110
81 115
81 120
81 144
81 158
81 160
81 167
81 168
81 183
81 206
81 209
81 210
81 218
81 221
81 249
82 96
82 97
82 113
82 118
82 145
82 158
82 167
82 174
82 186
82 196
82 198
82 213
82 219
82 222
82 223
82 228
82 245
83 88
83 90
83 94
83 106
83 107
83 115
83 133
83 140
83 149
83 158
83 159
83 165
83 186
83 189
83 191
83 220
83 231
83 244
84 107
84 112
84 116
84 129
84 146
84 155
84 158
84 182
84 184
84 185
84 192
84 195
84 209
84 216
84 228
84 244
84 249
85 86
85 101
85 103
85 108
85 112
85 168
85 176
85 185
85 190
85 199
85 200
85 230
85 241
86 96
86 102
86 104
86 125
86 126
86 149
86 156
86 167
86 181
86 194
86 209
86 211
86 238
87 103
87 128
87 129
87 146
87 159
87 172
87 175
87 184
87 216
87 245
87 246
88 89
88 121
88 145
88 166
88 171
88 181
88 183
88 190
88 193
88 196
88 206
88 207
88 212
88 213
88 231
89 104
89 106
89 113
89 121
89 129
89 131
89 136
89 147
89 180
89 224
89 229
89 234
89 249
90 91
90 92
90 94
90 158
90 169
90 172
90 179
90 189
90 196
90 199
90 208
90 219
90 240
91 96
91 104
91 105
91 116
91 140
91 153
91 157
91 159
91 166
91 180
91 200
91 220
91 221
91 228
91 231
92 113
92 126
92 149
92 150
92 151
92 158
92 171
92 175
92 200
92 210
92 239
92 245
93 98
93 107
93 125
93 133
93 136
93 161
93 172
93 183
93 189
93 192
93 198
93 204
93 217
94 97
94 104
94 112
94 125
94 129
94 132
94 147
94 149
94 175
94 194
94 199
94 202
94 213
94 235
95 112
95 144
95 162
95 207
95 211
95 241
95 245
96 103
96 106
96 118
96 141
96 143
96 168
96 169
96 174
96 175
96 202
96 220
96 232
96 238
96 248
97 105
97 109
97 111
97 117
97 120
97 128
97 134
97 144
97 155
97 157
97 171
97 194
97 198
97 201
97 207
97 217
97 219
98 99
98 101
98 109
98 113
98 116
98 124
98 127
98 134
98 157
98 160
98 178
98 195
98 204
98 210
98 223
98 234
98 238
98 240
99 106
99 114
99 145
99 149
99 159
99 163
99 178
99 188
99 212
99 218
99 227
99 249
100 101
100 123
100 125
100 129
100 147
100 150
100 151
100 161
100 165
100 171
100 181
100 203
100 209
100 218
100 220
100 228
101 106
101 109
101 124
101 140
101 142
101 144
101 152
101 160
101 169
101 183
101 192
101 194
101 203
101 232
102 110
102 121
102 131
102 159
102 170
102 183
102 219
102 221
102 238
102 242
102 246
103 104
103 106
103 115
103 118
103 145
103 153
103 161
103 176
103 185
103 187
103 192
103 197
103 201
103 207
103 223
103 231
103 246
104 112
104 160
104 165
104 187
104 202
104 205
104 206
104 210
104 211
104 230
105 108
105 117
105 131
105 144
105 166
105 180
105 190
105 195
105 196
105 197
105 203
105 208
105 212
105 227
106 112
106 113
106 124
106 130
106 143
106 157
106 158
106 160
106 165
106 182
106 198
106 201
106 205
106 211
106 226
106 233
106 240
106 241
107 129
107 136
107 142
107 149
107 152
107 166
107 176
107 203
107 209
107 220
107 223
107 234
107 237
107 240
107 248
108 110
108 121
108 129
108 147
108 224
108 232
108 236
109 119
109 168
109 175
109 177
109 193
109 196
109 222
109 229
109 230
109 245
110 114
110 151
110 154
110 160
110 173
110 194
110 204
110 209
110 214
110 230
111 113
111 118
111 138
111 142
111 143
111 157
111 159
111 161
111 164
111 175
111 180
111 186
112 118
112 132
112 144
112 146
112 148
112 166
112 169
112 196
112 201
112 245
113 122
113 132
113 143
113 146
113 149
113 154
113 164
113 173
113 192
113 195
113 197
113 206
113 207
113 219
113 223
114 115
114 155
114 159
114 171
114 172
114 199
114 205
114 208
114 213
114 220
114 221
114 230
114 235
114 246
115 120
115 140
115 142
115 146
115 147
115 165
115 173
115 178
115 184
115 190
115 191
115 192
115 208
115 210
115 235
115 247
116 119
116 131
116 135
116 169
116 174
116 183
116 185
116 186
116 188
116 197
116 200
116 226
117 121
117 131
117 151
117 155
117 164
117 196
117 199
117 226
117 234
117 238
117 240
118 120
118 127
118 133
118 158
118 165
118 179
118 192
118 196
118 200
118 209
118 215
118 219
118 237
119 121
119 124
119 156
119 174
119 185
119 189
119 207
119 210
119 237
119 241
120 142
120 149
120 174
120 176
120 199
120 201
120 216
120 224
120 237
120 239
120 243
120 247
121 123
121 148
121 189
121 192
121 200
121 215
121 245
121 247
122 130
122 133
122 152
122 153
122 179
122 186
122 194
122 195
122 206
122 207
122 219
122 223
122 231
122 244
123 126
123 151
123 175
123 190
123 220
124 149
124 206
124 217
124 242
124 245
125 135
125 141
125 143
125 145
125 155
125 165
125 173
125 191
125 213
125 249
126 128
126 130
126 131
126 132
126 141
126 158
126 167
126 181
126 194
126 197
126 220
126 235
127 160
127 186
127 188
127 205
127 211
127 217
127 220
127 227
127 232
127 244
128 133
128 138
128 144
128 149
128 152
128 154
128 165
128 170
128 172
128 173
128 199
128 200
128 220
128 221
128 230
128 235
129 133
129 146
129 155
129 191
129 206
129 216
129 232
130 134
130 143
130 147
130 157
130 159
130 165
130 166
130 170
130 172
130 188
130 195
130 200
130 235
130 244
130 248
131 140
131 143
131 168
131 174
131 188
131 192
131 211
131 220
131 221
131 223
132 141
132 146
132 174
132 180
132 195
132 219
133 143
133 158
133 183
133 194
133 209
133 245
134 146
134 175
134 185
134 194
134 208
134 213
134 229
134 232
134 249
135 173
135 185
135 214
135 222
135 223
135 231
135 244
136 144
136 150
136 154
136 156
136 158
136 164
136 190
136 207
136 210
136 216
136 224
136 237
137 138
137 144
137 146
137 150
137 174
137 199
137 211
137 218
137 222
137 224
137 227
137 242
137 244
137 246
138 212
138 237
138 242
138 245
138 248
139 193
139 203
139 230
139 235
140 146
140 151
140 176
140 182
140 194
140 196
140 202
140 203
140 219
140 234
140 235
140 246
141 160
141 172
141 185
141 192
141 221
142 156
142 157
142 163
142 181
142 186
142 245
143 144
143 164
143 172
143 174
143 175
143 193
144 167
144 168
144 172
144 198
144 199
144 200
144 208
144 209
144 213
144 221
144 224
144 236
144 244
144 247
145 159
145 161
145 163
145 167
145 175
145 177
145 198
145 203
145 205
145 207
145 208
145 213
145 214
145 222
146 159
146 184
146 206
146 211
146 215
146 239
147 150
147 158
147 160
147 175
147 186
147 219
147 231
147 236
148 156
148 160
148 166
148 182
148 185
148 208
148 227
149 170
149 173
149 177
149 179
149 211
149 232
149 238
150 179
150 193
150 202
150 205
150 206
150 227
150 233
150 238
150 242
150 245
151 188
151 206
151 209
151 234
151 243
152 161
152 177
152 183
152 192
152 215
153 190
153 218
153 221
154 166
154 172
154 173
154 175
154 182
154 185
154 203
155 168
155 175
155 177
155 186
155 218
155 226
155 249
156 167
156 176
156 184
156 185
156 214
157 160
157 177
157 191
157 202
157 206
157 247
157 249
158 161
158 165
158 166
158 247
159 183
159 190
159 202
159 223
159 230
159 240
159 248
160 178
160 187
160 203
160 238
160 245
160 248
161 164
161 184
161 192
161 207
161 232
162 199
162 204
162 218
162 229
162 233
162 235
162 245
163 177
163 179
163 192
163 202
163 216
163 224
163 227
163 230
163 243
164 179
164 185
164 189
164 190
164 210
164 212
164 215
164 237
165 176
165 180
165 189
165 222
165 240
166 168
166 176
166 184
166 197
166 201
166 214
166 215
166 217
166 221
166 223
166 245
167 180
167 194
167 201
167 210
167 212
167 213
167 228
167 243
167 244
168 177
168 185
168 195
168 202
169 180
169 184
169 219
170 186
170 189
170 200
170 206
170 230
170 241
171 191
171 200
171 205
171 210
171 220
171 221
172 175
172 187
172 214
172 237
172 240
173 192
173 210
173 218
174 183
174 203
174 212
174 215
174 225
174 236
174 241
174 244
175 178
175 222
175 244
175 246
176 180
176 182
176 186
176 187
176 191
176 219
176 220
176 226
176 230
176 240
176 243
177 180
177 182
177 198
177 216
177 227
178 181
178 186
178 232
178 234
178 236
178 237
178 238
178 240
179 180
179 196
179 231
179 239
179 244
180 181
180 189
180 206
180 214
181 192
181 197
181 198
181 199
181 215
181 216
181 218
181 221
181 240
181 246
182 201
182 205
182 233
182 244
183 188
183 190
183 195
183 217
183 246
184 199
184 214
184 217
184 225
185 197
185 206
185 225
185 238
185 240
185 246
185 248
186 201
186 209
186 213
186 221
186 247
187 188
187 206
187 211
187 220
187 240
188 202
188 209
188 219
188 233
188 235
189 232
189 238
190 223
190 226
190 234
190 235
191 192
191 194
191 206
191 208
191 222
191 231
191 232
191 233
191 241
191 249
192 220
192 226
192 233
192 245
192 248
193 204
193 241
194 205
194 212
194 222
194 231
194 246
194 249
195 203
195 227
195 245
196 197
196 199
196 201
196 207
196 217
196 221
196 224
196 233
196 242
196 243
197 198
197 203
197 217
197 228
197 231
197 247
198 200
198 209
198 211
198 216
198 234
198 247
200 215
200 223
200 236
200 241
201 226
201 231
202 206
202 223
202 230
202 243
203 219
203 235
203 240
204 205
204 206
204 210
204 243
205 230
205 244
206 232
206 249
207 239
208 214
208 216
208 217
208 221
208 226
208 231
208 234
208 238
209 210
209 213
209 215
209 220
209 232
209 233
209 240
210 217
212 227
212 228
213 224
213 236
214 218
214 221
215 216
215 218
216 219
216 221
217 218
217 229
217 231
217 235
217 248
218 232
218 236
218 238
218 239
218 244
220 236
220 245
221 230
221 233
221 245
222 225
222 238
223 225
223 228
223 229
223 236
224 237
224 246
225 228
225 248
226 236
226 237
227 228
227 249
228 231
228 233
229 240
230 236
230 238
231 245
232 233
232 246
232 247
233 234
235 242
238 245
238 246
239 244
244 247
244 248
244 249
245 249
246 247
247 248
