0 9
0 10
0 20
0 22
0 31
0 35
0 38
0 39
0 52
0 61
0 64
0 68
0 73
0 80
0 92
0 93
0 95
0 98
0 138
0 139
0 154
0 158
0 190
0 239
0 247
1 4
1 8
1 36
1 47
1 48
1 61
1 67
1 96
1 101
1 103
1 108
1 112
1 138
1 139
1 141
1 146
1 154
1 162
1 193
1 228
1 229
1 231
1 234
1 244
2 26
2 38
2 55
2 82
2 124
2 141
2 149
2 181
2 185
2 205
2 207
2 214
2 220
2 224
2 233
2 249
3 14
3 57
3 58
3 59
3 66
3 75
3 79
3 89
3 94
3 99
3 115
3 126
3 128
3 151
3 171
3 175
3 179
3 208
3 209
3 212
3 219
3 222
4 11
4 45
4 56
4 71
4 75
4 92
4 104
4 142
4 168
4 181
4 185
4 207
4 212
4 222
4 226
4 232
4 233
4 235
5 28
5 53
5 75
5 91
5 104
5 110
5 119
5 139
5 140
5 148
5 160
5 172
5 174
5 188
5 189
5 194
5 238
5 239
6 55
6 80
6 96
6 101
6 111
6 134
6 154
6 156
6 169
6 184
6 189
6 201
6 204
6 213
6 227
7 35
7 66
7 79
7 94
7 117
7 149
7 214
7 217
7 225
7 233
8 19
8 20
8 31
8 39
8 47
8 48
8 56
8 90
8 97
8 108
8 122
8 144
8 164
8 174
8 195
9 17
9 81
9 85
9 96
9 112
9 122
9 142
9 154
9 167
9 171
9 198
9 200
9 224
9 243
9 244
9 245
9 249
10 17
10 42
10 46
10 49
10 68
10 78
10 96
10 110
10 112
10 121
10 161
10 182
10 193
10 223
10 228
10 244
11 18
11 33
11 78
11 102
11 137
11 223
11 225
11 241
12 29
12 30
12 31
12 32
12 35
12 58
12 67
12 81
12 82
12 98
12 124
12 174
12 182
12 188
12 195
12 201
12 205
12 236
13 19
13 20
13 25
13 34
13 74
13 86
13 107
13 128
13 133
13 162
13 163
13 172
13 185
13 190
13 197
13 198
13 207
13 224
13 238
14 112
14 114
14 139
14 153
14 158
14 180
14 183
14 206
15 32
15 58
15 67
15 72
15 79
15 86
15 87
15 88
15 116
15 121
15 152
15 178
15 189
15 203
15 211
15 239
16 22
16 68
16 78
16 95
16 111
16 124
16 178
16 204
16 220
17 55
17 80
17 115
17 169
17 181
17 182
17 200
17 215
17 245
18 33
18 35
18 48
18 55
18 76
18 95
18 107
18 108
18 128
18 156
18 165
18 178
18 195
18 197
18 198
18 239
18 243
18 244
19 28
19 38
19 47
19 81
19 86
19 121
19 140
19 153
19 175
19 197
19 202
19 227
19 231
19 242
19 244
19 246
19 247
20 37
20 47
20 69
20 72
20 100
20 116
20 117
20 120
20 126
20 140
20 145
20 152
20 165
20 168
20 189
20 191
20 200
20 203
20 220
20 222
20 235
20 236
20 237
20 239
20 242
20 245
20 249
21 35
21 44
21 87
21 129
21 133
21 138
21 161
21 165
21 186
21 212
21 224
21 227
21 249
22 29
22 41
22 53
22 57
22 83
22 111
22 115
22 125
22 133
22 147
22 176
22 190
22 192
22 202
22 212
22 225
22 235
22 248
23 32
23 57
23 69
23 85
23 107
23 116
23 144
23 150
23 161
23 168
23 217
23 224
23 227
24 30
24 41
24 55
24 56
24 83
24 105
24 148
24 150
24 154
24 166
24 174
24 196
24 197
24 198
24 214
24 215
24 249
25 34
25 37
25 41
25 55
25 69
25 100
25 147
25 197
25 225
25 239
25 247
26 32
26 36
26 55
26 61
26 86
26 133
26 135
26 151
26 173
26 213
26 244
27 28
27 47
27 50
27 59
27 92
27 102
27 121
27 164
27 168
27 182
27 188
27 192
27 193
27 236
28 38
28 55
28 58
28 74
28 112
28 116
28 142
28 182
28 192
28 194
28 195
28 236
29 48
29 56
29 57
29 69
29 82
29 83
29 102
29 116
29 123
29 147
29 158
29 189
29 221
29 237
29 238
29 240
29 241
29 243
30 33
30 43
30 50
30 63
30 77
30 85
30 97
30 98
30 104
30 105
30 137
30 163
30 166
30 170
30 176
30 186
30 208
30 221
30 249
31 38
31 39
31 42
31 45
31 49
31 50
31 60
31 67
31 78
31 88
31 94
31 98
31 111
31 139
31 140
31 146
31 155
31 163
31 166
31 172
31 175
31 181
31 189
31 192
31 230
32 55
32 68
32 69
32 75
32 87
32 96
32 101
32 102
32 128
32 131
32 148
32 163
32 184
32 189
32 190
32 192
32 194
32 222
32 226
32 237
32 245
32 247
33 43
33 46
33 52
33 105
33 116
33 140
33 145
33 148
33 157
33 168
33 169
33 193
33 212
33 237
34 51
34 64
34 81
34 101
34 104
34 121
34 128
34 143
34 153
34 157
34 159
34 165
34 181
34 185
34 229
34 237
35 53
35 56
35 64
35 92
35 101
35 131
35 132
35 133
35 143
35 144
35 169
35 182
35 227
35 233
35 240
35 241
35 242
36 45
36 56
36 85
36 111
36 113
36 172
36 181
36 203
36 206
36 223
36 231
36 232
37 52
37 75
37 88
37 91
37 114
37 125
37 130
37 131
37 153
37 180
37 182
37 187
37 188
37 208
37 212
37 218
37 231
38 49
38 54
38 70
38 78
38 84
38 90
38 102
38 112
38 140
38 142
38 144
38 147
38 151
38 166
38 186
38 191
38 194
38 207
38 208
38 216
38 225
38 247
39 49
39 55
39 77
39 80
39 93
39 113
39 117
39 121
39 147
39 171
39 191
39 192
39 193
39 201
39 241
40 63
40 65
40 72
40 76
40 80
40 82
40 88
40 132
40 133
40 154
40 189
40 235
40 240
41 50
41 57
41 73
41 85
41 86
41 103
41 117
41 121
41 125
41 130
41 132
41 138
41 142
41 143
41 150
41 171
41 174
41 190
41 221
41 230
41 237
41 243
42 54
42 68
42 74
42 85
42 86
42 96
42 104
42 105
42 145
42 146
42 156
42 158
42 174
42 186
42 201
42 215
42 241
43 52
43 64
43 89
43 93
43 120
43 131
43 135
43 149
43 172
43 189
43 218
43 221
43 230
43 234
43 245
44 48
44 78
44 94
44 99
44 104
44 119
44 128
44 145
44 172
44 182
44 193
44 202
44 225
45 83
45 85
45 112
45 118
45 130
45 141
45 185
45 207
45 212
45 238
46 70
46 87
46 88
46 101
46 105
46 117
46 123
46 131
46 132
46 152
46 154
46 174
46 203
46 237
46 241
46 247
47 49
47 74
47 85
47 99
47 110
47 113
47 118
47 166
47 169
47 178
47 187
47 212
47 214
47 246
48 72
48 110
48 111
48 114
48 120
48 131
48 135
48 157
48 185
48 195
49 60
49 80
49 91
49 102
49 141
49 147
49 161
49 174
49 190
49 193
49 201
49 211
49 212
49 233
49 249
50 56
50 58
50 92
50 101
50 104
50 119
50 131
50 161
50 180
50 182
50 201
50 215
50 221
50 245
51 60
51 68
51 103
51 117
51 119
51 140
51 142
51 165
51 175
51 203
51 205
51 228
51 243
52 53
52 57
52 70
52 79
52 81
52 86
52 104
52 113
52 134
52 136
52 153
52 164
52 205
52 222
53 69
53 73
53 94
53 118
53 144
53 145
53 155
53 158
53 162
53 191
53 212
53 236
53 239
53 244
54 73
54 83
54 106
54 108
54 110
54 155
54 169
54 202
54 215
54 226
54 228
54 232
54 241
55 86
55 99
55 112
55 121
55 124
55 156
55 167
55 168
55 175
55 185
55 209
55 212
56 64
56 81
56 82
56 98
56 133
56 135
56 154
56 158
56 159
56 182
56 197
56 212
56 218
56 231
56 238
56 243
56 244
57 61
57 82
57 91
57 96
57 110
57 117
57 123
57 128
57 145
57 152
57 179
57 194
57 198
57 200
57 245
57 246
58 73
58 83
58 87
58 92
58 109
58 130
58 133
58 135
58 170
58 191
58 219
58 224
59 121
59 158
59 164
59 166
59 167
59 180
59 187
59 194
59 225
59 232
60 72
60 84
60 96
60 101
60 151
60 163
60 174
60 212
60 217
60 219
60 222
60 227
60 240
60 243
60 247
61 80
61 87
61 91
61 99
61 112
61 182
61 191
61 225
61 238
61 241
62 64
62 75
62 81
62 87
62 88
62 99
62 104
62 119
62 126
62 128
62 131
62 156
62 161
62 165
62 166
62 183
62 186
62 190
62 195
62 204
62 218
62 232
62 245
63 72
63 74
63 77
63 86
63 88
63 109
63 145
63 152
63 168
63 175
63 199
63 205
63 212
63 216
63 231
64 65
64 79
64 83
64 84
64 121
64 142
64 164
64 165
64 178
64 185
64 188
64 226
64 244
65 68
65 77
65 82
65 103
65 104
65 119
65 138
65 216
65 222
65 245
66 81
66 85
66 97
66 112
66 157
66 163
66 231
66 232
66 239
66 244
67 69
67 82
67 88
67 90
67 92
67 98
67 99
67 103
67 130
67 159
67 160
67 162
67 165
67 210
67 217
67 229
68 70
68 71
68 85
68 98
68 101
68 108
68 134
68 155
68 170
68 182
68 184
68 201
68 215
68 219
68 221
68 224
68 234
69 122
69 130
69 146
69 147
69 163
69 169
69 171
69 180
69 206
69 213
69 217
69 226
69 241
69 244
70 72
70 85
70 92
70 112
70 123
70 125
70 163
70 165
70 173
70 175
70 185
70 194
70 220
70 230
70 238
70 242
71 76
71 83
71 85
71 94
71 122
71 126
71 138
71 163
71 170
71 204
71 206
71 211
72 95
72 96
72 98
72 114
72 116
72 139
72 170
72 192
72 204
72 206
72 220
72 223
73 76
73 87
73 92
73 100
73 104
73 119
73 151
73 174
73 175
73 208
73 242
74 121
74 136
74 141
74 146
74 147
74 168
74 174
74 212
74 231
74 236
75 88
75 90
75 115
75 121
75 143
75 146
75 155
75 164
75 185
75 190
75 225
75 227
75 229
76 80
76 85
76 99
76 124
76 125
76 144
76 155
76 158
76 165
76 203
76 210
76 213
76 235
77 89
77 98
77 106
77 119
77 120
77 131
77 134
77 161
77 166
77 185
77 206
77 232
78 141
78 151
78 167
78 175
78 183
78 225
79 87
79 110
79 123
79 124
79 140
79 153
79 160
79 206
79 210
79 223
80 97
80 105
80 107
80 118
80 151
80 159
80 162
80 166
80 186
80 188
80 193
80 242
80 245
81 107
81 141
81 156
81 157
81 173
81 182
81 219
81 221
81 233
81 237
81 239
82 86
82 119
82 148
82 164
82 200
82 226
82 238
83 87
83 104
83 113
83 162
83 169
83 170
83 193
83 194
83 203
83 204
83 221
83 233
83 243
84 89
84 100
84 105
84 123
84 126
84 150
84 154
84 160
84 166
84 233
85 92
85 106
85 110
85 119
85 125
85 131
85 138
85 144
85 147
85 156
85 175
85 183
85 188
85 191
85 215
85 239
86 98
86 103
86 105
86 143
86 170
86 172
86 186
86 191
86 196
86 202
86 213
86 218
86 221
86 235
86 246
87 90
87 92
87 96
87 117
87 137
87 154
87 166
87 175
87 178
87 179
87 193
87 196
87 200
87 210
87 211
87 215
87 236
87 246
88 103
88 142
88 149
88 158
88 187
88 231
89 103
89 110
89 131
89 139
89 164
89 178
89 179
89 187
89 190
89 203
89 207
89 240
89 245
90 99
90 142
90 152
90 153
90 161
90 166
90 192
90 193
90 200
90 206
90 207
90 231
90 238
90 239
90 245
91 94
91 112
91 129
91 150
91 172
91 180
91 190
91 194
91 244
92 100
92 116
92 128
92 135
92 172
92 185
92 233
92 246
92 247
93 112
93 119
93 166
93 186
93 189
93 194
93 202
93 203
93 205
93 212
93 216
93 217
93 240
93 248
94 113
94 131
94 139
94 148
94 174
94 182
94 215
94 227
94 236
94 242
95 106
95 121
95 126
95 136
95 141
95 157
95 196
95 242
96 136
96 152
96 166
96 168
96 170
96 175
96 180
96 181
96 189
96 195
96 210
96 222
96 231
97 116
97 130
97 136
97 153
97 160
97 178
97 191
97 194
97 216
98 120
98 164
98 182
98 192
98 194
98 231
99 108
99 119
99 124
99 134
99 141
99 200
99 205
99 211
100 101
100 106
100 141
100 142
100 153
100 159
100 165
100 168
100 174
100 175
100 180
100 188
100 206
100 210
101 132
101 162
101 176
101 181
101 196
101 209
101 237
102 114
102 135
102 152
102 153
102 156
102 175
102 187
102 208
102 226
103 110
103 113
103 124
103 133
103 157
103 172
103 192
103 195
103 204
103 209
104 143
104 150
104 151
104 230
104 248
105 113
105 130
105 159
105 168
105 199
105 204
105 231
105 249
106 137
106 150
106 153
106 158
106 168
106 181
106 186
106 208
106 223
106 224
106 229
106 233
106 247
106 248
107 134
107 138
107 149
107 167
107 168
107 172
107 187
107 221
107 245
107 246
108 110
108 126
108 130
108 134
108 149
108 156
108 176
108 192
108 197
108 243
109 125
109 152
109 159
109 182
109 185
109 187
109 199
109 212
109 216
109 231
110 114
110 125
110 157
110 171
110 181
110 196
110 215
110 216
110 227
110 228
110 241
111 114
111 118
111 120
111 131
111 189
111 216
111 223
111 227
111 242
112 123
112 130
112 143
112 157
112 166
112 179
112 232
113 114
113 155
113 164
113 170
113 179
113 204
113 209
113 210
113 216
113 239
113 247
114 136
114 145
114 172
114 220
114 227
114 237
115 169
115 183
115 195
115 197
115 210
115 212
115 220
115 221
115 230
115 243
116 125
116 128
116 131
116 165
116 196
116 210
116 212
116 223
116 228
117 120
117 143
117 151
117 154
117 179
117 193
117 218
117 232
117 238
117 239
117 244
117 246
118 123
118 128
118 144
118 175
118 192
118 201
118 205
118 217
118 234
118 240
118 242
118 246
119 134
119 142
119 150
119 162
119 168
119 180
119 187
119 194
119 199
119 205
119 225
119 240
120 123
120 141
120 150
120 170
120 172
120 174
120 184
120 185
120 200
121 140
121 141
121 164
121 178
121 185
121 249
122 128
122 144
122 172
122 178
122 184
122 193
122 201
122 206
122 207
122 225
122 235
123 127
123 131
123 163
123 182
123 186
123 193
123 206
123 236
123 246
124 133
124 150
124 165
124 167
124 176
124 197
124 207
124 217
124 234
125 162
125 178
125 198
125 212
125 241
126 136
126 172
126 201
126 225
126 245
127 130
127 143
127 144
127 170
127 180
127 187
127 188
127 233
128 130
128 142
128 151
128 206
128 220
128 232
128 233
128 236
128 238
129 137
129 142
129 157
129 162
129 185
129 241
129 248
130 132
130 168
130 204
130 228
130 232
130 237
130 240
130 246
131 145
131 164
131 197
131 227
131 232
131 233
132 135
132 138
132 158
132 214
132 236
133 137
133 148
133 181
133 211
133 215
133 224
133 229
133 234
133 241
133 242
133 246
134 138
134 139
134 144
134 172
134 182
134 184
134 188
134 195
134 221
134 249
135 138
135 162
135 181
135 202
135 206
135 219
135 245
136 152
136 185
136 188
136 191
136 214
136 234
137 150
137 153
137 156
137 215
137 216
137 217
138 149
138 174
138 183
138 191
138 219
138 220
138 222
139 145
139 154
139 155
139 177
139 190
139 198
139 199
139 216
139 225
139 238
139 248
140 147
140 174
140 176
140 186
140 212
140 228
140 231
141 164
141 177
141 179
141 201
141 211
141 215
141 217
141 235
142 151
142 159
142 186
142 188
142 190
142 193
142 198
142 201
142 202
142 214
142 221
143 144
143 174
143 175
143 180
143 186
143 188
143 205
143 218
143 240
144 164
144 165
144 195
144 199
144 202
144 209
144 218
144 220
144 227
144 232
144 234
145 153
145 160
145 164
145 172
145 179
145 185
145 195
145 213
145 214
145 233
146 156
146 166
146 188
146 225
146 232
147 150
147 158
147 165
147 174
147 175
147 196
147 211
147 233
148 182
148 222
148 225
148 236
149 190
149 194
149 212
149 214
149 230
149 241
149 248
150 168
150 170
150 171
150 203
150 226
151 167
151 169
151 174
151 205
151 208
151 226
151 235
151 240
151 242
152 179
152 186
152 189
152 196
152 198
152 216
152 223
152 227
152 229
152 236
152 245
153 173
153 178
153 186
153 200
153 202
153 217
153 226
154 157
154 162
154 187
154 189
154 203
154 220
154 233
154 237
154 244
154 249
155 165
155 177
155 205
155 241
155 245
156 165
156 167
156 183
156 189
156 196
156 229
156 230
156 237
156 243
156 248
157 166
157 169
157 176
157 180
157 209
157 218
157 227
158 181
158 202
158 214
159 189
159 191
159 192
159 200
159 208
159 210
159 230
159 243
160 175
160 202
160 204
160 213
160 227
161 185
161 202
162 177
162 195
162 228
162 229
162 236
163 168
163 196
163 198
163 216
163 217
163 224
163 231
163 234
164 165
164 176
164 192
164 194
164 209
164 211
164 212
165 195
165 223
165 249
166 212
167 204
167 242
168 184
168 192
168 224
168 228
168 230
169 182
169 201
169 202
169 209
169 238
169 246
170 171
170 199
170 206
171 187
171 207
171 232
171 241
171 242
171 243
172 195
172 203
172 237
172 238
173 185
173 227
173 230
174 187
174 196
174 210
175 191
175 208
175 226
175 228
175 249
176 188
176 199
176 238
176 239
176 243
177 194
177 212
177 241
177 243
178 215
178 244
179 191
179 217
179 230
180 198
180 202
180 231
180 232
180 241
181 224
181 229
181 241
181 248
182 192
182 196
182 237
182 241
183 195
183 201
183 216
183 238
184 196
184 198
184 201
184 214
184 232
184 243
185 203
185 217
185 233
185 243
185 247
186 188
186 201
186 222
186 229
186 244
186 247
187 191
187 205
187 214
187 239
188 197
188 200
188 214
188 230
188 233
188 235
188 248
189 212
189 220
189 225
190 192
190 209
190 215
190 217
190 221
190 240
191 195
191 198
191 207
191 225
192 197
192 205
192 221
192 242
192 243
193 222
193 245
194 198
194 225
194 244
194 246
195 239
196 233
196 234
196 239
198 206
198 218
198 246
199 227
199 232
199 240
199 247
199 248
200 245
201 222
201 231
201 233
202 204
202 215
202 219
202 243
204 231
204 235
204 240
205 220
205 233
205 235
205 248
206 240
207 214
207 221
207 228
207 241
208 218
208 228
209 220
209 235
209 239
210 235
210 241
210 248
211 236
212 237
213 231
214 227
214 228
214 231
215 222
215 224
215 239
216 228
217 219
217 231
218 241
218 244
219 220
219 224
219 241
220 226
220 241
220 243
220 244
221 228
221 243
222 231
223 230
223 233
223 240
224 244
225 230
225 240
229 233
229 234
231 237
231 242
233 243
234 238
236 241
236 242
236 245
236 248
237 245
237 248
238 242
238 244
238 247
239 247
240 245
241 244
241 246
241 248
242 246
243 244
244 248
