0 51
0 99
0 147
0 162
0 180
1 29
1 67
1 72
1 85
1 186
1 230
1 233
2 22
2 107
2 164
2 178
2 187
2 191
3 37
3 83
3 87
3 143
3 151
3 156
3 166
3 173
4 27
4 42
4 47
4 49
4 99
4 139
4 180
4 196
4 209
5 74
5 153
6 13
6 46
6 59
6 86
6 109
6 118
7 40
7 145
7 164
7 167
7 173
7 177
7 220
7 240
8 23
8 69
8 84
8 95
8 166
9 73
9 121
9 153
9 181
9 201
9 249
10 42
10 52
10 103
10 174
10 234
11 79
11 82
11 119
11 144
11 154
11 210
12 49
12 195
12 219
13 44
13 97
13 120
13 143
13 225
14 17
14 21
14 92
14 234
14 247
15 60
15 110
16 29
16 102
16 114
16 145
16 196
16 212
16 220
17 59
17 147
18 40
18 65
18 103
18 117
18 194
19 45
19 52
19 118
19 163
19 177
20 23
20 90
20 133
20 140
20 172
21 33
21 54
21 57
21 65
21 76
21 139
21 156
21 223
22 114
22 116
22 180
22 181
22 226
22 248
23 138
23 198
23 240
24 49
24 65
24 120
24 131
24 133
24 186
24 188
24 198
24 199
24 200
24 231
24 234
25 160
25 184
25 188
25 198
25 201
26 94
26 144
26 157
26 160
26 183
26 211
27 29
27 131
27 162
27 215
27 236
27 244
28 54
28 66
28 78
28 166
28 196
28 220
29 51
29 169
29 242
30 72
30 117
30 149
30 225
31 35
31 61
31 168
31 200
31 215
32 79
32 143
32 212
32 235
33 62
33 166
33 183
34 190
34 191
34 219
34 249
35 40
35 46
35 89
35 175
35 184
35 191
35 218
35 224
36 110
36 141
37 95
37 107
37 110
37 114
37 122
37 139
37 152
37 157
37 211
38 54
38 58
38 72
38 77
38 105
38 112
38 133
40 67
40 134
40 198
40 245
40 246
42 44
42 59
42 76
42 77
42 145
42 153
42 155
42 219
43 84
43 110
43 115
43 146
43 186
44 110
44 122
44 131
44 230
45 48
45 110
45 166
45 193
45 194
45 221
46 115
46 177
46 219
47 58
47 68
47 77
47 79
47 80
47 92
47 177
47 190
47 219
48 49
48 52
48 105
48 114
48 216
48 223
49 95
49 132
49 148
50 69
50 88
50 101
50 105
50 113
50 188
50 190
50 202
51 53
51 64
51 77
51 94
51 171
51 189
51 224
51 237
51 247
52 62
52 64
52 71
52 211
52 227
52 230
52 235
53 76
53 135
53 137
53 181
54 77
54 78
54 92
54 101
54 121
54 224
54 245
55 169
55 176
55 210
56 69
56 81
56 133
56 156
56 175
56 177
57 80
57 110
57 142
57 190
57 212
57 237
58 124
58 145
58 206
58 207
58 234
59 196
59 246
60 70
60 77
60 143
60 147
60 187
60 229
61 80
61 82
61 174
61 225
62 136
62 152
62 162
62 164
63 89
63 142
63 172
63 180
63 228
64 85
64 113
64 121
64 168
64 179
65 68
65 74
65 111
65 141
65 155
65 157
65 189
65 203
65 238
66 67
66 94
66 136
66 158
67 174
67 207
67 213
67 231
68 245
70 92
70 98
70 112
70 141
70 145
70 161
70 224
70 228
71 74
71 146
71 158
71 165
71 218
71 226
71 240
71 246
72 110
72 120
72 187
72 226
73 102
73 173
73 192
74 122
74 180
74 245
75 80
75 82
75 88
75 100
75 176
76 90
76 173
76 186
76 203
77 85
77 111
77 128
77 182
78 100
78 139
78 160
78 166
78 174
78 181
79 87
79 229
80 101
80 137
80 148
80 164
80 169
82 87
82 115
82 184
82 189
82 207
82 235
83 101
83 109
83 171
83 188
83 189
83 223
83 229
83 249
84 113
84 199
84 209
85 101
85 124
85 130
85 131
85 136
85 146
85 200
85 204
85 221
85 235
86 115
86 211
87 145
87 209
87 217
88 90
88 113
88 152
88 167
88 198
88 206
88 221
88 224
89 153
90 150
90 194
90 236
90 237
91 165
91 222
92 113
92 175
93 118
93 191
93 194
94 198
95 127
97 145
97 157
97 222
97 232
97 246
98 104
98 165
98 218
99 137
99 223
99 242
100 157
100 184
100 194
100 218
100 224
101 125
101 132
101 170
101 174
101 200
102 130
102 136
102 157
102 218
102 242
103 118
103 156
104 121
104 139
104 162
104 217
104 228
104 231
105 162
105 239
107 162
107 175
108 181
108 228
109 113
109 143
110 115
110 124
110 166
110 194
110 232
111 181
111 198
112 191
112 193
112 209
113 165
113 187
113 228
114 133
114 142
114 169
114 186
114 239
115 136
115 160
115 212
115 215
116 135
116 184
117 147
117 197
117 239
118 141
118 176
118 208
118 248
119 126
119 154
119 211
119 233
120 176
121 132
121 163
121 192
121 236
121 237
121 244
122 129
122 200
122 244
122 245
123 139
123 210
124 140
124 150
124 190
124 191
124 196
124 210
124 213
124 229
124 237
125 149
125 180
125 187
125 233
126 144
126 153
127 222
127 228
128 171
128 186
129 130
129 169
129 218
130 172
131 193
131 244
132 233
132 234
133 141
133 150
133 228
134 166
134 167
134 223
135 138
135 178
135 181
135 186
135 204
136 200
136 211
136 218
137 142
137 192
137 194
137 236
138 210
139 175
139 221
140 193
140 220
140 221
140 228
140 244
141 219
142 164
142 169
142 223
143 209
144 164
144 169
144 182
144 184
144 244
145 181
145 193
145 241
146 179
146 220
146 221
146 224
147 154
147 244
148 195
148 214
148 246
149 180
149 243
150 171
150 199
150 205
151 165
151 183
151 248
152 234
153 192
153 225
155 228
156 237
157 163
160 162
160 171
160 189
161 166
161 236
162 174
162 186
162 189
162 193
163 174
163 199
163 244
164 165
164 191
164 210
164 233
165 182
165 233
167 176
167 222
167 228
168 193
168 227
168 242
169 196
169 199
169 244
170 180
170 220
171 242
172 226
173 177
173 202
173 212
173 233
173 247
174 185
174 194
175 232
175 248
176 244
177 213
177 241
177 247
177 248
179 187
179 205
179 243
180 186
180 209
180 213
180 225
180 244
182 194
182 217
183 228
184 213
185 194
185 233
185 249
186 207
187 189
188 200
188 211
189 217
189 239
191 212
193 201
193 209
194 226
194 233
195 201
195 205
195 209
195 242
196 219
197 222
205 211
206 212
206 230
206 234
207 233
209 224
209 234
210 242
211 238
213 230
215 216
215 240
218 235
223 246
225 247
226 228
230 233
231 244
232 235
233 234
236 243
238 246
239 241
