0 33
0 51
0 135
0 173
0 177
0 222
0 233
1 27
1 30
1 56
1 89
1 90
1 96
1 105
1 147
1 197
2 37
2 88
2 121
2 181
2 209
3 18
3 76
3 107
3 113
3 128
3 170
3 189
3 212
4 15
4 48
4 55
4 105
4 125
4 172
4 195
4 198
4 220
4 235
4 247
5 7
5 60
5 67
5 71
5 79
5 82
5 113
5 178
5 182
5 197
5 224
6 27
6 55
6 108
6 112
6 124
6 166
6 188
6 189
6 197
6 225
7 14
7 19
7 38
7 50
7 56
7 108
7 129
7 130
7 164
7 185
7 195
7 239
7 243
8 26
8 36
8 129
8 142
8 163
8 237
9 40
9 69
9 73
9 126
9 192
9 242
10 57
10 72
10 80
10 107
10 122
10 125
10 132
10 182
10 201
10 215
10 236
11 28
11 33
11 94
11 98
11 208
11 230
12 97
12 121
12 174
12 181
12 193
12 195
12 219
12 238
13 64
13 102
13 121
13 145
13 182
13 198
14 49
14 50
14 77
14 86
14 98
14 151
14 200
14 240
15 83
15 89
15 96
15 115
15 124
15 152
15 234
16 31
16 43
16 64
16 113
16 125
16 128
16 130
16 171
17 37
17 74
17 91
17 102
17 229
17 231
17 232
18 47
18 51
18 55
18 56
18 68
18 72
18 91
18 110
18 136
18 195
18 237
18 245
19 57
19 98
19 105
19 154
19 169
19 205
20 32
20 35
20 136
20 192
20 219
20 229
21 26
21 39
21 78
21 82
21 84
21 226
22 63
22 64
22 87
22 118
22 140
22 152
22 175
22 215
23 40
23 51
23 107
23 131
23 207
23 237
23 247
24 49
24 69
24 75
24 114
24 122
24 148
24 168
24 174
24 208
25 187
25 217
26 28
26 38
26 57
26 58
26 78
26 131
26 145
26 150
26 187
26 197
26 200
26 202
26 218
27 40
27 74
27 112
27 126
27 151
27 153
27 218
28 150
28 153
28 159
28 206
28 212
28 238
28 243
29 30
29 47
29 64
29 73
29 100
29 107
30 46
30 70
30 80
30 88
30 93
30 98
30 146
30 148
30 195
31 79
31 89
32 126
32 150
32 177
32 187
32 198
32 231
32 233
33 59
33 144
33 228
34 44
34 120
34 139
34 148
34 167
34 205
34 214
34 221
34 244
35 45
35 58
35 64
35 99
35 100
35 136
35 194
35 233
36 38
36 85
36 97
36 137
36 210
36 240
37 40
37 103
37 117
37 129
37 152
37 159
37 198
38 128
38 129
38 145
38 161
38 162
38 212
39 48
39 57
39 67
39 116
39 121
39 151
39 155
39 203
39 244
40 102
40 126
40 188
40 227
41 71
41 80
41 96
41 126
41 162
41 194
41 246
42 49
42 50
42 51
42 77
42 121
42 138
42 149
42 165
42 171
43 45
43 56
43 102
43 143
43 161
43 162
43 196
43 207
43 215
43 223
43 247
44 71
44 76
44 136
45 89
45 165
45 189
45 238
46 100
46 116
46 158
46 175
46 187
46 209
46 213
46 230
47 86
47 122
47 185
48 53
48 56
48 97
48 130
48 167
48 219
48 243
49 57
49 122
49 166
49 170
49 210
49 219
49 224
50 62
50 84
50 97
50 162
50 185
51 90
51 121
51 125
51 164
51 220
52 86
52 102
52 125
52 147
52 171
52 179
52 191
52 192
52 231
52 235
53 96
53 114
53 137
53 156
53 160
53 194
53 221
53 228
54 95
54 106
54 128
54 164
54 200
54 201
55 61
55 64
55 86
55 162
55 184
55 192
55 198
55 212
55 221
55 232
55 236
56 66
56 107
56 108
56 133
56 142
56 147
56 174
56 178
56 198
57 73
57 138
57 173
57 185
57 190
57 196
57 247
58 79
58 93
58 96
58 134
58 145
58 159
58 186
58 190
58 203
59 77
59 101
59 104
59 116
59 135
59 188
59 198
59 200
59 203
59 229
59 249
60 102
60 118
60 121
61 94
61 196
61 202
61 215
61 247
62 79
62 84
62 184
62 187
62 195
62 217
62 238
62 239
63 65
63 69
63 120
63 140
63 148
63 209
63 219
63 231
63 236
64 190
64 228
65 145
65 155
65 186
66 97
66 138
66 164
66 191
66 216
67 74
67 92
67 152
67 192
67 208
68 118
68 194
68 200
68 208
68 210
69 115
69 146
69 152
69 164
69 180
69 192
69 215
69 219
69 236
70 122
70 154
70 183
70 214
70 235
71 76
71 106
71 132
71 139
71 165
71 188
71 247
72 79
72 89
72 101
72 143
72 165
72 176
72 213
72 215
72 220
72 229
73 176
73 204
74 87
74 242
74 245
75 107
75 151
75 155
75 204
76 111
76 161
76 232
77 134
77 202
77 205
77 214
78 122
78 128
79 97
79 119
79 120
79 122
79 135
79 137
79 148
79 150
79 169
79 207
80 145
80 162
80 201
80 208
80 242
81 88
81 102
81 110
81 128
81 134
81 162
82 119
82 135
82 157
82 186
82 224
82 236
83 86
83 92
83 97
83 117
83 161
83 175
83 224
83 242
84 90
84 124
84 138
84 166
84 195
84 224
84 230
84 245
85 91
85 122
85 175
85 214
85 244
86 126
86 205
86 233
86 240
87 119
87 140
87 145
87 183
87 220
88 99
88 115
88 118
88 148
88 183
88 212
89 142
89 144
89 166
89 226
89 240
90 110
90 138
90 142
90 206
91 105
91 119
91 126
91 159
91 161
91 175
91 216
92 94
92 103
92 124
92 139
92 144
92 170
92 187
92 193
92 197
92 199
92 205
92 215
93 112
93 127
93 142
93 147
93 150
93 166
93 221
94 116
94 171
94 238
95 131
95 181
95 214
96 172
96 177
96 182
96 233
97 125
97 139
97 155
97 173
97 189
97 239
98 108
98 126
98 157
98 169
98 176
98 180
98 202
98 212
99 112
99 149
99 161
99 230
99 234
99 246
100 169
100 211
100 224
100 225
100 245
101 166
101 178
101 194
101 207
101 240
102 152
102 224
103 142
103 230
104 130
104 137
104 151
104 152
104 169
104 178
104 236
104 237
105 155
105 182
105 198
105 249
106 120
106 128
106 176
107 111
107 165
107 169
107 180
107 201
107 204
107 210
107 215
107 236
108 110
108 139
108 157
108 181
108 185
108 191
108 204
108 242
109 115
109 128
109 154
109 245
110 138
110 151
110 156
110 167
110 215
111 133
111 142
111 167
111 224
112 123
112 140
112 169
112 200
113 159
113 174
113 182
113 188
113 211
113 231
114 228
114 230
114 235
115 130
115 147
115 178
115 194
115 214
115 217
115 219
116 169
116 227
116 228
117 124
117 164
117 202
117 204
117 227
118 181
118 226
118 227
119 128
119 132
119 145
119 155
119 175
119 203
120 130
120 190
120 208
120 216
121 146
122 167
122 172
122 191
122 197
122 200
122 208
122 230
122 240
123 138
123 143
123 213
123 235
123 241
124 139
124 153
124 217
125 151
125 155
125 170
125 190
125 232
126 128
126 150
126 157
126 167
126 168
126 171
126 185
126 201
126 207
126 246
127 174
127 245
128 160
128 161
128 230
129 144
129 229
129 237
130 148
130 149
130 155
130 173
130 231
131 213
132 183
132 195
132 208
133 154
133 170
133 231
133 237
134 150
134 174
134 176
134 181
134 204
134 214
134 220
135 160
135 164
135 174
135 179
135 196
136 162
136 170
136 236
137 157
137 163
137 224
137 242
138 143
138 151
138 154
138 177
138 195
138 219
138 231
139 142
139 185
140 196
140 214
141 147
141 177
142 148
142 174
142 198
142 206
142 210
142 211
142 222
143 164
143 216
143 249
144 189
145 188
145 221
145 225
145 243
146 165
146 199
147 227
148 155
148 221
148 246
149 192
149 210
149 227
150 154
150 211
151 212
151 233
152 201
152 203
152 211
153 160
153 206
153 245
154 186
154 206
154 228
154 244
155 175
155 223
155 241
156 171
156 201
157 160
157 172
157 193
157 203
157 207
158 240
158 249
160 212
160 213
162 169
162 171
162 186
162 226
163 194
163 213
164 168
164 178
164 199
164 232
165 233
166 210
167 191
167 204
167 210
167 246
169 219
169 224
170 180
171 177
171 202
171 242
172 186
172 187
172 209
172 224
173 210
174 227
175 247
176 181
176 184
176 241
176 243
177 248
178 200
178 249
180 196
180 211
181 240
182 228
183 194
183 236
184 221
185 226
186 218
187 199
188 208
189 209
189 233
189 249
190 201
190 204
190 221
190 225
190 238
192 198
192 234
192 246
193 227
195 229
196 234
197 200
197 201
198 200
198 201
198 212
198 223
202 204
202 225
203 213
203 247
205 218
205 230
206 234
207 233
208 213
208 244
210 222
210 226
210 228
210 237
213 216
213 239
214 220
214 224
214 231
219 242
220 243
221 234
222 249
224 226
225 247
225 248
230 236
230 249
232 244
233 235
235 244
238 241
