0 21
0 36
0 67
0 90
0 93
0 117
0 194
0 223
0 245
1 13
1 24
1 45
1 68
1 73
1 87
1 136
1 188
1 247
2 82
2 83
2 93
2 114
2 116
2 129
2 146
2 204
2 233
2 237
3 16
3 25
3 80
3 114
3 223
4 14
4 48
4 73
4 77
4 140
4 144
4 150
4 157
4 167
4 172
4 181
4 203
5 35
5 89
5 118
5 132
5 220
5 233
6 12
6 69
6 90
6 150
7 43
7 109
7 135
7 150
7 215
7 225
8 10
8 59
8 100
8 108
8 126
8 146
8 166
8 170
8 185
9 18
9 28
9 50
9 72
9 163
9 177
9 178
9 187
9 224
10 134
10 186
10 241
10 249
11 38
11 73
11 138
11 235
12 39
12 69
12 90
12 94
12 196
12 222
13 98
13 118
13 154
13 206
14 58
14 102
14 192
15 96
15 139
15 157
16 34
16 65
16 88
16 98
16 129
16 135
16 188
16 236
16 237
17 35
17 41
17 64
17 77
17 109
17 110
18 23
18 56
18 112
18 176
18 203
18 222
18 231
18 236
19 34
19 78
19 120
19 141
19 143
19 217
20 26
20 31
20 34
20 73
20 82
20 94
20 128
20 131
20 175
20 179
20 189
21 64
21 162
21 174
21 207
21 224
21 234
21 247
22 29
22 31
22 59
22 66
22 93
22 111
22 119
22 139
22 237
23 43
23 108
23 128
23 197
23 211
24 65
24 73
24 124
24 157
24 158
24 159
24 233
24 240
25 58
25 63
25 101
25 134
25 161
25 199
25 201
25 207
25 212
25 241
26 35
26 45
26 114
26 121
26 180
26 189
26 190
26 205
26 231
27 59
27 75
27 107
27 115
27 126
27 155
27 189
27 192
28 142
28 154
28 157
28 171
28 174
28 229
28 233
28 239
29 91
29 94
29 123
29 179
29 193
29 202
29 212
29 214
30 75
30 88
30 123
30 170
30 248
31 40
31 56
31 80
31 88
31 90
32 48
32 79
32 93
32 107
32 192
32 217
32 221
33 50
33 57
33 62
33 73
33 99
33 117
33 150
33 162
33 166
33 172
33 180
33 185
34 80
34 94
34 146
34 149
34 183
35 51
35 77
35 85
35 144
35 167
35 173
35 197
35 216
35 221
35 246
36 75
36 139
36 165
36 186
36 222
37 38
37 52
37 87
37 118
37 135
37 233
38 65
38 92
38 103
38 140
38 160
38 197
38 211
38 224
39 50
39 104
39 106
39 117
39 127
39 142
39 160
39 210
39 224
40 74
40 87
40 96
40 111
40 160
40 177
40 202
40 207
40 208
40 213
41 97
41 116
41 128
41 211
42 47
42 68
42 79
42 81
42 113
42 150
42 175
42 236
43 97
43 115
43 148
43 161
43 163
43 174
43 192
43 201
43 202
43 203
43 228
44 85
44 95
44 113
44 155
44 158
44 211
44 234
45 52
45 62
45 122
45 131
45 158
45 186
45 220
45 241
46 74
46 91
46 92
46 105
46 140
46 160
46 164
46 208
47 115
47 177
47 202
48 69
48 103
48 124
48 136
48 138
48 200
49 78
49 93
49 103
49 105
49 107
49 110
49 149
49 180
49 192
49 231
50 67
50 75
50 91
50 107
50 177
50 179
50 201
50 231
50 232
51 169
51 192
51 229
52 75
52 93
52 119
52 153
52 226
53 79
53 87
53 159
53 174
53 220
53 222
54 91
54 125
54 139
54 157
54 182
54 184
54 189
54 204
54 240
55 97
55 153
55 196
55 217
56 86
56 135
56 232
56 243
57 173
57 196
58 73
58 78
58 103
58 146
58 184
59 68
59 86
59 101
59 110
59 123
59 156
59 206
59 219
59 225
60 81
60 85
60 92
60 105
60 177
60 235
61 73
61 74
61 139
61 160
61 222
62 77
62 155
62 190
62 215
62 228
62 229
62 234
63 74
63 83
63 105
63 107
63 152
63 179
63 191
63 205
63 224
63 233
64 120
64 127
64 147
64 161
64 234
64 243
65 86
65 107
65 137
65 157
65 197
65 208
65 224
66 93
66 99
66 147
66 214
66 248
67 93
67 129
67 142
67 147
67 151
67 158
67 229
68 82
68 123
68 141
68 186
68 199
68 214
68 227
69 164
69 168
69 208
69 221
70 100
70 131
70 160
70 189
70 212
70 214
71 72
71 87
71 117
71 121
71 187
72 108
72 127
73 87
73 153
73 187
73 200
73 211
73 233
74 78
74 85
74 105
74 141
74 149
74 159
74 188
74 210
74 248
75 77
75 89
75 199
75 207
75 209
75 210
76 80
76 104
76 136
77 99
77 244
78 90
78 138
78 222
78 246
78 249
79 115
79 133
79 136
79 193
79 217
80 88
80 95
80 102
80 175
80 212
80 226
81 104
81 188
81 205
81 243
81 245
82 115
82 191
82 216
82 233
82 243
83 85
83 107
83 117
83 217
84 149
84 151
84 179
84 180
85 167
85 169
85 186
85 193
85 203
85 219
86 144
86 182
86 213
87 97
87 142
87 144
87 165
87 178
87 194
87 227
88 123
88 148
88 166
88 170
88 177
88 197
89 118
89 134
89 156
89 171
89 227
90 110
90 115
90 144
90 176
90 197
91 103
91 119
91 183
91 206
91 236
91 245
91 249
92 100
92 159
92 222
92 225
93 122
93 129
93 153
93 168
93 182
93 213
93 225
93 228
94 105
94 169
94 170
94 174
94 196
95 122
95 158
95 166
95 200
95 204
95 211
96 206
96 217
97 107
97 160
97 167
97 174
97 193
97 210
98 126
98 200
98 245
99 140
99 141
100 158
100 190
100 207
100 208
100 225
101 106
101 113
101 123
101 133
101 145
101 186
101 194
101 204
101 212
101 229
102 128
102 132
102 164
102 165
103 156
103 161
103 182
103 246
104 110
104 114
104 141
104 173
104 214
104 241
105 163
105 180
105 196
105 214
105 219
106 118
106 205
106 218
106 244
106 249
107 139
107 175
107 188
108 128
108 183
108 188
108 248
109 214
110 156
110 212
111 143
111 223
112 122
112 149
112 160
112 190
112 212
112 241
112 249
113 158
113 220
113 223
114 191
114 204
114 217
114 246
115 119
115 135
115 145
115 248
116 119
116 140
116 145
116 150
116 153
116 156
117 155
117 214
117 236
117 248
118 153
119 150
119 184
119 204
120 134
120 148
120 174
121 186
121 212
121 246
122 141
122 207
123 189
123 223
123 230
123 244
124 126
124 143
124 149
124 160
124 195
124 207
124 216
124 224
124 234
125 190
125 191
125 197
125 198
125 200
125 208
125 229
126 154
126 180
126 188
127 153
127 194
127 202
127 244
128 153
128 160
128 176
128 203
129 188
129 240
130 135
130 148
130 225
131 149
131 179
131 217
132 134
132 150
133 156
133 214
134 182
135 186
135 191
136 150
136 152
136 166
136 182
136 221
136 231
136 247
137 235
138 147
138 203
139 214
140 166
140 186
140 199
140 246
141 210
141 242
142 149
142 208
143 152
143 165
144 147
144 189
144 205
144 219
145 174
145 195
145 208
145 209
145 211
145 215
146 151
146 248
147 159
147 173
147 234
148 176
149 155
149 170
149 234
150 153
150 189
150 195
150 243
151 181
151 193
151 217
151 219
152 155
152 203
152 232
153 183
154 164
154 234
154 235
154 237
154 244
155 195
155 222
156 175
156 212
157 171
157 220
157 237
158 204
159 193
159 198
160 183
160 191
161 162
161 178
162 241
163 195
163 236
164 179
164 197
164 204
164 232
164 236
165 176
165 216
165 247
166 169
166 208
166 221
166 240
167 218
167 235
168 214
168 227
169 175
169 217
169 241
170 201
170 231
171 185
171 186
171 193
171 215
171 227
171 241
172 187
172 217
172 231
173 191
173 203
174 193
175 182
175 220
175 223
175 225
175 246
176 217
177 195
177 208
177 211
177 232
177 245
178 184
178 225
179 230
180 209
180 218
180 229
180 230
180 243
181 231
182 208
182 236
183 212
183 218
184 219
184 224
184 228
185 192
185 207
185 220
186 205
186 221
187 188
187 234
187 244
189 206
189 218
190 199
190 200
190 248
191 221
191 238
192 232
195 204
195 228
197 202
197 228
197 236
197 246
198 221
200 210
200 246
201 207
202 210
202 220
202 235
202 240
203 216
203 245
204 246
205 230
205 240
207 220
208 238
208 239
209 236
210 222
210 246
211 212
211 216
211 233
211 247
212 238
212 249
213 221
213 236
214 234
216 217
217 245
218 233
220 222
221 227
222 225
222 233
223 228
223 242
225 236
225 241
226 236
226 239
227 243
229 239
230 248
234 239
235 239
239 246
244 247
