0 21
0 106
0 136
0 152
0 247
1 47
1 126
1 133
1 174
1 179
1 200
1 207
1 209
1 228
2 27
2 194
2 227
3 28
3 51
3 98
3 161
3 174
3 195
3 201
3 206
3 211
4 32
4 96
4 129
4 138
4 207
4 240
5 52
5 73
5 82
5 108
5 113
5 153
5 225
6 10
6 20
6 152
6 167
6 218
6 242
7 26
7 30
7 154
7 230
7 243
8 30
8 133
8 163
8 185
9 25
9 53
9 91
9 131
9 136
9 148
9 165
9 180
9 214
10 123
10 176
10 182
11 77
11 78
11 87
11 129
11 138
11 172
11 194
12 49
12 59
12 79
12 135
12 210
13 20
13 65
13 101
13 104
13 249
14 22
14 127
14 161
14 194
15 39
15 72
15 117
15 144
15 183
15 192
15 206
15 222
15 231
16 80
16 116
16 122
16 191
16 212
16 228
17 47
17 56
17 92
17 95
17 127
17 143
17 157
17 235
17 243
18 38
18 76
18 79
18 235
19 23
19 24
19 144
19 247
20 110
21 35
21 44
21 105
21 121
21 129
21 138
21 164
21 194
22 25
22 54
22 55
22 61
22 83
23 32
23 35
23 124
23 137
23 145
23 240
24 85
24 92
24 98
24 209
24 244
25 43
25 67
25 118
25 138
25 173
26 56
26 65
26 108
26 173
26 188
26 209
26 234
27 28
27 34
27 75
27 89
27 90
27 107
27 121
27 138
27 168
27 184
27 222
28 66
28 110
28 171
28 180
29 198
29 235
30 47
30 67
30 90
30 100
30 208
30 244
31 42
31 78
31 99
31 106
31 152
31 162
31 245
32 33
32 60
32 103
32 118
32 144
32 154
32 161
32 229
33 78
33 215
33 244
34 91
34 120
34 124
34 136
34 169
34 248
35 100
35 193
35 214
35 235
35 246
36 76
36 79
36 173
36 219
37 61
37 170
37 226
37 245
38 196
38 217
39 77
39 98
39 105
39 114
39 207
39 230
39 231
40 60
40 62
40 63
40 74
40 82
40 109
41 48
41 80
41 111
41 171
41 192
41 205
41 206
41 221
41 242
42 77
42 144
42 174
42 185
42 211
43 78
43 136
43 142
43 160
43 184
43 232
44 47
44 56
44 101
44 150
45 89
45 191
45 224
46 100
46 183
46 209
46 240
47 49
47 52
47 140
47 183
48 85
48 107
48 193
48 197
48 199
48 242
49 60
49 95
49 155
50 74
50 77
50 189
50 197
50 214
51 55
51 66
51 72
51 96
51 117
51 195
51 211
51 225
52 73
52 220
52 227
52 232
53 71
53 139
53 166
53 187
53 249
54 80
54 84
54 176
55 56
55 61
55 104
55 126
56 90
56 151
56 193
56 241
57 89
57 90
57 193
57 221
58 85
58 90
58 158
58 174
58 197
58 199
58 210
58 213
58 218
58 221
59 144
59 155
59 198
59 222
59 225
59 249
60 90
60 106
60 135
60 171
61 73
61 74
61 78
61 88
61 90
62 91
62 105
62 109
62 130
62 133
62 243
63 90
63 94
63 174
63 180
63 187
63 224
64 149
65 101
65 125
65 138
65 146
65 173
65 177
65 179
65 191
65 223
65 249
66 125
66 192
66 214
66 226
67 81
67 170
67 188
67 196
68 121
68 142
68 214
68 243
69 96
69 119
70 113
70 156
70 180
70 188
70 210
70 227
70 239
71 88
71 143
71 153
71 171
72 82
72 86
72 88
72 112
72 115
72 129
72 130
72 190
72 196
72 224
73 81
73 170
73 175
73 181
73 184
73 225
74 116
74 143
74 173
74 216
74 229
74 242
75 89
75 120
75 144
75 209
76 90
76 92
76 117
76 142
76 144
76 150
76 151
76 188
76 195
76 219
76 227
77 101
78 168
78 170
78 213
78 214
78 226
79 118
79 195
80 89
80 105
80 109
80 161
80 180
80 209
81 94
81 244
82 135
82 144
82 199
83 112
83 141
83 189
83 212
83 216
83 219
84 98
84 167
84 196
85 105
85 126
85 154
85 203
86 88
86 118
86 125
86 168
86 185
86 193
86 206
87 142
87 209
87 218
88 154
88 197
88 226
89 123
90 119
91 95
91 158
91 242
92 133
92 139
92 147
92 184
94 100
94 119
94 156
94 170
94 172
94 243
95 135
96 130
97 111
97 120
97 177
97 184
97 245
98 163
98 172
98 185
98 214
98 223
98 236
98 243
99 125
99 155
99 186
99 207
99 216
99 218
100 140
100 164
100 199
101 200
101 237
102 207
102 248
103 116
103 167
103 208
104 117
104 121
104 146
104 154
104 171
104 189
104 200
104 220
105 171
105 222
105 225
106 114
106 119
106 238
106 248
107 109
107 125
107 133
107 168
107 206
107 242
107 249
108 131
108 153
108 180
108 214
108 233
110 121
110 135
110 136
110 193
111 123
111 145
111 217
111 244
112 167
112 172
112 179
112 232
112 240
112 241
113 153
113 172
113 193
114 130
114 198
114 204
115 124
115 132
117 123
117 219
117 232
118 121
118 229
119 225
119 230
120 137
120 192
121 176
121 198
121 211
121 233
122 157
122 171
122 205
122 215
123 165
124 162
124 172
124 210
124 229
125 143
125 221
125 236
126 166
126 205
126 206
127 191
128 142
128 214
128 235
129 138
130 159
130 173
130 195
130 243
131 189
131 211
131 212
131 215
131 221
133 209
133 246
134 152
134 171
134 205
135 181
135 200
135 242
135 245
136 179
136 202
137 140
137 176
137 179
137 240
138 169
138 198
138 209
140 147
140 169
140 223
141 145
141 186
141 218
141 234
141 235
142 166
142 178
142 233
142 236
142 238
142 241
143 168
143 234
145 167
145 170
145 210
145 219
145 234
146 213
146 227
147 161
148 156
148 172
148 201
148 205
149 158
150 154
150 167
150 227
150 228
151 169
151 184
151 212
151 213
151 226
151 232
151 234
152 194
153 195
154 199
154 239
155 160
155 219
155 231
155 236
156 158
156 186
156 243
157 162
157 195
157 223
157 224
158 200
158 202
158 217
160 227
160 236
161 167
161 221
161 224
162 174
162 179
162 218
162 219
165 186
165 190
165 217
166 175
166 215
166 242
167 231
168 177
168 206
169 188
169 245
170 189
170 195
171 222
171 241
172 216
173 199
173 231
175 228
176 183
176 187
176 189
176 208
176 221
177 183
177 197
177 202
177 233
179 195
179 232
179 238
179 248
180 200
180 208
180 225
180 228
181 187
181 224
182 194
182 241
184 209
184 236
185 247
187 201
188 203
188 210
188 220
188 228
188 243
189 220
190 200
190 244
191 210
191 219
192 204
192 224
193 201
193 206
193 235
194 249
195 215
196 207
197 229
198 231
200 203
200 227
201 233
203 217
203 245
204 229
205 239
205 244
206 212
207 222
207 244
208 245
211 227
212 220
213 231
214 227
220 224
223 238
229 233
229 247
231 243
233 244
237 238
245 249
