0 8
0 10
0 19
0 56
0 80
0 122
0 123
0 188
0 218
0 220
0 224
0 249
1 8
1 65
1 70
1 76
1 140
1 154
1 164
2 18
2 21
2 26
2 40
2 43
2 73
2 98
2 148
2 174
2 183
2 217
2 220
2 230
2 235
3 7
3 12
3 27
3 66
3 69
3 126
3 128
3 142
3 163
3 188
3 194
3 224
4 56
4 78
4 79
4 153
5 30
5 110
5 117
5 130
5 167
5 172
5 220
5 229
6 55
6 76
6 87
6 101
6 119
6 128
6 143
6 196
6 243
7 18
7 34
7 56
7 92
7 114
7 118
7 134
7 144
7 213
7 216
7 239
8 26
8 85
8 106
8 131
8 184
8 206
9 20
9 31
9 32
9 38
9 52
9 139
9 142
9 159
9 204
9 234
10 15
10 25
10 35
10 119
10 137
10 162
11 20
11 68
11 162
11 205
11 240
12 13
12 47
12 120
12 121
12 124
12 141
12 190
13 25
13 43
13 67
13 85
13 89
13 93
13 120
13 163
13 183
13 193
13 219
13 244
14 36
14 61
14 67
14 110
14 134
14 144
14 198
14 201
14 213
15 19
15 24
15 65
15 122
15 179
15 182
16 38
16 57
16 79
16 90
16 93
16 127
16 129
16 180
16 228
17 26
17 62
17 73
17 77
17 86
17 141
17 186
17 188
17 213
17 222
18 22
18 31
18 43
18 52
18 66
18 93
18 95
18 111
18 142
18 174
18 215
19 34
19 47
19 74
19 80
19 105
19 178
19 218
20 33
20 47
20 61
20 85
20 142
20 167
20 190
20 239
20 242
21 36
21 48
21 73
21 119
21 153
21 233
21 246
22 83
22 202
22 209
22 215
22 238
23 75
23 78
23 136
23 154
23 165
23 168
23 206
23 221
23 244
24 55
24 82
24 98
24 102
24 105
24 127
24 167
24 192
24 203
25 64
25 85
25 88
25 108
25 119
25 154
25 165
25 174
25 201
25 232
26 63
26 136
26 145
26 183
26 225
27 61
27 79
27 90
27 109
27 198
27 249
28 57
28 59
28 75
28 90
28 119
28 132
28 145
28 190
28 195
28 209
29 52
29 85
29 114
29 125
29 130
29 132
29 146
29 164
29 165
29 186
29 228
30 38
30 81
30 82
30 139
30 151
30 186
30 197
30 242
30 243
31 39
31 69
31 70
31 72
31 75
31 142
31 165
31 173
31 218
31 236
32 38
32 58
32 80
32 125
32 127
32 129
32 139
32 150
32 171
32 223
32 233
32 246
33 43
33 67
33 68
33 113
33 143
34 70
34 72
34 84
34 127
34 148
34 175
34 213
34 246
35 41
35 54
35 82
35 116
35 133
35 157
35 166
35 208
35 216
35 245
36 40
36 58
36 66
36 104
36 124
36 147
36 183
36 196
36 222
36 223
36 239
37 73
37 95
37 107
37 114
37 116
37 120
37 129
37 140
37 147
37 161
38 89
38 127
38 133
38 232
39 51
39 89
39 118
39 190
39 222
39 225
39 228
39 245
40 66
40 122
40 147
40 154
40 170
40 180
40 201
40 237
41 53
41 81
41 88
41 163
41 188
41 200
41 215
41 226
42 67
42 93
42 113
42 144
42 165
42 182
42 186
42 228
43 60
43 79
43 98
43 121
43 138
43 175
43 192
43 213
43 222
44 83
44 86
44 100
44 116
44 209
45 67
45 74
45 104
45 112
45 113
45 213
45 220
45 243
46 77
46 83
46 106
46 123
46 137
46 149
46 170
47 61
47 103
47 123
47 132
47 133
47 153
47 159
47 160
47 166
47 224
47 249
48 63
48 89
48 131
48 160
48 162
48 176
48 188
48 233
49 61
49 123
49 126
49 142
49 144
49 149
49 174
49 180
49 185
49 198
50 60
50 78
50 93
50 97
50 133
50 171
50 209
50 220
50 221
50 227
50 246
51 118
51 138
51 144
51 165
51 178
51 237
52 122
52 140
52 142
52 147
52 156
52 183
52 196
52 215
52 232
52 248
53 66
53 99
53 120
53 172
53 246
54 65
54 74
54 103
54 117
54 120
54 198
54 239
55 73
55 102
55 110
55 115
55 120
55 146
55 168
55 172
55 194
56 86
56 101
56 107
56 126
56 152
56 210
56 221
56 231
57 83
57 104
57 114
57 123
57 132
57 146
57 228
57 241
58 66
58 72
58 113
58 114
58 115
58 157
58 160
58 161
58 229
59 80
59 104
59 156
59 176
59 202
60 67
60 75
60 107
60 156
60 178
61 99
61 118
61 147
61 153
61 191
61 210
61 249
62 83
62 93
62 110
62 150
62 157
62 167
62 183
62 196
62 200
62 211
62 221
62 224
63 71
63 83
63 100
63 115
63 191
63 223
63 224
63 240
64 103
64 105
64 111
64 126
64 158
64 161
64 184
64 215
64 241
64 243
65 71
65 75
65 126
65 129
65 132
65 165
65 226
66 70
66 72
66 93
66 97
66 107
66 112
66 155
66 156
66 166
66 180
66 199
66 216
66 230
66 236
67 133
67 140
67 144
67 163
67 183
67 209
68 80
68 87
68 98
68 116
68 143
68 146
68 150
68 158
68 165
68 205
69 73
69 151
69 189
69 193
69 195
70 73
70 101
70 126
70 173
70 240
71 84
71 125
71 129
71 144
71 163
71 186
71 204
71 208
71 235
72 79
72 91
72 96
72 178
72 180
72 213
72 215
72 218
72 219
72 243
73 84
73 119
73 157
73 169
73 174
73 175
73 196
73 198
73 208
73 234
74 86
74 121
74 129
74 241
75 109
75 133
75 179
75 186
75 227
75 234
75 242
76 100
76 102
76 104
76 117
76 146
76 217
76 224
76 233
76 236
77 120
77 121
77 126
77 170
77 178
77 199
77 216
77 220
77 239
78 117
78 118
78 133
78 215
78 219
78 229
78 240
79 81
79 123
79 161
79 187
79 188
79 195
79 199
79 220
79 235
79 243
80 190
80 203
80 229
80 249
81 110
81 124
81 177
81 205
81 215
81 224
81 227
81 237
81 242
82 125
82 227
82 246
83 133
83 144
83 184
83 195
84 102
84 132
84 165
84 177
85 102
85 143
85 150
85 159
85 183
85 206
85 208
85 223
86 94
86 235
86 237
87 120
87 148
87 200
87 209
87 245
87 247
88 111
88 120
88 128
88 130
88 150
88 163
88 242
89 132
89 140
89 197
89 202
89 206
90 153
90 199
91 93
91 104
91 124
91 150
91 224
91 241
92 112
92 159
92 169
92 190
92 213
92 231
93 106
93 132
93 141
93 149
93 182
93 194
93 206
94 104
94 117
94 145
94 161
94 163
94 237
95 108
95 128
95 148
95 151
95 227
95 231
95 235
96 97
96 152
96 180
96 222
97 111
97 187
98 129
98 136
98 160
98 174
99 104
99 117
99 134
99 146
99 182
99 193
100 112
100 165
100 195
100 237
101 108
101 134
101 167
101 209
101 210
102 110
102 120
102 130
102 160
102 218
102 240
102 243
103 114
103 123
103 125
103 141
103 153
103 210
103 225
104 110
104 158
104 198
104 213
104 249
105 118
105 124
105 138
105 182
105 226
105 232
106 127
106 150
106 236
106 246
107 129
107 149
107 165
107 200
107 230
107 236
107 245
108 121
108 124
109 142
109 148
109 163
109 173
109 203
109 240
110 153
110 166
110 173
110 184
110 242
111 121
111 166
111 172
111 195
112 150
112 201
112 202
112 227
112 234
113 114
113 167
113 176
113 217
113 225
113 232
113 237
114 138
114 139
114 162
114 184
114 192
114 198
114 200
114 208
114 231
115 146
115 190
115 213
115 239
115 248
116 135
116 184
116 237
117 186
117 193
117 198
118 121
118 145
118 147
118 155
118 177
118 203
119 163
119 236
119 237
120 128
120 154
120 181
120 190
120 248
120 249
121 131
121 139
121 188
121 215
121 244
122 182
122 211
123 125
123 151
123 163
123 199
123 210
123 229
123 242
123 244
124 137
124 189
124 202
125 151
125 171
125 181
125 207
126 148
126 152
126 171
126 205
126 220
126 240
127 152
127 198
127 222
127 233
127 237
128 145
128 201
128 236
129 137
129 142
129 148
129 194
129 217
129 218
129 231
129 246
130 148
130 166
130 167
130 188
130 209
131 150
131 167
132 159
132 165
132 183
132 184
132 229
133 160
133 162
133 214
133 238
134 191
134 200
134 206
134 234
135 139
135 226
135 235
136 150
136 177
136 197
136 202
136 205
136 217
136 226
137 139
137 153
137 240
138 204
138 214
139 157
139 233
140 197
140 221
140 246
141 168
141 224
142 151
142 223
143 147
143 156
143 168
143 174
143 182
143 242
143 245
144 211
145 167
145 181
145 228
145 242
146 150
146 170
146 174
146 219
146 228
147 149
147 190
147 198
148 150
148 167
148 192
148 238
149 152
149 192
149 211
149 243
150 171
150 194
150 202
150 209
150 232
150 236
151 177
151 178
151 202
151 210
151 249
152 153
152 188
152 195
152 212
152 232
153 170
153 177
153 183
153 190
153 232
153 236
153 241
154 163
154 183
154 195
154 210
154 219
154 229
154 239
155 176
155 240
156 187
156 196
156 205
156 214
157 187
157 235
157 241
158 173
158 183
158 216
159 165
159 190
159 198
159 203
159 209
159 229
159 241
160 212
160 224
160 230
161 202
161 229
162 214
162 243
163 202
163 204
163 216
163 227
163 233
164 185
164 205
164 209
165 189
165 191
165 192
165 230
165 239
166 173
166 174
166 177
166 198
166 201
167 192
167 217
168 197
168 208
168 216
168 248
169 186
169 188
169 202
169 248
170 185
170 202
170 220
170 224
170 233
171 175
171 198
171 210
171 214
171 229
172 207
172 220
173 203
173 209
173 233
174 185
174 188
174 204
174 217
175 249
176 189
176 200
176 221
176 238
176 243
176 247
177 233
178 248
178 249
179 190
179 193
179 230
180 201
180 210
182 217
182 226
182 246
183 221
183 231
183 240
184 191
184 240
185 193
185 239
185 241
186 188
186 207
186 213
186 218
187 227
187 234
187 245
188 209
188 248
189 220
189 221
190 225
190 245
191 216
192 198
192 202
192 212
192 215
193 209
193 210
193 232
193 246
195 203
195 217
195 237
197 222
197 228
197 237
197 246
198 218
198 229
199 214
199 228
200 201
200 221
200 230
201 204
201 210
201 217
201 241
202 205
202 234
202 248
203 218
204 226
205 217
206 221
206 226
207 225
207 236
207 241
208 214
209 210
209 241
210 222
211 218
212 229
213 228
214 221
215 236
216 239
218 235
218 243
219 221
221 229
223 246
224 246
225 243
227 228
228 229
230 231
232 249
234 239
235 238
237 243
238 244
240 248
