0 28
0 175
0 197
1 71
1 167
2 14
2 190
3 77
3 103
4 48
4 65
4 101
4 111
4 126
4 199
5 69
5 79
5 173
5 217
5 232
5 238
6 9
6 119
6 152
6 161
6 191
6 204
6 211
7 33
7 45
7 103
7 118
7 137
7 154
8 56
8 63
8 93
8 106
8 152
9 64
9 79
10 34
10 42
10 88
10 94
10 181
10 196
10 224
11 74
11 104
11 127
11 145
11 149
12 54
12 64
12 85
12 114
13 81
13 91
13 110
14 30
14 104
14 128
14 131
14 183
15 93
16 17
16 70
16 77
16 130
16 212
17 135
17 137
18 33
18 44
18 230
18 243
18 245
19 33
19 114
19 145
19 204
19 235
21 78
21 130
22 24
22 96
22 169
23 150
23 187
24 96
24 163
24 189
25 47
25 91
25 112
25 142
25 247
26 160
27 46
28 74
28 78
28 80
28 130
29 91
29 145
30 63
30 131
30 214
31 68
31 92
31 118
31 184
32 160
32 172
33 78
33 105
33 131
33 211
34 155
35 37
35 239
36 118
36 187
36 219
37 91
37 155
37 190
38 140
38 157
38 225
38 226
40 53
40 89
40 148
40 213
41 53
41 109
41 111
41 183
41 249
42 183
42 240
43 231
43 247
44 150
44 174
44 190
45 84
45 184
45 198
46 87
46 107
47 66
47 127
47 190
48 155
48 203
48 204
49 113
49 115
49 138
49 215
49 220
50 85
51 128
52 65
52 93
52 144
52 162
53 184
54 87
54 127
54 133
54 152
54 185
54 221
55 103
55 122
55 230
56 83
56 84
56 138
56 181
57 87
57 185
57 227
57 245
57 249
58 70
58 119
58 147
58 196
59 100
59 119
59 145
59 240
60 122
61 132
61 141
61 171
61 230
62 96
62 165
62 239
63 82
63 181
64 145
64 154
64 245
65 98
65 99
67 155
67 238
68 85
68 141
68 206
68 210
69 72
69 123
70 82
70 107
70 110
70 197
70 227
70 236
70 243
71 171
71 229
72 107
73 133
73 220
73 227
74 95
75 244
76 106
76 241
76 247
77 218
78 107
78 128
78 160
78 217
80 124
80 180
81 105
81 153
81 212
82 156
82 191
83 103
83 136
83 175
83 222
83 228
84 94
84 127
84 188
85 139
85 204
85 233
85 235
86 92
86 123
86 237
87 152
87 208
87 216
87 222
87 243
88 89
88 179
89 139
89 144
90 122
90 125
90 223
90 228
91 121
92 144
92 189
92 198
93 107
93 239
94 107
94 121
94 144
94 151
95 132
95 159
95 192
96 128
96 163
96 189
96 232
97 124
97 139
97 162
97 164
98 196
99 105
99 110
99 111
99 148
99 192
99 193
100 195
100 236
101 246
101 248
102 127
102 167
102 173
102 210
102 223
103 139
103 188
104 116
104 155
104 217
105 225
106 131
106 155
107 172
107 205
109 115
110 124
110 165
110 215
110 219
111 120
111 138
111 167
111 214
112 162
112 223
113 172
114 169
114 209
115 123
116 149
117 125
117 231
118 226
119 126
119 195
119 197
119 232
120 137
124 154
124 174
124 179
124 236
125 150
125 223
126 243
128 131
128 146
128 157
128 209
128 246
129 134
129 218
130 165
130 196
130 222
130 229
131 192
131 205
132 174
137 214
137 223
137 241
139 238
140 217
141 158
141 207
142 155
142 184
142 232
143 218
145 165
145 172
145 222
146 174
146 223
148 219
150 174
150 188
150 204
150 224
151 197
151 239
152 185
152 215
152 221
152 227
154 191
156 205
156 240
156 245
158 200
158 244
159 186
159 211
159 229
159 235
160 216
161 194
162 194
162 195
163 197
164 176
164 194
164 231
166 194
167 189
167 246
169 173
169 219
175 188
175 209
175 218
176 197
178 207
178 221
179 192
179 199
180 221
180 240
181 206
184 187
185 227
186 201
186 213
187 248
188 195
188 211
191 200
191 242
193 207
194 229
195 198
196 236
197 218
200 239
201 217
202 211
205 236
206 241
209 213
209 214
210 249
211 238
212 228
214 225
216 222
217 248
228 233
228 238
228 243
228 249
233 243
235 238
235 239
239 244
240 247
242 244
