0 38
0 60
0 110
0 128
0 138
0 156
0 167
0 174
0 179
0 200
0 208
0 209
0 225
0 233
0 240
0 249
1 23
1 25
1 54
1 55
1 68
1 79
1 90
1 93
1 100
1 143
1 145
1 158
1 170
1 175
1 181
1 182
1 188
1 228
2 5
2 28
2 35
2 44
2 46
2 53
2 54
2 55
2 90
2 100
2 121
2 125
2 136
2 144
2 157
2 167
2 173
2 190
2 216
2 228
2 234
3 7
3 10
3 19
3 40
3 46
3 49
3 53
3 54
3 57
3 75
3 82
3 83
3 93
3 105
3 142
3 178
3 183
3 191
3 198
3 211
3 227
3 233
3 235
4 12
4 18
4 34
4 44
4 60
4 80
4 82
4 94
4 97
4 122
4 134
4 137
4 149
4 150
4 195
4 196
4 205
4 209
4 210
4 214
4 216
4 240
4 241
5 16
5 21
5 24
5 27
5 28
5 30
5 68
5 83
5 88
5 132
5 148
5 177
5 189
5 222
5 232
6 8
6 20
6 22
6 26
6 43
6 73
6 78
6 80
6 91
6 98
6 124
6 127
6 172
6 175
6 180
6 202
6 204
6 210
6 248
7 36
7 42
7 47
7 51
7 68
7 119
7 153
7 157
7 160
7 178
7 179
7 196
7 202
7 205
7 209
7 226
7 229
7 238
7 242
7 249
8 29
8 43
8 58
8 68
8 69
8 87
8 89
8 91
8 100
8 108
8 109
8 114
8 150
8 157
8 159
8 164
8 169
8 193
8 195
8 205
8 207
8 231
8 233
8 235
8 238
9 26
9 33
9 50
9 75
9 87
9 91
9 103
9 120
9 132
9 140
9 202
9 204
9 208
9 242
10 12
10 43
10 61
10 94
10 112
10 116
10 118
10 119
10 121
10 142
10 143
10 149
10 159
10 167
10 186
10 200
10 205
10 212
10 214
10 223
10 249
11 15
11 36
11 39
11 112
11 120
11 130
11 141
11 146
11 147
11 156
11 173
11 175
11 188
11 205
11 213
11 218
11 220
11 227
11 244
12 16
12 24
12 31
12 33
12 35
12 43
12 48
12 64
12 67
12 68
12 85
12 104
12 123
12 124
12 126
12 132
12 141
12 157
12 165
12 170
12 198
12 204
12 207
12 223
12 237
13 25
13 34
13 42
13 48
13 55
13 66
13 69
13 74
13 87
13 118
13 144
13 147
13 158
13 163
13 169
13 171
13 244
13 245
13 246
13 247
14 20
14 35
14 66
14 70
14 77
14 78
14 106
14 149
14 152
14 178
14 183
14 193
14 195
14 197
14 212
14 219
14 245
15 45
15 48
15 73
15 76
15 95
15 106
15 124
15 127
15 136
15 160
15 188
15 196
15 234
16 17
16 19
16 24
16 56
16 59
16 65
16 69
16 73
16 75
16 95
16 97
16 125
16 136
16 142
16 157
16 158
16 173
16 196
16 201
16 203
16 209
16 212
16 214
16 217
16 220
16 225
16 246
17 22
17 29
17 32
17 53
17 83
17 84
17 99
17 109
17 116
17 117
17 130
17 132
17 138
17 144
17 160
17 163
17 167
17 183
17 198
17 216
17 236
18 21
18 22
18 25
18 32
18 61
18 94
18 101
18 108
18 140
18 144
18 154
18 171
18 184
18 208
18 219
18 237
19 21
19 30
19 39
19 49
19 65
19 67
19 73
19 78
19 85
19 95
19 99
19 111
19 128
19 158
19 193
19 195
19 198
19 216
19 224
19 238
20 23
20 47
20 60
20 69
20 83
20 108
20 159
20 183
20 190
20 200
20 221
20 235
21 25
21 37
21 42
21 63
21 81
21 88
21 91
21 95
21 98
21 100
21 137
21 151
21 152
21 153
21 167
21 173
21 191
21 201
21 204
21 210
21 212
21 225
22 32
22 44
22 57
22 71
22 75
22 95
22 97
22 133
22 150
22 154
22 158
22 165
22 188
22 203
22 239
23 34
23 62
23 80
23 81
23 98
23 100
23 110
23 124
23 133
23 141
23 145
23 147
23 167
23 196
23 199
23 215
23 222
23 223
23 227
23 239
23 240
23 248
24 32
24 35
24 57
24 75
24 91
24 105
24 128
24 214
24 235
24 246
25 34
25 54
25 61
25 87
25 91
25 97
25 122
25 133
25 135
25 139
25 146
25 150
25 153
25 164
25 187
25 199
25 202
25 204
25 206
25 216
25 230
25 235
25 236
25 240
25 246
26 33
26 53
26 62
26 105
26 111
26 112
26 131
26 132
26 142
26 177
26 182
26 207
26 209
26 210
26 223
26 246
27 34
27 40
27 49
27 57
27 62
27 85
27 97
27 110
27 111
27 114
27 145
27 158
27 159
27 197
27 201
27 244
27 249
28 52
28 61
28 63
28 96
28 111
28 127
28 146
28 148
28 150
28 167
28 181
28 198
28 202
28 223
28 225
28 228
28 238
29 31
29 33
29 45
29 49
29 53
29 103
29 128
29 134
29 135
29 143
29 152
29 173
29 185
29 207
29 217
29 240
30 36
30 43
30 47
30 48
30 71
30 81
30 88
30 103
30 109
30 110
30 116
30 129
30 140
30 141
30 149
30 180
30 181
30 188
30 205
30 210
30 215
30 217
30 225
30 228
31 42
31 52
31 81
31 90
31 94
31 96
31 119
31 142
31 159
31 161
31 167
31 171
31 179
31 186
31 187
31 189
31 193
31 194
31 196
31 211
31 222
31 230
32 33
32 65
32 72
32 74
32 89
32 94
32 114
32 136
32 140
32 148
32 187
32 189
32 190
32 198
32 199
32 215
32 218
32 221
32 234
33 35
33 68
33 98
33 100
33 104
33 117
33 120
33 131
33 163
33 168
33 182
33 184
33 186
33 197
33 211
33 228
33 235
34 47
34 70
34 90
34 100
34 138
34 143
34 158
34 178
34 187
34 193
34 207
34 211
34 230
34 236
34 238
34 241
35 44
35 46
35 51
35 58
35 81
35 93
35 106
35 115
35 127
35 137
35 139
35 188
35 202
35 227
36 37
36 39
36 49
36 54
36 58
36 70
36 95
36 108
36 125
36 126
36 130
36 131
36 132
36 143
36 151
36 219
36 225
36 228
36 235
36 237
36 238
36 243
36 248
37 40
37 56
37 65
37 68
37 76
37 87
37 98
37 143
37 144
37 155
37 188
37 206
37 213
37 219
37 226
37 235
37 249
38 41
38 47
38 50
38 58
38 80
38 86
38 87
38 94
38 139
38 147
38 168
38 226
38 240
39 42
39 47
39 67
39 69
39 88
39 95
39 113
39 114
39 177
39 196
39 198
39 225
39 228
40 64
40 66
40 86
40 101
40 110
40 118
40 120
40 135
40 169
40 180
40 181
40 192
40 224
40 232
40 234
40 242
41 46
41 90
41 112
41 117
41 152
41 153
41 162
41 197
41 203
41 221
41 228
41 238
41 242
42 47
42 60
42 77
42 78
42 92
42 109
42 113
42 118
42 145
42 146
42 168
42 170
42 187
42 190
42 191
42 209
42 217
42 220
42 225
42 233
42 242
43 50
43 55
43 65
43 73
43 88
43 107
43 132
43 153
43 163
43 177
43 180
43 206
43 215
43 226
44 45
44 52
44 54
44 56
44 63
44 81
44 108
44 112
44 127
44 130
44 147
44 148
44 171
44 189
44 200
44 204
44 221
44 234
45 48
45 60
45 68
45 98
45 103
45 115
45 135
45 156
45 172
45 174
45 177
45 194
45 211
46 48
46 51
46 52
46 59
46 78
46 79
46 83
46 85
46 100
46 105
46 131
46 149
46 156
46 160
46 214
46 225
46 236
46 245
47 52
47 53
47 70
47 87
47 92
47 109
47 125
47 137
47 151
47 158
47 159
47 186
47 212
47 246
48 73
48 89
48 90
48 137
48 140
48 142
48 144
48 151
48 167
48 175
48 179
48 188
48 203
48 242
48 246
48 247
49 51
49 52
49 68
49 69
49 74
49 76
49 98
49 110
49 112
49 135
49 207
49 224
49 228
50 52
50 62
50 84
50 85
50 104
50 137
50 138
50 140
50 145
50 157
50 166
50 167
50 173
50 196
50 197
50 230
50 248
51 68
51 79
51 107
51 141
51 152
51 158
51 176
51 211
51 228
51 232
51 237
51 238
52 65
52 68
52 70
52 89
52 99
52 110
52 119
52 124
52 126
52 130
52 134
52 136
52 137
52 139
52 143
52 144
52 152
52 160
52 183
52 190
52 222
52 231
52 243
53 59
53 84
53 112
53 127
53 146
53 151
53 153
53 157
53 166
53 182
53 185
53 215
53 219
53 221
53 226
53 242
53 245
54 55
54 67
54 143
54 154
54 164
54 169
54 201
54 207
54 223
54 230
54 243
55 59
55 145
55 161
55 171
55 174
55 230
56 75
56 79
56 97
56 99
56 110
56 113
56 165
56 174
56 180
56 203
56 207
56 216
57 58
57 61
57 76
57 124
57 146
57 182
57 183
57 202
57 209
57 224
57 227
57 232
57 238
58 75
58 101
58 104
58 119
58 154
58 163
58 169
58 170
58 174
58 179
58 180
58 188
58 198
58 218
58 222
58 226
58 228
58 229
58 246
59 73
59 74
59 93
59 104
59 108
59 113
59 116
59 121
59 190
59 192
59 197
59 199
59 211
59 225
59 237
59 240
60 62
60 64
60 70
60 76
60 86
60 105
60 153
60 154
60 156
60 187
60 202
60 215
60 227
60 240
60 243
61 62
61 67
61 75
61 77
61 82
61 85
61 172
61 176
61 193
61 195
61 217
61 219
62 64
62 66
62 70
62 80
62 99
62 102
62 110
62 133
62 190
62 194
62 195
62 206
62 213
62 219
62 224
62 227
63 89
63 103
63 138
63 144
63 153
63 157
63 170
63 172
63 181
63 195
63 219
63 234
63 245
64 87
64 91
64 100
64 132
64 140
64 145
64 153
64 159
64 166
64 172
64 192
64 206
64 221
65 66
65 90
65 97
65 105
65 122
65 132
65 133
65 139
65 144
65 150
65 157
65 160
65 163
65 169
65 176
65 197
65 223
65 228
65 242
65 243
65 245
65 248
66 71
66 74
66 77
66 110
66 114
66 135
66 150
66 161
66 173
66 208
66 216
66 221
66 243
67 74
67 95
67 98
67 114
67 119
67 124
67 137
67 139
67 144
67 145
67 160
67 165
67 205
67 220
67 227
68 69
68 76
68 110
68 122
68 131
68 134
68 138
68 143
68 151
68 159
68 161
68 170
68 177
68 223
68 228
68 232
68 237
68 246
69 77
69 89
69 102
69 112
69 118
69 119
69 140
69 142
69 146
69 153
69 207
69 214
69 235
70 71
70 74
70 116
70 118
70 164
70 166
70 192
70 207
70 212
70 228
70 230
70 233
70 248
71 96
71 107
71 109
71 120
71 136
71 173
71 192
71 198
71 206
71 213
71 217
71 238
72 79
72 82
72 83
72 146
72 152
72 156
72 159
72 210
73 82
73 135
73 137
73 150
73 158
73 161
73 164
73 170
73 171
73 185
73 188
73 190
73 195
73 199
73 247
74 77
74 83
74 93
74 99
74 106
74 119
74 137
74 177
74 181
74 188
74 195
74 204
74 227
75 76
75 84
75 88
75 90
75 92
75 102
75 111
75 113
75 133
75 134
75 145
75 164
75 171
75 172
75 173
75 205
75 207
75 210
75 246
76 82
76 88
76 89
76 95
76 97
76 106
76 122
76 129
76 131
76 151
76 159
76 164
76 166
76 217
76 236
76 247
77 83
77 114
77 120
77 125
77 153
77 171
77 176
77 200
77 203
77 219
77 220
77 244
78 92
78 110
78 119
78 124
78 144
78 191
78 195
78 203
78 249
79 80
79 81
79 82
79 88
79 108
79 113
79 115
79 125
79 127
79 135
79 140
79 148
79 150
79 160
79 162
79 163
79 199
79 208
79 236
80 83
80 88
80 95
80 109
80 125
80 146
80 147
80 149
80 153
80 186
80 190
80 201
80 203
80 220
80 229
80 233
80 241
81 97
81 111
81 141
81 142
81 183
81 184
81 195
81 208
81 215
81 230
82 98
82 106
82 114
82 116
82 117
82 119
82 141
82 148
82 152
82 194
82 212
82 221
82 224
82 230
83 87
83 137
83 172
83 178
83 186
83 206
83 211
83 237
84 96
84 120
84 129
84 164
84 170
84 208
84 214
84 218
84 221
84 232
84 242
84 248
85 91
85 97
85 100
85 106
85 140
85 142
85 146
85 155
85 173
85 177
85 182
85 188
85 200
85 215
86 89
86 108
86 109
86 116
86 124
86 125
86 127
86 131
86 141
86 144
86 150
86 167
86 178
86 182
86 188
86 204
86 206
86 221
86 224
86 229
86 230
86 237
87 88
87 100
87 106
87 123
87 129
87 131
87 133
87 149
87 163
87 189
87 198
87 203
87 215
87 233
87 243
88 93
88 96
88 99
88 105
88 132
88 134
88 143
88 149
88 155
88 157
88 171
88 176
88 182
88 196
88 217
88 231
88 235
88 247
89 96
89 99
89 112
89 142
89 143
89 156
89 179
89 195
89 203
89 231
90 126
90 131
90 135
90 148
90 157
90 160
90 168
90 180
90 199
90 200
90 221
90 231
90 234
91 93
91 97
91 113
91 115
91 123
91 128
91 140
91 147
91 148
91 156
91 158
91 191
91 206
91 214
91 224
91 238
92 107
92 122
92 125
92 138
92 147
92 148
92 152
92 166
92 177
92 188
92 191
92 203
92 204
92 207
92 219
92 222
92 229
92 234
93 95
93 123
93 131
93 145
93 146
93 170
93 173
93 195
93 201
93 204
93 243
94 114
94 128
94 130
94 145
94 169
94 174
94 182
94 198
94 209
94 219
94 226
94 235
94 240
95 96
95 98
95 102
95 115
95 117
95 128
95 130
95 163
95 168
95 170
95 181
95 199
95 201
95 210
95 230
95 235
95 238
96 115
96 128
96 159
96 163
96 164
96 166
96 167
96 188
96 205
96 206
96 217
96 225
96 228
96 235
96 239
97 103
97 133
97 149
97 150
97 167
97 168
97 171
97 215
97 220
98 112
98 121
98 123
98 133
98 135
98 136
98 160
98 162
98 164
98 168
98 169
98 170
98 188
98 205
98 215
98 219
98 234
98 235
98 237
99 124
99 130
99 147
99 160
99 189
99 195
99 203
99 211
99 215
99 220
99 234
99 239
100 115
100 132
100 154
100 155
100 163
100 164
100 194
100 228
100 230
100 247
101 113
101 118
101 141
101 149
101 154
101 212
101 218
101 220
101 226
101 232
102 136
102 163
102 172
102 181
102 199
102 204
102 220
102 231
102 237
102 248
103 109
103 140
103 148
103 155
103 158
103 176
103 178
103 185
103 186
103 189
103 194
103 206
103 212
103 218
103 233
103 242
104 120
104 149
104 197
104 198
104 205
104 216
104 218
104 231
105 111
105 119
105 133
105 141
105 170
105 175
105 195
105 198
105 208
105 211
106 130
106 156
106 160
106 176
106 223
106 229
106 236
107 124
107 126
107 144
107 145
107 179
107 186
107 203
107 206
107 215
107 229
108 126
108 157
108 165
108 180
108 182
108 208
108 235
108 236
109 110
109 116
109 153
109 157
109 170
109 173
109 174
109 181
109 196
109 236
109 238
110 111
110 118
110 133
110 134
110 149
110 150
110 165
110 169
110 200
110 216
110 217
111 118
111 138
111 148
111 155
111 177
111 178
111 207
111 218
111 236
111 238
112 130
112 157
112 158
112 167
112 187
112 191
112 203
112 212
112 217
112 221
112 224
112 249
113 115
113 174
113 181
113 185
113 194
113 206
113 240
113 245
114 116
114 137
114 179
114 182
114 186
114 204
114 219
114 221
114 223
114 249
115 117
115 152
115 158
115 168
115 198
115 201
115 202
115 223
115 228
115 248
116 117
116 118
116 120
116 131
116 142
116 185
116 200
116 202
116 230
116 236
116 240
116 241
117 129
117 159
117 162
117 168
117 172
117 187
117 189
117 195
117 199
117 205
117 232
118 130
118 147
118 158
118 162
118 167
118 173
118 193
118 201
118 210
118 226
118 237
118 243
119 126
119 132
119 153
119 157
119 169
119 204
119 209
119 238
119 240
120 128
120 132
120 159
120 177
120 219
120 224
120 244
120 249
121 123
121 133
121 140
121 144
121 149
121 182
121 218
121 226
122 152
122 158
122 162
122 193
122 208
122 209
122 241
122 247
123 136
123 140
123 150
123 152
123 161
123 168
123 184
123 187
123 220
123 235
123 249
124 126
124 131
124 136
124 145
124 147
124 157
124 162
124 186
124 191
124 193
124 200
124 206
124 211
124 218
125 137
125 157
125 159
125 169
125 179
125 182
125 190
125 200
125 221
125 233
125 237
125 240
125 242
125 246
126 129
126 142
126 150
126 160
126 188
126 193
126 199
126 223
126 237
127 130
127 138
127 140
127 145
127 155
127 162
127 168
127 171
127 187
127 195
127 213
127 218
127 243
127 245
128 214
128 223
128 232
128 237
129 134
129 136
129 147
129 154
129 168
129 169
129 173
129 179
129 185
129 204
129 229
129 231
129 234
129 236
129 245
130 146
130 150
130 167
130 194
130 203
130 223
130 225
130 237
130 244
130 249
131 136
131 147
131 153
131 156
131 169
131 176
131 198
131 209
131 210
131 233
132 190
132 202
132 208
132 230
133 140
133 152
133 158
133 180
133 188
133 191
133 201
133 207
133 212
133 222
133 238
133 247
134 140
134 158
134 185
134 186
134 215
134 217
134 232
134 248
135 137
135 145
135 148
135 151
135 159
135 182
135 187
135 188
135 193
135 203
135 207
135 231
135 236
135 242
136 153
136 172
136 179
136 180
136 222
136 224
136 225
136 228
136 230
136 232
136 246
137 144
137 151
137 191
137 217
137 249
138 145
138 146
138 152
138 155
138 172
138 181
138 187
138 188
138 196
138 203
138 209
138 214
138 219
138 230
138 247
138 249
139 141
139 152
139 173
139 181
139 191
139 217
139 219
139 237
139 247
140 145
140 146
140 147
140 155
140 157
140 164
140 166
140 171
140 173
140 174
140 189
140 201
140 202
140 208
140 236
141 156
141 158
141 166
141 170
141 187
141 193
141 219
141 222
141 235
141 240
141 247
142 149
142 209
142 213
142 224
142 229
142 235
143 150
143 161
143 172
143 178
143 180
143 196
143 205
143 206
143 209
143 220
143 230
143 241
144 146
144 163
144 190
144 208
144 218
144 221
144 243
145 152
145 160
145 167
145 185
145 198
145 203
145 210
145 212
145 217
145 245
145 246
146 159
146 167
146 184
146 187
146 206
146 224
146 226
146 228
146 235
146 244
146 245
147 152
147 156
147 186
147 200
147 204
147 233
147 234
147 239
147 247
148 149
148 151
148 175
148 192
148 210
148 212
148 222
148 231
148 239
148 246
149 203
149 231
150 160
150 164
150 175
150 183
150 193
150 197
150 204
150 217
150 224
150 245
150 246
151 162
151 166
151 185
151 192
151 196
151 201
151 239
152 182
152 186
152 190
153 157
153 169
153 170
153 220
153 246
153 247
154 156
154 159
154 170
154 174
154 180
154 187
154 203
154 209
154 222
154 226
155 176
155 178
155 193
155 199
155 219
155 227
156 160
156 182
156 183
156 192
156 215
156 227
157 164
157 166
157 167
157 184
157 197
157 199
157 211
157 216
158 161
158 183
158 192
158 194
158 216
158 218
158 219
158 225
158 242
159 165
159 175
159 176
159 179
159 216
159 221
159 224
159 229
159 246
160 171
160 181
160 225
160 238
160 241
161 187
161 188
161 192
161 197
161 204
161 222
161 227
161 228
162 165
162 170
162 173
162 207
162 209
162 239
162 240
162 246
162 249
163 190
163 195
163 196
163 199
163 201
163 229
163 230
163 231
163 237
163 243
164 175
164 181
164 194
164 208
164 220
164 222
164 225
164 247
164 249
165 170
165 192
165 218
165 231
165 239
165 241
165 246
166 171
166 181
166 214
166 225
166 227
166 236
167 197
167 201
167 223
167 226
167 240
167 245
168 196
168 204
168 228
169 172
169 193
169 200
169 202
169 213
169 216
169 220
169 222
170 176
170 197
170 198
170 201
170 228
170 236
170 245
171 175
172 184
172 187
172 208
172 245
173 175
173 186
173 204
173 209
173 219
173 230
173 233
173 247
174 218
174 219
174 220
174 223
175 177
175 206
175 235
175 240
177 189
177 190
177 205
177 229
177 238
177 241
177 246
178 206
178 235
179 183
179 191
179 217
179 249
180 199
180 222
180 237
180 241
181 190
181 201
181 206
181 219
181 227
181 241
182 189
182 194
182 215
182 224
183 198
183 200
183 208
183 220
184 199
184 210
184 230
184 235
184 237
184 238
184 239
185 191
185 243
185 244
186 216
186 219
186 228
186 229
186 232
187 191
187 197
187 206
187 227
187 231
187 246
187 247
188 226
188 231
188 242
189 209
189 216
189 237
190 193
190 203
190 210
190 228
190 236
190 241
191 195
191 199
191 226
192 207
192 224
192 246
192 249
193 204
193 205
193 208
193 213
193 223
193 224
193 240
194 195
194 199
194 200
194 215
194 233
194 238
195 198
195 199
195 223
195 230
195 238
195 240
195 248
196 203
196 206
196 218
196 227
196 228
196 229
196 236
196 241
197 225
197 228
197 242
198 239
198 245
198 246
199 211
199 220
199 221
199 224
199 229
199 231
200 207
200 212
200 228
200 239
200 242
200 245
200 249
201 206
201 215
201 234
201 244
201 245
202 232
202 235
203 243
205 236
205 245
205 246
205 249
206 207
206 239
206 245
206 247
207 221
207 239
208 210
208 225
208 237
209 222
209 230
209 234
210 211
210 226
210 230
210 239
211 228
212 246
213 216
213 222
213 228
213 232
213 244
214 234
214 240
214 247
215 224
215 227
215 228
215 230
216 224
216 225
216 230
216 236
216 238
216 243
216 249
217 221
218 223
218 237
219 239
219 248
220 222
220 225
220 227
220 231
220 245
221 222
221 236
221 239
222 223
222 225
223 231
223 238
224 229
224 235
225 230
225 236
226 234
227 247
228 235
228 238
230 241
232 237
232 246
233 245
236 238
236 245
238 244
239 246
240 242
240 243
241 243
242 243
242 246
243 248
244 247
245 246
