0 5
0 78
0 149
0 206
1 61
1 111
1 139
1 191
1 211
1 235
2 3
2 17
2 37
2 61
2 102
2 141
2 145
2 156
2 178
2 196
2 197
2 244
3 13
3 14
3 28
3 50
3 119
3 124
3 182
3 213
3 217
3 233
4 32
4 38
4 162
4 198
4 200
5 16
5 118
5 177
5 185
5 191
5 242
6 32
6 91
6 123
6 151
6 167
6 199
6 233
7 8
7 38
7 50
7 151
7 158
8 60
8 174
8 204
9 77
9 99
9 131
9 132
9 139
9 186
9 203
9 240
10 29
10 165
10 238
11 60
11 120
11 133
11 164
11 224
12 14
12 164
12 180
13 55
13 91
13 117
13 127
13 219
14 28
14 114
14 120
14 155
14 217
14 239
15 57
15 183
16 97
16 147
16 216
16 222
17 41
17 69
17 99
17 110
17 138
17 208
17 247
18 71
18 100
18 123
18 151
18 175
18 179
18 182
18 234
19 56
19 99
19 147
20 45
20 57
20 89
20 94
20 151
20 160
20 195
20 205
21 62
21 152
21 186
21 198
21 238
22 24
22 29
22 115
22 204
23 57
23 94
23 98
23 134
23 193
24 72
24 81
24 123
24 213
24 228
25 29
25 156
25 180
25 194
25 244
25 245
26 49
26 58
26 102
26 105
26 121
26 136
26 142
26 187
26 233
27 90
27 99
27 140
27 145
27 195
27 198
27 200
28 55
28 68
28 78
28 122
28 166
28 236
29 51
29 62
29 128
29 139
29 178
29 190
30 114
30 162
30 172
30 182
30 196
31 45
31 113
31 132
31 152
32 47
32 67
32 102
33 47
33 135
33 184
33 191
33 229
33 238
33 239
33 240
34 45
34 78
34 115
34 135
34 178
34 237
35 65
35 96
35 178
36 72
36 87
36 93
36 141
36 172
37 92
37 108
37 109
37 210
37 235
37 242
38 43
38 54
38 56
38 59
38 98
38 105
38 129
38 137
38 138
38 151
38 234
38 238
39 158
39 187
39 189
39 219
40 60
40 95
40 109
40 134
40 161
40 206
41 91
41 117
41 125
41 177
42 43
42 58
42 84
42 121
42 170
42 185
42 199
43 73
43 83
43 94
43 123
43 170
44 54
44 128
45 56
45 64
45 106
45 131
45 143
45 173
45 178
45 183
45 228
45 235
46 77
46 85
47 112
47 144
47 226
47 229
48 59
48 115
48 122
48 131
48 176
48 180
48 181
48 202
48 229
49 134
49 137
49 173
50 94
50 103
50 159
50 190
50 201
50 242
50 246
51 93
51 126
51 181
51 193
51 210
51 222
52 145
52 166
52 193
52 204
52 228
52 230
53 79
53 86
53 160
53 174
53 196
53 234
54 57
54 86
54 90
54 110
54 231
55 56
55 87
55 103
55 208
55 222
55 230
56 64
56 156
57 87
57 115
59 163
59 182
59 183
59 234
60 103
60 184
60 188
60 227
61 92
61 147
61 151
61 177
61 189
61 204
62 130
62 132
62 168
62 180
63 82
63 128
63 146
63 178
63 198
63 208
64 71
64 88
64 110
64 203
64 212
65 70
65 96
65 122
65 173
65 196
65 201
65 239
65 243
66 120
66 133
66 146
67 139
67 178
68 74
69 71
69 124
69 126
69 156
69 157
69 226
70 73
70 124
70 140
70 148
70 185
70 212
70 235
71 107
71 192
72 124
72 129
72 137
72 182
73 82
73 148
73 155
73 157
73 177
73 231
73 241
74 89
75 169
75 184
76 77
76 82
76 83
76 87
76 102
76 157
76 188
76 216
76 233
76 248
77 170
78 89
78 192
78 193
79 92
79 127
79 132
79 158
79 174
79 198
79 209
79 227
80 91
80 127
80 140
80 180
80 182
80 234
80 243
81 83
81 102
81 118
81 122
81 155
81 158
81 199
82 111
82 115
82 187
82 199
82 202
82 229
83 123
83 225
84 102
84 126
84 127
84 199
84 228
85 175
85 187
85 211
85 213
85 234
86 186
87 90
87 111
87 131
87 234
87 244
88 122
88 156
88 159
88 194
89 104
89 124
89 160
89 193
89 222
89 231
90 138
90 146
90 177
90 184
90 233
91 227
91 229
92 129
92 145
92 181
92 221
93 162
93 210
93 213
93 247
94 124
94 125
95 100
95 245
96 109
96 217
96 227
97 185
98 107
98 115
98 174
98 243
99 149
99 172
99 218
100 161
100 220
101 205
101 231
101 246
102 148
102 209
102 248
103 110
103 112
103 176
103 211
103 216
103 223
104 206
104 249
105 115
105 124
105 153
105 212
105 229
106 162
106 181
106 246
107 111
107 131
107 203
108 217
109 120
109 151
109 165
109 207
109 212
109 213
109 221
110 130
110 188
110 190
110 217
111 129
111 134
112 113
112 155
112 221
113 123
113 145
113 165
113 212
113 223
114 125
114 206
115 132
115 215
115 222
116 146
116 150
116 198
116 218
116 219
117 174
117 187
118 120
118 137
118 170
118 188
118 200
118 204
118 226
118 243
119 125
119 212
120 122
120 132
121 124
121 144
121 241
122 138
122 147
122 220
123 175
123 216
124 161
124 226
124 247
125 141
125 220
125 225
126 184
126 233
127 186
127 195
128 175
129 194
130 153
130 183
130 214
131 161
131 178
131 180
132 192
133 148
133 198
134 238
135 191
135 212
135 216
135 235
136 179
136 217
137 224
138 147
138 172
138 175
138 206
138 224
138 242
138 243
139 208
140 175
140 179
140 189
140 203
141 149
141 159
141 171
141 191
142 159
142 165
142 172
142 201
143 178
143 182
144 183
145 181
145 186
145 199
145 204
146 149
146 166
146 212
147 148
147 197
147 208
148 158
148 202
148 225
149 157
150 194
150 246
151 157
151 169
151 242
151 243
152 184
152 194
152 246
153 165
153 167
153 217
154 195
154 210
154 217
154 236
157 180
157 223
157 229
158 192
159 165
159 199
159 232
160 167
160 230
161 183
161 189
162 177
162 210
162 246
163 208
164 174
164 201
166 176
166 192
169 192
169 221
170 177
170 191
170 197
170 199
171 178
171 213
172 180
172 182
172 193
173 198
173 234
173 240
173 243
174 188
174 209
174 226
175 197
175 210
175 227
175 244
176 206
176 224
177 219
177 221
177 242
177 244
178 185
178 229
178 244
179 186
179 204
180 197
181 187
182 190
182 229
183 184
183 206
183 220
183 235
184 211
184 212
185 201
185 210
186 246
187 238
191 235
191 248
192 204
192 227
194 222
194 225
195 197
195 217
195 224
195 228
195 229
195 239
195 245
196 228
197 234
198 209
198 220
199 207
199 234
200 224
201 233
202 218
202 223
203 228
205 212
205 227
206 222
208 220
208 241
209 235
210 219
210 238
210 249
211 219
212 222
212 237
212 245
213 216
214 215
214 245
215 219
216 225
216 233
217 228
220 227
220 231
221 226
223 242
226 230
227 234
227 243
229 230
230 248
231 245
234 246
237 246
244 249
