0 2
0 44
0 59
0 73
0 78
0 114
0 117
0 138
0 173
0 175
0 185
0 205
0 219
0 226
1 12
1 18
1 19
1 20
1 72
1 103
1 112
1 131
1 147
1 168
1 179
1 191
1 206
2 6
2 9
2 17
2 26
2 38
2 41
2 53
2 92
2 95
2 153
2 164
2 168
2 173
2 176
2 212
2 231
2 246
3 9
3 26
3 49
3 55
3 83
3 106
3 113
3 124
3 125
3 129
3 174
3 190
3 220
3 227
3 229
4 17
4 25
4 75
4 102
4 104
4 130
4 147
4 189
4 235
4 241
5 58
5 64
5 81
5 110
5 115
5 135
5 138
5 166
5 211
5 233
6 40
6 55
6 74
6 126
6 133
6 165
6 215
6 225
6 230
7 15
7 72
7 87
7 91
7 97
7 102
7 134
7 159
7 184
7 231
7 239
8 11
8 21
8 28
8 51
8 60
8 62
8 63
8 91
8 92
8 101
8 128
8 145
8 164
8 177
8 191
8 208
8 235
9 36
9 44
9 47
9 53
9 66
9 67
9 84
9 91
9 101
9 114
9 124
9 134
9 145
9 204
9 219
9 221
9 235
9 237
9 244
10 43
10 47
10 49
10 53
10 137
10 165
10 166
10 178
10 189
10 190
10 224
10 233
11 30
11 36
11 58
11 80
11 116
11 122
11 125
11 128
11 166
11 190
11 191
12 32
12 71
12 95
12 134
12 138
12 139
12 142
12 217
12 245
13 53
13 99
13 153
13 199
13 213
14 21
14 39
14 69
14 90
14 112
14 162
14 170
14 201
14 226
14 243
14 247
15 25
15 39
15 42
15 44
15 73
15 87
15 88
15 90
15 98
15 150
15 157
15 167
15 177
15 185
15 188
15 199
15 240
15 244
15 249
16 17
16 25
16 34
16 70
16 83
16 88
16 94
16 100
16 105
16 117
16 123
16 140
16 142
16 146
16 148
16 157
16 160
16 166
16 192
16 211
16 229
16 234
16 240
16 249
17 29
17 45
17 58
17 69
17 79
17 87
17 132
17 144
17 145
17 149
17 160
17 171
17 231
17 248
18 68
18 69
18 79
18 89
18 92
18 106
18 109
18 118
18 177
18 198
18 201
18 232
18 246
19 86
19 97
19 123
19 125
19 145
19 148
19 172
19 191
19 209
19 229
19 249
20 23
20 25
20 48
20 49
20 57
20 65
20 80
20 87
20 90
20 95
20 96
20 98
20 110
20 124
20 126
20 185
20 201
20 216
20 221
21 35
21 45
21 72
21 101
21 113
21 127
21 137
21 172
21 205
21 234
22 33
22 36
22 56
22 98
22 123
22 128
22 133
22 172
22 188
22 199
22 211
23 31
23 41
23 67
23 129
23 133
23 136
23 203
23 204
23 229
23 235
23 240
23 242
23 249
24 66
24 130
24 133
24 143
24 149
24 156
24 157
25 38
25 53
25 57
25 80
25 106
25 113
25 133
25 146
25 148
25 169
25 172
25 173
25 229
25 242
26 30
26 41
26 49
26 50
26 74
26 107
26 122
26 123
26 132
26 155
26 171
27 60
27 79
27 97
27 113
27 116
27 145
27 158
27 168
27 196
27 206
27 211
27 214
27 225
27 229
27 236
27 249
28 31
28 36
28 58
28 89
28 127
28 134
28 158
28 172
28 182
28 198
28 222
28 241
29 30
29 41
29 80
29 82
29 102
29 104
29 209
29 237
30 53
30 55
30 92
30 99
30 113
30 121
30 141
30 146
30 151
30 191
30 192
30 196
30 231
31 53
31 93
31 158
31 173
31 187
31 192
31 195
31 198
31 199
32 55
32 64
32 68
32 90
32 148
32 151
32 158
32 173
32 189
32 242
33 48
33 66
33 77
33 117
33 122
33 124
33 134
33 143
33 159
33 168
33 178
33 221
33 223
34 59
34 61
34 115
34 119
34 178
34 224
34 233
35 45
35 77
35 99
35 112
35 140
35 157
35 174
35 185
35 210
35 212
35 223
35 239
36 45
36 52
36 54
36 73
36 113
36 115
36 123
36 130
36 138
36 152
36 178
36 200
36 228
36 234
36 248
37 88
37 109
37 115
37 152
37 173
37 186
37 196
37 211
38 39
38 120
38 134
38 153
38 191
38 213
38 226
39 56
39 65
39 104
39 121
39 149
39 151
39 157
39 173
39 199
39 244
40 56
40 94
40 106
40 108
40 115
40 139
40 143
40 168
40 181
40 189
40 214
40 215
40 217
41 58
41 59
41 80
41 135
41 140
41 141
41 151
41 197
41 199
42 43
42 78
42 82
42 100
42 136
42 144
42 156
42 227
43 48
43 50
43 52
43 55
43 87
43 97
43 132
43 140
43 182
43 220
43 227
44 56
44 60
44 61
44 74
44 87
44 111
44 128
44 165
44 182
44 238
45 67
45 77
45 93
45 95
45 113
45 114
45 125
45 189
45 195
45 208
45 215
45 227
45 249
46 71
46 83
46 94
46 125
46 143
46 145
46 152
46 161
46 190
46 215
46 238
46 239
46 246
47 52
47 91
47 110
47 127
47 135
47 156
47 172
47 184
47 193
47 212
48 51
48 76
48 94
48 125
48 134
48 151
48 152
48 155
48 167
48 174
48 194
49 117
49 147
49 161
49 200
49 233
49 244
50 59
50 75
50 95
50 110
50 113
50 142
50 151
50 153
50 189
50 210
50 241
50 245
51 72
51 103
51 105
51 115
51 157
51 165
51 180
51 202
52 55
52 65
52 76
52 113
52 125
52 147
52 150
52 168
52 193
52 216
52 217
52 237
52 238
53 68
53 104
53 106
53 117
53 121
53 125
53 156
53 160
53 166
53 181
53 186
53 223
54 55
54 57
54 66
54 128
54 155
54 158
54 178
54 209
55 68
55 75
55 81
55 90
55 94
55 101
55 109
55 158
55 164
55 182
55 189
55 236
55 241
56 60
56 90
56 121
56 125
56 131
56 141
56 142
56 167
56 177
56 199
56 229
57 64
57 69
57 85
57 94
57 109
57 113
57 116
57 119
57 122
57 128
57 140
57 152
57 155
57 165
57 186
57 201
57 215
58 67
58 79
58 87
58 143
58 163
58 202
58 215
58 226
59 69
59 86
59 89
59 96
59 116
59 127
59 156
59 161
59 203
59 208
59 228
59 231
59 241
60 84
60 89
60 105
60 107
60 148
60 163
60 178
60 191
60 207
60 209
60 212
60 231
60 239
61 116
61 130
61 134
61 163
61 166
61 181
61 201
61 224
61 230
62 77
62 84
62 94
62 103
62 124
62 134
62 136
62 150
62 155
62 159
62 198
62 214
62 215
62 228
62 240
63 65
63 71
63 104
63 112
63 121
63 122
63 133
63 169
63 192
63 196
63 207
63 216
63 230
63 246
64 75
64 87
64 91
64 118
64 126
64 127
64 128
64 139
64 152
64 180
64 195
64 198
64 214
64 221
64 226
64 238
65 94
65 121
65 132
65 150
65 156
65 158
65 161
65 174
65 184
65 222
66 100
66 131
66 142
66 176
66 205
66 226
66 236
67 137
67 159
67 182
67 189
67 190
67 196
67 223
67 249
68 78
68 99
68 105
68 133
68 180
68 201
68 204
68 216
68 230
68 233
69 71
69 159
69 171
69 172
69 176
69 202
69 205
69 244
70 88
70 98
70 111
70 122
70 130
70 141
70 143
70 148
70 187
70 204
70 221
70 227
70 243
70 247
71 84
71 88
71 97
71 108
71 110
71 124
71 210
71 222
72 91
72 94
72 118
72 145
72 171
72 186
72 194
72 205
72 232
72 248
73 86
73 124
73 144
73 150
73 182
73 189
73 222
74 83
74 101
74 102
74 117
74 158
74 172
74 204
74 225
74 249
75 101
75 126
75 135
75 139
75 170
75 178
75 195
75 198
75 207
75 209
75 228
75 230
75 235
75 244
75 249
76 78
76 155
76 207
76 219
76 246
76 249
77 97
77 102
77 119
77 124
77 133
77 134
77 138
77 152
77 173
77 175
77 225
77 248
77 249
78 94
78 106
78 123
78 125
78 161
78 233
78 240
79 80
79 126
79 160
79 164
79 165
79 167
79 187
79 191
79 199
79 226
80 87
80 97
80 105
80 113
80 122
80 132
80 143
80 179
80 211
80 237
80 249
81 86
81 96
81 118
81 119
81 125
81 128
81 143
81 160
81 177
81 219
81 220
81 246
82 96
82 103
82 125
82 135
82 138
82 153
82 154
82 208
82 213
82 230
83 97
83 114
83 126
83 153
83 167
83 180
83 195
83 201
83 208
83 211
83 213
83 246
84 87
84 90
84 107
84 146
84 151
84 170
84 175
84 204
84 214
84 233
85 96
85 108
85 120
85 122
85 143
85 177
85 178
85 211
85 216
86 93
86 144
86 146
86 175
86 183
86 236
86 240
87 89
87 123
87 129
87 149
87 175
87 179
87 187
87 209
87 216
87 232
87 234
88 97
88 104
88 120
88 141
88 191
88 227
88 247
89 110
89 113
89 122
89 137
89 143
89 148
89 164
89 181
89 201
89 202
89 221
89 241
89 245
89 246
90 101
90 106
90 111
90 113
90 156
90 158
90 162
90 193
90 209
90 218
90 223
90 236
90 247
91 92
91 126
91 150
91 159
91 165
91 175
91 185
92 99
92 100
92 122
92 152
92 159
92 168
92 199
92 207
92 209
92 239
92 241
93 97
93 136
93 150
93 160
93 162
93 211
93 212
93 235
93 242
94 104
94 106
94 122
94 125
94 134
94 164
94 167
94 181
94 182
94 185
94 187
94 189
94 203
94 228
94 230
94 239
94 243
95 99
95 107
95 118
95 124
95 135
95 174
95 179
95 225
95 227
95 235
96 123
96 133
96 153
96 171
96 174
96 180
96 212
97 105
97 119
97 133
97 142
97 147
97 151
97 202
97 234
98 165
98 171
98 196
98 206
98 223
98 232
98 233
99 106
99 113
99 120
99 128
99 142
99 148
99 149
99 157
99 169
99 177
99 232
100 117
100 128
100 130
100 131
100 138
100 153
100 160
100 182
100 196
100 222
100 233
101 112
101 133
101 166
101 169
101 222
101 235
101 244
102 103
102 125
102 136
102 191
102 205
102 206
102 216
102 232
103 140
103 164
103 167
103 173
103 199
103 207
103 215
103 242
104 110
104 145
104 159
105 114
105 120
105 135
105 165
105 178
105 180
105 193
105 234
105 239
105 245
106 109
106 118
106 127
106 130
106 132
106 147
106 196
106 207
107 109
107 150
107 156
107 158
107 163
107 171
107 188
107 195
107 201
107 208
107 233
107 244
107 249
108 114
108 155
108 175
108 190
108 198
108 216
108 230
109 114
109 117
109 157
109 167
109 168
109 169
109 177
109 179
109 218
109 222
109 229
110 134
110 136
110 155
110 163
110 170
110 179
110 201
110 217
110 221
111 145
111 156
111 162
111 184
111 211
111 230
111 231
112 125
112 134
112 148
112 149
112 217
112 220
112 226
112 227
112 239
112 249
113 116
113 117
113 130
113 134
113 175
113 221
114 132
114 202
115 132
115 133
115 148
115 161
115 177
115 185
115 201
115 208
115 243
116 135
116 142
116 146
116 155
116 173
116 179
116 192
116 212
116 233
116 235
116 249
117 134
117 142
117 163
117 165
117 189
117 195
117 204
117 224
118 131
118 157
118 197
118 210
118 226
118 239
119 134
119 136
119 144
119 157
119 167
119 171
120 138
120 160
120 215
120 228
120 238
121 150
121 245
122 157
122 171
122 174
122 180
122 184
122 191
123 130
123 132
123 155
123 172
123 173
123 180
123 182
123 184
123 192
123 212
123 222
123 228
124 126
124 144
124 146
124 157
124 179
124 187
124 202
124 207
124 232
124 238
124 246
125 153
125 163
125 187
125 188
125 192
125 212
125 213
125 214
125 223
126 136
126 159
126 173
126 185
126 245
126 248
127 129
127 135
127 152
127 162
127 185
127 207
127 220
128 138
128 139
128 148
128 216
128 218
128 219
128 220
128 221
128 224
128 226
128 230
128 235
129 135
129 144
129 160
129 172
129 217
129 224
130 147
130 153
130 162
130 166
130 199
130 202
130 234
130 244
131 167
131 183
131 190
131 195
131 234
131 248
132 135
132 141
132 145
132 147
132 165
132 219
132 223
132 229
132 232
132 236
132 243
133 160
133 162
133 165
133 171
133 194
133 211
133 213
133 221
134 155
134 157
134 186
134 197
134 200
134 206
134 214
134 233
134 235
135 158
135 181
135 226
135 236
136 139
136 175
136 210
137 144
137 190
138 146
138 170
138 194
138 226
138 230
138 237
139 146
139 152
139 176
139 190
139 194
139 199
139 205
139 247
140 166
140 182
140 196
142 144
142 150
142 162
142 179
142 203
142 243
143 158
143 164
143 181
143 192
143 217
143 223
143 226
143 242
144 148
144 192
144 208
144 214
144 231
145 158
145 166
145 214
146 166
146 173
146 213
146 215
146 234
147 157
147 179
147 203
147 209
147 226
147 228
147 234
147 248
148 216
148 222
148 227
148 244
149 154
149 183
149 190
149 193
149 197
150 163
150 170
150 190
150 194
150 197
150 219
150 225
150 244
151 156
151 166
151 172
151 181
151 196
151 206
151 211
151 213
151 218
151 220
151 222
151 240
151 245
151 248
152 155
152 168
152 187
152 247
153 160
153 177
153 181
153 182
153 209
153 220
154 155
154 159
154 165
154 174
154 194
154 218
155 162
155 165
155 202
155 247
156 162
156 165
156 185
156 205
156 220
156 221
156 223
156 230
157 161
157 186
157 200
157 212
157 242
157 248
158 167
158 188
158 239
159 177
159 216
159 240
160 178
160 216
160 219
160 232
161 162
161 176
161 230
161 233
161 248
162 188
162 193
162 220
162 221
162 223
162 231
162 240
163 184
163 191
163 207
163 220
163 228
164 175
164 203
164 207
164 214
164 230
164 244
164 247
165 172
165 204
165 215
165 228
165 249
166 168
166 233
166 236
166 237
167 172
167 178
167 214
167 215
167 217
167 230
167 240
168 192
168 195
169 173
169 225
169 230
169 236
170 184
170 213
170 214
170 215
170 226
171 187
171 206
171 227
171 241
171 248
172 177
172 200
172 243
173 188
173 245
174 184
174 212
175 223
175 225
175 237
176 179
176 186
176 204
177 227
177 244
178 202
178 204
178 215
178 234
178 248
179 182
179 232
180 185
180 187
180 200
180 236
181 219
181 241
182 186
182 193
182 223
182 237
183 187
183 191
183 232
183 248
184 194
184 197
184 205
184 215
185 187
185 205
185 211
185 231
185 243
185 249
186 198
187 205
187 218
187 221
187 239
188 213
188 221
188 231
188 238
188 249
189 197
189 212
189 216
189 243
190 249
191 204
191 236
192 199
192 208
192 224
193 194
193 208
193 243
194 197
194 202
194 213
195 199
195 245
196 204
197 214
197 240
197 247
198 199
198 235
199 228
200 205
200 234
200 249
201 213
203 242
204 222
204 235
204 245
205 237
205 248
206 233
206 241
206 243
207 238
208 228
209 225
209 241
211 218
211 221
212 239
212 245
213 216
213 238
214 224
214 238
214 249
215 217
215 241
215 242
216 226
216 248
217 219
218 231
218 241
218 246
219 223
219 229
219 232
223 227
223 230
223 235
224 226
224 236
225 227
225 234
226 249
227 231
227 233
228 232
228 249
231 238
231 246
231 247
232 237
234 243
234 246
236 237
236 247
