0 11
0 38
0 40
0 49
0 52
0 89
0 128
0 159
0 177
0 203
0 249
1 55
1 60
1 62
1 74
1 159
1 181
1 193
1 245
2 8
2 71
2 104
2 153
2 160
2 172
2 182
2 201
2 216
3 42
3 93
3 100
3 111
3 128
3 185
3 193
3 200
3 222
3 241
4 41
4 54
4 65
4 66
4 82
4 98
4 156
4 170
4 247
5 99
5 142
5 249
6 15
6 28
6 34
6 46
6 47
6 50
6 58
6 74
6 77
6 90
6 147
6 155
6 162
6 212
6 215
7 17
7 49
7 116
7 150
7 187
7 200
7 203
7 214
7 242
7 245
8 28
8 35
8 52
8 77
8 88
8 112
8 115
8 134
8 221
8 236
9 12
9 23
9 69
9 155
9 172
9 175
9 187
9 192
9 232
10 26
10 101
10 112
10 126
10 130
10 148
10 159
10 176
10 186
10 198
10 202
10 211
10 222
11 55
11 105
11 127
11 145
11 153
11 160
11 187
11 208
11 224
11 241
12 21
12 89
12 99
12 135
12 157
12 159
12 168
12 177
13 22
13 126
13 143
13 231
14 103
14 125
14 127
14 152
14 160
14 165
14 182
14 211
14 226
15 86
15 115
15 123
15 131
15 172
15 215
16 19
16 74
16 85
16 91
16 115
16 155
16 163
16 173
16 175
17 18
17 34
17 55
17 134
17 135
17 143
17 164
17 171
17 210
17 213
17 227
18 54
18 75
18 199
18 200
18 209
19 28
19 31
19 39
19 44
19 52
19 66
19 85
19 121
19 134
19 178
19 202
19 207
19 211
19 214
19 246
20 43
20 70
20 89
20 98
20 143
20 145
20 176
20 179
20 186
21 71
21 81
21 124
21 139
21 157
21 177
21 202
22 26
22 49
22 71
22 86
22 107
22 108
22 137
22 176
22 188
22 189
23 26
23 54
23 85
23 131
23 165
23 226
23 235
24 47
24 111
24 114
24 147
24 172
24 182
24 191
24 219
24 220
25 61
25 67
25 77
25 96
25 104
25 105
25 107
25 208
25 215
26 77
26 100
26 110
26 114
26 132
26 153
26 188
26 215
26 240
27 196
27 223
27 232
27 243
27 245
28 39
28 120
28 184
28 186
28 202
28 211
29 53
29 65
29 66
29 89
29 93
29 105
29 117
29 123
29 126
29 167
29 171
29 212
30 45
30 46
30 54
30 59
30 63
30 75
30 76
30 89
30 150
30 180
30 182
30 195
30 228
30 245
31 64
31 106
31 123
31 154
31 159
31 192
31 198
31 229
31 241
32 77
32 104
32 149
32 161
32 171
32 172
32 185
32 210
32 216
32 220
32 226
32 228
33 49
33 79
33 94
33 104
33 119
33 156
33 235
33 238
34 71
34 74
34 88
34 91
34 129
34 151
34 173
34 193
35 67
35 135
35 172
35 177
35 208
35 209
36 40
36 63
36 67
36 104
36 173
36 177
36 182
36 189
36 197
36 204
36 247
37 76
37 86
37 112
37 140
37 191
37 213
37 221
37 224
37 225
38 40
38 55
38 68
38 74
38 122
38 126
38 169
38 189
38 201
38 225
39 59
39 66
39 78
39 91
39 92
39 100
39 129
39 152
39 159
39 189
39 190
39 228
40 42
40 57
40 71
40 79
40 85
40 119
40 196
41 61
41 65
41 81
41 85
41 88
41 111
41 119
41 187
41 196
41 200
42 45
42 74
42 156
42 205
42 213
42 220
42 244
43 49
43 55
43 66
43 72
43 100
43 102
43 141
43 155
43 176
43 211
43 221
43 243
44 68
44 74
44 79
44 85
44 118
44 124
44 162
44 186
44 195
45 87
45 145
45 151
45 161
45 241
45 243
46 48
46 49
46 89
46 95
46 107
46 113
46 124
46 129
46 157
46 171
46 191
46 218
46 221
46 225
46 226
46 236
47 48
47 65
47 118
47 136
47 139
47 156
47 217
48 77
48 123
48 143
48 145
48 146
48 152
48 207
48 234
49 60
49 96
49 107
49 147
49 160
49 163
49 181
49 222
50 97
50 102
50 106
50 107
50 132
50 142
50 146
50 175
50 198
50 225
50 237
51 83
51 97
51 100
51 101
51 113
51 158
51 180
51 192
51 243
52 88
52 115
52 153
52 155
52 170
52 242
53 75
53 100
53 143
53 146
53 163
53 170
53 173
53 181
54 82
54 157
54 184
54 193
54 230
54 237
54 241
54 247
55 74
55 78
55 100
55 119
55 130
55 131
55 132
55 156
55 188
55 199
56 66
56 106
56 132
56 135
56 160
56 233
57 58
57 151
57 154
57 165
57 186
57 195
58 80
58 81
58 159
58 163
58 172
58 219
58 243
58 248
59 95
59 120
59 185
60 75
60 76
60 87
60 91
60 127
60 141
60 147
60 170
60 182
60 241
61 90
61 141
61 170
61 177
61 205
61 212
61 238
61 244
61 247
62 64
62 131
62 162
62 233
62 248
63 64
63 65
63 73
63 108
63 121
63 130
63 157
63 158
63 168
63 187
63 209
63 231
63 232
63 240
63 249
64 108
64 160
64 165
64 211
64 229
65 74
65 223
65 235
66 67
66 70
66 100
66 102
66 103
66 130
66 164
66 167
66 179
66 181
66 238
67 139
67 159
68 72
68 86
68 148
68 240
69 77
69 143
69 146
69 151
69 163
69 188
69 212
69 229
70 91
70 120
70 127
70 175
70 188
70 189
71 95
71 132
71 183
71 206
71 209
71 211
71 235
71 247
72 76
72 78
72 119
72 152
72 188
72 244
73 80
73 89
73 100
73 138
73 149
73 169
73 218
73 221
73 223
73 226
74 80
74 86
74 122
74 130
74 153
75 76
75 88
75 116
75 133
75 153
75 173
75 203
75 208
75 229
75 239
76 87
76 99
76 115
76 137
76 163
76 192
76 197
76 244
77 85
77 113
77 129
77 173
77 183
77 197
78 86
78 88
78 125
78 157
78 159
78 162
78 184
78 195
78 200
78 207
78 233
78 242
78 249
79 132
79 136
79 180
79 208
79 227
80 82
80 112
80 116
80 127
80 166
80 177
81 82
81 93
81 96
81 105
81 117
81 217
81 244
82 127
82 134
82 135
82 152
82 233
83 113
83 142
83 166
83 175
83 239
84 89
84 138
84 144
84 200
84 203
84 205
84 224
85 206
85 207
85 229
85 236
86 97
86 121
86 131
86 145
86 220
86 228
86 241
87 123
87 167
87 184
87 204
87 234
88 101
88 109
88 133
88 167
88 177
88 182
88 225
89 108
89 116
89 153
89 178
89 200
89 238
90 123
90 142
90 143
90 147
90 165
90 172
90 176
90 187
90 201
90 218
90 223
90 232
90 249
91 130
91 139
91 197
91 200
91 217
91 248
92 107
92 124
92 146
92 183
92 246
93 169
93 191
93 209
93 213
93 226
94 119
94 138
94 148
94 182
94 192
94 212
94 245
95 129
95 131
95 205
95 210
95 231
96 112
96 118
96 141
96 145
96 165
96 188
96 217
97 155
97 159
97 198
97 240
97 241
98 120
98 148
98 150
98 152
98 241
99 126
99 151
99 167
99 195
99 196
99 217
99 238
99 244
100 108
100 145
100 160
100 193
100 229
101 122
101 136
101 143
101 154
101 180
101 241
102 109
102 138
102 155
102 168
102 172
102 189
102 213
102 217
102 227
102 247
103 110
103 141
103 174
103 190
103 227
103 243
104 140
104 149
104 185
104 212
105 117
105 141
105 155
105 175
105 179
105 221
105 235
106 108
106 203
106 226
106 240
107 109
107 158
107 171
107 198
108 117
108 120
108 130
108 137
108 177
108 210
108 215
108 228
108 233
108 241
109 151
109 156
109 170
109 172
109 189
109 204
109 237
109 238
109 248
110 114
110 119
110 121
110 185
110 211
111 193
111 200
111 213
111 219
111 226
111 245
112 132
112 140
112 146
112 147
112 156
112 161
112 164
112 167
113 115
113 120
113 130
113 148
113 167
113 223
114 193
114 194
114 247
115 123
115 165
115 181
115 222
116 201
117 125
117 178
117 180
117 183
117 224
118 133
118 176
118 233
118 244
119 129
119 146
119 149
119 157
119 171
119 196
120 166
120 168
120 169
120 172
120 194
120 201
120 202
121 149
121 152
121 193
121 212
121 213
121 225
121 240
121 241
122 160
122 161
122 184
122 232
123 170
123 192
123 230
124 139
124 164
124 186
124 198
124 202
125 152
125 156
125 234
126 131
126 143
126 154
126 163
126 166
126 196
126 204
126 214
126 224
127 149
127 171
127 210
127 212
128 155
128 206
128 213
128 248
129 161
129 204
129 225
129 233
130 152
130 157
130 165
130 189
130 213
130 228
131 155
131 160
131 163
131 186
132 138
132 149
132 150
132 157
132 163
132 205
132 206
132 220
132 223
132 233
133 151
133 154
133 219
133 225
133 228
133 241
134 143
134 155
134 189
134 191
134 228
134 231
135 182
135 183
135 189
135 193
135 211
135 227
135 229
136 170
136 223
137 182
137 194
137 196
137 237
138 190
138 221
139 141
139 144
139 154
139 177
139 179
139 193
139 205
139 247
140 144
140 148
140 156
140 171
140 173
140 180
140 235
140 246
141 164
141 194
141 206
141 231
142 175
142 180
142 206
142 212
142 215
142 228
142 230
143 150
143 157
143 172
143 222
143 235
144 185
144 204
144 225
144 231
145 147
145 174
145 175
145 177
145 186
145 195
145 229
145 249
146 196
146 198
146 205
146 207
147 152
147 161
147 176
147 223
148 171
148 191
148 193
148 194
149 207
149 229
150 184
150 205
150 206
150 214
150 222
150 247
151 157
151 176
151 183
151 192
152 190
152 198
152 212
152 226
152 227
152 238
152 241
154 158
154 192
154 196
154 212
154 214
154 222
154 225
154 236
154 245
155 175
155 177
155 181
155 212
155 217
155 248
156 168
156 191
156 207
156 233
157 171
157 174
157 184
157 191
157 196
157 211
158 179
158 198
159 200
159 230
160 167
160 195
160 212
161 180
161 181
161 190
161 192
161 237
161 247
161 249
162 206
162 214
162 226
163 221
163 246
164 192
164 203
164 228
165 172
165 178
165 187
165 220
165 245
166 172
166 209
167 169
167 192
167 210
167 224
167 230
167 232
167 243
168 204
168 221
169 179
169 208
169 209
169 226
169 248
170 173
170 187
170 215
170 222
171 179
172 179
172 187
172 226
172 233
172 234
173 213
173 226
173 241
173 244
174 223
174 231
174 248
175 197
175 220
175 234
176 190
177 240
178 204
179 224
181 210
181 228
182 194
182 195
182 223
182 230
182 236
183 199
183 227
183 236
183 241
183 243
184 198
184 216
184 231
184 244
185 233
186 203
186 241
187 212
187 234
188 200
188 225
188 242
188 247
189 209
189 210
189 215
190 195
190 226
190 237
191 201
191 212
191 242
192 222
192 245
193 204
193 206
193 225
193 228
194 221
194 242
195 208
195 218
195 227
196 219
196 221
197 201
197 211
197 236
198 204
198 216
198 220
199 221
199 248
200 233
201 222
201 231
201 242
202 207
203 218
204 225
204 230
205 210
205 220
207 211
207 246
208 209
208 224
209 217
209 234
210 214
210 216
210 220
210 224
210 233
211 214
211 241
211 242
212 221
212 249
213 215
214 233
215 216
215 225
217 234
218 221
218 229
219 244
220 229
220 242
220 245
220 248
221 222
221 247
222 240
223 226
223 240
225 247
226 249
228 238
228 239
230 235
232 234
233 240
235 240
237 247
242 245
244 249
