0 14
0 56
0 81
0 90
0 181
0 207
0 213
0 229
1 10
1 59
1 65
1 80
1 116
1 130
1 140
1 173
1 187
1 215
1 219
1 224
1 239
2 43
2 51
2 88
2 114
2 155
2 228
3 75
3 110
3 182
3 210
3 225
3 236
4 37
4 66
4 81
4 85
4 88
4 197
4 198
4 222
4 228
5 64
5 80
5 117
5 145
5 158
5 193
5 243
5 244
6 18
6 69
6 90
6 100
6 109
6 143
6 172
6 186
7 8
7 51
7 55
7 136
7 177
7 198
7 199
7 200
8 52
8 85
8 91
8 97
8 121
8 142
8 184
8 190
8 193
8 200
8 208
8 241
9 12
9 20
9 29
9 53
9 55
9 97
9 138
9 173
9 175
9 201
9 215
9 240
9 249
10 25
10 36
10 54
10 64
10 107
10 116
10 118
10 120
10 162
10 177
10 189
10 195
10 206
10 241
10 247
10 248
11 71
11 94
11 134
11 139
11 142
11 152
11 158
11 160
11 209
12 53
12 108
12 137
12 138
12 164
12 190
12 202
12 242
12 246
13 47
13 82
13 105
13 152
13 173
13 237
14 66
14 77
14 78
14 137
14 178
14 180
14 204
14 205
14 241
15 30
15 35
15 53
15 54
15 99
15 119
15 133
15 175
15 193
15 226
16 21
16 43
16 67
16 77
16 100
16 126
16 138
16 184
16 219
17 33
17 55
17 70
17 77
17 110
17 134
17 137
17 165
17 173
17 177
17 212
17 233
17 247
18 21
18 28
18 49
18 64
18 81
18 90
18 101
18 126
18 130
18 135
18 210
18 232
18 234
18 238
19 84
19 131
19 150
19 202
19 209
19 218
20 43
20 56
20 59
20 82
20 89
20 92
20 99
20 114
20 148
20 210
20 225
20 246
21 25
21 26
21 29
21 35
21 43
21 48
21 80
21 95
21 120
21 164
21 176
21 182
21 191
21 229
22 63
22 98
22 121
22 165
22 195
22 204
22 222
22 227
22 244
23 27
23 59
23 97
23 98
23 100
23 109
23 120
23 138
23 189
23 203
23 216
23 232
23 237
24 50
24 55
24 92
24 102
24 109
24 117
24 162
24 167
24 172
24 231
24 241
24 242
25 81
25 158
25 226
26 29
26 38
26 80
26 170
26 212
27 54
27 62
27 75
27 142
27 185
27 196
27 197
27 213
28 34
28 44
28 96
28 112
28 218
29 31
29 59
29 70
29 122
29 125
29 156
29 163
29 172
29 184
29 216
29 221
30 40
30 103
30 105
30 111
30 145
30 177
30 203
30 209
30 218
31 46
31 53
31 76
31 93
31 126
31 129
31 140
31 190
31 196
31 202
31 206
31 246
32 55
32 83
32 92
32 98
32 103
32 105
32 135
32 142
32 143
32 144
32 221
32 222
32 241
33 52
33 76
33 163
33 182
33 210
33 213
33 245
33 248
34 38
34 50
34 97
34 130
34 138
34 159
34 216
34 222
34 229
35 52
35 54
35 117
35 119
35 122
35 128
35 133
35 168
35 176
35 182
35 247
36 59
36 176
36 200
37 53
37 73
37 86
37 87
37 116
37 129
37 139
37 191
37 207
37 214
37 220
37 221
37 239
37 243
38 83
38 89
38 105
38 134
38 140
38 156
38 168
38 194
38 196
38 210
38 218
38 249
39 76
39 84
39 105
39 161
39 164
39 183
39 192
39 198
39 208
39 240
40 81
40 95
40 165
40 177
40 193
40 196
40 208
40 216
40 222
41 74
41 77
41 108
41 160
41 162
41 165
41 169
41 187
41 202
41 241
42 64
42 65
42 104
42 117
42 146
42 201
42 205
43 78
43 91
43 97
43 156
43 224
44 50
44 108
44 135
44 150
44 162
44 169
44 213
44 216
44 244
44 245
45 61
45 62
45 85
45 120
45 124
45 161
45 167
45 175
45 246
46 64
46 77
46 81
46 99
46 102
46 105
46 131
46 157
46 161
46 185
46 208
47 73
47 90
47 116
47 231
47 242
48 108
48 118
48 120
48 221
49 97
49 103
49 125
49 155
49 196
49 218
49 219
50 73
50 86
50 111
50 119
50 171
50 183
50 186
51 63
51 70
51 74
51 84
51 93
51 164
51 185
51 221
51 225
51 241
52 113
52 115
52 147
52 150
52 160
52 179
52 183
52 190
52 197
52 202
52 227
53 69
53 141
53 151
53 244
54 94
54 138
54 162
54 215
54 234
54 240
54 249
55 63
55 104
55 129
55 137
55 192
55 193
55 215
55 239
56 109
56 122
56 133
56 134
56 141
56 154
56 165
56 186
56 194
57 84
57 100
57 118
57 129
57 137
58 72
58 126
58 136
58 141
58 148
58 149
58 180
58 194
58 195
58 238
58 241
59 66
59 94
59 119
59 121
59 128
59 132
59 151
59 188
60 75
60 86
60 119
60 126
60 128
60 153
60 195
60 198
60 199
60 239
61 89
61 139
61 174
61 181
61 186
61 203
61 236
62 69
62 81
62 95
62 103
62 121
62 127
62 147
62 166
62 233
62 235
62 245
63 97
63 134
63 175
63 204
64 100
64 128
64 158
64 196
64 247
65 86
65 87
65 132
65 141
65 166
65 183
65 236
65 239
66 100
66 114
66 234
66 249
67 71
67 77
67 98
67 138
67 193
68 160
68 197
68 222
68 225
68 242
69 78
69 84
69 112
69 124
69 160
69 164
69 170
69 197
69 240
70 99
70 123
70 138
70 183
70 184
71 80
71 95
71 132
71 147
71 156
71 161
71 210
71 211
71 212
71 217
72 78
72 130
72 138
72 174
72 187
72 221
73 109
73 142
73 193
73 230
73 244
74 83
74 121
74 128
74 131
74 151
74 206
74 215
74 220
75 83
75 118
75 119
75 153
75 155
76 109
76 122
76 158
76 167
76 198
76 218
76 228
76 239
77 95
77 96
77 103
77 109
77 114
77 127
77 128
77 153
77 162
77 168
78 84
78 167
78 193
78 201
78 230
79 82
79 129
79 185
79 229
79 232
80 135
80 136
80 144
80 163
80 189
80 201
80 203
80 206
80 208
80 240
81 110
81 141
81 175
81 199
81 211
81 219
81 231
82 101
82 113
82 136
82 196
82 206
83 93
83 96
83 100
83 119
83 136
83 139
83 146
83 196
83 236
84 108
84 109
84 111
84 129
84 177
84 240
85 230
86 102
86 127
86 192
86 196
86 225
86 231
87 223
87 228
88 90
88 104
88 105
88 118
88 166
88 167
88 188
88 190
88 200
88 203
88 206
88 211
88 217
88 229
89 96
89 104
89 112
89 152
89 169
89 182
89 223
89 247
90 137
90 174
90 209
90 222
90 243
91 101
91 119
91 178
91 200
91 233
92 93
92 106
92 142
92 147
92 183
92 222
92 239
92 245
93 101
93 117
93 118
93 124
93 128
93 150
93 184
93 188
93 192
93 206
93 209
93 230
94 111
94 143
94 144
94 171
94 201
94 205
94 242
95 102
95 116
95 163
95 188
95 196
95 205
95 208
95 227
96 97
96 127
96 138
96 174
96 177
96 197
96 208
97 155
97 162
97 185
97 236
98 147
98 174
98 185
98 186
98 234
99 115
99 142
99 149
99 164
99 165
99 177
100 117
100 145
100 160
100 169
100 183
100 191
100 197
100 201
100 214
100 225
101 128
101 147
101 150
101 243
101 247
102 103
102 105
102 132
102 171
102 236
102 238
103 162
103 171
103 180
103 231
103 233
103 239
104 137
104 169
104 197
104 242
105 125
105 135
105 163
105 186
105 203
106 168
106 209
106 211
106 216
106 237
107 132
107 158
107 191
107 236
107 249
108 122
108 138
108 155
108 162
108 168
108 171
108 173
109 122
110 141
110 149
110 152
110 169
110 170
111 143
111 145
111 146
111 159
111 169
111 212
111 229
111 247
112 133
112 166
112 192
112 197
112 208
112 226
113 123
113 125
113 138
113 170
113 171
113 180
114 116
114 161
114 178
114 190
114 195
114 208
114 217
114 219
114 226
114 233
115 121
115 155
115 195
116 133
116 137
116 162
116 188
116 204
116 229
116 242
116 247
117 155
117 193
117 227
118 130
118 143
118 189
118 208
119 136
119 138
119 151
119 156
119 161
119 164
119 169
119 178
119 180
119 231
120 123
120 157
120 231
120 235
121 122
121 147
121 172
122 141
122 182
122 201
122 229
122 246
123 147
123 155
123 165
123 175
123 193
123 196
123 206
124 144
124 167
124 182
124 204
124 235
125 151
125 162
125 203
125 222
125 229
126 158
126 173
126 192
126 241
128 162
128 199
128 239
129 134
129 138
129 217
129 247
130 145
130 149
130 156
130 195
130 200
131 145
131 151
131 217
132 151
132 152
132 234
132 237
133 134
133 218
134 152
134 174
134 179
135 180
135 201
135 231
136 162
136 166
136 171
136 213
137 193
137 203
137 217
137 219
137 237
138 143
138 148
138 180
138 232
138 233
138 248
139 156
139 173
139 223
139 224
139 227
139 231
139 239
140 149
140 186
140 200
140 244
140 248
141 149
141 177
141 207
141 217
141 224
141 233
142 165
142 169
142 170
142 176
142 192
142 195
142 200
142 206
142 222
143 180
143 191
143 212
143 243
144 146
144 170
144 200
144 203
145 150
145 165
145 181
145 241
146 149
146 175
146 176
146 209
147 171
147 210
147 231
148 234
148 239
148 247
149 171
149 192
149 193
149 225
149 238
150 216
151 156
151 161
151 166
151 200
151 241
151 242
151 249
152 160
152 184
152 195
152 200
152 235
152 240
153 172
153 177
153 199
153 212
154 185
154 245
155 156
155 158
155 162
155 184
155 186
155 204
155 222
155 228
155 242
155 247
156 157
156 174
156 238
156 239
157 179
157 209
157 210
158 164
158 231
158 232
159 226
160 162
160 202
160 244
161 166
161 209
161 215
162 227
163 169
163 214
163 217
163 234
163 238
164 192
165 169
165 170
165 209
165 241
166 174
166 192
166 197
166 199
166 210
166 226
166 232
167 186
167 206
167 240
168 194
168 196
168 205
168 224
169 175
169 214
170 197
170 233
171 205
171 210
171 230
172 202
172 222
172 242
172 246
175 186
175 204
175 216
176 190
176 202
177 196
177 226
177 248
178 186
178 192
178 217
178 218
178 221
178 230
178 248
179 184
179 228
180 204
180 226
181 193
181 238
182 187
182 210
182 212
183 227
184 207
184 222
184 242
184 245
185 242
186 228
186 249
187 199
187 216
187 238
188 205
188 220
188 246
189 205
190 201
191 230
191 236
191 244
192 198
192 213
193 236
194 209
194 212
194 213
194 219
194 230
195 206
195 228
195 229
195 244
196 206
197 227
197 242
197 245
198 207
198 213
198 235
198 246
199 202
199 212
199 236
200 205
200 246
200 249
201 222
201 228
202 206
202 208
203 210
203 230
204 234
204 235
204 236
204 237
204 241
205 220
205 221
206 217
206 232
206 244
207 222
208 224
208 227
209 216
209 241
210 214
210 239
210 243
212 216
212 234
213 230
213 242
214 218
215 221
215 243
217 223
217 225
217 228
218 222
218 223
218 230
218 244
219 228
219 235
221 223
221 241
224 239
224 240
225 236
225 240
226 244
227 229
228 233
228 242
230 232
230 239
230 244
234 240
