1 145
3 44
3 196
3 210
4 188
5 134
5 145
5 225
6 10
6 24
6 75
6 159
8 37
8 46
9 41
9 133
9 225
12 35
12 45
13 51
14 87
14 213
16 51
16 249
17 100
17 102
17 108
18 151
18 221
19 228
20 100
20 211
21 158
22 245
23 170
24 214
26 33
26 86
26 97
26 168
27 94
27 118
27 246
30 87
30 100
30 213
31 49
31 160
32 48
33 158
33 187
34 45
34 106
34 182
36 109
37 196
37 227
39 40
39 165
39 173
39 175
39 228
42 171
44 94
44 194
44 222
44 229
45 46
46 163
48 64
48 131
48 206
49 55
49 201
49 234
50 194
50 213
51 183
51 212
52 92
52 188
52 241
54 124
55 95
55 164
57 94
57 216
57 220
59 160
61 85
61 112
62 130
62 157
63 217
64 209
64 248
65 104
65 124
65 127
65 174
65 180
66 131
66 207
68 209
70 228
72 177
72 208
72 216
72 227
73 204
74 95
74 240
76 93
76 198
77 123
78 157
80 169
82 93
82 104
82 114
82 226
83 159
85 117
87 107
89 166
89 185
90 212
91 169
92 102
92 187
93 179
94 202
95 105
95 109
95 122
95 198
97 98
97 110
97 189
98 158
98 231
100 173
100 204
100 234
101 166
101 239
102 154
103 142
103 165
103 186
103 196
104 171
105 118
105 144
107 198
107 231
109 220
111 196
111 238
112 152
113 145
113 201
114 137
114 145
114 159
117 183
117 239
118 162
120 130
120 158
120 171
121 136
121 217
123 157
124 205
125 156
126 171
127 165
128 134
128 191
128 201
129 155
129 156
131 205
133 142
133 176
134 148
134 172
136 169
136 184
137 203
137 233
138 226
140 228
140 234
140 243
142 180
144 148
144 185
145 193
151 177
152 202
153 241
155 208
157 170
158 220
162 194
164 166
164 208
164 248
166 195
168 185
170 200
170 247
173 203
174 218
175 206
176 183
177 191
178 247
178 249
184 248
185 195
187 245
192 194
194 213
196 240
205 225
206 247
209 229
213 224
218 227
222 240
226 249
232 241
240 246
