0 40
0 112
0 136
0 240
1 61
1 63
1 174
1 211
2 36
2 126
2 129
2 164
3 10
3 12
3 135
3 150
4 26
4 30
4 32
4 133
4 161
4 181
4 216
5 23
5 57
5 184
5 231
5 233
6 99
7 74
7 79
8 107
8 222
9 20
9 93
9 154
9 158
10 31
10 132
10 186
12 62
12 84
12 173
12 178
12 185
13 41
14 24
14 101
14 118
14 201
14 205
14 232
15 64
15 78
15 233
15 248
16 43
16 102
16 164
16 215
17 28
17 98
17 113
17 126
17 215
18 65
18 76
19 33
19 91
19 109
19 160
20 79
20 100
20 145
20 222
21 25
21 52
21 192
21 229
22 49
22 102
23 95
23 115
23 165
23 187
23 205
24 68
24 150
24 164
25 32
25 149
25 185
25 205
26 103
26 112
26 116
26 119
26 142
26 234
27 143
27 154
27 170
27 176
27 209
27 234
28 70
28 101
28 177
29 122
29 199
29 225
31 60
31 241
32 174
33 105
33 136
33 157
33 205
33 218
33 240
34 156
34 226
34 249
35 46
35 107
36 91
36 121
36 173
36 233
37 133
38 61
38 106
38 149
39 71
39 98
39 166
40 104
40 214
41 163
41 165
42 115
42 238
43 94
43 140
43 162
43 247
44 179
44 246
45 102
45 170
46 144
46 147
46 169
46 181
47 167
47 183
47 197
48 98
48 125
48 171
48 175
49 128
49 151
49 159
50 62
50 94
51 60
51 141
51 143
52 87
52 169
52 226
52 231
53 104
53 206
54 55
54 105
54 188
54 216
55 121
55 148
55 199
55 225
56 72
56 75
56 112
56 171
57 142
57 145
58 72
58 79
58 163
58 232
59 201
60 136
61 87
61 164
62 147
63 94
63 134
63 168
63 224
64 66
64 162
64 221
65 153
65 217
66 142
66 175
68 160
68 231
69 76
69 108
69 160
69 192
70 101
70 123
70 161
70 171
71 98
71 200
71 242
71 247
71 249
72 230
72 248
73 121
73 215
73 220
74 121
74 173
74 178
75 83
75 117
75 161
76 169
76 194
77 94
77 107
77 109
77 111
78 135
78 154
78 205
79 118
80 171
80 228
81 158
81 209
82 127
82 141
83 134
83 138
83 148
83 193
84 190
84 208
85 104
85 114
85 117
85 122
85 193
86 106
86 121
86 163
86 178
87 108
87 120
87 125
87 158
87 167
87 205
87 224
88 115
88 228
89 183
89 186
89 192
89 215
90 176
90 191
91 138
91 246
92 146
92 207
93 155
94 114
94 118
95 157
95 205
96 131
96 137
97 115
97 185
97 195
97 230
98 148
98 162
99 141
99 185
100 154
101 223
101 242
102 126
102 148
102 222
102 224
102 240
103 117
103 186
104 224
104 234
105 161
105 249
106 172
106 218
107 184
107 223
109 151
109 152
109 160
109 219
111 150
112 228
114 123
114 236
115 155
115 159
115 170
115 176
115 212
117 129
118 135
118 244
118 245
119 176
119 230
120 237
120 249
121 178
121 200
121 205
121 214
123 237
124 138
124 160
124 161
125 129
125 151
125 178
125 213
127 217
128 172
128 176
128 177
128 228
129 135
129 234
131 158
131 162
132 208
132 240
132 249
133 190
133 242
135 183
135 194
136 159
136 179
136 187
136 208
137 235
137 237
138 228
139 152
139 162
139 231
140 145
140 169
140 210
141 234
142 147
142 219
142 247
143 184
143 196
143 232
144 151
144 185
144 191
146 235
146 239
147 203
147 230
150 196
150 197
150 209
150 238
151 189
151 196
151 214
153 217
154 178
155 165
156 177
156 192
157 163
158 240
158 249
160 164
160 225
160 236
161 182
163 239
164 198
164 237
165 194
165 206
166 170
166 186
167 197
169 179
169 181
169 192
170 187
170 196
170 198
170 233
171 185
172 185
173 238
173 245
174 231
174 247
177 179
177 220
177 234
178 217
178 221
179 187
179 248
180 213
184 244
185 218
188 237
189 206
189 223
193 202
193 242
194 212
194 221
197 209
198 208
201 213
201 230
203 221
203 239
205 206
206 246
208 214
208 242
210 227
215 227
216 231
220 230
225 238
230 234
234 247
235 238
236 238
243 248
