0 168
0 196
2 131
2 141
2 195
3 7
3 48
3 108
3 114
3 124
5 232
7 46
7 150
8 18
8 129
8 149
9 42
9 245
11 14
11 77
11 175
12 232
13 34
13 108
13 176
14 21
14 67
14 132
14 174
15 112
15 149
15 223
16 110
16 125
16 176
16 216
19 241
20 112
22 146
25 111
25 138
25 222
26 108
26 230
27 33
27 101
27 195
28 33
28 65
29 100
30 84
34 43
34 154
40 112
41 63
41 205
41 208
41 245
42 120
42 188
42 218
43 105
44 193
45 130
45 243
46 142
46 195
48 68
48 219
53 93
53 189
54 66
54 119
54 137
54 153
54 228
54 240
55 80
55 90
55 94
55 102
55 151
55 197
56 220
57 79
57 158
57 193
59 212
59 221
59 226
59 240
60 85
61 104
61 110
61 115
61 172
62 88
62 196
63 178
64 224
65 94
65 146
66 167
68 111
68 229
70 82
70 168
75 188
75 218
79 101
80 130
81 161
82 88
82 94
84 139
84 143
85 139
85 216
88 104
88 235
92 117
93 124
93 131
93 164
93 202
94 139
95 167
95 202
95 224
95 246
96 150
100 163
101 213
102 224
104 215
105 134
105 135
105 149
105 184
108 161
109 236
111 193
112 148
114 165
114 210
114 220
115 161
117 169
117 196
121 208
122 129
122 207
123 198
123 205
123 233
124 178
125 229
128 232
131 164
131 218
133 161
133 238
133 244
138 176
140 164
140 241
144 202
146 219
147 238
148 218
149 184
153 213
153 231
154 168
161 164
163 199
164 224
165 218
167 168
168 244
169 198
169 232
175 187
175 188
178 214
179 197
183 235
189 197
193 197
194 218
199 212
202 231
203 212
210 218
212 229
213 232
221 226
221 248
230 236
243 247
