0 2
0 7
0 17
0 23
0 24
0 62
0 72
0 77
0 88
0 89
0 124
0 164
0 169
0 175
0 177
0 178
0 195
0 244
0 245
1 3
1 18
1 22
1 27
1 32
1 40
1 70
1 93
1 97
1 107
1 137
1 146
1 147
1 155
1 187
1 188
1 190
1 201
1 215
1 243
2 24
2 43
2 60
2 85
2 98
2 123
2 157
2 165
2 170
2 176
2 181
2 196
2 235
3 34
3 47
3 48
3 68
3 76
3 97
3 132
3 136
3 153
3 166
3 170
3 194
3 199
3 225
3 231
3 239
4 21
4 25
4 32
4 34
4 88
4 137
4 138
4 163
4 171
4 182
4 190
4 200
4 212
5 46
5 62
5 79
5 94
5 99
5 104
5 115
5 182
5 195
5 201
5 213
5 226
5 249
6 33
6 46
6 59
6 60
6 85
6 91
6 95
6 97
6 120
6 129
6 160
6 175
6 180
6 189
6 194
6 199
6 200
6 222
6 243
6 247
7 19
7 46
7 52
7 55
7 73
7 81
7 94
7 101
7 131
7 135
7 138
7 146
7 163
7 222
7 233
7 237
8 35
8 60
8 69
8 91
8 103
8 118
8 134
8 136
8 175
8 179
8 187
8 198
8 210
9 28
9 35
9 38
9 39
9 46
9 51
9 71
9 72
9 83
9 108
9 120
9 133
9 150
9 200
9 226
10 17
10 33
10 65
10 68
10 78
10 94
10 119
10 134
10 136
10 138
10 145
10 154
10 174
10 176
10 199
10 212
10 218
10 242
11 38
11 44
11 50
11 103
11 179
11 185
11 191
11 212
11 217
11 234
11 243
12 23
12 39
12 64
12 72
12 96
12 151
12 171
12 199
12 217
12 225
13 51
13 149
13 176
13 181
13 205
13 235
14 25
14 39
14 46
14 50
14 54
14 62
14 97
14 108
14 170
14 218
14 225
14 227
14 230
14 231
14 233
15 17
15 38
15 42
15 55
15 59
15 69
15 80
15 110
15 136
15 147
15 154
15 164
15 167
15 169
15 210
15 213
15 215
15 248
16 48
16 62
16 65
16 70
16 71
16 75
16 90
16 98
16 127
16 143
16 160
16 166
16 167
16 202
16 247
17 25
17 26
17 36
17 56
17 65
17 78
17 130
17 137
17 171
17 173
17 182
17 205
17 207
17 211
17 223
17 227
17 233
17 235
18 19
18 29
18 43
18 46
18 54
18 56
18 66
18 81
18 119
18 167
18 178
18 182
18 194
18 201
18 204
18 209
18 211
18 220
18 231
18 247
19 29
19 33
19 46
19 53
19 77
19 124
19 139
19 171
19 175
19 201
19 203
19 209
19 235
20 25
20 56
20 130
20 150
20 176
20 177
20 194
20 241
21 34
21 61
21 90
21 97
21 106
21 122
21 127
21 133
21 142
21 162
21 186
21 193
21 196
21 206
21 209
21 222
21 224
21 225
21 226
21 239
21 249
22 30
22 44
22 50
22 59
22 68
22 105
22 107
22 114
22 129
22 143
22 146
22 152
22 175
22 193
22 248
23 26
23 33
23 37
23 47
23 55
23 59
23 61
23 68
23 81
23 91
23 148
23 149
23 163
23 166
23 173
23 177
23 202
23 206
23 219
24 44
24 48
24 56
24 59
24 78
24 104
24 109
24 110
24 112
24 119
24 150
24 191
24 193
24 194
24 211
24 225
24 237
24 242
25 26
25 29
25 88
25 90
25 109
25 124
25 133
25 140
25 191
25 195
25 215
25 222
25 242
26 38
26 69
26 70
26 98
26 122
26 136
26 149
26 159
26 170
26 180
26 190
26 203
26 204
26 205
26 207
26 216
26 217
26 245
27 34
27 45
27 50
27 95
27 151
27 157
27 165
27 167
27 184
27 200
27 219
27 228
27 237
28 32
28 47
28 54
28 77
28 90
28 100
28 141
28 145
28 153
28 174
28 183
28 189
28 198
28 224
28 243
29 40
29 49
29 57
29 68
29 86
29 110
29 170
29 205
29 210
29 226
30 35
30 40
30 41
30 47
30 48
30 84
30 100
30 112
30 116
30 140
30 158
31 38
31 41
31 44
31 116
31 129
31 165
31 173
31 183
31 199
31 223
32 44
32 63
32 75
32 93
32 106
32 126
32 159
32 177
32 181
32 188
32 197
32 215
32 233
32 244
33 106
33 165
33 170
33 202
33 208
33 211
34 36
34 44
34 55
34 65
34 67
34 72
34 107
34 123
34 134
34 199
34 200
34 227
35 52
35 60
35 68
35 71
35 81
35 84
35 93
35 95
35 97
35 106
35 152
35 154
35 173
35 208
35 209
35 230
35 234
36 46
36 58
36 76
36 77
36 82
36 87
36 99
36 103
36 106
36 114
36 137
36 179
36 192
36 197
36 202
36 245
37 98
37 120
37 136
37 142
37 162
37 185
37 188
37 209
38 41
38 53
38 57
38 67
38 96
38 109
38 118
38 119
38 150
38 160
38 167
38 195
38 216
38 218
38 222
38 223
38 243
38 246
39 45
39 49
39 64
39 68
39 78
39 80
39 95
39 122
39 148
39 160
39 186
39 249
40 44
40 57
40 100
40 106
40 108
40 133
40 137
40 142
40 152
40 157
40 202
40 205
41 46
41 47
41 59
41 70
41 81
41 86
41 88
41 99
41 124
41 134
41 147
41 149
41 182
41 202
41 214
41 226
42 65
42 93
42 125
42 138
42 152
42 155
42 158
42 164
42 172
42 173
42 174
42 192
42 210
42 213
42 217
42 219
42 233
42 242
43 49
43 58
43 80
43 102
43 114
43 124
43 184
43 193
43 210
43 212
43 230
43 244
44 50
44 86
44 88
44 106
44 107
44 112
44 114
44 118
44 119
44 125
44 130
44 135
44 142
44 151
44 155
44 178
44 179
44 243
44 249
45 86
45 121
45 126
45 132
45 133
45 135
45 176
45 182
45 188
45 194
45 214
45 245
45 249
46 72
46 78
46 82
46 116
46 121
46 131
46 137
46 159
46 163
46 165
46 170
46 181
46 214
47 49
47 54
47 56
47 57
47 75
47 83
47 90
47 115
47 122
47 145
47 158
47 171
47 176
47 183
47 184
47 208
47 211
47 214
47 215
47 216
47 237
47 247
48 49
48 73
48 82
48 98
48 128
48 135
48 154
48 158
48 167
48 189
48 213
48 215
48 219
48 234
48 237
49 60
49 62
49 72
49 83
49 88
49 94
49 113
49 151
49 160
49 170
49 174
49 187
49 191
49 193
49 206
49 218
49 228
49 238
50 57
50 80
50 89
50 110
50 118
50 139
50 145
50 171
50 175
50 197
50 214
50 248
51 101
51 110
51 134
51 148
51 152
51 156
51 167
51 195
51 247
51 249
52 54
52 58
52 92
52 102
52 110
52 124
52 138
52 148
52 156
52 177
52 187
52 191
52 192
52 197
52 213
52 215
52 221
52 240
53 54
53 63
53 71
53 75
53 83
53 85
53 88
53 93
53 100
53 112
53 134
53 143
53 159
53 162
53 176
53 186
53 208
53 228
54 60
54 93
54 107
54 112
54 142
54 164
54 192
54 198
54 201
54 225
54 227
54 242
55 68
55 82
55 111
55 114
55 138
55 145
55 155
55 157
55 168
55 176
55 201
55 202
55 204
55 211
55 219
55 231
55 234
55 238
55 242
55 243
55 248
55 249
56 61
56 72
56 83
56 92
56 124
56 144
56 145
56 146
56 148
56 168
56 179
56 191
56 227
56 242
57 85
57 117
57 127
57 129
57 167
57 169
57 221
57 231
57 239
57 243
57 245
57 249
58 85
58 133
58 145
58 155
58 157
58 158
58 161
58 166
58 199
58 228
58 245
59 62
59 63
59 80
59 83
59 91
59 120
59 127
59 158
59 162
59 171
59 174
59 178
59 180
59 239
60 64
60 75
60 87
60 91
60 105
60 117
60 159
60 179
60 203
60 215
60 216
60 235
61 73
61 97
61 99
61 116
61 117
61 155
61 187
61 208
61 237
61 242
61 247
62 74
62 81
62 89
62 103
62 110
62 157
62 177
62 181
62 190
62 193
62 198
62 205
62 227
62 243
63 84
63 104
63 108
63 123
63 140
63 158
63 174
63 180
63 183
63 237
64 78
64 93
64 94
64 120
64 122
64 162
64 165
64 171
64 181
64 194
64 222
65 66
65 78
65 81
65 83
65 96
65 109
65 117
65 148
65 181
65 211
65 221
65 224
66 74
66 100
66 116
66 142
66 159
66 170
66 175
66 188
66 249
67 106
67 141
67 149
67 175
67 177
67 186
67 196
67 224
67 244
68 80
68 126
68 131
68 147
68 181
68 186
68 193
68 206
68 243
69 76
69 78
69 85
69 107
69 116
69 140
69 149
69 157
69 185
69 187
69 208
69 209
69 210
69 244
69 247
70 111
70 137
70 148
70 162
70 167
70 172
70 185
70 186
70 203
70 237
70 243
71 93
71 111
71 113
71 153
71 159
71 171
71 229
71 233
71 243
71 246
72 112
72 131
72 164
72 168
72 206
72 211
72 223
72 234
72 237
72 239
72 248
73 79
73 101
73 107
73 109
73 116
73 117
73 147
73 163
73 169
73 170
73 209
73 218
73 234
73 243
74 116
74 118
74 126
74 140
74 186
74 195
74 205
74 215
74 243
75 94
75 103
75 130
75 139
75 160
75 161
75 170
75 194
75 200
75 213
75 224
75 246
75 247
76 89
76 131
76 138
76 152
76 157
76 180
76 186
76 187
76 208
76 224
76 235
77 90
77 98
77 101
77 104
77 120
77 155
77 175
77 214
77 222
77 233
77 242
78 92
78 102
78 123
78 132
78 134
78 167
78 170
78 186
78 187
78 226
78 240
79 96
79 99
79 159
79 178
79 205
79 219
79 241
80 97
80 128
80 132
80 136
80 191
80 192
80 207
80 208
80 221
81 82
81 85
81 106
81 107
81 115
81 118
81 119
81 132
81 147
81 184
81 187
81 200
82 110
82 112
82 130
82 135
82 150
82 155
82 176
82 187
82 197
82 216
82 231
83 121
83 131
83 147
84 97
84 100
84 104
84 109
84 159
84 199
84 205
84 219
84 223
85 104
85 133
85 181
85 188
85 192
85 228
85 241
86 92
86 115
86 116
86 118
86 135
86 148
86 168
86 177
86 205
86 207
86 225
86 244
87 96
87 105
87 127
87 143
87 146
87 178
87 188
87 191
87 213
88 98
88 107
88 114
88 125
88 131
88 135
88 156
88 163
88 178
88 179
88 200
88 227
88 242
89 91
89 93
89 111
89 122
89 125
89 137
89 138
89 139
89 151
89 160
89 167
89 187
89 190
90 133
90 188
91 97
91 105
91 140
91 156
91 179
91 200
91 225
91 230
91 245
92 116
92 139
92 167
92 191
92 194
92 203
92 240
93 100
93 110
93 140
93 159
93 163
93 215
93 232
93 235
93 244
94 96
94 98
94 106
94 135
94 211
94 222
94 239
95 96
95 102
95 105
95 123
95 130
95 133
95 154
95 155
95 157
95 184
95 194
95 195
95 203
95 217
95 228
95 231
96 97
96 110
96 134
96 156
96 227
97 122
97 149
97 158
97 174
97 203
97 237
98 100
98 104
98 107
98 126
98 145
98 157
98 172
98 204
98 205
98 217
98 249
99 106
99 112
99 123
99 129
99 144
99 154
99 179
99 183
99 224
100 122
100 123
100 133
100 140
100 143
100 175
100 184
100 220
100 242
100 247
101 110
101 118
101 120
101 127
101 145
101 157
101 158
101 176
101 191
101 196
101 199
101 248
102 118
102 123
102 137
102 193
102 209
102 214
102 238
102 247
103 113
103 153
103 154
103 162
103 181
103 183
103 197
103 200
103 208
103 223
104 124
104 138
104 149
104 150
104 170
104 188
104 207
104 235
104 240
105 115
105 116
105 156
105 167
105 200
105 201
105 204
105 239
106 109
106 139
106 156
106 190
106 209
106 216
106 230
106 245
107 119
107 123
107 176
107 182
107 187
107 211
107 233
108 111
108 129
108 135
108 151
108 157
108 164
108 172
108 180
108 193
108 243
108 249
109 123
109 137
109 159
109 173
109 186
109 187
109 211
109 218
109 221
109 232
109 241
110 122
110 133
110 134
110 153
110 163
110 182
110 191
110 209
111 125
111 166
111 174
111 180
111 193
111 204
111 207
111 210
112 120
112 125
112 148
112 161
112 169
112 210
112 217
113 120
113 123
113 146
113 160
113 188
113 194
113 198
113 199
113 203
113 209
113 216
113 219
114 137
114 139
114 157
114 159
114 167
114 184
114 195
114 233
114 238
114 248
115 140
115 155
115 157
115 184
115 188
115 210
115 243
116 120
116 204
116 220
117 181
117 199
117 218
117 230
117 234
117 247
118 125
118 132
118 134
118 144
118 166
118 171
118 206
118 226
118 229
119 121
119 155
119 171
119 172
119 214
119 217
119 221
119 235
120 129
120 141
120 151
120 170
120 189
120 226
120 230
121 124
121 206
121 211
121 219
121 227
121 236
122 127
122 132
122 190
122 248
123 137
123 138
123 144
123 164
123 171
123 177
123 191
123 195
124 139
124 142
124 175
124 181
124 198
124 210
124 211
124 214
124 222
124 242
125 129
125 166
125 168
125 169
125 180
125 196
125 198
125 207
125 230
125 234
125 238
125 241
126 127
126 159
126 160
126 161
126 176
126 189
126 201
126 204
126 220
126 230
126 243
127 134
127 137
127 146
127 147
127 180
127 194
127 237
128 172
128 185
128 229
128 234
129 148
129 165
129 170
129 173
129 177
129 178
129 184
129 201
129 208
129 227
130 184
130 198
130 203
130 205
130 239
130 248
131 133
131 156
131 171
131 236
131 237
132 164
132 169
132 180
132 194
132 196
132 210
132 213
132 228
132 248
133 149
133 176
133 179
133 192
133 194
133 199
133 229
134 158
134 165
134 174
134 179
134 187
134 217
134 222
135 143
135 147
135 166
135 173
135 184
135 193
135 195
135 219
135 220
135 221
135 232
135 242
136 141
136 180
136 181
136 193
136 202
136 211
137 145
137 165
137 166
137 187
137 189
137 238
138 161
138 175
138 180
138 184
138 187
139 146
139 203
139 241
140 142
140 165
140 169
140 181
140 194
140 212
140 225
141 156
141 167
141 182
141 196
141 210
141 212
141 225
141 248
142 154
142 186
142 193
142 197
142 212
142 214
142 219
143 144
143 150
143 151
143 158
143 188
143 192
143 205
143 211
143 212
143 216
144 166
144 175
144 243
144 246
145 165
145 167
145 218
145 241
145 244
146 149
146 188
146 198
146 203
146 220
146 232
147 171
147 182
147 187
147 209
147 229
147 235
148 180
148 188
148 197
148 200
148 201
148 221
148 228
148 242
148 248
149 161
149 173
149 224
149 225
149 238
150 203
150 204
150 217
150 231
151 160
151 170
151 179
151 195
151 211
151 216
151 236
151 240
151 249
152 155
152 156
152 160
152 194
152 209
152 227
153 182
153 200
153 202
153 225
154 198
154 224
154 240
154 243
154 248
155 160
155 162
155 170
155 195
155 204
155 221
155 234
156 163
156 198
156 216
156 233
156 237
157 158
157 200
157 210
157 225
158 173
158 190
158 200
158 216
158 225
158 232
158 244
159 160
159 161
159 166
159 169
159 240
160 175
160 183
160 187
160 194
160 197
160 206
160 218
160 219
160 233
160 247
161 164
161 167
161 213
161 239
161 249
162 164
162 168
162 200
162 210
162 235
162 242
162 243
163 166
163 201
163 210
163 217
163 224
163 237
163 239
163 241
163 247
164 167
164 178
164 196
164 218
164 230
164 233
165 192
165 233
166 173
166 202
166 208
166 216
167 175
167 176
167 183
167 209
167 244
168 174
168 180
168 182
168 185
168 195
168 211
168 240
168 243
168 245
169 183
169 184
169 220
169 222
169 224
170 205
170 221
170 225
170 227
171 186
171 198
171 200
171 237
171 240
172 184
172 210
172 224
173 182
173 202
173 226
173 230
173 237
173 238
173 242
173 243
174 177
174 193
174 195
174 198
174 205
174 207
174 225
174 233
174 239
175 202
175 220
175 228
175 234
175 240
176 185
176 197
176 202
176 210
176 217
176 227
176 229
176 239
177 201
177 218
177 239
178 193
178 196
178 240
179 180
179 232
179 233
179 242
180 184
180 195
180 233
180 238
181 182
181 204
181 217
181 222
181 224
181 234
182 194
182 217
182 248
183 206
183 222
183 245
184 185
184 195
184 234
184 235
184 238
185 211
185 214
185 215
185 230
186 218
186 241
187 199
187 211
187 230
187 237
188 193
188 196
188 203
189 199
189 200
189 217
189 219
189 243
189 246
190 193
190 229
190 232
190 245
191 205
191 209
191 211
191 215
191 222
191 226
191 230
192 203
192 205
192 214
192 241
192 247
193 203
193 225
193 231
194 221
194 224
194 249
195 198
195 222
195 229
195 238
195 247
196 208
196 248
197 205
197 212
197 219
197 235
197 237
199 210
199 216
199 217
199 241
199 249
200 208
200 224
200 245
201 231
201 236
201 243
202 205
202 210
202 215
202 219
202 242
202 246
203 204
203 214
203 225
203 232
203 241
204 205
204 228
204 232
204 242
205 227
205 233
206 216
206 223
206 226
207 212
207 234
208 221
208 226
209 224
209 229
210 241
211 213
211 221
211 227
211 234
212 233
212 238
212 243
213 235
214 243
215 231
215 239
215 242
215 246
216 225
216 227
216 249
217 230
217 239
217 245
217 248
218 227
218 238
219 239
219 245
220 223
221 223
221 224
221 231
221 248
222 224
222 225
222 231
222 239
224 245
224 247
225 231
226 242
228 240
230 232
230 237
231 247
233 234
233 243
235 237
235 239
235 245
238 239
239 245
240 246
240 249
241 246
242 249
243 248
244 245
246 247
