0 22
0 46
0 76
0 97
0 117
0 124
0 139
0 194
0 245
1 12
1 29
1 35
1 41
1 44
1 50
1 75
1 106
1 130
1 201
1 229
1 236
1 242
2 20
2 38
2 65
2 100
2 106
2 174
2 175
2 229
2 241
3 5
3 46
3 71
3 88
3 95
3 119
3 136
3 142
3 195
3 223
4 24
4 60
4 61
4 94
4 135
4 189
4 243
5 9
5 48
5 167
6 28
6 88
6 106
6 157
6 174
6 241
6 243
6 248
7 18
7 20
7 27
7 56
7 70
7 108
7 118
7 163
7 193
7 198
7 210
7 218
8 16
8 60
8 101
8 103
8 140
8 219
9 27
9 31
9 69
9 72
9 92
9 121
9 129
9 139
9 141
9 178
9 193
9 206
9 220
9 241
10 76
10 86
10 93
10 96
10 112
10 138
10 166
10 213
10 235
11 22
11 84
11 154
11 175
11 183
11 239
12 49
12 70
12 72
12 75
12 77
12 126
12 138
12 148
12 150
12 203
12 236
12 241
13 27
13 203
13 226
13 231
14 45
14 81
14 128
14 186
14 200
14 209
14 223
14 244
15 34
15 57
15 84
15 124
15 187
15 189
15 197
15 204
15 222
15 236
15 237
16 31
16 37
16 89
16 100
16 111
16 138
16 143
16 146
16 157
16 180
16 188
16 196
16 227
17 24
17 25
17 86
17 143
17 183
17 206
17 236
18 42
18 65
18 77
18 116
18 149
18 174
18 198
19 25
19 26
19 89
19 104
19 131
19 190
19 221
20 29
20 91
20 94
20 195
20 202
20 207
20 227
20 229
21 25
21 32
21 63
21 67
21 80
21 98
21 106
21 121
21 201
21 209
21 232
21 233
22 49
22 51
22 137
22 163
22 171
22 177
22 195
22 207
22 215
22 238
22 247
23 155
23 176
23 218
23 235
23 241
24 58
24 97
24 102
24 216
24 219
24 239
25 41
25 135
25 136
25 166
26 49
26 72
26 80
26 136
26 148
26 164
26 175
26 236
27 46
27 60
27 134
27 157
27 178
27 186
27 195
27 208
27 213
27 219
27 220
27 222
27 244
28 60
28 146
28 166
28 241
29 46
29 169
29 170
30 35
30 88
30 98
30 104
30 107
30 118
30 119
30 126
30 173
30 232
30 242
30 247
31 52
31 67
31 75
31 101
31 183
31 186
31 240
32 54
32 62
32 76
32 110
32 116
32 228
33 44
33 57
33 116
33 122
33 127
33 214
33 218
33 223
34 61
34 63
34 150
34 168
34 228
34 230
35 100
35 113
35 133
35 174
35 188
35 222
36 61
36 86
36 138
36 172
36 175
36 199
36 203
36 214
37 217
37 218
37 224
37 231
38 72
38 94
38 110
38 114
38 153
38 206
38 232
39 50
39 91
39 100
39 102
39 114
39 132
39 136
39 209
39 220
39 228
40 62
40 86
40 137
40 175
40 180
40 212
40 213
40 243
40 244
41 73
41 95
41 114
41 164
41 165
41 170
41 182
41 186
41 192
41 201
41 207
41 217
41 224
42 44
42 58
42 91
42 116
42 170
42 185
42 222
43 122
43 187
43 189
43 213
43 216
43 218
44 67
44 70
44 132
44 194
44 224
44 233
45 61
45 136
45 150
45 190
45 211
45 215
45 220
45 222
46 52
46 144
47 68
47 121
47 171
47 203
48 77
48 148
48 167
48 248
49 54
49 102
49 148
49 214
49 223
50 55
50 58
50 62
50 93
50 107
50 149
50 242
51 63
51 65
51 68
51 98
51 145
51 160
51 205
51 226
51 238
51 244
52 66
52 104
52 121
52 137
52 144
52 146
52 227
53 96
53 124
53 133
53 199
54 75
54 220
54 227
54 233
54 248
55 176
55 177
55 203
55 222
55 235
56 64
56 65
56 173
56 179
57 118
57 122
57 130
57 152
57 181
57 186
57 193
57 206
57 217
57 219
58 112
58 145
58 149
58 158
58 180
58 206
58 231
58 239
59 61
59 95
59 123
59 162
59 171
59 203
59 248
60 70
60 107
60 125
60 141
60 195
60 200
61 67
61 140
61 191
61 195
61 210
62 80
62 95
62 110
62 144
62 154
62 165
62 220
62 231
62 232
62 235
63 75
63 98
63 159
63 177
63 182
63 214
63 232
64 195
64 211
64 232
65 67
65 90
65 195
66 74
66 130
66 215
67 71
67 89
67 173
68 92
68 94
68 124
68 144
68 190
68 193
68 203
68 215
68 228
69 72
69 88
69 93
69 99
69 103
69 138
69 157
69 174
69 184
69 213
69 219
69 225
69 239
70 115
70 154
70 171
71 106
71 189
71 193
71 195
72 126
72 183
72 219
72 229
72 249
73 74
73 108
73 171
73 197
74 96
74 222
74 249
75 78
75 124
75 160
75 181
75 193
75 235
76 123
76 144
76 154
76 159
76 166
76 177
76 181
76 244
77 171
77 229
78 86
78 93
78 137
78 152
78 213
78 215
79 84
79 107
79 120
79 133
79 138
79 143
79 151
80 206
80 220
81 147
81 189
81 207
81 216
82 100
82 103
82 132
82 133
82 193
82 209
82 216
82 228
82 234
83 89
83 195
83 232
83 238
83 245
84 96
85 97
85 111
85 134
85 146
85 171
85 198
85 201
85 231
86 94
86 165
86 189
87 89
87 150
87 224
88 95
88 108
88 112
88 139
88 180
88 220
88 230
89 104
89 145
89 172
89 196
89 210
89 222
89 243
90 175
90 184
90 198
91 135
91 214
91 232
91 238
92 100
92 108
92 109
92 115
92 165
92 219
92 222
92 232
92 241
93 98
93 148
93 168
93 182
93 197
93 211
94 96
94 191
95 111
95 219
95 234
96 101
96 111
96 121
96 139
96 200
96 224
97 107
97 168
97 190
97 197
97 222
98 149
98 232
99 160
99 174
99 204
99 217
99 234
100 137
100 185
100 209
100 221
100 235
101 132
101 142
101 151
101 175
102 151
102 155
102 196
102 211
103 186
103 224
104 131
104 167
104 190
104 211
104 235
104 241
105 124
105 153
105 214
105 218
105 230
106 111
106 120
106 134
106 204
106 222
107 129
107 241
108 126
108 196
109 198
109 231
109 240
110 161
110 184
110 207
111 117
111 145
111 196
111 213
111 216
111 235
112 144
112 148
112 151
112 152
112 222
113 141
113 155
113 169
113 219
113 236
114 156
114 187
114 236
115 140
115 187
115 193
115 209
115 241
116 218
117 146
117 185
117 195
117 207
118 133
118 177
119 122
119 142
119 200
119 207
120 156
120 189
120 233
121 139
121 161
121 185
121 186
121 199
122 162
122 187
122 230
122 242
123 124
123 149
123 157
123 193
123 219
124 183
124 193
124 195
125 129
125 152
125 194
126 128
126 170
126 191
126 213
126 240
127 163
127 179
127 191
128 141
128 143
128 213
128 226
129 134
129 200
129 202
129 216
129 224
129 233
130 236
131 160
131 181
131 214
132 149
132 199
133 215
133 248
134 179
135 139
135 160
135 192
135 237
136 145
136 197
137 185
137 213
137 239
138 203
138 234
138 237
140 177
140 179
140 182
140 203
141 147
141 204
141 235
141 236
142 144
142 161
142 184
142 213
142 220
143 158
143 165
143 181
143 191
143 231
145 184
145 186
146 171
146 199
146 208
146 209
146 212
147 179
147 180
147 191
147 202
147 205
148 190
148 191
148 239
149 180
149 182
149 201
149 212
151 207
151 218
151 227
151 244
152 159
152 160
152 162
152 175
152 181
152 196
152 228
152 238
152 246
153 154
153 233
154 187
154 209
154 225
154 237
155 160
155 182
155 221
156 166
156 243
157 209
157 216
157 244
158 193
158 196
158 222
158 232
159 238
160 195
161 181
161 187
161 204
161 235
161 239
161 248
162 234
162 236
163 192
163 200
163 207
164 191
165 188
165 241
166 177
166 217
166 224
167 181
167 207
168 247
169 204
169 218
170 213
171 218
172 176
172 230
172 236
173 182
173 215
173 234
174 193
174 213
174 234
175 227
176 192
177 192
178 195
178 222
179 198
180 209
180 243
180 248
181 203
181 241
181 242
182 207
183 218
185 198
185 215
185 218
189 193
190 197
190 211
190 231
190 247
191 219
191 224
192 201
192 214
192 221
192 238
193 228
194 237
194 241
195 221
196 222
196 233
197 210
197 220
198 213
200 228
201 211
201 214
201 234
202 207
202 239
203 214
203 221
204 226
205 233
205 247
207 241
207 249
208 247
209 214
210 228
210 243
211 225
211 229
212 248
213 225
213 246
214 216
214 242
215 231
215 234
215 242
216 231
217 226
217 238
219 233
222 231
226 236
228 242
231 239
233 242
234 249
235 242
