0 36
0 116
0 149
0 174
0 185
0 195
0 246
1 7
1 28
1 51
1 55
1 70
1 71
1 84
1 102
1 118
1 131
1 145
1 190
1 246
2 9
2 10
2 26
2 71
2 80
2 142
2 148
2 170
2 184
2 197
3 73
3 136
3 151
3 152
4 54
4 71
4 95
4 106
4 108
4 149
4 207
4 211
4 221
5 22
5 27
5 39
5 40
5 47
5 48
5 68
5 81
5 83
5 108
5 238
5 245
6 18
6 111
6 120
6 126
6 149
6 164
6 165
6 178
7 92
7 106
7 126
7 139
7 142
7 148
7 178
7 207
7 244
7 245
8 17
8 44
8 53
8 65
8 72
8 140
8 156
8 158
8 164
8 176
8 215
8 217
8 236
8 247
8 249
9 38
9 46
9 63
9 76
9 77
9 101
9 130
9 174
10 23
10 31
10 59
10 90
10 116
10 144
10 167
10 170
10 188
11 53
11 61
11 99
11 101
11 107
11 140
12 65
12 117
12 128
12 175
12 181
12 183
12 190
12 191
12 226
13 43
13 117
13 147
13 160
13 169
13 182
13 183
13 190
13 202
13 209
13 218
13 239
13 242
14 31
14 32
14 62
14 91
14 101
14 177
15 43
15 52
15 123
15 236
16 17
16 57
16 70
16 99
16 110
16 123
16 138
16 151
16 173
16 197
16 201
17 45
17 51
17 67
17 95
17 131
17 135
17 140
17 156
17 170
17 193
17 220
17 229
17 234
17 236
18 56
18 81
18 90
18 111
18 138
18 169
18 177
18 212
18 225
18 227
18 236
19 27
19 51
19 83
19 174
19 181
19 219
19 247
20 25
20 26
20 30
20 37
20 57
20 88
20 95
20 118
20 133
20 136
20 178
20 209
20 216
20 232
20 237
21 28
21 38
21 127
21 141
21 174
21 201
21 206
22 28
22 35
22 37
22 52
22 56
22 62
22 63
22 104
22 113
22 164
22 217
22 245
22 247
23 32
23 203
23 214
23 229
24 31
24 34
24 42
24 61
24 117
24 125
24 142
24 150
24 162
24 211
24 246
25 28
25 135
25 173
25 184
25 204
25 206
25 209
25 222
25 229
25 247
26 44
26 137
26 187
26 192
26 237
27 36
27 37
27 86
27 91
27 145
27 149
27 187
27 216
27 217
27 225
28 34
28 68
28 79
28 99
28 106
28 224
29 32
29 64
29 100
29 110
29 123
29 128
29 154
29 160
29 164
29 216
29 227
29 236
29 246
30 93
30 98
30 100
30 111
30 147
30 155
30 157
30 180
30 190
31 102
31 175
31 178
31 202
32 43
32 48
32 84
32 105
32 133
32 148
32 184
32 192
32 194
32 196
32 202
32 249
33 107
33 156
33 187
33 192
33 240
33 248
34 91
34 95
34 157
34 173
34 196
34 222
34 249
35 147
35 160
35 183
35 238
36 155
36 163
36 184
36 198
36 211
36 218
37 142
37 168
37 179
37 188
38 135
38 150
38 230
38 235
39 71
39 73
39 86
39 115
39 117
39 124
39 127
39 128
39 134
39 138
39 144
39 148
39 225
39 234
39 244
40 83
40 90
40 107
40 110
40 113
40 141
40 209
41 55
41 57
41 58
41 75
41 84
41 97
41 106
41 110
41 121
41 162
41 166
41 197
41 204
41 207
42 71
42 78
42 87
42 107
42 125
42 134
42 165
42 171
42 175
42 192
42 219
42 246
43 76
43 77
43 105
43 106
43 148
43 178
43 192
43 194
43 215
43 232
43 246
44 97
44 149
44 180
44 197
44 219
44 226
45 61
45 83
45 105
45 137
45 138
45 210
46 49
46 136
46 165
46 169
46 193
46 206
46 232
47 54
47 91
47 111
47 146
47 160
47 180
47 219
47 246
48 59
48 73
48 118
48 128
48 156
48 195
48 207
48 214
49 82
49 112
49 171
50 75
50 89
50 91
50 94
50 108
50 113
50 122
50 127
50 140
50 179
50 213
50 238
51 55
51 57
51 61
51 120
51 144
51 191
51 214
51 228
51 241
52 90
52 139
52 147
52 164
52 168
52 171
53 140
53 149
53 184
53 214
53 216
53 244
53 246
54 71
54 72
54 93
54 107
54 199
54 228
54 235
55 57
55 87
55 100
55 112
55 127
55 132
55 201
55 239
55 240
56 113
56 143
56 211
56 218
56 219
57 66
57 118
57 124
57 178
57 197
57 202
57 210
57 230
57 237
58 167
58 194
58 224
58 236
59 165
59 185
60 72
60 91
60 123
60 124
60 170
60 176
60 193
60 227
61 89
61 106
61 110
61 161
61 220
61 225
61 228
62 109
62 121
62 149
62 231
62 242
63 173
63 185
63 191
63 209
64 70
64 77
64 112
64 123
64 131
64 149
64 151
64 175
64 194
64 236
64 238
65 104
65 105
65 131
65 133
65 153
65 175
65 177
65 182
65 230
66 121
66 136
66 188
66 219
66 229
66 247
67 84
67 105
67 122
67 135
67 162
67 167
67 206
67 237
68 76
68 86
68 87
68 101
68 105
68 114
68 220
69 71
69 85
69 96
69 115
69 118
69 147
69 164
69 175
69 248
70 103
70 111
70 117
70 124
70 138
70 175
70 200
70 242
70 249
71 82
71 127
72 78
72 83
72 108
72 118
72 142
72 178
72 241
72 242
73 132
73 133
73 150
73 201
73 206
73 207
73 246
74 114
74 160
75 155
75 177
75 193
75 200
75 219
75 230
76 85
76 87
76 96
76 151
76 198
76 199
76 225
77 89
77 109
77 120
77 126
77 136
77 166
77 177
77 188
77 224
78 95
78 198
78 218
78 249
79 98
79 112
79 154
80 148
80 153
80 161
80 233
80 246
81 104
81 110
81 138
81 179
81 241
82 135
82 149
82 185
82 194
82 230
83 87
83 216
83 232
84 92
84 94
84 100
84 116
84 130
84 152
84 197
84 241
85 94
85 106
85 114
85 121
85 149
85 187
85 194
85 210
85 226
86 114
86 115
86 126
86 226
87 92
87 103
87 147
87 151
87 164
87 176
87 181
87 184
87 233
87 248
88 91
88 98
88 145
88 151
88 172
88 173
88 187
88 196
88 244
89 111
89 124
89 140
89 179
89 199
89 240
89 243
90 109
90 134
90 140
90 162
90 228
90 231
90 234
90 240
91 117
91 128
91 134
91 144
91 151
91 171
91 200
91 214
91 249
92 110
92 121
92 135
92 137
92 210
92 217
92 226
93 94
93 195
93 247
93 248
94 105
94 161
94 239
94 247
95 111
95 144
95 145
95 229
95 249
96 103
96 119
96 126
96 164
96 169
96 183
96 195
96 202
96 225
97 101
97 113
97 118
97 129
97 148
97 159
97 185
97 207
97 231
98 124
98 176
98 228
98 233
99 100
99 133
99 142
99 175
99 182
99 184
99 196
100 126
100 167
100 189
100 190
100 196
100 199
100 249
101 110
101 145
101 169
101 222
102 151
102 165
102 171
102 225
103 205
103 209
104 115
104 172
105 109
105 117
105 149
105 165
105 234
106 119
106 133
106 135
106 136
106 152
106 169
106 177
106 232
107 138
107 169
107 190
107 198
107 203
107 215
107 240
107 244
108 178
108 183
108 185
109 116
109 129
109 148
109 164
109 203
109 207
109 214
110 121
110 137
110 153
110 176
110 198
110 227
110 238
111 118
111 145
111 155
111 220
112 130
112 155
112 164
112 193
112 196
112 217
112 229
112 231
112 241
113 135
113 162
113 185
113 186
114 123
114 143
114 151
114 162
114 170
114 190
114 196
114 203
114 209
114 217
114 239
114 243
114 245
115 166
116 118
116 151
116 156
116 189
116 196
116 197
116 233
117 121
117 228
118 161
118 163
118 205
118 223
118 232
118 244
119 148
119 167
119 170
119 184
119 247
120 138
120 149
120 153
120 176
120 181
120 235
120 249
121 122
121 138
121 169
122 158
122 166
122 179
122 184
122 204
122 221
122 246
123 183
123 218
124 177
125 156
125 161
125 183
125 190
125 213
125 220
125 227
125 241
125 249
126 205
126 230
127 140
127 147
127 153
127 224
128 151
128 201
128 213
129 174
129 191
129 201
129 207
130 190
130 193
130 245
130 246
131 156
131 192
131 232
131 236
131 238
131 239
132 155
132 180
132 216
132 235
133 158
133 160
133 184
133 209
133 223
133 241
133 245
134 144
134 146
134 162
134 163
134 178
135 182
135 211
135 238
135 243
136 145
136 185
136 232
137 140
137 153
137 168
137 193
137 220
137 238
137 239
138 160
138 166
138 174
138 195
139 156
139 198
139 237
140 152
140 161
140 166
140 174
140 190
140 200
140 237
140 246
141 166
141 196
141 213
141 236
141 242
142 144
142 147
142 157
143 186
143 208
143 211
143 244
144 159
144 186
144 211
144 221
144 231
144 249
145 178
145 182
145 194
145 196
145 247
146 174
146 177
146 179
146 217
147 151
147 207
148 222
148 226
148 244
149 227
149 230
149 231
150 154
150 213
150 226
151 194
151 195
151 221
152 178
152 187
152 240
153 208
153 211
153 231
154 163
154 179
154 249
156 185
156 241
157 171
157 186
157 202
157 231
158 163
158 219
159 199
160 180
160 203
160 226
160 242
161 163
161 166
161 190
161 199
161 218
162 194
162 203
162 245
163 186
163 194
163 196
164 206
164 233
164 249
165 205
166 170
166 172
166 223
167 235
168 170
168 173
168 177
168 232
169 187
169 206
169 234
169 244
170 176
171 214
171 221
171 246
172 225
172 239
172 241
172 242
173 219
173 230
173 234
174 199
175 201
175 227
175 229
175 231
176 180
176 183
176 248
177 230
177 240
178 205
179 203
179 207
179 218
180 197
180 198
180 216
180 227
181 206
181 226
182 213
183 198
183 232
183 240
184 190
184 213
185 238
186 199
186 206
186 221
186 226
186 247
187 217
188 191
189 209
189 232
189 245
190 204
190 218
190 231
190 241
190 243
190 245
191 199
191 206
192 204
192 213
192 220
192 232
193 200
193 228
193 245
194 205
194 209
195 196
195 206
195 209
195 214
196 217
196 240
197 220
197 222
198 221
200 201
200 220
200 222
201 208
201 243
202 208
202 222
203 217
203 242
206 234
207 208
207 227
207 245
208 221
209 223
209 237
209 242
209 244
210 233
210 241
211 230
211 236
212 237
212 243
213 230
215 246
217 231
220 229
221 226
222 243
223 225
226 240
226 245
227 248
230 234
231 248
232 239
236 245
239 247
245 249
