0 13
0 31
0 60
0 101
0 106
0 129
0 163
0 164
0 186
0 191
0 208
0 226
0 234
0 238
1 20
1 33
1 35
1 56
1 91
1 95
1 101
1 136
1 137
1 148
1 173
1 213
2 9
2 37
2 40
2 65
2 83
2 84
2 104
2 106
2 121
2 122
2 123
2 125
2 137
2 152
2 174
2 211
2 223
2 235
3 8
3 36
3 85
3 120
3 126
3 168
3 174
3 186
3 196
3 203
4 82
4 86
4 121
4 127
4 133
4 141
4 143
4 184
4 245
5 52
5 117
5 118
5 122
5 126
5 128
5 133
5 156
5 159
5 192
5 237
5 246
6 25
6 26
6 74
6 103
6 114
6 200
7 95
7 104
7 151
7 162
7 175
7 192
7 193
7 235
8 23
8 43
8 80
8 91
8 106
8 129
8 146
8 150
8 170
8 175
9 11
9 17
9 21
9 30
9 55
9 67
9 69
9 79
9 96
9 97
9 158
9 160
9 174
9 188
9 189
9 192
9 242
10 26
10 42
10 44
10 57
10 92
10 95
10 113
10 127
10 179
10 187
10 188
10 245
11 52
11 74
11 81
11 137
11 191
11 197
11 208
11 214
12 18
12 66
12 80
12 108
12 145
12 150
12 197
12 215
12 218
12 241
12 242
13 36
13 108
13 116
13 166
13 213
13 227
13 238
14 33
14 44
14 56
14 60
14 65
14 74
14 75
14 124
14 127
14 140
14 148
14 173
14 183
14 203
14 248
15 18
15 19
15 30
15 36
15 38
15 53
15 71
15 80
15 87
15 107
15 110
15 171
15 180
15 193
15 197
16 18
16 29
16 48
16 55
16 61
16 65
16 82
16 92
16 99
16 187
16 193
16 195
16 196
16 199
17 52
17 62
17 66
17 71
17 73
17 99
17 112
17 132
17 146
17 159
17 172
17 226
17 238
18 39
18 47
18 50
18 76
18 83
18 84
18 88
18 91
18 96
18 100
18 117
18 129
18 140
18 190
18 212
18 214
18 216
18 223
19 36
19 39
19 52
19 65
19 70
19 98
19 130
19 158
19 160
19 174
19 180
19 181
20 92
20 99
20 123
20 127
20 146
20 168
20 173
20 197
20 202
20 239
21 33
21 66
21 74
21 77
21 97
21 115
21 120
21 127
21 162
21 164
21 187
21 213
21 220
22 100
22 102
22 119
22 126
22 132
22 135
22 139
22 151
22 157
22 187
22 194
22 244
23 50
23 60
23 80
23 150
23 173
23 197
23 205
23 208
23 211
23 212
23 226
23 234
24 37
24 41
24 51
24 71
24 126
24 154
24 159
24 164
24 176
24 195
24 197
24 198
24 242
25 47
25 99
25 123
25 162
25 184
25 198
25 209
25 223
25 244
26 33
26 47
26 56
26 62
26 63
26 74
26 100
26 132
26 139
26 140
26 159
26 181
26 182
26 193
26 196
26 198
26 200
27 29
27 57
27 65
27 87
27 124
27 128
27 149
27 152
27 245
27 247
28 31
28 34
28 59
28 61
28 80
28 106
28 142
28 145
28 150
28 153
28 163
28 190
28 194
28 196
28 212
28 220
28 244
28 249
29 48
29 62
29 76
29 107
29 114
29 122
29 123
29 124
29 154
29 180
29 209
29 227
29 241
30 41
30 47
30 76
30 162
30 167
30 169
30 180
30 233
30 235
31 53
31 57
31 88
31 126
31 129
31 139
31 153
31 155
31 161
31 182
31 201
31 202
31 215
31 216
31 243
32 54
32 59
32 85
32 134
32 159
32 163
32 177
32 183
32 184
32 229
33 43
33 44
33 45
33 47
33 58
33 92
33 104
33 111
33 123
33 125
33 189
33 223
33 227
34 51
34 114
34 133
34 134
34 137
34 141
34 145
34 159
34 177
34 192
34 211
34 224
34 233
35 64
35 82
35 93
35 168
35 196
35 239
35 241
36 54
36 123
36 153
36 171
36 174
36 179
36 201
36 202
36 213
37 45
37 62
37 63
37 95
37 101
37 110
37 120
37 141
37 157
37 221
38 66
38 75
38 87
38 120
38 123
38 137
38 139
38 145
38 154
38 172
38 192
39 41
39 66
39 75
39 85
39 88
39 93
39 97
39 98
39 138
39 152
39 159
39 197
39 229
39 230
39 240
40 46
40 72
40 87
40 143
40 174
41 54
41 58
41 67
41 121
41 123
41 144
41 147
41 194
41 213
41 218
41 225
41 234
41 248
42 45
42 96
42 97
42 128
42 169
42 170
43 69
43 72
43 83
43 158
43 165
43 168
43 178
43 186
43 226
43 245
44 109
44 131
44 158
44 164
44 175
44 193
44 194
44 196
45 47
45 68
45 71
45 73
45 79
45 102
45 127
45 153
45 203
45 208
45 215
45 221
45 228
46 78
46 97
46 98
46 146
46 150
46 154
46 158
46 162
46 167
46 171
46 172
46 204
46 215
46 216
46 217
46 229
47 86
47 94
47 117
47 140
47 144
47 145
47 148
47 154
47 175
47 177
47 190
47 193
48 65
48 142
48 160
48 172
48 220
49 83
49 108
49 118
49 122
49 128
49 144
49 190
49 209
49 211
49 221
49 234
49 241
49 244
49 249
50 57
50 141
50 153
50 166
50 170
50 172
50 193
50 201
50 206
50 220
51 62
51 73
51 91
51 140
51 158
51 174
51 194
51 202
52 75
52 133
52 145
52 161
52 168
52 181
52 212
52 216
52 219
53 69
53 78
53 84
53 95
53 118
53 140
53 159
53 171
53 210
53 211
53 225
53 239
54 59
54 76
54 86
54 89
54 94
54 102
54 178
54 205
54 227
54 228
55 69
55 72
55 128
55 140
55 173
55 182
55 185
55 206
56 57
56 74
56 80
56 101
56 144
56 182
56 184
56 219
57 67
57 97
57 131
57 132
57 184
57 210
57 228
58 77
58 90
58 123
58 182
58 193
58 202
58 212
58 230
58 240
59 63
59 95
59 102
59 130
59 138
59 169
59 199
59 206
59 223
59 233
60 62
60 74
60 120
60 126
60 127
60 159
60 175
60 177
60 233
61 77
61 110
61 147
61 193
61 244
62 67
62 92
62 97
62 111
62 128
62 134
62 151
62 180
62 209
62 213
62 218
62 224
62 226
62 237
63 95
63 104
63 107
63 138
63 144
63 168
63 179
63 183
63 204
63 214
63 218
63 226
63 237
63 242
64 92
64 95
64 143
64 148
64 199
64 202
64 213
64 214
64 218
64 225
64 229
64 232
64 235
64 239
65 74
65 85
65 89
65 97
65 102
65 117
65 131
65 136
65 137
65 142
65 178
65 212
65 218
65 234
65 240
66 79
66 86
66 94
66 98
66 119
66 122
66 128
66 140
66 143
66 156
66 171
66 211
66 213
66 224
66 247
67 72
67 87
67 89
67 165
67 186
67 190
67 216
67 218
68 122
68 131
68 188
68 193
68 194
68 221
69 127
69 154
69 195
69 216
69 246
69 247
69 248
70 121
70 123
70 137
70 143
70 160
70 198
70 202
70 248
71 104
71 172
71 195
71 217
72 73
72 95
72 103
72 109
72 131
72 135
72 147
72 187
72 198
72 211
72 245
73 84
73 86
73 90
73 98
73 107
73 134
73 151
73 170
73 195
73 208
73 214
73 225
73 229
73 234
74 76
74 85
74 91
74 112
74 122
74 135
74 161
74 168
74 179
74 181
74 182
74 219
74 224
74 226
75 101
75 125
75 140
75 182
75 197
75 208
75 212
75 232
76 82
76 105
76 119
76 124
76 126
76 133
76 165
76 185
76 206
77 130
77 131
77 135
77 168
77 220
78 86
78 106
78 118
78 127
78 149
78 212
78 238
78 249
79 94
79 192
79 241
80 95
80 146
80 168
80 230
81 95
81 105
81 122
81 126
81 140
81 161
81 166
81 185
81 188
81 201
81 213
81 217
81 221
81 242
82 100
82 129
82 135
82 153
82 208
82 235
83 109
83 156
83 162
83 167
83 171
83 228
83 234
83 246
84 97
84 108
84 124
84 186
84 202
84 209
84 226
85 123
85 156
85 164
85 178
85 241
86 106
86 117
86 132
86 135
86 143
86 158
86 172
86 174
86 183
86 193
86 199
86 213
87 108
87 115
87 116
87 122
87 150
87 178
87 238
87 241
88 119
88 140
88 161
88 199
88 200
88 226
89 116
89 132
89 136
89 139
89 174
89 182
89 183
89 194
89 203
89 211
90 113
90 123
90 135
90 139
90 142
90 220
91 97
91 115
91 121
91 133
91 173
91 190
91 204
91 218
91 230
91 236
91 238
91 240
91 247
92 118
92 157
92 169
92 177
92 204
93 138
93 150
93 153
93 157
93 177
93 208
93 213
93 218
94 131
94 182
94 193
94 216
94 225
95 100
95 115
95 149
95 178
95 214
95 217
95 229
95 240
96 123
96 125
96 128
96 130
96 140
96 146
96 151
96 239
97 121
97 129
97 157
97 167
97 177
97 202
97 213
97 223
97 246
98 112
98 122
98 140
98 150
98 174
98 223
99 132
99 145
100 104
100 131
100 144
100 183
100 193
100 221
100 224
101 153
101 200
101 213
101 247
102 105
102 123
102 162
102 179
102 182
102 207
102 213
102 222
102 239
103 107
103 117
103 124
103 139
103 143
103 151
103 243
104 123
104 128
104 166
104 167
104 185
104 206
104 215
104 217
104 237
104 240
104 243
104 244
105 108
105 134
105 142
105 167
105 189
105 197
106 149
106 214
106 218
107 129
107 154
107 172
107 192
107 245
108 120
108 125
108 169
108 188
108 192
108 203
108 233
109 111
109 115
109 121
109 134
109 137
109 138
109 156
109 210
109 237
110 126
110 140
110 145
110 165
110 166
110 182
110 186
110 195
110 241
110 246
110 249
111 119
111 120
111 144
111 161
111 176
111 179
111 193
111 199
111 235
112 126
112 144
112 147
112 204
112 205
112 233
112 241
113 139
113 157
113 161
113 167
113 178
113 197
113 203
113 211
113 234
113 237
114 247
115 150
115 189
115 227
115 243
116 149
116 173
116 182
116 183
116 248
117 124
117 130
117 140
117 154
117 169
117 172
117 199
117 223
117 242
118 131
118 192
119 157
119 177
119 178
119 186
119 204
119 210
120 124
120 139
120 142
120 187
120 202
120 220
120 240
120 244
121 123
121 148
121 181
121 182
121 227
121 243
122 194
122 199
122 203
122 209
122 220
123 128
123 165
123 200
124 126
124 140
124 175
124 187
124 192
124 216
125 162
126 132
126 138
126 159
126 170
126 171
126 179
126 183
126 212
126 215
126 236
127 128
127 182
127 226
127 239
128 142
128 154
128 204
128 234
129 137
129 201
129 222
129 247
130 179
130 185
130 186
130 196
130 206
130 216
131 157
131 198
131 207
131 210
131 228
131 244
132 137
132 145
132 150
132 160
132 161
132 162
132 175
132 208
133 144
133 179
133 217
133 221
133 230
133 245
134 148
134 174
134 198
134 243
134 245
135 242
136 175
136 196
136 231
136 247
137 160
137 203
137 241
138 147
138 159
138 161
138 207
138 209
138 227
138 248
139 145
139 155
139 184
139 207
139 218
139 240
140 157
140 203
140 225
140 226
140 227
140 228
140 230
140 236
141 191
141 217
141 228
142 159
142 193
142 212
142 226
143 179
143 204
143 221
143 238
143 241
144 153
144 170
144 194
144 221
144 222
145 169
145 202
146 174
146 214
146 230
146 245
146 247
147 149
147 161
147 177
147 194
147 199
147 232
147 237
148 200
148 202
148 217
148 226
148 235
149 157
149 178
149 180
149 185
149 195
149 214
149 223
149 236
149 243
150 161
150 203
150 223
150 241
151 157
151 164
151 216
151 232
152 189
152 239
153 163
153 218
153 227
153 231
154 162
154 172
154 202
155 158
155 164
155 211
155 217
155 220
156 178
156 233
156 236
157 164
157 172
157 183
157 185
157 188
157 200
157 210
158 162
158 180
158 182
158 192
158 213
158 214
158 235
159 174
159 223
160 190
160 221
160 223
160 233
161 172
161 208
161 231
161 246
162 173
162 227
163 173
163 187
163 222
163 240
164 169
164 212
164 222
165 182
165 184
165 198
165 213
165 219
165 233
166 218
167 205
167 219
167 240
168 169
168 174
168 226
168 233
169 170
169 195
169 211
169 221
169 228
169 229
169 231
170 189
170 203
170 214
170 218
170 229
170 238
172 192
172 211
172 217
172 219
174 181
174 193
174 217
176 185
176 186
176 206
176 217
176 228
177 191
177 208
177 243
177 245
177 249
178 184
178 197
178 199
178 200
178 215
178 233
179 184
179 188
179 197
179 200
179 210
179 212
179 227
179 238
180 198
180 203
180 214
180 240
180 246
181 187
181 206
181 222
181 228
181 247
182 194
182 216
182 220
183 198
183 207
183 214
183 216
183 230
183 242
184 190
184 206
184 214
184 216
185 213
185 223
186 241
187 227
187 244
188 198
188 231
188 239
189 203
189 207
189 219
189 222
190 242
191 200
191 205
191 213
191 238
191 249
192 196
192 213
192 216
192 239
193 198
193 217
193 243
194 196
194 202
194 206
194 228
194 233
194 238
195 200
195 204
195 224
196 213
196 221
196 236
196 242
197 200
197 205
197 221
197 231
197 244
198 210
198 214
198 234
199 205
199 240
199 249
200 214
200 246
201 238
202 206
202 216
202 244
203 214
204 239
204 246
205 213
205 215
205 227
205 232
205 240
206 245
207 233
207 239
207 245
208 243
208 248
209 214
209 227
209 233
210 216
210 218
211 218
211 229
213 214
213 217
213 227
214 215
215 237
216 220
216 226
217 221
217 224
217 243
218 247
221 241
222 229
222 248
224 228
225 233
226 228
228 229
228 239
229 234
229 237
230 236
230 241
231 233
233 247
234 242
236 237
239 242
241 246
