0 7
0 16
0 33
0 38
0 43
0 49
0 50
0 51
0 56
0 59
0 60
0 61
0 166
0 172
0 177
0 178
0 191
0 193
0 223
0 246
1 18
1 60
1 77
1 86
1 89
1 92
1 155
1 157
1 166
1 182
1 184
1 195
1 202
1 213
1 231
2 5
2 7
2 23
2 26
2 43
2 44
2 50
2 63
2 68
2 82
2 101
2 110
2 154
2 156
2 173
2 191
2 200
2 204
2 223
2 225
2 237
3 13
3 19
3 98
3 105
3 134
3 135
3 146
3 163
3 168
3 180
3 249
4 12
4 13
4 46
4 65
4 80
4 81
4 87
4 174
4 185
4 195
4 199
4 205
4 218
4 229
5 17
5 19
5 28
5 33
5 38
5 45
5 52
5 59
5 70
5 77
5 79
5 92
5 105
5 108
5 120
5 131
5 148
5 150
5 159
5 180
5 187
5 205
5 210
5 211
5 218
5 225
5 233
5 244
5 245
6 19
6 57
6 73
6 107
6 123
6 131
6 140
6 163
6 169
6 173
6 175
6 181
6 197
6 208
6 234
7 20
7 21
7 31
7 46
7 57
7 70
7 86
7 91
7 106
7 113
7 122
7 167
7 169
7 171
7 178
7 193
7 202
7 214
7 218
7 236
7 237
7 238
7 239
7 246
8 10
8 34
8 39
8 45
8 52
8 56
8 57
8 77
8 89
8 95
8 131
8 142
8 164
8 171
8 179
8 209
8 215
8 230
8 231
8 236
9 16
9 17
9 18
9 50
9 55
9 101
9 126
9 149
9 158
9 169
9 195
9 200
9 214
9 224
9 244
10 45
10 72
10 76
10 89
10 102
10 107
10 112
10 150
10 166
10 196
10 197
10 208
10 213
10 219
10 249
11 18
11 26
11 29
11 35
11 80
11 90
11 94
11 104
11 137
11 145
11 171
11 177
11 184
11 201
11 205
11 233
11 235
11 236
12 38
12 44
12 54
12 72
12 79
12 80
12 97
12 111
12 127
12 143
12 149
12 158
12 163
12 182
12 187
12 196
12 219
12 220
12 222
12 227
12 232
12 246
13 36
13 40
13 57
13 77
13 117
13 119
13 126
13 155
13 169
13 170
13 171
13 184
13 203
13 211
14 20
14 85
14 97
14 104
14 142
14 156
14 157
14 186
14 190
14 207
14 231
14 232
14 247
15 20
15 26
15 27
15 29
15 32
15 49
15 57
15 74
15 82
15 85
15 88
15 91
15 110
15 112
15 124
15 127
15 139
15 148
15 211
15 213
15 215
15 233
15 242
15 247
16 18
16 22
16 27
16 49
16 105
16 112
16 120
16 125
16 149
16 151
16 215
16 220
16 225
16 235
16 240
17 18
17 24
17 38
17 61
17 107
17 121
17 138
17 147
17 151
17 159
17 167
17 180
17 185
17 226
17 230
18 29
18 33
18 37
18 55
18 77
18 92
18 98
18 141
18 142
18 145
18 148
18 149
18 161
18 163
18 165
18 190
18 209
18 219
18 235
19 23
19 29
19 44
19 48
19 50
19 57
19 59
19 77
19 83
19 95
19 101
19 109
19 122
19 127
19 155
19 159
19 178
19 202
19 203
19 212
19 227
19 242
20 23
20 28
20 33
20 41
20 70
20 72
20 86
20 87
20 96
20 119
20 139
20 148
20 172
20 175
20 186
20 193
20 210
20 212
20 214
20 215
20 228
20 249
21 23
21 46
21 90
21 94
21 104
21 122
21 125
21 131
21 136
21 139
21 171
21 193
21 234
21 245
21 246
22 23
22 32
22 43
22 59
22 73
22 95
22 96
22 98
22 119
22 129
22 132
22 138
22 148
22 152
22 169
22 170
22 173
22 183
22 193
22 208
22 221
22 222
22 228
22 233
22 236
22 241
23 26
23 35
23 77
23 85
23 87
23 89
23 107
23 132
23 155
23 163
23 167
23 198
23 224
23 247
24 27
24 38
24 40
24 47
24 50
24 51
24 64
24 90
24 110
24 134
24 142
24 143
24 167
24 179
24 180
24 199
24 201
24 207
24 235
24 239
25 36
25 43
25 49
25 59
25 74
25 78
25 84
25 91
25 96
25 100
25 110
25 111
25 118
25 138
25 144
25 175
25 181
25 206
25 213
25 222
25 232
25 244
26 49
26 57
26 61
26 74
26 82
26 87
26 107
26 112
26 156
26 159
26 161
26 162
26 168
26 172
26 180
26 207
26 215
26 226
26 240
26 242
26 248
27 32
27 35
27 52
27 81
27 88
27 89
27 124
27 127
27 132
27 134
27 136
27 144
27 147
27 165
27 203
27 231
27 241
27 246
28 32
28 34
28 36
28 42
28 55
28 57
28 85
28 104
28 156
28 196
28 197
28 229
28 236
28 247
29 33
29 42
29 47
29 59
29 60
29 77
29 101
29 107
29 139
29 151
29 163
29 170
29 172
29 179
29 180
29 196
29 203
29 212
29 218
29 227
29 247
30 39
30 43
30 68
30 95
30 97
30 100
30 120
30 128
30 139
30 146
30 157
30 180
30 185
30 190
30 191
30 217
30 228
30 230
30 243
31 68
31 74
31 80
31 92
31 95
31 99
31 120
31 123
31 130
31 132
31 133
31 139
31 152
31 173
31 180
31 200
31 218
31 248
32 47
32 60
32 62
32 74
32 87
32 93
32 96
32 98
32 99
32 100
32 102
32 109
32 126
32 127
32 143
32 147
32 151
32 173
32 178
32 182
32 208
32 216
33 43
33 66
33 71
33 81
33 82
33 91
33 111
33 115
33 135
33 136
33 190
33 191
33 194
33 197
33 210
33 213
33 217
33 218
33 226
33 227
33 235
34 37
34 41
34 42
34 53
34 61
34 84
34 85
34 131
34 198
34 229
35 36
35 38
35 45
35 53
35 60
35 64
35 98
35 110
35 119
35 133
35 136
35 139
35 144
35 162
35 165
35 185
35 193
36 38
36 61
36 63
36 67
36 79
36 89
36 91
36 94
36 109
36 125
36 135
36 137
36 145
36 173
36 182
36 183
36 191
36 213
36 216
36 234
37 43
37 50
37 53
37 66
37 73
37 75
37 110
37 144
37 202
37 223
37 231
37 234
37 238
37 239
38 43
38 50
38 51
38 58
38 65
38 69
38 71
38 74
38 105
38 107
38 120
38 134
38 138
38 145
38 148
38 157
38 160
38 171
38 190
38 229
38 233
39 60
39 63
39 69
39 79
39 140
39 148
39 153
39 158
39 183
39 202
39 204
39 209
39 211
39 229
40 45
40 51
40 60
40 63
40 80
40 110
40 117
40 129
40 132
40 157
40 160
40 175
40 203
40 212
40 220
40 223
40 234
41 51
41 53
41 55
41 71
41 91
41 98
41 103
41 108
41 147
41 169
41 173
41 179
41 190
41 224
41 232
41 235
41 240
41 242
42 45
42 73
42 78
42 95
42 97
42 105
42 119
42 136
42 167
42 173
42 203
42 209
42 218
42 233
42 243
42 247
43 62
43 71
43 83
43 90
43 124
43 125
43 131
43 137
43 151
43 165
43 168
43 173
43 183
43 186
43 206
43 220
43 241
44 52
44 63
44 65
44 74
44 98
44 111
44 136
44 152
44 177
44 193
44 196
44 211
44 239
44 246
45 77
45 104
45 117
45 118
45 124
45 130
45 170
45 175
45 200
45 225
45 226
45 234
45 241
46 48
46 54
46 63
46 90
46 96
46 97
46 115
46 124
46 140
46 169
46 186
46 194
46 206
46 220
46 228
46 235
46 246
47 49
47 62
47 69
47 95
47 119
47 123
47 140
47 141
47 142
47 147
47 174
47 186
47 212
47 229
47 231
47 233
47 240
48 49
48 61
48 83
48 103
48 109
48 110
48 121
48 123
48 137
48 164
48 170
48 174
48 177
48 184
48 186
48 195
48 209
48 213
48 214
48 215
48 242
49 51
49 53
49 90
49 92
49 95
49 102
49 110
49 125
49 132
49 135
49 136
49 137
49 184
49 188
49 192
49 197
49 230
50 99
50 110
50 111
50 132
50 133
50 138
50 154
50 158
50 173
50 175
50 183
50 190
50 199
50 217
50 226
50 248
51 60
51 81
51 100
51 140
51 159
51 193
51 210
51 216
51 219
51 232
51 236
52 57
52 81
52 82
52 116
52 132
52 172
52 174
52 177
52 182
52 227
52 243
53 54
53 60
53 83
53 87
53 89
53 97
53 109
53 126
53 131
53 152
53 153
53 180
53 186
53 191
53 209
53 229
53 245
53 246
54 62
54 71
54 74
54 112
54 122
54 126
54 130
54 140
54 145
54 148
54 159
54 178
54 198
54 241
54 244
54 249
55 57
55 68
55 86
55 125
55 127
55 165
55 211
55 216
55 226
56 64
56 70
56 93
56 100
56 105
56 107
56 111
56 149
56 158
56 178
56 192
56 204
56 209
56 223
56 238
56 244
56 247
56 249
57 61
57 76
57 78
57 79
57 100
57 102
57 107
57 122
57 128
57 141
57 144
57 149
57 154
57 161
57 175
57 202
57 212
57 222
57 224
57 228
57 229
57 234
58 81
58 113
58 133
58 148
58 170
58 174
58 176
58 180
58 189
58 191
58 207
58 244
59 80
59 81
59 102
59 130
59 145
59 149
59 182
59 201
59 209
59 223
59 233
59 234
59 242
60 83
60 88
60 139
60 170
60 173
60 174
60 205
60 216
61 68
61 85
61 87
61 88
61 133
61 167
61 176
61 186
61 188
61 221
61 234
62 76
62 89
62 112
62 141
62 188
62 191
62 194
62 196
62 202
63 77
63 85
63 91
63 98
63 112
63 116
63 145
63 173
63 181
63 190
63 203
63 209
63 213
63 216
63 235
63 243
64 66
64 93
64 96
64 123
64 134
64 142
64 143
64 153
64 167
64 172
64 190
64 227
64 238
65 70
65 79
65 91
65 96
65 111
65 145
65 197
65 218
65 224
65 226
65 248
66 70
66 72
66 92
66 113
66 116
66 120
66 124
66 125
66 128
66 156
66 176
66 198
66 203
66 204
66 206
66 226
66 236
66 241
66 242
66 245
66 246
67 75
67 78
67 79
67 89
67 96
67 105
67 157
67 158
67 179
67 188
67 204
67 232
67 236
67 248
68 90
68 91
68 100
68 108
68 122
68 126
68 141
68 153
68 189
68 206
68 225
69 79
69 156
69 161
69 162
69 164
69 171
69 176
69 188
69 196
69 224
69 240
69 248
70 95
70 107
70 121
70 150
70 165
70 188
70 197
70 202
70 217
70 229
70 230
70 242
70 246
71 96
71 112
71 113
71 114
71 118
71 131
71 137
71 174
71 185
71 212
71 220
71 235
72 81
72 108
72 114
72 116
72 130
72 131
72 139
72 150
72 154
72 171
72 188
72 189
72 210
72 218
72 229
72 246
73 81
73 86
73 91
73 95
73 96
73 106
73 113
73 114
73 117
73 122
73 127
73 138
73 146
73 168
73 187
73 229
74 109
74 124
74 134
74 155
74 159
74 160
74 174
74 209
74 215
74 221
74 240
74 241
74 245
75 96
75 127
75 140
75 159
75 166
75 178
75 181
75 193
75 203
75 208
75 239
75 247
76 91
76 105
76 123
76 149
76 151
76 169
76 183
76 193
76 195
76 214
76 225
76 232
76 240
76 242
77 78
77 85
77 86
77 93
77 100
77 130
77 159
77 188
77 193
77 235
77 237
77 238
77 240
77 245
78 83
78 108
78 110
78 124
78 139
78 140
78 146
78 147
78 161
78 165
78 171
78 173
78 175
78 177
78 183
78 210
78 212
78 228
78 232
78 235
79 92
79 93
79 97
79 143
79 166
79 189
79 194
79 197
79 201
79 209
79 214
79 220
79 222
79 233
79 249
80 83
80 85
80 98
80 103
80 121
80 130
80 146
80 150
80 151
80 152
80 184
80 189
80 208
80 220
80 233
80 234
81 101
81 110
81 139
81 145
81 171
81 175
81 184
81 192
81 225
81 234
82 95
82 116
82 118
82 121
82 138
82 173
82 195
82 208
82 218
82 227
82 232
82 241
82 249
83 98
83 106
83 167
83 171
83 174
83 184
83 192
83 198
83 224
83 248
84 101
84 104
84 105
84 129
84 134
84 146
84 150
84 158
84 165
84 172
84 179
84 197
84 210
84 211
85 87
85 97
85 105
85 115
85 130
85 142
85 156
85 159
85 178
85 188
85 191
85 195
85 202
85 209
85 216
85 230
85 249
86 98
86 109
86 124
86 140
86 147
86 161
86 165
86 171
86 198
86 220
86 239
86 243
87 92
87 96
87 102
87 119
87 141
87 149
87 153
87 161
87 179
87 188
87 193
87 211
87 218
87 219
87 224
87 232
88 92
88 111
88 112
88 113
88 121
88 133
88 203
88 224
88 229
88 234
88 240
89 137
89 156
89 160
89 163
89 184
89 186
89 209
89 222
89 239
89 240
89 241
89 249
90 91
90 98
90 110
90 123
90 148
90 153
90 154
90 155
90 161
90 183
90 206
90 217
90 229
91 107
91 114
91 134
91 141
91 153
91 154
91 177
91 178
91 191
91 205
91 238
91 239
92 94
92 118
92 123
92 125
92 134
92 139
92 147
92 148
92 154
92 155
92 176
92 184
92 189
92 216
92 232
92 247
93 105
93 119
93 137
93 143
93 160
93 177
93 183
93 188
93 190
93 199
93 202
93 230
93 237
93 246
94 104
94 108
94 112
94 114
94 155
94 166
94 173
94 207
94 233
94 246
95 114
95 119
95 145
95 149
95 174
95 186
95 207
95 216
95 224
95 242
96 106
96 114
96 138
96 147
96 153
96 198
96 205
96 214
97 104
97 106
97 108
97 121
97 127
97 131
97 133
97 140
97 149
97 150
97 174
97 175
97 188
97 190
97 212
97 220
97 232
97 242
98 127
98 128
98 161
98 168
98 195
98 203
98 207
98 220
98 226
98 234
99 101
99 138
99 154
99 157
99 172
99 187
99 211
99 220
99 227
99 238
100 113
100 120
100 135
100 144
100 153
100 163
100 182
100 195
100 249
101 135
101 144
101 145
101 159
101 164
101 173
101 182
101 200
101 201
101 205
101 206
101 233
102 103
102 107
102 108
102 109
102 120
102 139
102 146
102 148
102 155
102 156
102 173
102 188
102 193
102 220
103 110
103 111
103 120
103 122
103 131
103 137
103 139
103 167
103 174
103 176
103 186
103 209
103 219
104 111
104 116
104 129
104 142
104 146
104 173
104 174
104 192
104 217
104 241
104 249
105 106
105 111
105 121
105 159
105 161
105 177
105 187
105 189
105 227
105 237
105 246
106 112
106 119
106 137
106 181
106 184
106 210
106 214
106 219
106 220
107 108
107 115
107 128
107 149
107 150
107 153
107 154
107 155
107 169
107 181
107 182
107 187
107 196
107 197
107 204
107 208
107 241
107 242
107 246
107 248
108 113
108 121
108 122
108 131
108 137
108 166
108 181
108 196
108 238
108 246
108 248
109 120
109 154
109 157
109 161
109 171
109 172
109 176
109 177
109 181
109 196
109 208
109 213
109 244
109 245
110 122
110 128
110 133
110 151
110 152
110 171
110 182
110 185
110 205
110 210
110 215
110 217
110 225
110 228
110 229
110 245
111 112
111 136
111 161
111 162
111 166
111 185
111 187
111 191
111 197
111 202
111 209
111 229
111 235
112 131
112 132
112 142
112 146
112 154
112 161
112 166
112 183
112 194
112 219
113 116
113 158
113 169
113 214
113 234
114 137
114 169
114 191
114 237
115 124
115 205
115 217
115 239
116 121
116 169
116 187
116 189
116 194
116 207
116 209
116 216
116 244
117 139
117 142
117 148
117 162
117 190
117 208
117 230
118 138
118 139
118 145
118 195
118 203
118 206
118 211
118 225
118 228
118 230
118 233
119 127
119 132
119 137
119 158
119 237
120 139
120 149
120 152
120 162
120 184
120 192
120 197
120 200
120 236
121 123
121 144
121 146
121 162
121 193
121 196
121 205
121 229
121 238
121 241
121 242
122 130
122 146
122 160
122 165
122 185
122 196
122 206
123 138
123 140
123 152
123 156
123 157
123 165
123 179
123 184
123 187
123 191
123 215
123 217
123 235
123 242
124 132
124 134
124 152
124 208
124 214
124 218
124 226
124 227
124 235
124 243
124 246
125 139
125 162
125 166
125 171
125 182
125 199
125 200
125 220
125 232
125 237
126 128
126 142
126 176
126 179
126 201
127 130
127 138
127 148
127 153
127 155
127 166
127 199
127 202
127 210
127 217
127 218
127 230
127 231
127 241
128 130
128 137
128 139
128 148
128 151
128 160
128 161
128 165
128 180
128 205
128 225
128 233
128 242
129 139
129 163
129 165
129 171
129 186
129 189
129 204
129 211
129 236
130 132
130 141
130 156
130 165
130 186
130 187
130 199
130 206
130 218
130 226
130 230
130 238
131 144
131 199
131 211
131 215
131 219
131 238
132 139
132 145
132 147
132 173
132 175
132 186
132 200
132 203
132 234
132 243
133 147
133 201
133 208
133 219
133 221
133 237
133 244
134 135
134 164
134 176
134 185
134 197
134 204
134 219
134 234
134 238
134 242
134 247
135 136
135 142
135 143
135 181
135 188
135 197
135 199
135 205
135 212
135 216
135 219
135 228
135 230
135 244
136 137
136 163
136 176
136 177
136 179
136 209
136 216
136 243
137 143
137 184
137 208
137 232
138 149
138 152
138 161
138 181
138 193
138 204
138 208
138 215
138 218
138 224
138 238
138 246
139 163
139 169
139 178
139 180
139 184
139 207
139 213
139 219
139 221
139 235
140 151
140 184
140 189
140 196
140 235
141 144
141 149
141 160
141 176
141 184
141 188
141 195
141 203
141 204
141 219
142 154
142 158
142 183
142 205
142 212
142 217
142 231
142 235
142 236
142 239
142 240
142 249
143 152
143 172
143 179
143 181
143 184
143 199
143 202
143 211
143 222
143 223
143 235
144 151
144 181
144 182
144 183
144 194
144 206
144 224
144 231
144 242
145 161
145 162
145 188
145 190
145 200
145 202
145 220
145 223
146 147
146 163
146 164
146 169
146 170
146 188
146 195
146 213
146 216
146 221
146 233
146 241
146 245
146 249
147 157
147 166
147 172
147 194
147 201
148 149
148 152
148 160
148 165
148 166
148 175
148 222
148 224
148 229
149 150
149 162
149 164
149 179
149 217
149 231
149 232
150 163
150 164
150 170
150 213
150 218
151 167
151 177
151 178
151 201
151 209
151 220
151 244
152 163
152 186
152 206
152 226
152 227
152 232
152 235
152 247
152 248
153 155
153 196
153 213
153 229
154 160
154 164
154 190
154 202
154 204
154 233
154 245
154 246
154 247
155 165
155 192
155 208
155 218
155 227
155 235
155 242
156 160
156 162
156 172
156 180
156 187
156 202
156 204
156 205
156 212
156 221
156 222
156 225
156 227
156 239
156 243
156 249
157 171
157 179
157 205
157 214
157 218
157 233
157 242
157 243
158 163
158 195
158 206
158 208
158 211
158 220
158 221
158 229
158 237
158 241
159 164
159 173
159 174
159 181
159 221
159 234
159 243
160 195
160 201
160 204
160 224
160 227
161 197
161 221
162 179
162 185
162 209
162 229
162 247
163 181
163 182
163 194
163 220
163 233
163 234
163 249
164 178
164 187
164 188
164 197
164 206
164 223
164 227
164 240
164 242
165 187
165 188
165 200
165 205
165 228
165 242
165 248
166 178
166 195
166 197
166 226
167 174
167 188
167 192
167 194
167 198
167 206
167 216
167 230
167 231
167 236
167 240
167 243
168 196
168 220
168 236
169 225
169 244
169 245
170 196
170 218
170 222
170 224
170 225
170 231
170 238
171 178
171 190
171 199
171 220
171 239
171 240
172 175
172 192
172 199
172 203
172 230
172 233
172 242
173 198
173 205
173 225
173 228
173 229
174 180
174 186
174 193
174 207
174 223
174 240
174 249
175 184
175 185
175 192
175 199
175 211
175 233
176 182
176 186
176 195
176 199
176 206
176 207
176 216
176 221
176 227
176 248
177 178
177 234
177 241
178 194
178 207
178 249
179 188
179 198
179 200
179 203
179 204
179 209
179 219
179 232
179 239
180 200
180 202
180 231
180 232
181 190
181 192
181 205
181 248
182 198
182 214
182 224
182 237
182 241
183 196
183 209
183 216
184 194
184 233
184 245
185 209
185 233
185 234
186 205
186 215
186 232
186 240
186 244
187 194
187 214
187 235
187 246
188 192
188 215
188 219
188 225
188 232
188 242
188 245
189 191
189 199
189 203
189 206
189 207
189 209
189 216
189 217
189 246
190 200
190 203
190 204
190 208
190 247
191 202
191 205
191 218
191 225
191 227
191 228
192 206
192 227
192 248
193 202
193 204
193 206
193 211
193 213
193 225
193 234
193 237
193 244
194 196
194 212
194 233
194 243
194 245
195 222
195 232
195 240
195 242
196 206
196 218
196 224
197 203
197 229
197 235
197 239
197 241
198 203
198 211
198 222
198 224
198 226
198 230
198 240
198 246
199 213
199 245
200 223
200 233
200 239
200 240
202 212
202 214
202 232
202 243
203 206
203 232
203 236
203 245
204 208
204 235
204 248
205 217
205 221
205 242
205 246
206 209
206 220
206 221
207 219
207 228
207 233
208 222
209 215
209 242
210 211
210 220
210 247
211 221
211 234
212 231
212 234
212 240
212 241
213 218
213 232
214 248
216 241
217 224
217 233
218 220
218 243
219 223
219 230
220 225
221 222
222 236
223 229
223 231
223 235
223 238
223 241
225 228
226 237
226 241
227 235
227 238
228 229
228 244
229 245
229 249
230 235
230 241
230 242
230 249
231 234
231 238
231 245
232 240
232 245
232 246
232 249
233 244
233 249
234 235
234 236
234 239
234 240
235 238
236 239
239 242
241 243
241 246
241 247
246 248
