0 1
0 35
0 240
0 247
1 53
1 54
1 62
1 152
1 176
1 208
1 231
2 42
2 67
2 69
2 79
2 216
2 218
2 230
2 248
3 9
3 60
3 94
3 148
3 236
4 7
4 174
4 186
4 192
4 229
5 59
5 60
5 68
5 116
5 132
5 163
5 172
5 191
5 231
5 233
6 59
6 94
6 206
6 244
7 151
7 167
7 185
7 217
8 89
8 99
8 133
8 169
8 177
8 223
8 227
8 232
9 32
9 33
9 46
9 120
9 136
9 208
9 239
10 42
10 66
10 73
10 130
10 177
10 181
10 202
11 38
11 141
11 166
11 189
11 199
11 237
12 68
12 153
12 195
12 207
12 210
12 232
12 239
13 38
13 169
13 228
13 229
14 39
14 65
14 88
14 128
14 201
14 204
14 242
15 18
15 29
15 59
15 83
15 113
15 128
15 155
15 167
15 184
15 187
15 198
15 212
15 239
15 246
16 25
16 35
16 53
16 61
16 111
16 120
16 132
16 133
16 180
16 208
17 28
17 53
17 58
17 89
17 108
17 115
17 116
17 140
17 241
17 242
18 25
18 106
18 182
18 184
18 217
19 51
19 70
19 118
19 126
19 157
19 184
19 209
19 215
19 230
20 56
20 58
20 74
20 101
20 180
20 188
20 206
21 39
21 49
21 54
21 65
21 117
21 118
21 140
21 160
21 175
21 179
21 228
22 24
22 87
22 93
22 172
22 185
22 228
22 246
23 63
23 90
23 106
23 128
23 133
24 27
24 52
24 95
24 113
24 114
24 123
24 137
24 232
25 35
25 100
25 126
25 128
25 186
25 193
25 222
25 231
26 33
26 103
27 42
27 74
27 80
27 97
27 145
27 202
27 234
27 247
28 32
28 37
28 38
28 165
28 176
28 206
28 224
29 44
29 47
29 49
29 59
29 81
29 86
29 123
29 151
29 164
29 167
29 173
29 190
29 243
30 52
30 54
30 111
30 152
30 198
30 209
31 46
31 47
31 74
31 76
31 115
31 183
31 184
31 207
32 43
33 37
33 45
33 76
33 170
33 235
33 240
34 66
34 119
34 187
34 204
34 243
35 43
35 47
35 57
35 65
35 150
35 157
35 183
35 196
36 38
36 48
36 90
36 108
36 127
36 165
36 246
36 249
37 53
37 69
37 70
37 139
37 149
37 189
37 190
37 196
38 72
38 123
38 179
38 200
38 219
38 248
39 124
39 127
39 134
39 138
39 189
39 193
39 224
39 243
40 69
40 99
40 107
40 173
40 176
40 187
40 213
40 229
41 70
41 89
41 129
41 172
41 238
42 91
42 113
42 204
42 249
43 64
43 116
43 125
43 170
43 197
43 198
43 199
44 96
44 114
44 151
44 178
44 216
44 234
45 48
45 55
45 74
45 79
45 86
45 95
45 101
45 116
45 158
45 159
45 178
45 193
45 228
45 233
45 239
45 247
45 249
46 54
46 55
46 99
46 169
46 182
46 206
46 213
46 217
47 55
47 85
47 110
47 122
47 159
47 172
47 183
47 226
47 241
47 243
48 55
48 83
48 99
48 113
48 139
48 181
48 200
49 80
49 81
49 99
49 101
50 59
50 90
50 123
50 131
50 187
50 196
51 102
51 122
51 124
51 162
51 221
51 231
51 238
51 248
52 76
52 133
52 174
52 182
52 214
52 219
52 240
53 59
53 127
53 142
53 156
53 196
53 217
53 226
54 85
54 111
54 137
54 139
54 164
54 168
54 210
54 216
54 219
54 240
54 246
55 64
55 74
55 76
55 79
55 81
55 85
55 90
55 92
55 117
55 118
55 182
55 207
55 216
56 90
56 101
56 103
56 106
56 111
56 113
56 239
56 246
56 248
57 110
57 186
57 191
57 208
57 229
58 122
58 150
58 155
58 207
58 220
59 68
59 122
59 158
59 194
59 226
60 61
60 76
60 80
60 93
60 106
60 117
60 141
60 151
61 88
61 124
61 172
61 195
61 227
61 234
62 114
62 148
62 181
62 190
62 221
62 234
63 78
63 106
63 114
63 178
63 189
63 219
63 230
64 130
64 150
64 174
64 184
64 200
64 227
65 113
65 120
65 245
66 71
66 74
66 84
66 115
66 177
66 190
66 194
66 200
66 204
66 232
67 106
67 118
67 119
67 173
67 231
68 166
68 169
68 180
68 214
68 229
68 232
68 237
68 238
69 100
69 215
70 76
70 93
71 119
71 135
71 144
71 161
71 203
71 215
72 107
72 170
72 182
72 190
72 201
72 216
72 222
73 93
73 120
73 135
73 144
73 177
73 184
73 206
74 78
74 81
74 218
74 224
75 78
75 133
75 136
75 142
75 158
75 193
75 224
75 236
76 103
76 113
77 79
77 179
77 246
78 121
78 186
78 187
79 93
79 126
79 193
79 210
80 83
80 104
80 163
80 206
80 224
81 100
81 105
81 152
81 184
81 208
82 109
82 118
83 186
83 209
83 218
83 243
83 247
84 108
84 129
84 144
85 99
85 107
85 113
85 123
85 142
85 164
85 213
86 205
86 224
87 88
87 100
87 121
87 135
87 146
87 239
87 249
88 98
88 99
88 103
88 182
88 190
88 197
88 231
88 233
89 91
89 135
89 147
89 161
89 189
90 125
90 134
90 152
90 163
90 190
90 197
90 209
90 218
91 100
91 106
91 107
91 196
91 205
91 235
91 245
92 134
92 167
92 174
92 184
93 133
93 157
93 174
93 183
93 200
94 130
94 153
94 173
94 177
94 212
95 122
95 137
95 158
95 196
95 245
95 247
96 196
96 208
96 246
97 185
97 186
97 187
97 229
98 118
98 124
98 166
99 118
99 120
99 160
99 167
99 201
99 240
100 176
100 198
100 225
101 139
101 182
101 192
101 198
101 200
101 210
102 149
102 161
102 165
102 219
103 111
103 175
103 228
104 122
104 147
104 193
104 204
104 211
105 117
105 121
105 138
105 162
105 176
105 177
105 195
106 132
106 141
106 147
106 187
106 236
106 249
107 112
107 162
107 182
107 198
107 208
107 240
107 241
108 114
108 116
108 132
108 190
108 207
109 119
109 141
109 219
109 241
110 122
110 134
110 209
110 216
111 139
111 161
111 167
111 186
111 192
111 210
111 211
111 241
112 158
112 162
112 176
112 184
112 187
112 204
113 190
113 192
113 194
114 143
114 146
114 178
114 179
114 207
114 232
114 245
115 132
116 122
116 160
116 171
116 225
116 244
117 186
117 189
117 243
118 143
118 206
118 230
118 245
119 166
119 205
119 230
119 243
120 178
120 212
121 133
121 158
121 201
121 217
121 249
123 193
123 241
124 148
124 183
124 210
125 178
125 204
126 169
126 220
126 238
127 143
127 223
128 129
128 143
128 163
128 174
128 214
128 225
129 200
130 195
130 209
131 170
131 192
132 147
132 158
132 187
132 195
132 205
133 175
133 185
133 204
134 188
134 218
135 153
135 174
135 241
136 163
136 176
136 188
136 218
136 231
136 234
137 182
137 202
137 210
137 217
137 231
137 233
138 146
138 151
138 179
138 191
139 145
139 212
140 142
140 171
140 175
140 207
140 225
141 209
142 164
142 228
142 237
142 244
143 196
143 219
143 223
143 224
143 238
144 185
144 204
144 209
144 212
144 215
144 222
144 242
145 179
145 201
145 227
146 156
146 167
146 225
147 149
147 152
147 177
147 183
147 236
148 167
148 199
148 207
148 209
148 226
148 228
148 235
149 171
149 202
149 219
149 233
149 241
149 244
150 156
150 202
151 191
151 239
152 154
152 163
152 204
152 231
153 157
153 182
153 202
154 212
154 217
154 246
155 186
155 192
155 204
155 228
156 163
156 184
156 188
156 227
156 236
157 169
157 231
157 235
157 245
158 179
158 194
159 245
159 246
160 190
160 193
160 207
160 213
160 243
161 185
161 187
161 190
161 199
162 177
162 194
162 215
162 241
163 224
164 168
164 183
164 185
164 236
165 177
165 192
165 214
166 201
166 212
167 196
167 224
168 208
168 234
168 239
170 183
170 197
170 218
171 181
171 218
171 229
171 233
171 241
172 193
172 200
172 228
173 209
173 212
173 220
173 228
173 243
174 175
174 196
174 197
174 231
175 190
176 200
176 227
177 191
177 229
177 233
177 242
178 182
178 190
178 203
180 193
180 248
182 208
183 235
184 201
184 233
184 241
185 211
185 220
186 194
186 208
186 210
186 212
186 247
190 226
190 244
191 196
192 195
192 227
193 195
193 203
193 217
193 249
194 246
195 215
196 236
197 232
198 209
198 211
198 221
199 233
199 248
200 224
200 235
200 244
200 245
201 203
201 213
201 214
202 227
203 205
203 233
203 234
203 248
204 211
205 208
206 217
206 234
207 239
208 232
209 232
210 219
215 228
217 220
217 238
217 241
219 233
223 224
225 236
226 234
226 238
227 228
227 231
227 234
228 233
230 237
230 249
232 238
232 241
233 246
234 240
237 244
243 244
244 247
