0 32
0 33
0 47
0 119
0 120
0 133
0 150
0 155
0 156
0 159
0 161
0 162
0 183
0 209
1 26
1 46
1 60
1 68
1 95
1 101
1 147
1 172
1 185
1 188
1 198
1 221
1 222
1 224
1 236
1 242
1 247
2 3
2 23
2 41
2 46
2 74
2 83
2 99
2 103
2 128
2 203
2 231
3 18
3 23
3 34
3 44
3 59
3 77
3 91
3 99
3 107
3 121
3 129
3 158
3 191
3 201
3 203
3 207
3 213
4 40
4 79
4 85
4 98
4 100
4 134
4 156
4 174
4 175
4 184
4 201
4 202
4 226
4 230
5 17
5 31
5 75
5 101
5 117
5 118
5 124
5 157
5 164
5 178
5 226
6 20
6 28
6 39
6 66
6 104
6 110
6 134
6 153
6 189
6 200
6 212
6 218
7 12
7 35
7 148
7 171
7 180
7 183
7 202
7 209
7 228
8 47
8 51
8 84
8 99
8 141
8 158
8 163
8 164
8 175
8 176
8 192
8 195
8 210
9 30
9 35
9 44
9 45
9 59
9 61
9 74
9 75
9 80
9 108
9 118
9 122
9 156
9 157
9 186
9 197
9 230
10 35
10 45
10 112
10 117
10 127
10 131
10 137
10 143
10 157
10 164
10 186
10 190
10 208
10 213
10 245
10 248
11 13
11 52
11 53
11 98
11 104
11 141
11 170
11 179
12 14
12 38
12 42
12 102
12 105
12 115
12 134
12 189
12 210
12 213
12 242
13 19
13 24
13 25
13 32
13 51
13 118
13 123
13 132
13 135
13 163
13 168
13 218
13 220
13 245
14 26
14 44
14 67
14 98
14 104
14 106
14 113
14 123
14 125
14 142
14 153
14 179
14 187
14 205
14 223
14 232
14 239
15 29
15 40
15 47
15 48
15 63
15 71
15 80
15 82
15 91
15 98
15 105
15 134
15 145
15 158
15 188
15 205
16 64
16 70
16 72
16 85
16 103
16 106
16 112
16 146
16 163
16 168
16 174
16 180
16 194
16 202
16 213
16 217
16 244
16 246
17 47
17 61
17 78
17 88
17 102
17 107
17 133
17 137
17 141
17 147
17 153
17 163
17 175
17 240
18 26
18 40
18 51
18 54
18 59
18 64
18 79
18 90
18 180
18 202
18 227
18 233
18 237
19 28
19 32
19 35
19 36
19 54
19 68
19 71
19 92
19 107
19 111
19 112
19 138
19 141
19 146
19 154
19 210
19 221
19 228
19 230
19 238
20 34
20 64
20 93
20 94
20 110
20 119
20 189
20 193
20 205
20 206
20 235
20 241
21 33
21 49
21 85
21 86
21 96
21 123
21 137
21 148
21 169
21 173
21 179
21 206
21 222
21 223
21 242
21 249
22 67
22 80
22 102
22 154
22 221
22 239
23 28
23 59
23 96
23 122
23 131
23 148
23 165
23 174
23 223
23 242
24 39
24 64
24 80
24 81
24 87
24 95
24 138
24 146
24 159
24 173
24 177
24 179
24 181
24 187
24 234
24 240
25 34
25 42
25 49
25 63
25 103
25 124
25 141
25 157
25 189
25 211
25 227
26 39
26 60
26 77
26 78
26 82
26 103
26 113
26 142
26 163
26 168
26 169
26 175
26 181
26 202
26 205
26 209
26 211
26 221
27 31
27 43
27 51
27 77
27 83
27 110
27 112
27 113
27 151
27 217
27 222
27 231
27 249
28 29
28 56
28 80
28 128
28 148
28 171
28 177
28 185
29 54
29 63
29 72
29 86
29 98
29 109
29 151
29 155
29 191
29 220
30 50
30 60
30 61
30 83
30 90
30 112
30 120
30 131
30 143
30 168
30 182
30 231
30 240
31 46
31 61
31 97
31 107
31 144
31 147
31 151
31 183
31 200
31 210
31 223
31 241
32 35
32 128
32 151
32 152
32 211
32 218
33 52
33 78
33 101
33 108
33 124
33 136
33 221
33 247
34 51
34 54
34 62
34 97
34 106
34 115
34 129
34 134
34 179
34 180
34 195
34 219
34 231
35 55
35 61
35 67
35 73
35 81
35 96
35 99
35 130
35 156
35 183
35 189
35 236
36 45
36 52
36 70
36 88
36 118
36 127
36 134
36 154
36 183
36 195
36 201
36 223
36 238
37 64
37 70
37 77
37 93
37 121
37 128
37 131
37 146
37 150
37 153
37 154
37 155
37 161
37 172
37 210
38 56
38 57
38 66
38 99
38 103
38 106
38 144
38 153
38 154
38 185
38 189
38 214
38 216
38 237
39 73
39 92
39 99
39 122
39 154
39 212
39 221
39 222
40 47
40 58
40 62
40 81
40 108
40 133
40 169
40 184
40 198
40 213
40 232
41 59
41 64
41 79
41 93
41 119
41 168
41 181
41 213
41 225
41 238
42 49
42 51
42 93
42 106
42 108
42 175
42 183
42 188
42 232
42 243
43 52
43 57
43 74
43 76
43 80
43 162
43 210
43 240
43 243
44 63
44 83
44 118
44 133
44 152
44 181
44 197
44 201
45 77
45 113
45 118
45 128
45 131
45 148
45 157
45 166
45 171
45 183
45 190
45 195
45 202
45 215
45 230
45 244
46 57
46 59
46 61
46 69
46 94
46 97
46 103
46 111
46 161
46 170
46 204
46 208
46 238
47 51
47 91
47 100
47 106
47 132
47 163
47 191
47 202
47 207
47 233
47 240
48 52
48 68
48 69
48 81
48 94
48 116
48 159
48 176
48 206
48 209
48 216
48 226
48 236
48 249
49 73
49 81
49 102
49 123
49 144
49 147
49 157
49 161
49 214
49 225
50 67
50 107
50 111
50 212
50 219
50 226
50 233
50 248
51 66
51 100
51 119
51 127
51 141
51 179
51 186
51 205
51 240
52 61
52 65
52 118
52 124
52 134
52 184
52 207
53 79
53 99
53 117
53 118
53 125
53 156
53 163
53 175
53 186
53 193
53 204
53 209
53 211
53 219
53 223
53 225
53 233
53 243
54 57
54 64
54 81
54 101
54 108
54 120
54 125
54 136
54 213
54 218
54 224
54 237
55 75
55 91
55 98
55 112
55 156
55 164
55 221
55 233
56 73
56 93
56 94
56 98
56 163
56 169
56 236
56 239
57 70
57 93
57 132
57 136
57 140
57 150
57 151
57 152
57 163
57 174
57 198
57 200
57 206
57 211
58 85
58 86
58 111
58 139
58 172
58 175
58 181
58 205
58 218
59 60
59 87
59 94
59 102
59 126
59 144
59 149
59 178
59 199
59 208
59 219
59 228
60 115
60 119
60 136
60 188
60 201
60 204
60 236
60 242
61 73
61 80
61 107
61 111
61 119
61 133
61 141
61 163
61 168
61 181
61 183
61 207
61 222
61 229
61 236
62 88
62 102
62 105
62 129
62 138
62 214
62 245
63 64
63 91
63 105
63 123
63 131
63 134
63 164
63 191
63 203
63 216
63 223
63 243
64 66
64 79
64 87
64 111
64 116
64 121
64 144
64 171
64 202
64 208
64 220
64 248
65 66
65 102
65 121
65 166
65 181
65 207
65 244
66 67
66 79
66 85
66 103
66 125
66 129
66 142
66 147
66 149
66 170
66 234
67 73
67 76
67 85
67 96
67 97
67 167
67 174
67 184
67 197
68 118
68 124
68 132
68 140
68 157
68 186
68 206
68 215
68 217
68 226
68 244
69 101
69 122
69 131
69 144
69 208
69 217
70 96
70 99
70 141
70 163
70 178
70 189
70 223
70 237
71 75
71 115
71 121
71 122
71 165
71 166
71 178
71 179
71 184
72 74
72 87
72 114
72 120
72 170
72 181
72 182
72 185
72 202
72 207
72 231
73 110
73 111
73 122
73 185
73 210
73 217
73 223
73 241
73 247
74 97
74 99
74 107
74 108
74 134
74 140
74 144
74 154
74 155
74 169
74 194
74 213
74 236
74 237
74 239
75 88
75 93
75 94
75 106
75 142
75 196
75 210
75 215
75 221
75 232
75 242
76 78
76 104
76 107
76 110
76 118
76 139
76 211
76 236
77 88
77 100
77 107
77 110
77 129
77 131
77 159
77 169
77 209
77 217
77 228
77 240
78 88
78 98
78 101
78 133
78 142
78 146
78 159
78 163
78 193
79 80
79 90
79 105
79 112
79 125
79 145
79 158
79 214
79 228
79 243
80 82
80 95
80 124
80 143
80 151
80 166
80 177
80 193
80 194
80 216
80 222
81 116
81 121
81 156
81 159
81 185
81 203
81 220
82 90
82 96
82 127
82 128
82 133
82 136
82 153
82 168
82 177
82 195
82 201
82 239
82 243
83 102
83 105
83 137
83 177
83 181
83 218
83 240
83 247
84 91
84 105
84 121
84 137
84 146
84 155
84 170
84 218
84 237
85 94
85 103
85 109
85 138
85 168
85 189
85 234
85 236
85 239
85 243
86 105
86 130
86 135
86 169
86 221
86 223
86 229
86 232
87 99
87 121
87 124
87 128
87 198
87 240
87 244
88 91
88 101
88 201
88 208
88 224
88 226
88 243
89 93
89 97
89 100
89 117
89 139
89 187
89 209
89 223
89 246
90 154
90 157
90 180
90 209
90 213
91 102
91 135
91 143
91 151
91 199
91 216
91 224
91 229
92 117
92 148
92 153
92 180
92 235
92 246
93 122
93 141
93 167
93 202
93 205
93 249
94 114
94 142
94 166
94 173
94 226
94 237
94 242
95 96
95 107
95 111
95 157
95 175
95 224
95 225
95 229
96 125
96 136
96 137
96 143
96 154
96 168
96 191
96 196
96 235
97 123
97 145
97 147
97 152
97 159
97 168
97 172
97 190
97 204
97 209
97 247
98 113
98 124
98 155
98 176
98 186
98 210
99 133
99 145
99 180
99 200
99 210
99 240
99 246
100 141
100 161
100 166
100 180
100 207
100 210
100 231
100 236
101 107
101 135
101 211
101 227
101 239
102 114
102 123
102 134
102 141
102 181
102 183
103 111
103 119
103 126
103 136
103 160
103 164
103 227
104 110
104 113
104 114
104 122
104 128
104 136
104 173
104 184
104 188
104 228
104 231
104 239
105 161
105 172
105 202
105 205
105 247
106 115
106 128
106 131
106 163
106 172
106 186
106 213
106 218
107 115
107 139
107 145
107 146
107 165
107 182
107 195
107 228
108 125
108 141
108 180
108 184
108 232
108 238
109 178
109 195
109 210
109 249
110 115
110 119
110 168
110 182
110 211
110 218
110 221
110 225
110 237
111 182
111 243
111 248
112 114
112 117
112 143
112 183
112 240
113 155
113 186
113 187
113 191
113 207
113 214
114 131
114 141
114 154
114 158
114 185
114 186
114 203
114 205
114 226
114 231
114 236
115 125
115 163
115 216
115 241
116 120
116 159
116 160
116 167
116 175
116 216
116 230
116 239
117 119
117 129
117 145
117 168
117 201
117 224
117 225
117 232
117 243
118 131
118 132
118 138
118 142
118 145
118 156
118 176
118 193
118 205
118 207
118 212
118 222
118 224
118 228
119 125
119 126
119 127
119 136
119 165
119 183
119 214
119 215
119 241
119 244
119 249
120 164
120 187
120 198
120 201
120 202
121 150
121 155
121 173
121 174
121 194
121 197
121 207
121 229
121 239
121 248
121 249
122 145
122 176
122 183
122 185
122 200
122 219
122 220
122 244
123 178
123 190
123 212
123 248
124 141
124 146
124 161
124 169
124 201
124 226
124 231
124 243
125 139
125 156
125 176
125 209
125 212
125 215
125 216
125 242
125 245
125 246
126 131
126 147
126 153
126 177
126 204
126 224
126 238
127 133
127 135
127 136
127 218
128 154
128 204
128 206
128 218
128 232
128 245
129 138
129 139
129 146
129 216
130 142
130 160
130 177
130 178
130 182
130 200
130 205
130 212
130 227
130 232
130 246
131 139
131 146
131 163
131 164
131 179
131 194
131 236
132 142
132 155
132 166
132 168
132 175
132 187
132 193
132 221
132 239
133 134
133 138
133 142
133 177
133 207
133 210
133 214
134 137
134 148
134 152
134 166
134 196
134 207
134 218
134 219
134 226
134 245
135 168
135 172
135 194
135 202
136 141
136 167
136 168
136 192
136 195
136 197
136 203
136 216
136 242
136 243
137 142
137 158
137 181
137 187
137 218
137 233
138 200
138 211
138 235
139 164
139 168
139 212
139 215
139 243
140 151
140 153
140 168
140 176
140 189
140 198
140 209
140 214
140 246
141 181
141 194
141 243
142 162
142 166
142 202
142 215
142 218
143 149
143 176
143 179
143 184
143 220
143 240
143 243
144 174
144 221
145 150
145 153
145 187
145 199
145 200
145 240
145 246
146 167
146 174
146 186
146 209
146 215
146 226
146 227
146 244
147 179
147 198
147 215
147 243
148 174
148 190
148 195
148 241
149 164
149 179
149 182
149 215
150 151
150 152
150 153
150 166
150 182
150 194
150 205
150 212
150 226
150 249
151 183
151 187
151 232
152 171
152 189
152 191
152 208
152 213
152 229
152 230
152 245
152 246
153 170
153 171
153 183
153 185
153 190
153 192
153 200
154 161
154 163
154 170
154 175
154 196
154 211
154 222
154 231
154 233
154 235
154 238
154 243
155 166
155 176
155 177
155 191
155 207
155 217
155 225
155 230
155 244
156 158
156 160
156 166
156 201
156 223
156 228
156 234
157 172
157 204
157 228
158 180
158 189
158 231
158 234
158 242
158 247
158 248
159 179
159 202
159 203
159 207
160 177
160 187
160 191
160 244
161 184
161 196
161 199
162 166
162 169
162 197
162 223
162 238
163 164
163 168
163 181
163 212
163 214
163 231
164 197
164 204
164 207
164 213
164 229
165 166
165 175
165 234
165 236
166 208
167 169
167 198
167 222
167 223
167 230
168 176
168 184
169 182
169 199
169 202
169 203
169 238
169 243
169 249
170 192
170 205
170 225
170 245
171 214
171 216
172 182
172 220
172 240
172 241
173 205
173 210
173 214
174 218
174 221
174 226
174 228
175 183
175 189
176 181
176 191
176 203
176 205
176 210
176 231
176 239
176 246
177 183
178 192
178 217
178 218
179 192
179 219
179 244
180 202
180 210
180 214
180 218
180 220
180 238
181 191
181 228
181 244
182 210
182 212
182 234
182 248
183 203
183 234
184 200
184 207
184 212
184 219
184 228
184 243
185 235
185 238
185 240
185 246
185 248
186 201
186 221
186 224
186 237
187 198
187 202
187 209
187 228
187 234
188 202
188 223
188 245
189 209
189 229
190 241
190 247
191 222
191 244
192 208
192 212
193 209
193 214
193 227
194 196
194 206
194 225
194 229
194 234
194 238
194 243
195 224
195 226
196 213
196 216
196 232
196 239
197 209
197 218
197 227
197 247
198 201
198 209
198 223
198 229
199 217
199 240
199 243
201 213
201 220
201 236
201 237
202 203
202 232
202 247
203 223
204 247
205 218
205 244
206 211
206 245
207 220
207 226
207 229
207 240
208 247
209 210
209 213
209 234
209 237
210 234
210 247
211 238
212 224
212 246
213 241
216 225
216 238
216 241
218 244
219 228
220 234
221 222
222 227
222 229
222 244
223 235
223 237
223 249
224 246
225 226
225 236
226 235
227 242
229 239
230 249
231 234
231 240
231 241
232 237
235 248
236 244
239 240
239 242
239 245
239 249
240 241
241 245
242 244
245 246
246 249
