0 115
0 116
0 136
0 225
1 4
1 26
1 122
1 140
1 220
1 238
2 4
2 53
2 72
2 97
2 144
2 161
2 182
2 185
2 240
3 49
3 136
3 157
3 208
4 13
4 14
4 54
4 98
4 100
4 107
4 133
4 154
5 107
5 148
5 161
5 165
6 18
6 51
7 25
7 45
7 117
8 24
8 60
8 66
8 147
8 172
8 236
8 237
9 52
9 61
9 69
9 83
9 131
9 146
9 154
9 186
9 230
9 245
10 35
10 131
10 132
10 245
11 24
11 54
11 64
11 66
11 95
11 138
11 156
11 157
11 172
11 225
12 90
12 92
12 120
12 157
12 216
13 30
13 131
13 169
13 231
14 18
14 35
14 49
14 94
14 99
14 103
14 129
14 134
14 182
14 219
15 99
15 112
15 113
15 204
15 227
16 118
16 171
16 172
16 174
16 208
17 44
17 54
17 65
17 125
17 130
17 132
17 199
17 214
18 19
18 91
18 127
18 132
18 190
18 235
19 21
19 41
19 110
19 112
19 142
19 145
19 174
19 177
19 182
19 207
19 225
20 82
20 120
20 217
21 169
21 195
22 38
22 127
22 132
22 148
22 174
22 180
23 47
23 161
23 205
23 248
24 60
24 145
24 207
24 209
25 40
25 102
25 105
25 147
25 158
25 246
26 79
26 111
26 129
26 167
26 221
26 247
27 86
27 122
27 138
27 147
27 182
27 248
28 45
28 56
28 94
28 111
28 123
28 194
28 221
28 240
28 242
28 246
29 78
29 107
29 149
29 154
29 168
29 204
29 242
30 73
30 125
30 130
30 238
31 60
31 140
31 177
32 35
32 45
32 76
32 83
32 227
32 233
33 40
33 78
33 191
33 209
34 85
34 94
34 182
35 50
35 57
35 135
35 218
35 240
36 93
36 131
36 157
36 170
36 186
36 248
37 94
37 99
37 108
37 182
37 193
37 199
37 217
37 249
38 50
38 59
38 62
38 65
38 72
38 118
38 125
38 190
39 55
39 66
39 85
39 129
39 161
40 115
40 122
40 222
40 227
40 244
41 103
41 209
41 238
42 55
42 129
42 136
42 161
42 163
42 216
42 224
42 244
43 103
43 125
43 151
44 82
44 182
44 195
44 198
44 233
45 105
45 141
45 149
45 170
45 213
46 49
46 117
46 124
47 65
47 85
47 91
47 190
47 195
48 58
48 88
48 98
48 187
49 140
49 147
49 153
49 193
49 195
49 197
49 216
50 82
50 144
50 167
50 235
50 248
51 211
52 57
52 58
52 67
52 161
52 162
53 54
53 57
53 96
53 124
53 143
53 211
53 236
53 248
54 104
54 132
54 149
54 160
54 214
54 224
54 229
54 237
55 65
55 79
55 139
55 140
55 149
55 175
55 228
56 66
56 70
56 77
56 236
56 247
57 77
57 143
57 163
57 221
57 224
58 90
58 93
58 207
58 239
58 244
59 78
59 108
59 122
59 141
59 211
59 225
61 139
61 165
61 176
62 91
62 92
62 223
63 100
63 127
63 183
64 99
66 77
66 199
67 77
67 81
67 139
67 153
67 189
67 202
67 223
67 249
68 69
68 77
68 92
68 94
68 109
68 145
69 99
69 141
69 163
69 240
70 94
70 102
70 108
70 132
70 165
70 173
70 219
70 232
70 241
71 82
71 122
71 155
71 158
71 200
71 241
72 108
72 124
72 151
72 169
72 188
73 101
73 124
73 127
73 137
73 150
74 95
74 111
74 146
74 151
74 153
74 156
74 197
74 228
74 230
75 113
75 117
75 152
76 103
76 109
76 219
76 239
76 249
77 111
77 118
77 150
77 178
77 244
78 106
78 192
78 230
79 192
79 227
79 232
79 243
80 82
80 88
80 118
80 122
80 176
80 182
80 201
80 246
81 148
81 149
81 192
81 211
81 235
82 156
82 165
82 197
82 205
83 105
83 165
83 181
83 182
84 204
85 87
85 91
85 118
85 134
85 240
86 111
86 218
86 231
87 92
87 96
87 134
87 170
87 176
88 93
88 95
88 97
88 160
88 180
88 198
88 241
89 95
89 139
89 155
89 193
89 241
90 206
90 230
91 180
91 202
91 220
92 113
92 136
92 158
92 162
92 181
92 182
93 151
93 164
93 166
93 167
93 246
94 96
94 105
95 173
95 191
96 100
96 103
96 118
96 147
96 188
96 207
96 212
96 213
96 249
97 176
97 178
97 199
97 245
98 196
99 125
99 148
99 157
99 163
99 189
99 202
99 222
99 235
100 110
100 193
101 109
101 167
101 180
101 199
101 224
101 238
102 104
102 111
102 123
102 178
102 185
102 187
103 105
103 106
103 112
103 193
103 207
103 244
104 129
104 137
104 197
104 204
105 208
105 231
106 177
106 226
106 231
106 233
106 237
106 238
107 131
107 136
107 237
108 166
108 184
108 216
108 249
109 122
109 226
110 139
110 181
110 243
111 232
112 174
112 197
113 119
113 133
113 236
114 218
114 243
114 248
115 219
116 207
116 242
117 200
117 241
118 159
118 206
119 133
119 148
119 174
119 204
119 218
121 150
121 151
121 155
121 202
121 224
122 166
122 184
122 231
122 232
122 236
123 180
123 185
123 190
123 249
124 198
124 244
125 171
126 133
126 141
126 143
126 159
126 182
126 242
127 225
127 233
128 160
128 193
128 230
128 238
129 223
129 237
129 241
130 227
131 175
131 176
132 154
132 190
132 198
132 218
132 222
132 244
133 147
133 172
134 141
134 190
135 145
135 181
136 144
136 170
136 238
137 169
137 228
138 190
138 192
138 238
139 158
139 171
139 218
139 244
140 203
140 233
141 142
141 214
141 238
142 163
142 212
143 214
143 235
143 249
145 150
145 160
145 220
145 224
147 171
148 164
149 155
149 219
150 221
151 174
151 190
151 238
152 166
152 180
152 213
153 181
153 204
153 211
153 248
154 160
154 163
154 165
154 218
155 167
155 192
155 235
156 163
156 168
156 192
156 207
157 239
157 244
158 159
159 197
159 205
160 191
161 171
161 179
161 227
162 177
163 220
163 232
163 247
164 175
165 212
165 224
165 229
166 175
167 227
167 230
168 206
168 218
168 244
169 172
169 190
170 235
170 246
171 189
171 193
171 211
172 209
172 215
172 217
172 237
173 210
173 219
174 215
174 231
175 192
175 214
176 238
176 244
177 200
178 228
179 223
179 226
179 234
180 234
180 236
180 249
182 189
182 199
184 187
184 221
184 248
185 186
185 216
185 218
186 192
186 234
187 237
188 239
188 242
190 213
190 230
191 233
195 227
195 234
196 249
197 238
198 236
199 222
200 209
201 208
201 215
201 223
201 237
202 215
202 235
202 241
202 246
204 236
205 242
208 213
209 230
210 249
212 249
213 216
213 232
214 224
214 231
215 216
219 223
219 249
220 230
221 229
222 243
224 243
231 234
233 240
234 242
235 240
237 244
242 244
