0 16
0 35
0 38
0 43
0 65
0 77
0 87
0 110
0 157
0 162
0 171
0 200
0 232
1 8
1 22
1 43
1 44
1 45
1 79
1 83
1 102
1 117
1 121
1 139
1 146
1 156
1 165
1 173
1 181
1 228
1 246
2 27
2 64
2 94
2 105
2 113
2 129
2 152
2 155
2 175
2 187
2 224
2 235
2 242
2 246
3 12
3 30
3 38
3 49
3 67
3 68
3 90
3 91
3 107
3 109
3 112
3 113
3 136
3 171
3 200
3 212
3 219
3 221
3 236
4 9
4 15
4 18
4 20
4 40
4 41
4 42
4 62
4 78
4 92
4 97
4 99
4 123
4 133
4 141
4 155
4 165
4 172
4 186
4 187
4 209
4 219
4 225
4 248
5 10
5 11
5 18
5 23
5 31
5 38
5 39
5 66
5 113
5 175
5 176
5 186
5 193
5 196
5 216
5 233
5 243
5 246
6 45
6 64
6 101
6 115
6 127
6 128
6 135
6 162
6 177
6 185
6 201
6 220
6 235
6 237
6 246
7 36
7 37
7 49
7 68
7 73
7 101
7 109
7 136
7 138
7 145
7 147
7 163
7 167
7 170
7 203
7 207
7 217
7 219
7 235
8 31
8 36
8 42
8 75
8 82
8 91
8 109
8 126
8 151
8 181
8 200
8 210
8 235
9 11
9 16
9 21
9 22
9 38
9 56
9 85
9 98
9 102
9 107
9 115
9 131
9 171
9 200
9 207
9 215
9 235
9 240
10 18
10 29
10 50
10 85
10 92
10 95
10 111
10 172
10 187
10 205
10 206
10 212
10 227
10 248
11 12
11 49
11 54
11 56
11 74
11 75
11 80
11 86
11 87
11 91
11 92
11 99
11 100
11 108
11 129
11 150
11 166
11 179
11 192
11 217
11 218
12 20
12 21
12 24
12 32
12 45
12 62
12 74
12 113
12 126
12 136
12 141
12 147
12 163
12 182
12 219
12 243
13 41
13 46
13 50
13 53
13 56
13 60
13 81
13 87
13 88
13 91
13 102
13 103
13 107
13 139
13 154
13 175
13 177
13 182
13 217
13 225
14 22
14 38
14 42
14 45
14 50
14 58
14 64
14 71
14 84
14 88
14 91
14 95
14 139
14 140
14 149
14 162
14 174
14 189
14 191
14 193
14 199
14 217
14 234
14 240
15 25
15 57
15 63
15 71
15 75
15 79
15 81
15 89
15 94
15 116
15 122
15 125
15 135
15 138
15 153
15 163
15 169
15 216
15 247
16 41
16 44
16 60
16 112
16 124
16 125
16 128
16 137
16 170
16 189
16 194
16 206
16 210
16 228
16 230
16 233
16 240
16 245
17 22
17 48
17 71
17 82
17 155
17 157
17 196
17 248
18 19
18 27
18 44
18 94
18 104
18 119
18 120
18 132
18 174
18 180
18 190
18 215
18 243
18 244
19 24
19 33
19 37
19 42
19 64
19 66
19 68
19 85
19 92
19 132
19 150
19 162
19 167
19 169
19 187
19 200
19 201
19 221
19 229
19 233
19 234
19 249
20 23
20 41
20 65
20 76
20 92
20 100
20 111
20 117
20 122
20 155
20 165
20 173
20 190
20 209
20 215
20 222
20 229
21 25
21 26
21 32
21 46
21 78
21 85
21 99
21 119
21 138
21 154
21 160
21 198
21 216
21 224
21 228
21 232
22 26
22 32
22 43
22 49
22 60
22 70
22 83
22 91
22 103
22 105
22 117
22 136
22 157
22 159
22 168
22 178
22 187
23 25
23 28
23 29
23 33
23 57
23 68
23 97
23 126
23 141
23 150
23 161
23 167
23 186
23 191
23 204
23 216
24 30
24 35
24 37
24 53
24 62
24 63
24 64
24 66
24 86
24 88
24 130
24 171
24 174
24 180
24 188
24 199
24 205
24 212
24 216
24 224
24 226
25 31
25 52
25 73
25 86
25 92
25 134
25 140
25 142
25 143
25 164
25 180
25 182
25 185
25 187
25 208
25 209
25 216
25 218
25 224
25 245
26 36
26 68
26 95
26 108
26 111
26 112
26 120
26 123
26 152
26 159
26 172
26 191
27 42
27 50
27 55
27 77
27 78
27 81
27 87
27 98
27 104
27 108
27 113
27 147
27 181
27 182
27 183
27 210
27 235
27 245
28 47
28 97
28 106
28 139
28 142
28 163
28 184
28 203
28 209
28 222
28 228
29 32
29 58
29 66
29 70
29 79
29 80
29 124
29 138
29 144
29 154
29 159
29 179
29 189
29 194
29 209
29 235
30 36
30 41
30 82
30 91
30 108
30 136
30 146
30 174
30 175
30 189
30 206
30 219
30 230
30 232
30 240
30 241
30 249
31 41
31 73
31 78
31 88
31 99
31 106
31 109
31 115
31 133
31 158
31 173
31 194
31 200
31 203
31 209
31 218
31 232
31 237
31 240
31 245
32 42
32 61
32 64
32 71
32 72
32 82
32 92
32 106
32 131
32 146
32 154
32 166
32 173
32 223
32 232
32 240
32 244
33 35
33 40
33 42
33 65
33 71
33 76
33 109
33 113
33 129
33 160
33 181
33 204
33 213
33 215
33 237
34 47
34 76
34 80
34 86
34 96
34 131
34 154
34 155
34 159
34 163
34 167
34 171
34 191
34 201
34 203
34 204
34 231
35 44
35 46
35 89
35 90
35 93
35 105
35 130
35 156
35 172
35 175
35 197
36 43
36 49
36 53
36 90
36 125
36 134
36 136
36 152
36 157
36 178
36 179
36 210
37 46
37 51
37 78
37 80
37 121
37 130
37 138
37 151
37 152
37 168
37 185
37 190
37 196
37 198
37 199
37 217
37 222
38 39
38 44
38 66
38 76
38 91
38 92
38 95
38 112
38 126
38 145
38 156
38 161
38 170
38 171
38 182
38 186
38 187
38 194
38 196
38 240
38 241
38 243
39 60
39 83
39 84
39 109
39 123
39 139
39 144
39 159
39 164
39 171
39 173
39 197
39 230
39 244
39 245
39 246
40 89
40 96
40 97
40 115
40 123
40 138
40 143
40 186
40 191
40 205
40 218
40 227
40 239
41 89
41 139
41 163
41 165
41 188
41 207
41 215
41 221
41 228
41 231
41 233
41 242
42 53
42 87
42 94
42 102
42 123
42 149
42 160
42 172
42 186
42 188
42 195
42 204
42 206
42 211
42 233
42 247
42 248
43 46
43 49
43 62
43 63
43 73
43 98
43 115
43 116
43 137
43 138
43 148
43 150
43 154
43 167
43 169
43 174
43 178
43 186
43 201
43 218
43 223
44 54
44 62
44 63
44 111
44 129
44 132
44 185
44 193
44 194
44 217
44 226
45 77
45 104
45 106
45 143
45 157
45 174
45 180
45 188
45 194
45 205
45 230
45 232
45 239
45 246
46 72
46 83
46 118
46 120
46 127
46 154
46 169
46 171
46 172
46 182
46 190
46 199
46 205
46 208
46 212
46 222
46 226
47 51
47 139
47 169
47 198
47 206
47 242
47 248
48 58
48 98
48 125
48 149
48 154
48 177
48 183
48 186
48 188
48 199
48 240
49 69
49 77
49 79
49 85
49 91
49 97
49 127
49 129
49 135
49 174
49 191
49 224
49 237
49 241
50 71
50 73
50 75
50 104
50 109
50 116
50 122
50 131
50 147
50 152
50 158
50 160
50 162
50 203
50 210
50 212
50 221
50 223
50 246
51 58
51 90
51 105
51 112
51 157
51 163
51 164
51 165
51 169
51 172
51 180
51 183
51 186
51 201
51 205
51 216
51 218
51 228
51 238
52 61
52 62
52 87
52 95
52 98
52 99
52 118
52 119
52 157
52 166
53 111
53 115
53 119
53 120
53 124
53 129
53 143
53 167
53 177
53 215
53 232
54 64
54 80
54 82
54 85
54 87
54 90
54 107
54 109
54 112
54 118
54 160
54 162
54 176
54 179
54 193
54 196
54 199
54 200
54 203
54 211
55 124
55 130
55 134
55 138
55 166
55 217
55 230
56 85
56 95
56 96
56 100
56 137
56 141
56 171
56 182
56 184
56 186
56 187
56 195
56 199
56 201
56 203
56 210
56 236
56 237
56 247
57 91
57 94
57 116
57 158
57 165
57 171
57 181
57 192
57 198
57 200
57 236
58 59
58 67
58 135
58 176
58 193
58 196
58 201
58 204
58 220
58 226
59 67
59 74
59 76
59 90
59 94
59 170
59 173
59 178
59 206
59 209
59 231
59 233
60 70
60 89
60 94
60 96
60 144
60 145
60 175
60 180
60 191
60 197
60 202
60 222
60 228
60 249
61 68
61 71
61 97
61 121
61 130
61 140
61 144
61 152
61 153
61 165
61 173
61 174
61 211
61 219
61 226
61 243
62 84
62 93
62 107
62 117
62 138
62 140
62 174
62 179
62 188
62 192
62 223
62 227
62 236
63 68
63 75
63 77
63 84
63 90
63 95
63 110
63 133
63 146
63 152
63 154
63 160
63 189
63 223
63 235
63 244
64 97
64 98
64 101
64 104
64 143
64 146
64 182
64 194
64 210
64 220
64 221
64 237
64 245
64 249
65 116
65 132
65 138
65 172
65 173
65 174
65 189
65 194
65 198
65 227
65 249
66 70
66 72
66 84
66 99
66 100
66 106
66 130
66 140
66 161
66 189
66 191
66 203
66 204
66 211
66 242
66 246
67 79
67 81
67 91
67 105
67 110
67 119
67 156
67 224
67 227
68 70
68 82
68 87
68 88
68 98
68 107
68 124
68 127
68 128
68 131
68 133
68 137
68 172
68 189
68 193
68 243
69 139
69 161
69 186
69 205
69 208
69 233
69 237
69 239
69 241
69 242
69 243
70 96
70 129
70 131
70 132
70 180
70 187
70 191
70 194
70 205
70 216
70 218
70 232
71 88
71 112
71 123
71 138
71 141
71 168
71 196
71 197
71 203
71 212
71 216
71 223
71 240
71 245
72 95
72 137
72 145
72 149
72 153
72 210
72 215
72 237
73 82
73 102
73 105
73 111
73 112
73 143
73 153
73 214
73 219
73 227
73 232
73 233
73 244
74 75
74 76
74 77
74 78
74 107
74 113
74 114
74 125
74 139
74 144
74 176
74 181
74 186
74 190
74 195
74 206
74 207
74 244
74 247
75 91
75 92
75 119
75 144
75 146
75 172
75 185
75 194
75 209
75 226
75 241
76 77
76 78
76 79
76 83
76 97
76 101
76 106
76 122
76 162
76 167
76 186
76 231
77 80
77 81
77 83
77 95
77 96
77 104
77 149
77 163
77 168
77 181
77 197
77 225
77 226
77 235
77 246
78 83
78 91
78 104
78 109
78 134
78 145
78 146
78 153
78 154
78 156
78 177
78 205
78 220
78 221
78 236
78 238
79 82
79 102
79 117
79 125
79 126
79 211
79 213
79 222
79 234
80 81
80 85
80 108
80 123
80 137
80 140
80 145
80 185
80 186
80 206
80 207
80 222
81 104
81 126
81 156
81 172
81 186
81 208
81 228
82 84
82 93
82 116
82 128
82 202
82 207
82 221
82 229
83 110
83 119
83 122
83 136
83 140
83 143
83 159
83 161
83 180
83 187
83 200
83 220
83 235
83 245
84 90
84 102
84 144
84 170
84 183
84 191
84 227
84 242
85 101
85 103
85 108
85 114
85 123
85 130
85 145
85 150
85 153
85 156
85 172
85 177
85 179
85 201
85 203
85 210
85 245
86 107
86 116
86 118
86 122
86 124
86 137
86 141
86 144
86 146
86 149
86 166
86 192
86 197
86 211
86 226
86 231
86 247
86 249
87 119
87 133
87 175
87 176
87 186
87 190
87 218
87 222
87 223
87 235
87 236
87 243
88 90
88 105
88 120
88 171
88 179
88 190
88 221
89 102
89 105
89 131
89 135
89 141
89 179
89 180
89 196
89 205
89 226
89 241
89 245
90 96
90 101
90 102
90 122
90 132
90 136
90 137
90 160
90 170
90 185
90 206
90 229
90 241
91 95
91 118
91 148
91 151
91 171
91 174
91 180
91 187
91 194
91 212
91 232
91 241
92 94
92 102
92 110
92 112
92 113
92 154
92 164
92 171
92 174
92 176
92 189
92 200
92 212
92 224
92 233
92 241
92 244
92 245
92 249
93 94
93 97
93 136
93 207
93 212
93 222
93 240
94 123
94 147
94 155
94 160
94 163
94 169
94 172
94 186
94 210
94 223
94 238
94 247
95 101
95 102
95 136
95 157
95 201
95 202
95 247
96 111
96 116
96 133
96 143
96 144
96 162
96 164
96 169
96 173
96 180
96 181
96 196
96 204
96 208
96 218
96 234
96 243
96 246
96 249
97 101
97 142
97 152
97 160
97 162
97 174
97 182
97 185
97 201
97 204
97 207
97 215
97 233
98 99
98 120
98 123
98 126
98 142
98 161
98 162
98 174
98 184
98 199
98 205
98 211
98 245
99 104
99 116
99 128
99 133
99 135
99 145
99 161
99 175
99 211
100 107
100 123
100 134
100 140
100 141
100 149
100 183
100 211
100 212
100 213
100 240
101 102
101 141
101 153
101 207
101 212
102 105
102 123
102 161
102 176
102 187
102 226
102 227
102 236
102 249
103 113
103 115
103 148
103 156
103 159
103 173
103 193
103 211
103 215
103 238
103 244
104 188
104 217
104 226
104 234
105 112
105 119
105 154
105 155
105 173
105 184
105 187
105 194
105 204
105 206
105 237
106 144
106 158
106 179
106 181
106 189
106 209
106 226
106 233
107 109
107 135
107 143
107 150
107 163
107 165
107 168
107 178
107 184
107 188
107 194
107 207
107 226
107 238
108 113
108 114
108 116
108 119
108 126
108 128
108 138
108 139
108 146
108 165
108 208
108 223
108 229
108 231
109 112
109 124
109 125
109 152
109 159
109 181
109 200
109 204
109 225
109 235
110 120
110 134
110 189
110 206
110 246
111 117
111 120
111 145
111 167
111 178
111 194
111 198
111 238
111 249
112 133
112 155
112 171
112 175
112 176
112 186
112 187
112 197
112 206
112 221
112 233
112 237
112 238
112 242
113 115
113 118
113 125
113 141
113 146
113 150
113 160
113 166
113 167
113 183
113 200
113 204
113 206
113 227
114 156
114 163
114 169
114 189
114 213
114 229
114 231
114 247
115 125
115 149
115 150
115 190
115 198
115 207
115 209
115 227
115 229
116 133
116 134
116 138
116 166
116 187
116 207
116 211
116 224
116 234
116 244
117 129
117 150
117 155
117 156
117 164
117 181
117 191
117 199
117 204
117 213
117 215
117 218
117 221
117 222
117 244
118 155
118 211
118 212
118 214
118 216
118 235
118 238
118 246
118 247
119 125
119 149
119 189
119 206
119 221
119 224
119 234
119 237
119 244
119 246
120 123
120 167
120 191
120 205
120 208
120 209
120 217
120 221
121 122
121 127
121 130
121 146
121 172
121 177
121 178
121 187
121 188
121 229
122 125
122 127
122 128
122 145
122 149
122 157
122 159
122 175
122 183
122 187
122 199
122 230
122 236
123 125
123 138
123 156
123 158
123 162
123 181
123 186
123 201
123 212
124 136
124 145
124 146
124 149
124 154
124 165
124 208
124 224
124 233
124 235
124 239
125 183
125 190
125 198
125 207
125 220
125 222
125 224
126 128
126 129
126 133
126 150
126 158
126 204
126 209
127 138
127 153
127 154
127 196
127 203
127 206
127 223
127 226
127 238
127 239
128 142
128 157
128 187
128 191
128 193
128 223
128 231
129 135
129 140
129 167
129 174
129 178
129 195
129 234
129 235
129 239
129 244
130 152
130 153
130 170
130 194
130 200
130 205
130 222
131 133
131 135
131 162
131 163
131 167
131 169
131 189
131 194
131 227
131 246
132 175
132 183
132 201
132 207
132 237
133 143
133 153
133 158
133 178
133 181
133 192
133 193
133 206
133 213
133 229
133 238
133 248
133 249
134 152
134 161
134 162
134 170
134 191
134 211
134 220
134 231
135 139
135 142
135 150
135 162
135 165
135 169
135 177
135 203
135 226
135 241
136 137
136 172
136 174
136 198
136 200
136 209
136 229
136 232
136 244
137 187
137 196
137 214
137 247
138 140
138 159
138 162
138 171
138 219
138 233
138 238
139 146
139 173
139 200
139 204
139 230
139 236
139 242
140 153
140 190
140 211
140 212
140 220
140 236
140 243
141 148
141 156
141 161
141 171
141 181
141 245
142 156
142 160
142 211
142 224
143 161
143 165
143 175
143 179
143 188
143 195
143 199
143 248
144 145
144 151
144 162
144 170
144 189
144 207
145 146
145 173
145 215
145 217
145 236
145 247
146 152
146 158
146 162
146 172
146 174
146 192
146 209
146 238
147 159
147 166
147 192
147 193
147 225
147 242
148 178
148 210
148 226
148 234
148 238
149 170
149 175
149 179
149 183
149 191
149 198
149 202
150 158
150 204
150 223
150 233
150 236
151 160
151 164
151 177
151 198
151 209
151 211
151 216
152 176
152 179
152 183
152 189
152 205
152 222
153 156
153 162
153 175
153 179
153 185
153 202
153 208
153 215
153 217
153 228
154 156
154 175
154 186
154 221
154 233
154 236
154 237
154 238
155 165
155 189
155 211
155 235
156 162
156 186
156 188
156 194
156 199
156 216
156 217
156 218
156 238
157 160
157 173
157 192
157 245
158 182
158 183
158 186
158 196
158 216
158 217
158 238
158 244
159 165
159 199
159 213
159 223
159 230
160 182
160 187
160 211
160 212
160 213
160 214
160 223
160 229
161 185
161 196
161 233
161 240
162 192
162 194
162 205
162 207
162 214
162 224
162 238
162 239
162 243
163 216
163 220
163 236
164 173
164 179
164 206
164 212
165 166
165 170
165 173
165 186
165 196
165 232
165 233
165 241
165 246
166 174
166 176
166 208
166 223
166 224
166 242
166 243
166 246
167 185
167 210
167 229
168 169
168 170
168 189
168 191
168 198
169 170
169 219
169 225
169 236
170 183
170 186
170 187
170 200
170 211
170 212
171 174
171 199
171 220
172 173
172 184
172 194
172 206
172 217
172 221
172 224
172 236
173 181
173 190
173 215
173 232
173 235
173 249
174 200
174 212
174 239
175 240
175 244
176 189
176 215
176 232
177 185
177 186
177 195
177 204
177 207
177 216
177 227
177 248
178 185
178 186
178 202
178 207
178 209
178 217
178 232
179 208
179 210
179 222
179 226
179 229
179 236
180 189
180 213
180 223
180 234
181 186
181 222
181 238
181 239
182 197
182 202
182 207
182 240
183 186
183 190
183 191
183 207
183 220
183 223
183 224
183 236
183 238
184 208
184 210
184 221
184 248
184 249
185 192
185 224
186 198
186 228
187 195
187 208
187 226
187 242
188 192
188 203
188 219
188 237
188 243
189 211
189 235
190 205
190 221
190 227
190 237
191 205
191 210
191 223
191 242
192 219
192 233
193 210
193 239
193 244
193 249
194 201
194 234
194 235
194 237
194 240
194 245
194 248
195 207
195 211
195 215
195 227
195 234
195 248
196 224
196 247
197 200
197 209
197 213
197 226
197 229
197 239
198 205
198 209
198 210
198 240
198 244
199 202
199 234
199 248
200 209
200 242
201 203
201 248
202 243
203 223
204 225
204 230
204 237
205 211
205 216
205 228
205 243
206 211
206 213
206 220
206 221
206 240
206 243
206 248
206 249
207 211
207 218
207 221
207 234
207 237
207 248
208 211
208 239
208 241
209 226
209 232
209 236
209 237
210 214
210 222
210 232
210 233
210 249
211 240
211 241
211 248
212 215
212 234
212 244
213 226
213 227
213 231
213 249
214 231
215 217
215 237
215 248
216 221
216 229
216 246
217 227
217 237
217 246
218 226
220 224
220 228
220 233
220 234
221 225
221 246
222 226
222 229
223 238
223 242
224 243
225 239
226 236
227 238
227 240
228 245
228 249
229 230
230 236
230 245
231 238
231 239
231 240
231 248
232 237
232 243
239 248
241 249
243 246
244 248
247 249
