0 32
0 33
0 61
0 100
0 103
1 52
1 56
1 84
1 121
1 144
1 227
2 14
2 48
2 97
2 105
2 249
3 80
3 84
3 160
3 208
3 231
4 51
4 74
4 95
4 103
4 117
4 130
4 168
4 176
4 219
4 232
5 47
5 51
5 138
5 159
5 200
6 61
6 90
6 114
6 211
7 96
7 105
7 117
7 125
7 133
7 185
7 196
7 226
8 37
8 130
8 137
8 162
9 62
9 108
9 130
9 172
9 232
10 87
10 160
10 163
10 228
10 234
10 243
11 29
11 92
11 130
11 199
12 19
12 35
12 39
12 107
12 179
13 22
13 81
13 82
13 121
13 182
13 241
14 15
14 96
14 141
14 153
15 24
15 28
15 30
15 81
15 94
15 99
15 156
15 177
15 185
15 246
16 28
16 41
16 57
16 74
16 92
16 145
16 175
17 177
17 229
18 30
18 70
18 94
18 132
18 217
18 247
19 128
19 140
19 173
19 197
19 209
19 235
20 26
20 84
20 117
20 130
20 197
21 45
21 143
21 204
21 248
22 81
22 98
22 132
22 140
22 144
22 157
22 158
22 185
22 233
23 75
23 144
23 149
23 191
23 239
24 67
24 78
24 208
24 237
25 66
25 102
25 106
25 111
25 116
25 148
25 177
25 207
25 234
26 28
26 42
26 65
26 125
26 159
26 215
26 239
27 95
27 113
27 118
27 200
28 39
28 83
28 113
28 234
28 244
29 111
29 142
29 193
29 206
29 239
30 109
30 122
30 127
30 221
30 231
31 101
31 158
31 182
31 185
31 217
32 45
32 145
32 204
33 176
33 190
34 86
34 163
34 225
34 238
35 94
35 98
35 131
35 169
35 171
35 187
36 47
36 67
36 168
36 172
36 177
36 246
37 88
37 122
37 128
37 161
37 187
38 41
38 81
38 97
38 124
38 156
38 170
39 65
39 70
39 142
39 147
39 150
39 173
40 105
40 108
40 124
40 235
41 185
42 92
42 102
42 108
42 196
42 206
42 215
42 225
43 52
43 152
43 197
44 62
44 87
44 102
44 135
44 238
45 78
45 84
45 98
45 153
45 196
45 235
46 66
46 107
46 111
46 112
46 127
46 141
46 179
47 75
47 133
47 173
47 193
47 217
47 237
48 97
48 100
48 128
48 152
48 153
48 236
48 249
49 75
49 119
49 135
49 181
49 189
49 230
50 84
50 150
50 152
50 171
50 198
50 203
50 205
51 113
51 183
51 203
51 220
51 228
52 55
52 61
52 68
52 115
52 126
52 129
52 168
52 209
52 222
53 64
53 209
54 74
54 78
54 90
54 207
55 98
55 99
55 107
55 110
55 191
56 72
56 132
56 158
56 172
56 203
57 75
57 101
57 194
57 217
58 154
58 169
58 204
59 61
59 168
59 191
59 204
60 94
60 98
60 230
61 105
61 145
61 159
62 143
62 182
62 212
62 235
63 226
63 241
63 249
64 80
64 121
64 140
64 145
64 206
65 88
65 89
65 109
65 126
65 127
65 137
65 180
65 187
66 100
66 109
66 187
66 188
66 236
66 238
67 89
67 122
67 190
67 240
68 116
68 135
68 159
68 187
69 92
69 193
70 191
71 76
71 79
71 80
71 83
71 142
71 173
71 202
71 223
71 241
72 214
72 229
73 104
73 148
73 158
73 202
73 215
73 225
74 86
74 109
74 150
74 163
74 164
74 180
74 200
75 87
75 163
75 236
76 117
76 139
76 178
76 182
76 240
77 142
77 185
77 203
77 209
78 105
78 145
78 152
78 180
79 107
79 115
79 127
79 140
79 143
79 148
79 227
79 233
79 236
79 237
79 240
80 120
80 147
80 180
81 108
81 113
81 114
81 178
82 86
82 134
82 185
82 189
82 213
82 227
83 118
83 132
83 135
83 136
83 166
83 167
83 218
83 231
83 248
84 101
84 145
84 193
84 198
84 230
84 240
85 126
86 110
86 114
86 136
86 137
86 147
87 142
87 169
87 178
87 244
88 158
88 189
88 224
89 99
89 133
90 99
90 102
90 175
90 184
90 196
90 197
91 232
91 247
92 100
92 114
92 236
93 166
93 213
94 142
94 150
95 212
95 228
96 146
97 106
97 180
97 235
98 122
98 130
98 208
98 235
98 249
99 208
100 131
100 160
100 172
100 235
100 245
100 249
101 120
101 162
101 170
102 108
102 197
102 199
102 200
103 120
103 141
104 140
104 196
106 124
106 131
106 166
106 174
107 117
107 127
107 171
107 199
107 203
107 244
108 186
108 240
109 115
109 136
109 138
109 150
109 159
109 190
109 208
109 220
109 246
110 155
111 139
111 162
112 135
112 194
112 199
113 158
113 192
114 193
114 217
114 231
115 186
116 150
116 169
116 207
117 146
117 189
118 133
118 141
118 249
119 226
120 144
121 228
121 238
122 144
122 149
122 243
123 186
123 196
123 213
124 160
124 170
124 195
124 205
124 212
124 223
125 152
125 231
126 130
126 139
126 156
126 228
126 241
127 152
127 192
128 158
129 248
130 162
131 159
131 183
131 184
131 193
131 201
131 206
131 241
132 225
133 180
134 135
134 164
134 180
135 209
135 211
135 220
136 147
136 198
137 199
137 218
137 229
138 150
138 160
138 165
138 240
139 163
139 198
140 142
140 202
140 211
140 217
141 146
141 181
142 153
142 189
142 229
143 168
143 213
143 236
143 238
144 153
144 192
144 208
145 201
145 216
145 238
146 209
147 234
148 152
148 185
149 163
149 181
149 188
149 193
149 199
149 231
150 163
150 170
150 228
151 221
152 159
152 170
152 238
152 240
153 158
153 164
153 216
153 233
154 160
154 241
155 164
155 172
155 183
156 178
157 196
158 176
159 239
160 162
160 169
160 204
161 175
161 195
161 230
162 197
162 230
163 243
164 169
164 215
164 230
164 231
165 233
165 244
166 174
166 176
166 185
166 201
166 206
167 173
169 187
169 203
169 214
169 229
170 198
170 205
171 180
171 220
171 231
172 206
172 235
172 249
173 188
173 193
173 198
174 176
174 243
176 208
176 227
176 228
177 194
177 198
178 224
179 205
182 208
183 222
183 239
184 209
184 220
184 235
185 192
186 242
187 191
189 240
190 228
191 199
192 234
193 201
193 244
195 239
196 198
196 214
196 237
197 214
197 244
199 233
200 216
201 222
202 207
202 217
202 235
202 249
203 211
203 221
203 246
205 218
206 215
206 249
207 247
208 243
211 230
211 240
212 219
214 229
215 237
215 240
215 243
216 230
217 231
217 232
217 242
218 247
220 241
220 245
221 228
223 238
225 238
226 249
229 248
232 235
233 239
235 248
