0 31
0 35
0 52
0 59
0 98
0 108
0 179
0 203
0 239
0 241
1 82
1 98
1 99
1 108
1 135
1 203
1 215
2 54
2 89
2 165
2 177
2 182
2 191
2 242
3 4
3 14
3 24
3 43
3 86
3 95
3 117
3 155
3 168
3 231
4 9
4 22
4 27
4 54
4 63
4 138
4 167
4 215
5 14
5 19
5 21
5 95
5 109
5 128
5 133
5 145
5 196
5 198
5 210
5 220
6 9
6 54
6 64
6 76
6 124
6 139
6 170
6 218
7 9
7 10
7 96
7 102
7 107
7 128
7 130
7 167
7 181
7 191
7 195
7 217
7 221
8 40
8 50
8 92
8 118
8 128
8 129
8 144
8 165
8 203
8 209
8 240
8 246
9 26
9 43
9 59
9 68
9 80
9 87
9 102
9 107
9 112
9 130
9 140
9 153
9 192
9 198
10 16
10 59
10 67
10 111
10 116
10 185
11 46
11 57
11 122
11 132
11 146
11 160
11 241
12 21
12 31
12 57
12 79
12 130
12 139
12 142
12 145
12 189
12 246
13 44
13 66
13 114
13 158
13 191
13 219
13 237
14 36
14 42
14 62
14 66
14 69
14 96
14 137
14 156
14 160
14 201
14 213
15 33
15 122
15 210
15 245
16 80
16 93
16 106
16 158
16 159
16 161
16 188
16 189
16 197
16 201
16 203
16 213
16 228
17 22
17 30
17 32
17 69
17 80
17 143
17 188
17 232
17 238
17 240
18 71
18 90
18 138
18 155
18 198
18 248
19 45
19 62
19 70
19 120
19 121
19 165
19 178
19 199
19 212
19 236
20 36
20 43
20 44
20 51
20 63
20 78
20 79
20 96
20 99
20 110
20 117
20 125
20 188
20 193
20 212
20 242
21 34
21 38
21 53
21 55
21 94
21 105
21 110
21 132
21 145
21 155
21 158
21 218
22 25
22 75
22 93
22 106
22 126
22 150
22 154
22 170
22 175
22 186
22 215
22 228
23 28
23 38
23 81
23 82
23 89
23 148
23 162
23 176
23 187
23 214
23 230
23 233
24 42
24 73
24 98
24 106
24 109
24 116
24 119
24 152
24 159
25 66
25 110
25 157
26 65
26 118
26 210
26 228
26 241
27 45
27 48
27 54
27 136
27 137
27 144
27 165
27 187
27 208
28 36
28 39
28 141
28 154
28 184
28 241
29 59
29 68
29 87
29 93
29 100
29 124
29 136
29 162
29 190
29 196
30 40
30 53
30 72
30 105
30 127
30 135
30 159
30 161
30 171
30 205
30 248
31 56
31 73
31 90
31 107
31 175
31 245
31 247
32 52
32 53
32 54
32 108
32 146
32 151
32 181
32 196
32 217
32 226
33 65
33 70
33 77
33 203
33 228
33 238
34 43
34 47
34 72
34 92
34 94
34 199
34 248
35 95
35 112
35 141
35 146
35 190
35 204
35 224
36 40
36 63
36 68
36 134
36 145
36 163
36 209
36 232
36 236
37 39
37 51
37 55
37 71
37 97
37 121
37 199
37 210
38 79
38 115
38 156
38 205
38 206
38 224
39 43
39 54
39 62
39 63
39 112
39 127
39 195
39 201
39 238
40 67
40 135
40 197
40 211
41 70
41 78
41 146
41 163
41 172
41 185
41 246
42 58
42 65
42 101
42 119
42 153
42 193
42 203
42 218
42 226
42 233
43 76
43 108
43 233
44 131
44 139
44 172
44 190
44 199
44 212
44 242
45 120
45 141
45 142
45 157
45 187
45 199
45 209
45 228
46 50
46 55
46 74
46 79
46 96
46 108
46 120
46 127
46 132
46 145
46 191
46 226
47 66
47 78
47 110
47 131
47 137
47 147
47 153
47 181
47 188
47 199
47 217
48 64
48 117
48 126
48 154
48 238
49 86
49 92
49 98
49 107
49 173
49 182
49 233
49 245
50 57
50 86
50 101
50 104
50 148
50 169
50 182
50 189
50 225
50 239
51 76
51 104
51 110
51 124
51 131
51 172
51 194
52 77
52 106
52 125
52 149
52 216
53 90
53 101
53 103
53 122
53 123
53 128
53 166
54 94
54 108
54 114
54 128
55 70
55 90
55 106
55 151
55 184
56 99
56 122
56 130
56 140
56 149
56 150
56 193
56 197
56 201
57 68
57 86
57 124
57 143
57 186
57 209
57 210
57 229
57 232
57 246
57 248
58 83
58 123
58 124
58 137
58 142
58 145
58 223
58 243
59 64
59 86
59 90
59 175
60 74
60 80
60 90
60 153
60 177
60 187
60 232
60 234
60 244
61 64
61 80
61 124
61 164
61 166
61 245
62 127
62 142
62 167
62 187
62 204
62 246
63 88
63 94
63 96
63 126
63 219
63 223
63 249
64 97
64 153
64 210
64 225
65 138
65 141
65 218
66 112
66 121
66 127
66 188
66 211
66 223
67 86
67 125
67 131
67 181
67 196
67 246
68 87
68 97
68 142
68 143
68 152
68 196
68 235
69 76
69 81
69 117
69 133
69 176
69 185
70 108
70 131
70 175
70 185
70 216
70 238
71 93
71 221
72 91
72 132
72 157
72 192
72 214
72 222
72 226
72 234
73 145
73 164
73 169
73 174
73 191
73 206
74 96
74 115
74 149
74 151
74 169
74 179
74 181
75 120
75 127
75 200
75 214
75 220
75 221
76 97
76 122
76 145
76 212
76 224
77 81
77 85
77 99
77 127
77 137
77 139
77 153
77 176
77 182
78 91
78 98
78 101
78 134
78 177
78 184
78 209
78 233
78 247
79 127
79 131
79 134
79 145
79 183
79 196
79 203
79 206
79 241
80 92
80 121
80 140
80 202
80 207
80 215
80 243
80 246
81 88
81 101
81 132
81 135
81 188
81 201
81 239
82 125
82 136
82 149
82 186
82 225
82 243
83 111
83 149
83 196
83 198
83 211
83 228
84 99
84 148
84 150
84 185
84 217
85 87
85 121
85 124
85 131
85 142
85 145
85 149
85 171
85 194
85 205
85 210
85 247
86 87
86 106
86 146
86 158
86 185
86 186
87 112
87 125
87 130
87 197
87 215
88 166
88 194
88 209
88 236
88 241
89 91
89 120
89 142
89 143
89 157
89 167
90 133
90 142
90 148
90 153
90 161
90 181
90 184
90 242
91 109
91 144
91 156
91 165
91 169
91 171
91 192
91 239
92 155
92 176
92 245
93 137
93 147
93 166
93 203
93 226
93 229
93 230
94 109
94 131
94 136
94 185
94 220
95 103
95 105
95 146
95 176
95 180
95 208
95 242
95 244
96 110
96 132
96 160
96 163
96 219
96 231
96 237
96 242
97 102
97 137
97 151
97 169
97 188
97 217
97 248
98 103
98 147
98 184
98 200
98 213
98 243
99 135
99 151
99 197
99 225
99 246
99 248
100 116
101 112
101 135
101 152
101 153
101 158
101 164
102 111
102 117
102 189
102 199
102 227
102 233
103 115
103 123
103 151
103 152
103 170
103 176
103 207
103 239
104 118
104 164
104 179
104 191
104 223
105 161
105 173
105 186
105 224
105 228
105 244
106 120
106 165
106 197
106 220
106 230
107 138
107 184
107 199
108 140
108 191
108 196
108 247
109 117
109 180
109 193
109 213
109 216
109 224
109 238
110 114
110 125
110 131
110 166
110 209
110 228
110 237
110 243
111 150
111 181
111 189
112 129
112 132
112 133
112 169
112 173
112 182
112 192
112 205
112 229
112 232
112 236
113 171
113 197
113 204
113 240
113 242
114 145
114 169
115 187
115 193
115 205
115 241
116 119
116 121
116 123
116 124
116 131
116 142
116 174
116 231
117 145
117 163
117 164
117 196
117 224
118 137
118 151
118 159
118 213
118 248
119 139
119 144
119 155
119 210
119 214
119 231
119 233
119 237
120 126
120 167
120 211
120 221
120 247
121 144
121 153
121 203
121 206
121 219
122 135
122 164
122 182
122 203
122 213
122 227
123 130
123 167
123 173
123 184
123 235
124 155
124 157
124 162
124 183
124 203
124 220
125 131
125 142
125 165
125 220
125 224
125 231
126 141
126 142
126 168
126 239
127 139
127 149
127 173
127 178
127 186
127 232
128 160
128 213
128 235
129 133
129 183
129 212
130 134
130 178
130 195
130 205
131 160
131 186
131 199
131 203
131 221
131 222
132 142
132 154
132 182
132 190
132 203
132 213
132 216
132 237
132 241
133 153
133 175
133 179
133 201
133 208
133 243
134 140
134 203
134 219
134 238
135 163
135 199
135 202
136 149
136 206
136 248
137 138
137 196
137 197
138 168
138 216
138 233
138 236
139 144
139 167
139 178
139 189
139 218
140 152
140 155
140 185
140 201
140 231
141 189
141 223
141 229
141 246
142 145
142 146
142 147
142 156
142 232
143 162
143 170
143 176
143 190
143 192
143 241
143 246
144 209
144 217
145 159
145 184
145 193
145 202
145 216
145 226
146 176
146 208
146 210
146 222
146 243
146 245
147 198
147 235
148 150
148 153
148 164
148 182
148 202
148 211
148 248
149 158
149 192
150 154
150 193
151 167
151 168
151 181
151 198
151 203
151 205
151 215
151 244
152 196
152 199
152 203
152 204
152 223
152 238
153 168
153 174
153 175
154 175
154 179
154 221
154 227
154 233
155 161
155 171
155 231
155 238
156 243
157 160
157 226
157 234
158 238
158 242
160 205
160 207
160 217
161 168
161 207
161 215
161 220
162 171
162 175
162 218
162 233
163 173
163 175
163 230
163 231
163 240
163 248
164 171
164 231
165 198
166 202
166 215
166 217
166 218
166 237
167 172
167 205
167 212
168 202
168 233
169 171
169 196
169 225
169 226
169 245
170 196
170 203
170 210
170 235
171 175
171 178
171 225
172 241
172 247
173 180
173 196
173 212
173 242
174 185
174 194
175 191
175 214
175 228
176 187
176 188
176 208
177 184
177 193
177 198
177 234
178 208
178 222
178 233
179 245
180 181
180 205
180 213
180 225
180 242
181 210
182 190
183 193
183 195
183 223
183 246
184 199
184 208
184 236
184 241
185 200
185 211
185 239
185 240
186 206
186 228
187 247
188 213
189 194
189 222
190 230
190 236
191 213
191 241
191 246
192 197
192 224
194 200
194 232
194 245
195 208
195 233
195 241
196 223
196 225
197 228
197 232
197 244
197 245
198 211
198 235
198 241
199 202
199 216
200 210
200 240
201 225
201 232
202 205
202 227
202 238
202 240
203 208
203 213
203 218
203 240
203 243
204 208
205 209
205 222
205 228
205 245
206 211
207 217
207 218
208 247
210 214
210 216
212 240
213 249
215 232
215 235
215 244
216 227
216 233
216 235
218 227
218 247
221 224
221 231
222 236
223 239
225 246
228 232
230 242
230 245
231 238
231 239
231 245
232 244
233 246
233 247
235 242
239 249
240 242
241 246
241 247
244 248
