0 4
0 5
0 39
0 42
0 50
0 62
0 76
0 78
0 104
0 105
0 111
0 182
0 203
1 2
1 35
1 36
1 38
1 54
1 61
1 64
1 69
1 106
1 114
1 127
1 164
1 166
1 186
1 208
1 226
2 13
2 22
2 26
2 38
2 39
2 40
2 72
2 88
2 95
2 96
2 148
2 164
2 192
2 220
2 228
2 235
2 236
2 248
3 5
3 50
3 56
3 82
3 103
3 112
3 117
3 131
3 136
3 166
3 171
3 195
3 199
3 214
4 10
4 21
4 25
4 28
4 29
4 36
4 37
4 50
4 57
4 88
4 93
4 103
4 113
4 137
4 139
4 149
4 156
4 160
4 178
4 181
4 198
4 204
4 213
4 217
4 227
4 237
4 242
4 246
5 11
5 33
5 35
5 54
5 60
5 61
5 66
5 82
5 106
5 117
5 122
5 127
5 140
5 146
5 151
5 188
5 206
5 211
5 232
6 23
6 35
6 43
6 72
6 74
6 77
6 97
6 114
6 126
6 130
6 138
6 155
6 177
6 188
6 197
6 199
6 200
6 210
6 211
6 230
6 231
6 241
7 16
7 18
7 32
7 34
7 35
7 58
7 62
7 64
7 67
7 70
7 71
7 72
7 73
7 84
7 106
7 114
7 128
7 138
7 157
7 158
7 168
7 176
7 183
7 192
7 198
7 203
7 238
7 244
8 11
8 18
8 52
8 53
8 55
8 67
8 81
8 101
8 107
8 122
8 145
8 151
8 157
8 165
8 170
8 220
8 223
8 226
8 235
9 13
9 15
9 25
9 31
9 33
9 66
9 76
9 81
9 100
9 112
9 117
9 118
9 132
9 141
9 165
9 170
9 202
10 18
10 20
10 29
10 74
10 92
10 116
10 124
10 137
10 185
10 213
10 234
10 238
10 248
11 12
11 23
11 29
11 37
11 43
11 60
11 76
11 82
11 92
11 102
11 123
11 129
11 139
11 167
11 168
11 205
11 213
11 216
11 237
12 24
12 57
12 72
12 85
12 86
12 96
12 108
12 121
12 122
12 124
12 126
12 129
12 131
12 137
12 147
12 160
12 186
12 194
12 195
12 196
12 201
12 206
12 219
12 220
12 225
12 226
12 238
12 249
13 29
13 67
13 73
13 85
13 87
13 91
13 93
13 95
13 108
13 127
13 151
13 169
13 186
13 209
13 220
14 18
14 21
14 48
14 84
14 91
14 101
14 130
14 141
14 151
14 154
14 155
14 157
14 169
14 179
14 183
14 198
14 214
14 216
14 230
15 32
15 36
15 54
15 59
15 65
15 70
15 80
15 82
15 88
15 90
15 91
15 104
15 127
15 188
15 207
15 216
15 225
15 239
15 241
16 40
16 66
16 80
16 82
16 95
16 99
16 101
16 121
16 133
16 136
16 138
16 146
16 148
16 171
16 190
16 191
16 192
16 213
16 214
16 222
16 225
16 242
17 35
17 54
17 58
17 68
17 91
17 110
17 117
17 124
17 144
17 159
17 187
17 189
17 210
17 235
17 237
18 30
18 38
18 65
18 72
18 98
18 114
18 158
18 177
18 178
18 184
18 188
18 193
18 234
19 24
19 62
19 66
19 78
19 79
19 112
19 116
19 141
19 145
19 153
19 177
19 179
19 187
19 223
19 231
19 234
19 238
20 23
20 26
20 32
20 34
20 42
20 53
20 81
20 110
20 117
20 118
20 128
20 130
20 131
20 136
20 153
20 159
20 164
20 187
20 191
20 210
20 229
20 242
21 23
21 26
21 29
21 31
21 40
21 45
21 52
21 69
21 78
21 86
21 102
21 106
21 114
21 122
21 123
21 140
21 171
21 246
21 247
21 249
22 24
22 33
22 53
22 72
22 86
22 94
22 105
22 115
22 129
22 140
22 157
22 159
22 164
22 169
22 179
22 186
22 209
22 234
22 237
23 25
23 30
23 63
23 66
23 68
23 94
23 114
23 172
23 181
23 185
23 225
23 247
24 26
24 29
24 32
24 44
24 56
24 65
24 75
24 90
24 93
24 95
24 99
24 119
24 133
24 137
24 141
24 164
24 178
24 188
24 199
24 200
24 206
24 213
24 228
24 235
24 244
25 28
25 35
25 49
25 54
25 86
25 87
25 93
25 154
25 187
25 205
25 230
25 237
25 241
26 32
26 34
26 41
26 87
26 88
26 97
26 109
26 149
26 151
26 155
26 163
26 166
26 169
26 195
26 196
26 206
26 221
27 44
27 59
27 67
27 80
27 119
27 134
27 150
27 152
27 154
27 156
27 159
27 187
27 203
27 213
27 244
28 46
28 49
28 65
28 69
28 77
28 93
28 97
28 101
28 112
28 114
28 119
28 121
28 162
28 166
28 172
28 176
28 179
28 183
28 219
29 34
29 36
29 39
29 47
29 51
29 62
29 63
29 106
29 115
29 141
29 142
29 161
29 164
29 166
29 180
29 224
29 229
30 33
30 39
30 61
30 85
30 86
30 100
30 105
30 117
30 120
30 151
30 152
30 162
30 172
30 174
30 184
30 185
30 193
30 198
30 209
30 233
30 236
30 238
31 37
31 52
31 54
31 77
31 81
31 88
31 94
31 100
31 115
31 127
31 141
31 159
31 162
31 170
31 172
31 190
31 196
31 201
31 211
31 228
31 232
31 237
31 248
32 52
32 57
32 63
32 80
32 82
32 100
32 103
32 121
32 131
32 151
32 164
32 191
32 216
32 219
32 223
32 232
32 233
32 239
32 241
33 44
33 47
33 50
33 53
33 56
33 57
33 88
33 95
33 106
33 132
33 150
33 172
33 178
33 195
33 196
33 208
33 219
33 240
33 241
33 242
33 246
34 39
34 47
34 48
34 53
34 54
34 68
34 74
34 84
34 87
34 89
34 103
34 121
34 133
34 148
34 149
34 154
34 156
34 164
34 175
34 196
34 198
34 210
34 217
34 227
34 229
35 44
35 45
35 88
35 98
35 107
35 108
35 111
35 123
35 128
35 133
35 137
35 145
35 151
35 165
35 167
35 178
35 179
35 181
35 185
35 223
35 229
35 245
36 45
36 48
36 75
36 87
36 94
36 101
36 133
36 145
36 165
36 179
36 180
36 181
36 186
36 189
36 197
36 209
36 226
36 234
37 39
37 41
37 43
37 48
37 64
37 73
37 88
37 95
37 98
37 99
37 100
37 101
37 134
37 144
37 146
37 173
37 199
37 203
37 218
37 230
37 241
37 248
38 40
38 44
38 48
38 61
38 79
38 97
38 104
38 112
38 117
38 168
38 197
39 48
39 60
39 78
39 79
39 84
39 89
39 94
39 103
39 106
39 110
39 127
39 143
39 155
39 176
39 181
39 223
39 243
40 64
40 75
40 81
40 97
40 112
40 113
40 115
40 131
40 132
40 144
40 145
40 159
40 165
40 171
40 175
40 192
40 236
41 51
41 58
41 62
41 110
41 115
41 122
41 141
41 152
41 181
41 191
41 199
41 227
41 234
41 243
42 44
42 46
42 47
42 75
42 77
42 99
42 114
42 132
42 133
42 165
42 176
42 179
42 193
42 194
42 202
42 217
42 229
42 231
42 235
42 241
43 53
43 61
43 66
43 68
43 71
43 78
43 91
43 112
43 125
43 138
43 149
43 153
43 162
43 187
43 196
43 205
43 216
43 227
43 243
43 248
44 47
44 64
44 68
44 69
44 79
44 90
44 114
44 117
44 132
44 136
44 137
44 156
44 158
44 169
44 176
44 195
44 219
44 246
45 60
45 62
45 81
45 101
45 171
45 177
45 186
45 192
45 199
45 205
45 206
45 213
45 227
45 230
45 231
45 242
45 247
46 48
46 65
46 73
46 104
46 106
46 112
46 114
46 115
46 119
46 134
46 141
46 142
46 150
46 152
46 154
46 163
46 176
46 181
46 189
46 196
46 201
46 213
46 233
47 53
47 55
47 84
47 97
47 100
47 142
47 149
47 150
47 151
47 155
47 170
47 178
47 186
47 193
47 212
47 218
47 219
47 232
47 235
47 237
47 238
47 242
48 59
48 68
48 72
48 75
48 84
48 108
48 210
48 225
48 228
48 230
48 241
49 59
49 64
49 71
49 137
49 153
49 181
49 193
49 213
49 226
49 245
50 51
50 75
50 111
50 155
50 187
50 200
50 205
50 209
50 218
50 242
51 65
51 77
51 86
51 114
51 138
51 152
51 162
51 166
51 175
51 184
51 190
51 202
51 205
51 210
51 220
51 248
52 57
52 69
52 77
52 83
52 114
52 116
52 120
52 121
52 138
52 151
52 165
52 167
52 169
52 171
52 209
52 212
52 224
52 227
53 73
53 84
53 114
53 125
53 135
53 159
53 172
53 176
53 185
53 221
53 233
53 241
53 244
54 69
54 80
54 83
54 106
54 109
54 124
54 132
54 139
54 140
54 165
54 167
54 179
54 180
54 197
54 217
54 225
55 72
55 83
55 94
55 109
55 112
55 120
55 122
55 165
55 167
55 173
55 180
55 193
55 196
55 204
55 215
55 216
55 218
55 238
55 247
56 58
56 61
56 76
56 84
56 100
56 113
56 141
56 142
56 156
56 188
56 189
56 190
56 204
56 246
56 249
57 98
57 119
57 127
57 132
57 135
57 165
57 169
57 176
57 182
57 215
57 248
58 59
58 69
58 71
58 74
58 77
58 79
58 103
58 107
58 166
58 173
58 175
58 182
58 203
58 221
58 225
58 234
59 62
59 70
59 86
59 96
59 112
59 121
59 136
59 152
59 156
59 181
59 196
59 202
59 205
59 208
59 214
59 219
59 222
59 226
59 231
60 69
60 75
60 78
60 94
60 106
60 128
60 152
60 166
60 207
60 216
60 228
60 235
60 237
60 239
60 244
61 63
61 65
61 100
61 111
61 112
61 123
61 125
61 144
61 158
61 163
61 178
61 182
61 189
61 193
61 194
61 213
61 224
61 233
61 236
61 238
61 249
62 63
62 94
62 109
62 131
62 178
62 196
62 204
62 211
62 215
62 224
62 227
63 68
63 87
63 93
63 95
63 96
63 97
63 133
63 141
63 170
63 187
63 192
63 200
63 208
63 216
63 220
64 114
64 139
64 143
64 150
64 154
64 155
64 188
64 195
64 205
64 225
64 245
65 98
65 103
65 116
65 124
65 128
65 141
65 145
65 151
65 157
65 161
65 170
65 172
65 173
65 182
65 195
65 220
65 221
65 230
65 232
65 236
65 238
66 68
66 96
66 108
66 109
66 145
66 161
66 174
66 179
66 187
66 189
66 196
66 212
66 216
66 231
66 233
66 234
67 69
67 80
67 90
67 97
67 102
67 114
67 116
67 127
67 128
67 142
67 155
67 170
67 204
67 211
67 221
67 241
68 90
68 94
68 118
68 125
68 129
68 130
68 135
68 148
68 163
68 167
68 170
68 212
68 222
68 229
68 232
69 87
69 97
69 98
69 99
69 139
69 151
69 156
69 173
69 202
69 208
70 72
70 81
70 106
70 107
70 120
70 131
70 139
70 149
70 181
70 183
70 229
70 232
70 235
71 82
71 96
71 97
71 111
71 114
71 122
71 124
71 133
71 165
71 182
71 185
71 218
72 77
72 90
72 98
72 125
72 141
72 144
72 145
72 161
72 167
72 176
72 194
72 195
72 245
72 246
72 249
73 82
73 83
73 84
73 86
73 97
73 98
73 126
73 131
73 133
73 137
73 146
73 160
73 161
73 165
73 172
73 174
73 178
73 192
73 194
73 216
73 218
73 234
73 237
73 242
73 245
74 76
74 78
74 80
74 124
74 131
74 146
74 181
74 197
74 198
74 233
74 235
74 236
75 80
75 82
75 95
75 100
75 134
75 140
75 146
75 149
75 171
75 175
75 227
75 233
75 240
76 79
76 81
76 85
76 87
76 99
76 102
76 106
76 109
76 116
76 121
76 125
76 135
76 136
76 145
76 147
76 175
76 182
76 189
76 213
76 216
76 218
76 223
76 247
76 249
77 86
77 139
77 152
77 154
77 157
77 158
77 172
77 189
77 200
77 240
78 112
78 127
78 129
78 133
78 138
78 152
78 192
78 197
78 198
78 211
78 222
78 243
78 247
79 87
79 118
79 123
79 145
79 160
79 172
79 201
79 209
79 240
79 245
80 89
80 107
80 132
80 140
80 161
80 164
80 175
80 197
80 204
80 216
80 221
80 224
80 231
81 82
81 91
81 105
81 115
81 120
81 122
81 124
81 130
81 132
81 149
81 172
81 177
81 197
81 204
81 208
81 215
81 225
81 242
82 105
82 114
82 122
82 140
82 178
82 182
82 189
82 210
82 230
83 107
83 133
83 155
83 156
83 166
83 175
83 177
83 188
83 191
83 196
83 202
83 206
83 208
83 213
83 216
83 230
83 232
84 88
84 93
84 103
84 112
84 123
84 128
84 130
84 132
84 144
84 149
84 156
84 168
84 169
84 212
84 215
84 221
85 100
85 116
85 124
85 150
85 180
85 184
85 195
85 207
85 230
86 137
86 139
86 166
86 203
86 247
87 95
87 99
87 104
87 120
87 124
87 133
87 153
87 160
87 162
87 168
87 175
87 183
87 184
87 200
87 213
87 223
88 89
88 113
88 136
88 143
88 164
88 181
88 186
88 193
88 209
88 219
88 220
88 241
88 244
89 121
89 140
89 147
89 152
89 157
89 160
89 165
89 195
89 208
89 245
90 127
90 132
90 140
90 145
90 178
90 179
90 180
90 188
90 205
90 221
90 234
90 238
90 239
91 97
91 98
91 100
91 118
91 141
91 158
91 179
91 197
91 221
91 243
92 95
92 105
92 107
92 121
92 145
92 154
92 185
92 204
92 228
92 230
92 240
92 245
93 124
93 137
93 144
93 154
93 156
93 162
93 165
93 166
93 173
93 190
93 197
93 209
93 210
93 219
93 222
93 226
93 232
94 98
94 102
94 103
94 108
94 125
94 137
94 147
94 163
94 200
94 203
94 213
94 245
94 247
95 96
95 121
95 126
95 141
95 160
95 166
95 169
95 174
95 175
95 193
95 195
95 198
95 216
96 99
96 100
96 121
96 128
96 142
96 167
96 179
96 215
96 221
96 227
96 230
97 99
97 112
97 122
97 141
97 172
97 177
97 189
97 201
97 202
97 205
97 210
97 222
97 224
97 225
97 234
98 99
98 109
98 121
98 123
98 139
98 144
98 163
98 166
98 212
98 238
99 101
99 106
99 152
99 157
99 171
99 191
99 196
99 227
99 231
100 104
100 135
100 162
100 167
100 170
100 205
100 215
100 220
100 225
100 230
100 246
101 104
101 157
101 168
101 169
101 178
101 180
101 193
101 207
101 214
101 217
101 231
101 246
102 114
102 119
102 122
102 135
102 159
102 161
102 164
102 184
102 205
102 211
102 213
102 215
102 226
102 240
102 242
102 248
103 112
103 116
103 119
103 121
103 127
103 138
103 157
103 162
103 164
103 173
103 182
103 193
103 200
103 223
103 234
103 245
104 108
104 116
104 141
104 145
104 151
104 155
104 166
104 167
104 208
104 209
104 237
104 241
104 248
105 128
105 155
105 188
105 202
105 212
105 239
106 108
106 114
106 119
106 125
106 135
106 136
106 148
106 152
106 158
106 165
106 177
106 190
106 195
106 196
106 211
106 214
106 216
106 218
106 227
106 246
107 146
107 154
107 178
107 185
107 194
107 198
107 207
107 222
107 237
108 111
108 139
108 161
108 167
108 171
108 195
108 199
108 225
109 115
109 117
109 126
109 131
109 136
109 138
109 140
109 143
109 145
109 157
109 160
109 164
109 167
109 174
109 195
109 196
109 211
109 220
109 221
109 231
109 245
109 247
110 125
110 143
110 144
110 148
110 150
110 169
110 191
110 210
110 219
110 232
110 236
110 245
110 246
111 137
111 141
111 152
111 160
111 171
111 172
111 181
111 182
111 184
111 187
111 189
111 196
111 213
111 240
112 143
112 158
112 165
112 192
112 197
112 214
112 219
112 220
112 237
112 240
112 248
113 117
113 142
113 149
113 160
113 172
113 202
113 205
113 215
113 222
113 241
114 116
114 165
114 177
114 184
114 189
114 190
114 211
114 226
114 240
115 124
115 142
115 173
115 198
115 199
115 201
115 207
115 212
115 213
115 222
115 230
116 125
116 147
116 151
116 166
116 177
116 184
116 188
116 190
116 198
116 204
116 245
116 247
116 249
117 140
117 159
117 161
117 164
117 165
117 189
117 200
117 219
117 245
118 120
118 126
118 128
118 139
118 148
118 150
118 166
118 172
118 175
118 176
118 178
118 186
118 191
118 195
118 200
118 202
118 206
118 209
118 221
118 228
118 230
118 242
119 130
119 141
119 149
119 211
119 218
119 221
119 233
119 236
119 238
119 239
119 247
120 132
120 138
120 148
120 150
120 151
120 165
120 179
120 236
121 140
121 141
121 145
121 146
121 158
121 172
121 178
121 211
121 223
121 245
121 249
122 129
122 131
122 149
122 161
122 176
122 194
122 209
122 214
122 233
122 249
123 127
123 152
123 169
123 188
123 189
123 208
123 211
123 238
124 128
124 130
124 131
124 140
124 144
124 157
124 162
124 175
124 186
124 188
124 198
124 199
124 213
124 218
124 246
125 131
125 140
125 141
125 145
125 158
125 173
125 206
125 227
125 241
125 247
126 137
126 138
126 140
126 146
126 152
126 185
126 188
126 203
126 205
126 213
126 240
127 133
127 150
127 151
127 157
127 160
127 168
127 189
127 206
128 145
128 156
128 159
128 161
128 175
128 184
128 185
128 186
128 187
128 197
128 223
128 247
129 132
129 139
129 154
129 171
129 179
129 185
129 202
129 209
129 228
129 230
129 233
130 135
130 142
130 180
130 182
130 202
130 208
130 245
131 143
131 151
131 166
131 170
131 174
131 196
131 199
131 211
131 217
131 226
131 247
132 146
132 147
132 155
132 156
132 160
132 170
132 171
132 176
132 203
132 220
132 234
133 140
133 151
133 180
133 195
133 221
133 223
133 224
133 228
133 245
134 166
134 167
134 208
135 154
135 163
135 165
135 170
135 178
135 189
135 199
135 209
135 211
135 213
135 224
135 237
135 240
135 243
135 247
136 154
136 160
136 174
136 197
136 211
136 226
136 229
136 249
137 147
137 160
137 204
137 223
137 226
137 227
137 235
138 139
138 141
138 158
138 159
138 162
138 169
138 171
138 226
138 247
139 145
139 150
139 153
139 175
139 176
139 177
139 179
139 198
139 218
139 225
139 236
139 237
139 239
139 241
139 246
140 159
140 160
140 162
140 170
140 179
140 184
140 224
140 232
140 233
140 240
141 148
141 173
141 207
141 222
141 228
141 237
141 245
142 152
142 154
142 166
142 176
142 178
142 191
142 207
142 218
142 226
142 247
143 151
143 160
143 165
143 166
143 175
143 183
143 184
143 209
143 226
143 235
144 160
144 161
144 165
144 167
144 179
144 210
144 225
144 242
145 158
145 162
145 173
145 202
145 232
145 242
146 149
146 153
146 156
146 165
146 192
146 195
146 205
146 209
146 213
146 236
146 240
146 245
147 170
147 182
147 195
147 203
147 205
147 227
148 155
148 170
148 184
148 186
148 189
148 192
148 203
148 208
148 209
148 219
148 225
148 234
148 237
148 243
149 174
149 193
149 218
149 233
150 155
150 206
150 220
150 241
151 170
151 177
151 204
151 225
152 153
152 161
152 163
152 165
152 173
152 177
152 180
152 189
152 222
152 241
153 173
153 192
153 198
153 236
154 171
154 172
154 173
154 209
154 216
154 237
155 156
155 169
155 176
155 179
155 180
155 188
155 205
155 225
155 238
155 243
156 161
156 164
156 201
156 223
156 249
157 169
157 176
157 193
157 200
157 236
157 237
157 240
157 243
157 247
158 159
158 160
158 164
158 173
158 193
158 208
158 212
158 229
158 234
159 167
159 170
159 204
159 211
159 230
160 164
160 191
160 193
160 202
160 205
160 231
160 245
160 249
161 162
161 169
161 171
161 180
161 193
161 232
161 244
162 174
162 184
162 187
162 202
162 215
162 222
162 226
162 228
162 230
162 236
163 165
163 179
163 190
163 195
163 216
163 221
163 234
163 235
163 243
164 177
164 185
164 197
164 206
164 214
164 244
164 248
165 167
165 184
165 186
165 188
165 227
165 235
165 245
165 248
166 177
166 209
166 216
166 218
167 173
167 181
167 182
167 207
167 213
167 214
167 234
168 170
168 177
168 179
168 208
168 213
168 220
168 222
168 225
168 249
169 173
169 188
169 216
170 209
170 211
170 213
170 219
170 244
171 194
171 207
171 223
171 227
171 229
171 242
171 247
172 177
172 193
172 199
172 214
172 216
172 217
172 224
172 244
173 200
173 208
173 234
173 240
173 242
173 245
173 247
174 229
174 237
174 239
174 245
175 176
175 178
175 230
176 182
176 184
176 186
176 204
176 220
177 178
177 187
177 192
177 212
177 228
177 238
178 190
178 195
178 228
178 247
179 205
179 248
180 222
180 230
180 231
180 238
180 247
181 186
181 188
181 190
181 200
181 219
181 225
181 226
181 237
181 239
181 242
182 194
182 215
182 240
183 197
183 209
184 197
184 199
184 226
184 228
184 231
184 246
185 187
185 199
186 191
186 195
186 196
186 206
186 218
187 190
187 208
187 217
188 230
189 195
189 243
189 247
190 202
190 204
190 209
190 224
190 228
190 231
190 246
191 192
191 203
191 214
191 224
191 230
191 235
191 246
192 226
192 240
193 203
193 213
193 224
193 228
193 249
194 225
194 231
194 235
195 206
195 228
195 235
195 237
196 205
196 220
196 230
196 235
196 242
197 199
197 201
197 207
197 209
197 213
197 232
197 234
197 236
198 208
198 227
198 237
198 247
199 208
199 209
199 224
199 230
199 242
200 207
200 226
201 208
201 214
201 236
202 205
202 224
202 240
202 247
203 210
203 224
203 228
203 235
203 246
204 206
204 210
204 212
204 217
204 224
205 209
205 227
206 213
206 218
206 223
206 225
206 233
206 247
207 232
207 241
208 232
208 236
208 249
209 213
209 215
209 221
209 225
209 227
209 241
209 244
209 249
210 221
211 218
211 220
211 226
211 240
211 242
212 217
212 222
212 228
213 214
213 230
213 243
213 245
214 217
214 224
214 226
215 230
215 231
215 243
216 222
217 231
218 229
218 239
219 244
220 241
222 248
223 224
223 227
224 237
224 246
225 243
225 245
226 236
226 243
227 229
227 241
228 249
229 243
229 248
230 234
230 235
230 245
231 249
234 241
235 247
237 242
238 243
238 247
239 247
239 248
247 249
248 249
