0 5
0 33
0 35
0 45
0 72
0 75
0 83
0 87
0 101
0 102
0 117
0 151
0 152
0 166
0 174
0 195
0 196
0 200
1 5
1 50
1 53
1 63
1 75
1 76
1 93
1 116
1 132
1 146
1 169
1 209
1 243
1 245
2 8
2 13
2 38
2 43
2 61
2 74
2 75
2 98
2 116
2 117
2 134
2 145
2 150
2 160
2 170
2 214
2 216
3 23
3 57
3 83
3 86
3 150
3 156
3 203
3 235
3 240
4 51
4 80
4 94
4 137
4 149
4 152
4 167
4 181
4 189
4 214
4 219
5 11
5 48
5 54
5 66
5 75
5 81
5 82
5 114
5 124
5 127
5 147
5 163
5 169
5 188
5 194
5 201
6 16
6 118
6 121
6 133
6 134
6 152
6 155
6 188
6 195
6 197
6 219
6 237
7 56
7 212
7 218
7 238
8 12
8 13
8 16
8 43
8 60
8 94
8 98
8 107
8 114
8 140
8 171
8 177
8 199
8 220
9 43
9 70
9 71
9 78
9 89
9 90
9 91
9 113
9 126
9 129
9 140
10 40
10 69
10 111
10 200
11 28
11 40
11 47
11 83
11 84
11 96
11 124
11 130
11 169
11 233
12 89
12 160
12 177
13 21
13 32
13 153
13 168
13 210
13 220
13 234
14 24
14 44
14 48
14 75
14 85
14 108
14 118
14 145
14 156
15 67
15 101
15 132
15 155
15 159
15 247
16 44
16 70
16 78
16 93
16 138
16 181
16 182
16 189
16 194
16 197
16 212
16 225
16 234
16 245
17 29
17 31
17 32
17 46
17 95
17 106
17 118
17 123
17 157
17 175
17 186
17 192
17 207
17 246
18 35
18 105
18 107
18 121
18 149
18 211
19 69
19 171
19 196
19 202
19 206
19 224
19 229
20 42
20 48
20 55
20 100
20 102
20 106
20 118
20 126
20 155
20 186
20 198
20 211
20 219
21 53
21 60
21 65
21 67
21 104
21 118
21 140
21 172
21 208
22 23
22 33
22 39
22 45
22 88
22 129
22 154
22 174
22 195
22 238
23 48
23 54
23 101
23 103
23 104
23 106
23 146
23 162
24 105
24 138
24 139
24 152
24 163
24 166
24 234
25 36
25 52
25 55
25 59
25 78
25 81
25 92
25 104
25 110
25 141
25 153
25 172
25 174
25 199
25 202
25 217
26 27
26 28
26 31
26 45
26 64
26 76
26 100
26 114
26 152
26 167
26 170
26 216
26 233
27 32
27 36
27 41
27 56
27 60
27 62
27 81
27 87
27 199
27 215
27 223
27 224
27 248
28 42
28 66
28 69
28 77
28 98
28 112
28 125
28 145
28 163
28 169
28 202
28 217
29 46
29 50
29 60
29 72
29 92
29 104
29 124
29 147
29 157
29 164
29 166
29 169
29 170
29 173
29 192
29 193
29 200
29 204
29 210
29 225
29 230
29 234
29 236
30 65
30 69
30 81
30 101
30 128
30 130
30 147
30 165
30 177
30 188
30 245
31 37
31 65
31 119
31 121
31 141
31 169
31 220
31 245
32 70
32 138
32 141
32 158
32 202
32 203
32 233
32 248
33 58
33 60
33 63
33 119
33 147
33 177
33 198
33 210
33 227
33 232
34 78
34 88
34 102
34 106
34 108
34 114
34 131
34 151
34 173
34 205
34 215
34 227
34 230
34 249
35 65
35 97
35 125
35 170
35 201
35 213
36 43
36 54
36 55
36 82
36 139
36 169
36 194
36 203
36 226
36 233
36 245
37 72
37 100
37 112
37 149
37 155
37 156
37 190
37 199
37 236
37 246
37 248
38 49
38 61
38 87
38 90
38 93
38 101
38 164
38 184
38 209
38 219
38 225
39 71
39 89
39 148
39 166
39 172
39 199
39 216
40 42
40 48
40 78
40 110
40 144
40 189
40 196
40 200
40 224
40 228
41 85
41 118
41 131
41 146
41 149
41 163
41 168
41 194
41 211
41 222
41 225
42 45
42 67
42 70
42 81
42 92
42 132
42 139
42 197
42 208
42 218
42 234
43 61
43 86
43 106
43 153
43 164
43 191
43 203
43 204
43 233
43 244
44 71
44 93
44 96
44 146
44 148
44 160
44 197
44 199
44 205
44 206
44 209
44 213
44 221
44 235
45 47
45 61
45 103
45 115
45 156
45 177
46 70
46 128
46 217
46 233
47 49
47 97
47 103
47 139
47 164
47 183
47 186
47 194
47 223
47 236
48 68
48 85
48 129
48 144
48 188
48 190
48 230
48 249
49 73
49 129
49 155
49 165
49 170
49 207
50 79
50 80
50 84
50 101
50 116
50 161
50 239
50 248
51 57
51 61
51 62
51 72
51 130
51 142
51 147
51 158
51 167
51 218
52 68
52 71
52 74
52 104
52 110
52 151
52 166
52 194
53 64
53 69
53 76
53 80
53 112
53 131
53 247
54 113
54 137
54 152
54 173
55 91
55 166
55 177
56 70
56 88
56 123
56 201
56 212
56 218
56 242
56 244
57 89
57 98
57 101
57 102
57 105
57 160
57 173
57 205
57 225
57 244
58 67
58 78
58 104
58 168
58 176
58 189
58 195
59 165
59 166
59 171
59 177
59 237
59 240
60 87
60 99
60 138
60 160
60 174
60 175
60 184
60 203
60 246
61 64
61 90
61 115
61 130
61 168
61 187
61 192
61 207
61 211
61 216
61 247
62 116
62 176
62 181
62 201
62 202
62 220
62 234
63 112
63 117
63 125
63 143
63 156
63 164
63 207
63 210
64 81
64 144
64 153
64 158
64 170
64 207
64 217
64 225
65 71
65 79
65 80
65 92
65 134
65 166
65 174
65 196
65 218
65 224
65 235
65 240
65 242
65 246
66 107
66 110
66 112
66 183
66 196
66 206
66 210
66 222
66 224
66 227
66 238
67 80
67 161
67 171
67 201
67 216
67 223
67 226
68 71
68 103
68 113
68 125
68 134
68 165
68 190
68 216
68 237
68 246
68 247
68 249
69 89
69 124
69 134
69 175
69 198
70 92
70 145
70 147
70 163
70 176
70 180
70 197
70 198
70 209
71 87
71 127
71 138
71 144
71 182
71 201
71 205
71 214
71 223
72 76
72 127
72 161
72 165
72 180
72 187
72 227
72 244
73 89
73 96
73 105
73 106
73 116
73 160
73 169
73 218
74 90
74 94
74 95
74 105
74 122
74 139
74 206
74 218
74 224
75 81
75 89
75 137
75 145
75 186
75 206
75 228
76 115
76 137
76 143
76 187
76 193
76 208
76 215
76 221
77 91
77 118
77 152
77 174
77 193
77 222
78 89
78 114
78 128
78 133
78 139
78 148
78 156
78 187
78 192
78 238
79 86
79 170
79 178
79 188
79 194
79 216
79 220
80 103
80 115
80 127
80 143
80 167
80 210
80 217
80 220
80 242
81 221
81 224
81 236
81 242
81 243
81 244
82 86
82 91
82 97
82 98
82 126
82 154
82 198
82 214
82 235
83 102
83 108
83 110
83 120
83 124
83 133
83 185
83 212
83 241
84 118
84 122
84 141
84 144
84 167
84 203
84 209
84 211
85 137
85 171
85 173
85 230
85 237
86 107
86 131
86 156
86 197
86 198
86 212
86 237
86 243
86 245
87 92
87 129
87 148
87 216
87 217
88 95
88 107
88 121
88 122
88 135
88 160
88 165
88 179
88 186
88 188
88 219
89 105
89 131
89 157
89 160
90 126
90 131
90 165
90 175
90 183
90 189
90 193
90 220
90 234
91 128
91 134
91 157
91 169
91 191
91 193
91 210
92 95
92 127
92 132
92 138
92 151
92 220
92 224
92 232
92 247
93 101
93 120
93 141
93 148
93 153
93 156
93 179
93 200
94 113
94 128
94 137
94 184
94 192
94 198
94 236
95 114
95 123
95 181
95 195
96 106
96 132
96 166
96 210
96 217
96 218
96 247
97 106
97 111
97 118
97 128
97 142
97 175
97 181
97 185
97 210
97 224
97 246
98 122
98 125
98 127
98 161
98 166
98 167
98 179
98 182
98 183
98 186
98 209
98 222
98 226
98 232
98 244
99 124
99 154
99 155
99 172
99 208
100 103
100 166
100 173
100 175
100 214
100 243
100 246
101 120
101 168
102 118
102 120
102 125
102 148
102 180
102 208
102 229
103 119
103 132
103 147
104 105
104 122
104 188
104 215
104 221
105 127
105 173
105 202
105 207
105 239
106 131
106 183
106 203
106 214
106 227
106 247
107 121
107 183
107 197
107 217
108 121
108 142
108 151
108 159
108 161
108 164
108 236
109 123
109 139
109 189
109 190
109 241
110 140
110 141
110 154
110 170
110 176
110 193
110 232
110 236
111 144
111 148
111 186
111 212
111 232
111 244
111 245
112 113
112 120
112 133
112 137
112 162
112 169
112 204
112 222
112 231
112 248
113 153
113 155
113 156
113 157
113 188
113 220
113 240
113 246
114 185
114 242
115 146
115 153
115 162
115 172
115 212
115 228
116 117
116 169
116 215
116 230
117 126
117 195
117 247
118 150
118 176
118 223
118 228
119 125
119 171
119 174
119 176
119 224
119 239
119 244
120 135
120 146
120 173
120 198
120 246
121 149
121 213
121 246
122 133
122 151
122 152
122 153
122 236
123 162
123 168
123 184
123 204
123 232
123 234
123 237
124 145
124 148
124 186
124 215
124 236
124 241
125 142
125 151
125 171
125 193
125 208
125 215
125 227
125 230
126 137
126 154
126 169
127 170
127 177
127 184
128 144
128 151
128 152
128 162
128 192
128 199
128 224
129 136
129 159
129 200
129 203
129 205
129 211
129 222
129 237
130 155
130 171
130 174
130 182
130 186
130 190
130 205
131 134
131 139
131 155
131 166
131 179
131 215
132 212
132 213
132 223
132 234
132 248
133 146
133 197
133 206
133 214
133 219
133 239
134 188
134 194
134 236
134 241
135 159
135 182
135 221
136 138
136 151
136 173
136 178
136 189
136 200
136 215
136 219
136 224
136 230
136 232
136 244
137 139
137 146
137 161
137 199
137 217
137 223
137 241
138 153
138 159
138 162
138 173
138 177
138 191
138 205
138 211
138 244
138 245
139 146
139 164
139 205
139 206
139 217
139 222
139 229
139 234
140 163
140 168
140 211
140 227
141 152
141 157
141 160
141 162
141 202
141 209
141 233
141 237
142 148
142 156
142 192
142 212
142 213
142 215
142 220
142 223
142 225
142 227
143 189
143 221
143 237
144 147
144 184
144 241
145 184
145 217
145 221
145 225
145 227
146 176
146 179
146 185
146 193
146 198
146 208
146 211
146 215
147 152
147 168
147 175
147 194
147 211
147 223
147 237
147 245
148 149
148 186
148 193
148 197
149 152
149 166
149 173
149 194
149 201
149 208
149 237
149 246
150 157
150 189
150 210
150 244
151 172
151 230
152 156
152 175
152 183
152 193
152 197
153 202
154 175
154 213
154 232
155 223
155 235
155 240
156 168
156 220
157 168
157 172
157 243
157 244
157 248
158 168
158 191
158 219
159 190
159 191
159 240
160 168
160 185
160 186
160 198
160 200
160 201
160 225
160 236
161 181
161 193
161 194
161 230
162 203
163 174
163 214
163 232
164 241
164 244
165 178
165 182
165 195
165 202
165 210
165 218
165 225
165 231
165 236
166 244
167 182
167 197
167 205
167 219
168 169
168 175
168 177
168 190
168 199
168 219
168 221
168 222
168 225
168 226
169 210
169 219
169 241
169 247
170 191
170 228
170 231
170 234
170 247
171 183
171 213
171 231
171 235
172 173
172 194
172 215
172 216
174 185
174 233
174 235
174 246
175 215
175 230
177 199
177 239
178 182
178 187
178 196
178 220
178 229
178 234
179 185
179 204
179 220
179 239
179 246
180 185
180 206
180 231
180 241
180 244
181 217
182 184
182 186
182 211
182 239
182 243
182 249
183 205
183 221
183 229
184 202
184 218
184 222
184 225
184 227
184 238
185 209
185 211
186 235
186 243
187 233
187 243
188 203
188 204
189 190
189 213
190 219
191 203
191 227
191 236
193 199
193 216
193 222
193 229
194 204
194 212
194 216
195 218
195 222
196 198
196 240
197 201
198 202
198 236
198 237
198 246
198 248
199 217
199 243
200 203
200 235
200 237
201 211
201 219
201 230
201 241
201 249
203 218
204 215
204 238
207 213
207 221
208 219
209 210
209 227
209 231
209 233
209 235
210 221
211 220
211 231
211 232
212 220
212 246
213 231
214 216
214 218
214 232
215 217
216 248
217 228
217 235
217 246
219 226
219 235
219 238
220 235
220 247
221 234
221 235
222 235
223 224
223 230
224 226
224 236
224 237
224 245
225 241
225 242
229 241
229 249
230 235
233 236
234 244
236 241
238 246
242 249
243 244
