0 8
0 25
0 43
0 61
0 77
0 185
0 224
0 244
1 14
1 16
1 22
1 72
1 86
1 91
1 98
1 99
1 163
1 164
1 183
1 202
1 221
2 11
2 57
2 59
2 73
2 96
2 132
2 141
2 162
2 185
2 194
2 234
3 42
3 44
3 49
3 78
3 98
3 130
3 140
3 187
3 188
3 193
3 204
3 228
3 242
4 16
4 33
4 49
4 58
4 66
4 72
4 120
4 171
4 202
4 208
4 217
4 233
4 246
5 38
5 39
5 110
5 120
5 149
5 174
5 185
5 186
5 188
5 199
5 221
5 243
6 24
6 29
6 34
6 85
6 94
6 115
6 125
6 134
6 156
6 177
6 196
6 216
6 233
6 243
6 244
7 51
7 59
7 83
7 89
7 91
7 95
7 99
7 103
7 140
7 154
7 160
7 164
7 213
7 224
7 229
7 237
8 16
8 28
8 52
8 58
8 81
8 129
8 187
8 228
8 235
8 241
8 246
9 13
9 17
9 22
9 92
9 94
9 117
9 135
9 157
9 241
9 243
9 248
10 11
10 13
10 15
10 49
10 70
10 92
10 107
10 115
10 117
10 119
10 148
10 198
11 18
11 34
11 35
11 48
11 54
11 75
11 77
11 101
11 123
11 131
11 184
11 194
11 202
11 249
12 56
12 60
12 68
12 96
12 105
12 117
12 118
12 126
12 136
12 142
12 153
12 155
12 218
12 223
13 106
13 142
13 153
13 166
13 167
13 213
13 237
13 247
14 21
14 24
14 71
14 88
14 111
14 118
14 123
14 144
14 162
14 164
14 223
14 224
14 243
14 245
14 249
15 18
15 37
15 56
15 64
15 65
15 92
15 96
15 124
15 136
15 151
15 157
15 159
15 175
15 194
15 203
15 205
15 215
15 232
15 239
16 19
16 46
16 60
16 84
16 96
16 111
16 154
16 245
16 248
17 28
17 42
17 48
17 58
17 69
17 110
17 129
17 138
17 178
17 192
17 198
17 204
17 206
17 241
18 38
18 52
18 56
18 57
18 61
18 106
18 109
18 118
18 139
18 141
18 144
18 152
18 153
18 154
18 156
18 159
18 164
18 183
18 190
18 201
18 207
18 240
19 31
19 34
19 46
19 48
19 65
19 159
20 54
20 67
20 96
20 98
20 140
20 151
20 162
20 202
20 203
21 56
21 131
21 133
21 152
21 201
22 43
22 59
22 82
22 132
22 167
22 175
22 199
22 207
22 217
22 218
22 223
23 26
23 77
23 79
23 107
23 108
23 128
23 136
23 138
23 174
24 176
24 180
24 182
24 193
24 209
24 210
24 211
25 55
25 56
25 90
25 92
25 110
25 150
25 156
25 173
25 191
25 247
26 34
26 36
26 40
26 60
26 73
26 122
26 127
26 192
26 206
26 234
27 122
27 128
27 152
27 216
27 245
28 29
28 78
28 91
28 104
28 106
28 149
28 167
28 175
28 200
28 213
28 244
29 53
29 71
29 82
29 84
29 89
29 93
29 99
29 110
29 150
29 172
29 203
30 91
30 95
30 105
30 108
30 196
30 198
30 210
30 217
31 33
31 36
31 44
31 53
31 59
31 97
31 109
31 116
31 122
31 133
31 160
31 166
31 191
31 212
31 214
31 235
32 94
32 113
32 117
32 127
32 135
32 152
32 165
32 176
32 194
32 214
32 229
32 234
33 38
33 58
33 62
33 128
33 163
33 187
33 206
33 213
34 62
34 120
34 171
34 187
34 227
35 40
35 59
35 68
35 94
35 99
35 101
35 140
35 165
35 182
35 214
35 216
35 222
35 229
35 238
36 37
36 56
36 83
36 108
36 125
36 163
36 210
36 232
37 38
37 51
37 79
37 87
37 99
37 100
37 179
37 190
37 208
37 210
37 215
37 216
37 221
37 238
38 42
38 83
38 120
38 139
38 159
38 164
38 176
38 201
38 218
38 222
38 229
38 239
39 46
39 50
39 53
39 70
39 161
39 173
39 186
39 195
39 220
40 56
40 69
40 72
40 104
40 183
40 185
40 225
41 57
41 65
41 85
41 86
41 107
41 111
41 144
41 162
41 172
41 178
41 194
41 238
42 53
42 61
42 74
42 111
42 126
42 190
42 191
42 193
42 234
43 79
43 86
43 118
43 134
43 156
43 164
43 179
43 214
44 46
44 48
44 57
44 89
44 90
44 93
44 111
44 122
44 136
44 156
44 158
44 192
44 203
44 208
44 212
45 53
45 143
45 196
45 231
46 85
46 102
46 127
46 153
46 175
46 182
46 191
46 198
46 203
46 209
46 231
46 240
46 247
47 108
47 166
47 170
47 180
47 195
47 216
48 55
48 57
48 74
48 76
48 107
48 124
48 138
48 142
48 167
48 172
48 202
48 221
48 237
48 248
49 59
49 77
49 82
49 143
49 196
49 208
49 209
49 221
49 224
50 110
50 118
50 143
50 173
50 196
50 197
50 201
51 53
51 89
51 100
51 169
51 175
51 192
51 230
51 239
51 240
51 243
51 244
52 58
52 62
52 93
52 94
52 99
52 102
52 121
52 154
52 162
52 166
52 188
52 219
52 241
52 248
53 112
53 151
53 172
53 174
53 180
53 200
53 221
53 234
53 235
54 57
54 74
54 102
54 113
54 179
54 214
54 224
54 245
55 56
55 61
55 64
55 118
55 133
55 138
55 163
55 216
55 237
56 84
56 109
56 124
56 127
56 133
56 172
56 177
56 201
56 205
56 221
56 230
56 236
56 239
57 60
57 61
57 115
57 145
57 157
57 180
57 196
57 204
57 230
57 241
57 246
58 83
58 128
58 151
58 158
58 178
58 230
58 231
59 91
59 138
59 147
59 248
60 99
60 141
60 160
60 161
60 169
60 194
60 237
61 111
61 120
61 153
61 172
61 177
61 179
61 222
61 227
61 232
62 76
62 77
62 119
62 124
62 161
62 171
62 228
62 234
63 66
63 70
63 78
63 91
63 104
63 139
63 179
63 195
63 215
64 86
64 105
64 122
64 128
64 161
64 218
64 221
64 230
64 249
65 96
65 116
65 122
65 131
65 138
65 162
65 163
65 173
65 209
65 236
65 245
66 77
66 112
66 125
66 182
66 223
67 76
67 114
67 128
67 142
67 146
67 161
67 169
67 178
67 239
68 77
68 103
68 155
68 196
69 94
69 117
69 127
69 130
69 166
69 169
69 171
69 202
69 203
69 246
70 101
70 138
70 175
70 186
70 193
70 215
70 240
70 246
71 75
71 77
71 90
71 134
71 157
71 159
71 165
71 179
71 199
71 215
71 218
71 232
71 244
72 75
72 85
72 95
72 96
72 101
72 129
72 148
72 149
72 161
72 223
72 243
73 85
73 87
73 121
73 141
73 142
73 172
73 177
73 188
73 218
73 240
73 249
74 84
74 89
74 114
74 180
74 217
74 248
75 100
75 121
75 142
75 147
75 187
75 189
75 200
75 203
76 201
76 220
76 224
76 246
77 102
77 110
77 180
77 185
77 210
77 213
77 214
77 215
77 229
77 237
78 87
78 90
78 92
78 101
78 128
78 150
78 160
78 161
78 181
78 189
78 197
78 241
79 82
79 99
79 135
79 141
79 165
79 219
80 89
80 98
80 148
80 189
80 215
81 101
81 114
81 125
81 209
81 234
81 245
82 83
82 133
82 180
82 189
82 197
82 198
82 202
82 220
83 96
83 103
83 116
83 117
83 122
83 127
83 146
83 244
84 101
84 113
84 122
84 127
84 129
84 151
84 175
84 176
84 183
84 206
84 207
84 223
84 244
85 128
85 140
85 170
85 175
85 193
85 209
85 232
86 99
86 118
86 202
87 115
87 125
87 135
87 139
87 159
87 184
88 98
88 112
88 136
88 138
88 172
88 190
88 193
88 207
88 209
88 241
89 95
89 103
89 104
89 110
89 114
89 138
89 180
89 196
90 120
90 131
90 133
90 137
90 139
90 148
90 149
90 154
90 162
90 201
90 208
90 213
90 231
91 96
91 107
91 109
91 139
91 152
91 165
91 233
91 247
92 114
92 117
92 154
92 183
92 190
92 199
92 207
92 237
93 99
93 128
93 136
93 143
93 149
93 162
93 171
93 192
93 218
93 230
93 235
94 134
94 145
94 160
94 193
94 207
94 220
94 233
95 97
95 113
95 145
95 147
95 150
95 167
95 176
95 199
95 201
95 206
95 221
95 226
95 232
96 104
96 131
96 142
96 184
96 191
96 205
96 216
96 228
97 137
97 157
97 194
97 207
97 235
98 129
98 198
98 209
98 238
99 100
99 104
99 146
99 167
99 176
99 190
99 192
99 196
99 215
99 216
100 102
100 105
100 114
100 115
100 186
100 197
100 213
100 221
100 222
100 239
101 104
101 118
101 151
101 167
101 198
101 210
101 212
101 234
101 248
102 148
102 163
102 203
102 241
102 244
103 133
103 160
103 166
103 212
103 241
103 243
104 107
104 142
104 160
104 199
104 232
104 233
104 236
105 116
105 141
105 150
105 152
105 158
105 188
105 193
105 215
105 235
105 246
106 161
106 225
106 244
107 116
107 138
107 163
107 165
107 177
107 210
107 213
108 116
108 129
108 207
108 240
108 242
109 118
109 153
109 157
109 217
109 233
110 137
110 165
110 205
111 114
111 118
111 131
111 159
111 187
111 193
111 229
111 247
112 158
113 115
113 136
113 206
113 222
114 160
114 188
114 203
114 218
114 243
114 247
115 121
115 127
115 136
115 141
115 153
115 167
115 186
115 222
115 241
115 244
116 121
116 137
116 165
116 166
116 192
116 222
116 244
117 130
117 133
117 147
117 209
117 226
118 123
118 152
118 183
118 185
118 190
118 241
119 129
119 157
119 164
119 214
119 235
119 240
119 249
120 161
120 167
120 227
120 228
120 237
121 139
121 168
121 190
121 191
121 194
121 216
121 222
121 237
122 134
122 169
122 212
122 218
123 128
123 136
123 196
123 205
123 213
123 243
124 134
124 158
124 161
124 177
124 190
125 151
125 152
125 154
125 172
125 246
126 146
126 154
126 170
126 183
126 202
126 215
126 222
127 144
127 154
127 165
127 176
127 218
128 145
128 157
128 166
128 167
128 198
128 212
128 233
129 140
129 154
129 158
129 167
129 173
129 178
129 207
129 215
129 224
129 232
129 241
130 160
130 166
130 176
130 181
130 182
130 223
130 225
131 151
131 153
131 163
131 167
132 150
132 225
132 228
133 182
133 210
133 213
133 224
133 227
133 245
134 135
134 136
134 164
134 185
134 213
134 223
134 239
135 138
135 148
135 170
135 190
135 218
136 152
136 158
136 181
136 202
136 227
136 248
137 158
137 159
137 190
137 191
137 199
137 216
137 234
137 248
138 146
138 149
138 155
138 160
138 173
138 180
139 144
139 160
139 218
140 168
140 192
140 193
140 220
140 221
141 153
141 169
141 190
141 197
141 201
141 213
141 216
141 219
141 227
142 154
142 187
142 228
143 149
143 222
144 152
144 194
145 146
145 174
145 208
145 222
145 226
145 230
145 238
146 147
146 149
146 163
146 171
146 195
146 235
147 150
147 158
147 173
147 231
148 150
148 152
148 169
148 203
148 247
149 157
149 166
149 172
149 187
149 205
149 210
149 215
149 216
149 230
150 157
150 203
150 233
150 243
151 172
151 188
151 219
151 235
152 232
152 243
153 157
153 161
153 162
153 173
153 187
153 219
153 226
154 189
154 220
154 236
154 240
155 228
156 161
156 164
156 192
156 196
156 198
156 223
157 159
157 173
157 190
157 228
157 246
158 160
158 165
158 188
158 212
158 225
158 237
159 213
160 242
161 179
161 181
161 192
161 235
162 166
162 218
162 222
162 238
163 169
163 205
163 220
163 240
164 182
164 227
165 196
165 231
166 172
166 177
166 185
166 202
166 212
166 227
166 248
167 175
167 186
167 188
167 190
167 197
167 202
167 203
168 180
168 191
168 213
168 221
169 171
169 178
169 197
169 199
169 201
169 246
170 194
170 203
171 174
171 177
171 209
171 211
171 229
171 231
172 175
172 194
172 223
172 235
172 236
173 176
173 191
173 193
173 197
173 239
173 240
174 176
174 182
174 184
174 223
174 229
174 248
175 178
175 190
175 204
175 208
175 218
176 223
176 228
177 190
177 194
177 214
177 227
178 196
178 236
178 239
179 190
179 210
179 240
180 183
180 187
180 197
180 232
181 197
181 205
181 209
181 221
181 226
182 186
182 244
183 189
183 201
183 212
183 226
183 228
183 235
184 187
184 203
184 215
185 192
185 204
185 212
185 243
185 248
186 194
186 198
187 193
187 207
187 229
189 203
189 246
190 205
190 220
191 196
192 202
192 216
192 232
192 236
193 236
193 241
194 200
195 214
196 203
196 209
196 221
196 241
197 209
197 242
198 206
199 229
200 203
200 237
200 246
201 209
202 210
202 225
202 227
204 207
204 216
204 224
204 230
205 219
205 223
205 229
207 217
207 221
207 234
207 243
209 238
211 229
214 225
215 240
217 227
218 222
218 245
220 234
221 232
224 235
225 238
225 242
226 243
227 240
230 240
231 241
232 236
233 244
240 242
240 244
245 249
