0 41
0 49
0 72
0 82
0 106
0 111
0 131
0 137
0 148
0 173
0 180
0 182
0 185
0 191
0 232
0 247
1 11
1 25
1 34
1 87
1 115
1 146
1 167
1 174
1 199
1 218
1 238
1 244
2 7
2 10
2 14
2 25
2 27
2 34
2 38
2 57
2 63
2 64
2 95
2 117
2 135
2 142
2 144
2 169
2 173
2 185
2 195
2 244
3 13
3 37
3 71
3 91
3 93
3 117
3 119
3 142
3 150
3 197
3 202
3 204
3 209
3 231
3 234
4 24
4 45
4 46
4 61
4 79
4 85
4 112
4 127
4 211
5 11
5 44
5 59
5 92
5 99
5 105
5 109
5 111
5 114
5 121
5 127
5 132
5 154
5 185
5 229
6 31
6 77
6 97
6 103
6 108
6 115
6 154
6 158
6 221
6 234
6 236
7 11
7 29
7 33
7 34
7 65
7 83
7 87
7 119
7 125
7 126
7 129
7 133
7 168
7 174
7 177
7 182
7 202
7 240
8 51
8 58
8 75
8 81
8 94
8 106
8 115
8 133
8 142
8 143
8 145
8 155
8 159
8 169
8 171
8 176
8 185
8 222
8 241
9 12
9 24
9 33
9 47
9 60
9 62
9 65
9 72
9 77
9 123
9 129
9 131
9 134
9 137
9 141
9 167
9 208
9 216
10 16
10 20
10 34
10 58
10 72
10 87
10 92
10 153
10 161
10 167
10 172
10 178
10 201
10 203
10 217
10 218
10 219
10 222
10 228
10 245
10 247
10 249
11 36
11 37
11 62
11 101
11 161
11 162
11 191
11 193
11 224
11 233
12 15
12 29
12 53
12 56
12 66
12 94
12 108
12 110
12 156
12 158
12 169
12 174
12 177
12 205
12 218
12 234
12 243
12 248
13 65
13 68
13 71
13 80
13 123
13 194
13 203
13 242
14 65
14 84
14 100
14 113
14 118
14 128
14 139
14 142
14 155
14 170
14 174
14 184
14 210
14 242
14 246
15 33
15 43
15 74
15 101
15 166
15 191
15 201
16 36
16 104
16 119
16 136
16 162
16 171
16 238
17 32
17 36
17 51
17 93
17 100
17 103
17 125
17 133
17 151
17 162
17 167
17 178
17 201
17 209
17 210
17 241
17 242
17 244
18 38
18 55
18 58
18 65
18 72
18 78
18 97
18 104
18 120
18 134
18 145
18 152
18 164
18 168
18 212
18 213
18 223
18 229
18 239
18 240
18 248
19 40
19 50
19 54
19 61
19 88
19 107
19 126
19 131
19 134
19 149
19 150
19 158
19 160
19 164
19 192
19 196
19 204
20 27
20 28
20 56
20 64
20 71
20 110
20 113
20 115
20 136
20 145
20 153
20 170
20 174
20 221
20 222
20 232
21 22
21 26
21 27
21 48
21 86
21 91
21 105
21 155
21 166
21 194
21 198
21 202
21 233
21 246
22 23
22 42
22 57
22 116
22 124
22 134
22 164
22 171
22 176
22 194
22 212
22 231
23 25
23 41
23 70
23 99
23 122
23 129
23 144
23 172
23 176
23 191
23 209
23 235
23 239
23 241
24 40
24 52
24 57
24 72
24 93
24 102
24 108
24 118
24 124
24 132
24 136
24 138
24 182
24 195
24 231
24 244
25 35
25 59
25 69
25 78
25 96
25 101
25 110
25 125
25 132
25 133
25 134
25 137
25 155
25 195
25 214
25 218
25 229
25 236
25 241
25 249
26 57
26 88
26 92
26 104
26 132
26 173
26 183
26 189
26 190
26 205
26 206
26 231
26 243
27 43
27 109
27 114
27 123
27 130
27 157
28 30
28 34
28 57
28 65
28 68
28 69
28 78
28 94
28 98
28 108
28 158
28 160
28 167
28 169
28 171
28 197
28 211
29 86
29 95
29 108
29 129
29 144
29 147
29 166
29 171
29 191
29 194
29 195
29 213
29 245
30 61
30 80
30 82
30 91
30 104
30 119
30 126
30 134
30 137
30 164
30 190
30 211
30 248
31 39
31 45
31 66
31 71
31 75
31 144
31 149
31 163
31 170
31 173
31 180
31 213
31 233
31 246
32 43
32 52
32 53
32 64
32 142
32 242
33 39
33 69
33 82
33 89
33 96
33 104
33 107
33 112
33 116
33 145
33 163
33 177
33 207
33 240
34 36
34 37
34 61
34 68
34 77
34 130
34 133
34 151
34 173
34 185
34 220
34 223
34 244
35 36
35 46
35 51
35 56
35 59
35 76
35 78
35 99
35 114
35 142
35 171
35 172
35 176
35 188
35 190
35 193
35 205
35 215
35 217
36 46
36 47
36 52
36 53
36 55
36 69
36 108
36 109
36 119
36 131
36 149
36 175
36 178
36 186
36 192
36 203
36 210
36 238
37 43
37 82
37 92
37 94
37 95
37 108
37 115
37 128
37 188
37 213
37 216
37 218
37 222
37 248
38 47
38 59
38 64
38 95
38 125
38 136
38 165
38 171
38 187
38 211
38 240
39 67
39 71
39 109
39 111
39 115
39 129
39 130
39 163
39 180
39 186
39 202
39 203
39 207
39 217
39 230
39 239
40 70
40 75
40 100
40 117
40 122
40 145
40 147
40 178
40 206
40 220
40 223
40 241
41 48
41 49
41 57
41 64
41 72
41 96
41 100
41 136
41 148
41 181
41 195
41 213
41 215
41 216
41 246
42 84
42 87
42 90
42 111
42 131
42 136
42 143
42 159
42 180
42 199
42 205
42 206
42 223
42 239
42 244
43 44
43 48
43 76
43 88
43 118
43 140
43 151
43 192
43 207
43 241
43 242
44 63
44 74
44 75
44 83
44 95
44 106
44 110
44 128
44 134
44 141
44 161
44 177
44 183
44 188
44 199
44 220
44 234
44 246
45 81
45 100
45 137
45 141
45 155
45 160
45 174
45 195
45 247
46 54
46 73
46 74
46 94
46 104
46 105
46 115
46 130
46 149
46 162
46 174
46 188
46 190
46 225
47 52
47 60
47 64
47 65
47 79
47 85
47 92
47 110
47 124
47 126
47 141
47 153
47 157
47 159
47 180
47 204
47 211
47 216
47 221
48 53
48 206
48 243
49 78
49 82
49 87
49 112
49 121
49 154
49 161
49 178
50 78
50 83
50 89
50 122
50 137
50 138
50 157
50 190
50 241
51 52
51 60
51 90
51 121
51 122
51 146
51 159
51 231
51 235
51 248
51 249
52 63
52 69
52 75
52 85
52 87
52 97
52 105
52 108
52 112
52 124
52 178
52 206
52 221
52 228
52 248
53 67
53 112
53 120
53 145
53 154
53 172
53 196
53 238
53 245
53 246
54 70
54 80
54 91
54 108
54 114
54 120
54 172
54 178
54 185
54 190
54 198
54 224
54 234
54 242
55 62
55 74
55 83
55 96
55 104
55 111
55 115
55 123
55 150
55 157
55 168
55 195
55 224
55 226
55 236
56 68
56 79
56 92
56 103
56 128
56 129
56 142
56 149
56 152
56 157
56 185
56 198
56 228
56 233
56 245
57 83
57 85
57 88
57 144
57 160
57 163
57 164
57 208
57 220
58 76
58 98
58 109
58 115
58 116
58 123
58 128
58 134
58 164
58 172
58 179
58 224
59 66
59 94
59 100
59 131
59 153
59 188
59 201
59 211
59 236
59 249
60 63
60 78
60 129
60 131
60 147
60 167
60 172
60 185
60 190
60 193
60 194
61 115
61 129
61 133
61 137
61 167
61 180
61 190
61 192
61 206
61 212
61 222
61 223
61 231
62 71
62 84
62 86
62 96
62 100
62 147
62 162
62 173
62 190
62 200
62 204
62 205
62 206
62 214
62 234
62 237
63 65
63 75
63 86
63 110
63 120
63 121
63 146
63 149
63 157
63 177
63 184
63 187
63 188
63 200
63 209
63 213
63 226
63 237
63 241
64 87
64 123
64 136
64 182
64 184
64 248
64 249
65 99
65 107
65 147
65 162
65 166
65 229
65 236
65 244
66 75
66 94
66 108
66 117
66 125
66 135
66 157
66 159
66 167
66 180
66 216
66 242
67 99
67 105
67 116
67 144
67 147
67 162
67 165
67 171
67 172
67 173
67 175
67 209
67 212
67 236
67 237
67 246
68 103
68 112
68 141
68 147
68 159
68 164
68 165
68 182
68 227
68 229
68 233
68 241
69 123
69 132
69 161
69 162
69 180
69 183
69 188
69 189
69 200
69 205
69 225
69 226
69 230
70 93
70 119
70 139
70 168
70 169
70 172
70 177
70 179
70 202
70 208
70 217
71 72
71 80
71 85
71 86
71 157
71 187
71 215
71 235
72 111
72 126
72 136
72 167
72 191
72 205
72 207
72 217
73 77
73 92
73 96
73 101
73 111
73 123
73 162
73 172
73 176
73 193
73 214
73 215
73 233
73 243
73 249
74 104
74 158
74 166
74 173
74 186
74 193
74 208
74 217
74 236
74 245
75 97
75 118
75 159
75 168
75 229
75 242
75 248
76 78
76 96
76 136
76 138
76 140
76 156
76 167
76 221
77 78
77 122
77 125
77 149
77 164
77 171
77 190
77 193
77 206
77 227
77 229
77 231
77 246
78 82
78 90
78 104
78 112
78 117
78 124
78 127
78 145
78 166
78 196
78 222
79 81
79 100
79 106
79 117
79 121
79 130
79 132
79 133
79 137
79 146
79 165
79 184
79 211
79 226
79 240
80 113
80 157
80 189
80 200
80 212
80 215
80 233
80 242
81 101
81 108
81 109
81 113
81 116
81 117
81 149
81 161
81 166
81 184
81 215
81 228
81 234
81 249
82 90
82 93
82 111
82 112
82 123
82 138
82 140
82 156
82 160
82 186
82 187
82 188
82 210
82 218
82 220
82 232
83 91
83 102
83 107
83 135
83 136
83 142
83 148
83 162
83 171
83 172
83 179
83 198
83 223
83 233
83 239
84 94
84 105
84 106
84 127
84 134
84 147
84 166
84 167
84 179
84 193
84 221
84 231
85 98
85 119
85 146
85 147
85 154
85 189
85 200
85 211
85 220
85 223
85 225
85 248
86 89
86 91
86 118
86 124
86 143
86 175
86 225
86 237
86 242
86 243
87 106
87 131
87 137
87 174
87 178
87 181
87 185
87 188
87 193
87 217
87 218
87 219
87 221
87 231
87 243
88 104
88 107
88 110
88 166
88 200
88 202
88 224
88 230
88 246
89 113
89 114
89 116
89 135
89 140
89 141
89 160
89 180
89 220
89 226
89 232
89 239
89 244
90 92
90 108
90 118
90 127
90 133
90 138
90 153
90 195
90 203
90 206
91 94
91 99
91 100
91 119
91 164
91 183
91 185
91 197
92 102
92 113
92 120
92 124
92 127
92 143
92 156
92 181
92 192
92 217
92 232
93 94
93 103
93 117
93 119
93 130
93 154
93 196
93 200
93 227
94 100
94 140
94 164
94 178
94 199
94 235
94 249
95 98
95 124
95 153
95 158
95 171
95 195
95 205
95 229
95 230
96 144
96 150
96 172
96 188
96 204
96 217
96 218
96 228
97 127
97 140
97 147
97 148
97 152
97 161
97 197
97 249
98 128
98 152
98 177
98 190
98 206
99 105
99 112
99 113
99 137
99 140
99 158
99 159
99 162
99 174
99 190
99 217
99 221
99 227
99 239
100 104
100 108
100 120
100 133
100 155
100 163
100 191
100 219
100 222
100 234
100 245
100 246
101 110
101 117
101 118
101 133
101 134
101 178
101 182
101 191
101 197
101 205
101 209
101 237
102 110
102 117
102 124
102 153
102 159
102 164
102 174
102 192
102 199
102 211
102 220
103 107
103 127
103 130
103 133
103 134
103 135
103 175
103 198
103 222
104 114
104 118
104 120
104 121
104 144
104 145
104 158
104 172
104 184
104 187
104 190
104 209
104 212
104 220
104 221
104 243
105 120
105 135
105 141
105 149
105 204
105 209
105 218
105 238
105 247
106 148
106 149
106 166
106 185
106 191
106 227
106 239
107 124
107 134
107 139
107 149
107 151
107 153
107 164
107 188
107 212
107 215
108 112
108 117
108 119
108 124
108 145
108 148
108 151
108 154
108 155
108 175
108 181
108 191
108 224
108 232
109 123
109 146
109 149
109 152
109 201
109 208
109 217
109 239
110 128
110 140
110 142
110 147
110 153
110 183
110 186
110 197
110 205
110 206
110 235
110 245
111 159
111 160
111 171
111 189
111 203
111 236
111 248
112 119
112 120
112 128
112 149
112 163
112 164
112 174
112 176
112 191
112 199
112 202
112 224
113 127
113 149
113 154
113 179
113 182
113 211
113 223
113 229
113 230
113 236
114 115
114 152
114 203
114 207
114 219
114 221
114 233
114 235
114 238
114 242
114 243
115 118
115 130
115 138
115 162
115 191
115 243
116 134
116 166
116 177
116 192
116 201
116 204
116 214
117 125
117 130
117 133
117 148
117 171
117 176
117 184
117 190
117 210
117 220
117 221
117 222
117 225
117 236
117 246
118 120
118 129
118 136
118 140
118 143
118 159
118 191
118 217
118 221
119 132
119 158
119 168
119 185
119 189
119 194
119 222
119 228
119 247
120 128
120 138
120 150
120 156
120 230
121 130
121 155
121 185
121 189
121 198
121 221
121 227
121 236
122 124
122 131
122 171
122 176
122 231
122 241
123 130
123 136
123 139
123 147
123 180
123 181
123 184
123 202
123 229
123 231
123 233
124 127
124 143
124 145
124 163
124 221
124 229
124 245
124 249
125 137
125 138
125 143
125 146
125 156
125 164
125 175
125 177
125 185
125 197
125 199
125 226
125 246
126 147
126 150
126 166
126 178
126 184
126 216
126 229
127 144
127 158
127 160
127 177
127 208
127 230
127 237
127 245
128 135
128 153
128 157
128 190
128 196
128 221
128 249
129 140
129 151
129 169
129 185
129 186
129 188
129 205
129 248
130 134
130 174
130 181
130 189
130 205
130 232
130 249
131 164
131 168
131 194
131 198
131 201
131 217
131 228
131 235
132 136
132 137
132 145
132 150
132 159
132 168
132 178
132 194
132 213
132 231
132 239
133 144
133 178
133 184
133 202
133 218
133 236
133 238
133 249
134 140
134 143
134 170
134 174
134 179
134 205
134 208
134 211
134 212
134 217
134 246
135 139
135 155
135 171
135 181
135 183
135 202
135 224
135 234
135 247
136 152
136 157
136 165
136 170
136 175
136 199
136 245
137 162
137 163
137 171
137 173
137 186
137 196
137 200
137 215
138 156
138 167
138 175
138 180
138 191
138 196
138 200
138 218
138 229
138 245
139 141
139 147
139 172
139 214
139 220
139 243
140 152
140 159
140 162
140 166
140 175
140 192
140 203
140 210
140 224
140 226
140 242
141 199
142 159
142 167
142 178
142 212
142 232
142 246
143 170
143 188
143 220
143 237
144 146
144 149
144 162
144 211
144 212
144 224
144 237
145 147
145 149
145 157
145 158
145 159
145 167
145 213
145 221
146 158
146 164
146 169
146 187
146 200
146 206
146 245
147 182
147 183
147 230
147 245
147 249
148 182
148 218
148 220
148 237
149 151
149 193
149 203
150 172
150 208
150 227
150 243
151 170
151 188
151 244
152 176
152 178
152 179
152 203
152 207
153 157
153 170
153 208
153 212
153 223
153 242
154 165
154 174
154 199
154 215
154 238
155 178
155 185
155 195
155 212
155 233
156 164
156 182
156 185
156 190
156 232
157 192
157 194
157 205
157 219
157 236
157 245
158 171
158 182
158 191
158 199
158 209
158 210
158 242
158 244
159 166
159 219
159 224
159 230
159 239
160 166
160 199
160 205
160 215
160 233
160 237
161 175
161 178
161 187
161 188
161 202
161 231
161 240
161 247
162 181
162 203
162 208
163 176
163 183
163 191
163 200
163 239
163 247
163 248
164 165
164 168
164 170
164 178
164 180
164 192
164 200
164 214
164 222
164 230
164 237
164 248
165 175
165 188
165 208
165 223
165 234
165 246
166 167
166 195
166 201
166 222
166 248
167 195
167 234
168 182
168 184
168 189
168 196
168 200
168 211
168 215
168 217
168 227
169 202
169 205
170 174
170 218
170 244
171 220
171 237
171 248
171 249
172 193
172 196
172 200
172 208
172 210
172 236
173 175
173 195
173 221
173 226
173 239
174 182
174 188
174 198
174 200
174 235
174 242
175 200
175 202
175 213
175 230
175 235
175 246
175 247
176 186
176 187
176 198
176 200
176 214
176 229
176 236
176 239
176 242
177 179
177 191
177 202
177 204
177 223
177 239
178 196
178 218
178 234
178 237
179 205
179 209
179 219
179 220
179 228
179 248
180 186
180 222
180 232
181 188
181 192
181 197
181 202
181 206
181 211
181 230
182 211
182 225
183 184
183 196
183 204
183 208
183 214
183 217
184 201
184 203
184 204
184 211
184 220
184 223
185 196
185 207
185 230
186 188
186 195
186 218
187 199
187 212
187 214
187 249
189 200
189 201
189 244
190 218
190 231
190 239
190 241
191 192
191 199
191 209
191 210
191 217
191 237
192 211
192 231
193 204
194 201
194 224
194 226
195 202
195 236
196 204
197 213
197 215
197 224
197 235
197 240
197 242
198 215
198 249
199 206
199 213
199 215
200 203
201 221
201 227
201 230
201 231
201 240
201 245
202 203
202 211
202 221
202 228
203 209
203 219
203 224
203 231
203 232
203 242
204 220
204 235
205 232
205 239
205 240
205 242
206 231
207 232
208 215
208 232
208 247
209 211
209 247
210 216
210 227
210 243
211 214
211 235
211 237
212 223
212 229
214 223
214 241
215 232
216 217
216 231
216 234
217 219
217 221
217 234
217 239
217 244
218 219
218 220
218 224
218 226
218 229
218 230
219 232
220 223
220 229
220 246
221 225
221 227
221 231
221 234
222 224
222 236
222 241
222 243
223 228
223 238
223 245
225 230
225 231
225 243
226 229
226 244
227 237
228 229
228 230
228 244
229 244
229 245
229 246
229 248
232 238
232 242
232 244
233 243
234 235
235 236
235 245
236 240
236 248
237 238
238 241
239 247
245 248
246 248
247 249
