0 3
0 43
0 44
0 52
0 76
0 85
0 121
0 164
0 175
0 182
0 202
0 208
0 214
1 23
1 100
1 108
1 112
1 126
1 128
1 147
1 150
1 218
1 224
1 225
1 236
2 15
2 56
2 62
2 80
2 88
2 141
2 149
2 164
2 176
3 32
3 35
3 44
3 59
3 89
3 99
3 139
3 192
3 206
3 217
3 224
4 5
4 33
4 69
4 72
4 116
4 127
4 142
4 172
4 216
4 246
5 15
5 68
5 110
5 113
5 118
5 150
5 230
6 40
6 64
6 105
6 120
6 130
6 149
6 151
6 164
6 204
6 233
6 249
7 42
7 49
7 56
7 98
7 113
7 142
7 157
7 163
7 200
7 241
7 249
8 21
8 22
8 33
8 36
8 61
8 118
8 175
8 196
8 232
8 241
9 60
9 105
9 163
9 229
10 48
10 55
10 84
10 85
10 105
10 140
10 149
10 158
10 165
10 171
10 185
10 188
10 194
10 198
10 199
10 201
10 205
10 221
10 245
11 20
11 88
11 94
11 121
11 141
11 222
12 16
12 50
12 61
12 95
12 113
12 149
12 172
13 30
13 38
13 51
13 71
13 73
13 80
13 110
13 113
13 119
13 164
13 177
13 192
13 195
13 199
13 215
13 243
14 44
14 69
14 121
14 167
14 189
14 226
15 39
15 85
15 86
15 91
15 159
15 215
15 235
16 113
16 114
16 138
16 164
16 197
16 207
17 29
17 31
17 52
17 144
18 54
18 95
18 107
18 144
18 147
18 159
18 183
18 231
18 233
19 26
19 51
19 56
19 105
19 147
19 151
19 169
19 200
19 203
19 206
19 228
19 241
19 246
20 22
20 30
20 39
20 45
20 82
20 83
20 87
20 146
20 160
20 186
20 208
20 247
21 33
21 92
21 100
21 148
21 167
21 176
21 188
21 239
22 79
22 135
22 206
22 216
22 217
23 90
23 129
23 130
23 131
23 160
23 179
23 223
23 228
24 50
24 73
24 76
24 94
24 104
24 111
24 117
24 124
24 132
24 151
24 153
24 192
24 198
24 206
24 212
25 36
25 103
25 111
25 151
25 159
25 193
25 204
25 211
25 236
25 237
26 107
26 113
26 134
26 144
26 167
26 179
26 234
27 31
27 32
27 38
27 46
27 53
27 55
27 120
27 121
27 145
27 154
27 204
28 30
28 37
28 77
28 113
28 117
28 142
28 171
28 191
28 246
29 37
29 43
29 57
29 68
29 76
29 77
29 84
29 95
29 159
29 185
29 191
29 215
29 217
29 220
29 239
30 41
30 43
30 47
30 76
30 79
30 104
30 117
30 128
30 158
30 167
31 66
31 78
31 97
31 142
31 166
31 209
31 222
31 224
32 43
32 79
32 121
32 189
32 212
32 248
33 67
33 75
33 88
33 92
33 155
33 160
33 182
33 199
33 205
33 214
33 221
34 42
34 71
34 73
34 93
34 135
34 142
34 178
34 216
34 218
34 224
34 235
35 70
35 106
35 116
35 129
35 131
35 187
35 209
35 225
36 78
36 84
36 124
36 127
36 154
36 156
37 52
37 55
37 78
37 148
37 191
37 195
37 236
38 75
38 104
38 124
38 171
38 209
38 233
39 68
39 80
39 131
39 194
39 225
39 232
39 246
40 45
40 46
40 56
40 76
40 96
40 101
40 113
40 115
40 157
40 163
40 175
40 193
41 54
41 59
41 104
41 141
41 149
41 167
41 178
41 205
41 237
42 49
42 120
42 145
42 150
42 154
42 197
42 229
42 236
42 240
43 55
43 62
43 80
43 112
43 188
43 202
43 247
44 117
44 130
44 149
44 160
44 161
44 163
44 167
44 192
44 203
44 217
45 50
45 77
45 94
45 96
45 149
45 185
45 220
45 231
45 238
46 60
46 79
46 117
46 184
46 238
47 71
47 75
47 127
47 144
47 148
47 170
47 182
47 219
47 223
47 246
48 61
48 85
48 92
48 102
48 106
48 107
48 194
48 208
48 246
49 54
49 60
49 68
49 121
49 134
49 146
49 152
49 212
49 229
49 242
50 86
50 113
50 114
50 180
50 184
50 190
50 218
51 154
51 174
51 178
51 179
51 245
52 79
52 132
52 137
52 172
52 191
52 226
53 130
53 144
53 179
53 225
54 95
54 100
54 136
54 153
54 184
54 233
54 248
55 62
55 87
55 135
55 144
55 146
55 199
55 211
55 243
56 62
56 71
56 120
56 147
56 205
56 218
56 229
57 60
57 82
57 104
57 113
57 143
57 232
57 237
58 106
58 112
58 133
58 169
58 188
58 202
58 208
58 216
58 234
59 62
59 64
59 77
59 79
59 112
59 210
59 240
60 72
60 75
60 96
60 123
60 142
60 173
60 182
60 184
60 216
60 246
61 88
61 141
61 166
61 218
62 68
62 77
62 125
62 151
62 164
62 188
62 191
62 236
63 70
63 83
63 100
63 131
63 137
63 156
63 157
63 187
63 208
63 226
64 78
64 129
64 154
64 164
64 177
64 222
64 233
65 69
65 70
65 91
65 105
65 123
65 128
65 157
65 226
66 97
66 134
66 146
66 163
66 164
66 190
66 193
66 200
66 210
66 225
67 73
67 126
67 131
67 165
67 182
67 187
67 202
67 210
67 220
67 234
67 236
67 245
68 80
68 89
68 106
68 112
68 120
68 150
68 151
68 195
68 204
68 220
68 239
68 243
69 76
69 94
69 103
69 123
69 153
69 171
69 188
69 193
70 73
70 101
70 108
70 112
70 136
70 166
70 182
70 192
70 205
70 212
70 236
70 243
71 76
71 95
71 120
71 174
71 193
71 211
71 224
71 241
72 73
72 75
72 128
72 207
72 210
72 228
72 236
72 246
73 82
73 114
73 156
73 168
73 192
73 215
74 100
74 109
74 117
74 132
74 164
74 167
74 187
74 225
74 228
75 80
75 87
75 103
75 104
75 114
75 133
75 210
75 212
76 135
76 162
76 180
77 78
77 112
77 113
77 116
77 158
77 205
77 218
78 125
78 139
78 164
78 179
78 180
78 192
78 206
78 209
78 222
79 158
79 172
79 191
79 194
79 199
80 86
80 99
80 105
80 127
80 134
80 189
80 190
80 211
81 96
81 97
81 101
81 120
81 155
81 158
81 163
82 86
82 97
82 140
82 167
82 201
83 111
83 120
83 132
83 159
83 210
83 214
83 228
83 231
84 109
84 124
84 213
85 93
85 95
85 96
85 100
85 113
85 134
85 151
85 193
85 200
85 202
85 216
85 218
85 219
85 232
85 249
86 105
86 146
86 186
86 198
86 231
87 139
87 146
87 157
87 175
87 178
87 222
87 248
88 105
88 109
88 177
88 195
89 122
89 125
89 127
89 135
89 144
89 218
90 98
90 132
90 151
90 158
90 181
90 194
90 211
90 223
91 99
91 135
91 165
91 170
91 193
91 220
91 232
92 132
92 145
92 148
92 193
92 200
92 206
92 213
92 243
92 246
93 133
93 186
93 199
93 225
94 102
94 132
94 143
94 226
95 125
95 159
95 163
95 190
96 97
96 99
96 146
96 148
96 173
96 216
96 239
96 240
96 242
96 243
97 135
97 153
97 172
97 193
97 240
98 120
98 129
98 150
98 172
98 176
98 201
98 205
98 206
98 211
98 221
98 226
98 235
99 126
99 155
99 156
99 159
99 201
99 206
99 214
99 236
100 102
100 110
100 124
100 230
100 232
100 245
101 104
101 123
101 129
101 136
101 147
101 182
101 225
101 234
102 111
102 123
102 167
102 227
103 114
103 122
103 128
103 143
103 162
103 171
103 190
103 201
103 213
103 215
103 216
103 229
103 246
103 247
104 195
104 208
104 225
104 243
105 107
105 141
105 145
105 157
105 158
105 169
105 187
105 191
106 127
106 141
106 184
106 190
106 202
106 236
107 122
107 145
107 158
107 160
107 240
108 166
108 167
108 180
108 187
109 112
109 122
109 145
109 154
109 176
109 179
109 186
109 215
109 219
109 224
109 243
110 161
110 183
111 167
111 170
111 178
111 180
111 191
111 194
111 205
112 113
112 128
112 149
112 216
112 217
113 122
113 136
113 141
113 144
113 149
113 155
113 204
113 208
114 125
114 191
114 234
115 138
115 154
115 155
116 125
116 185
116 186
116 189
116 219
116 223
116 241
117 177
117 193
117 194
117 217
117 231
118 153
118 191
118 244
119 126
119 164
119 171
119 175
119 178
119 207
119 211
119 241
120 133
120 176
120 197
120 200
120 228
121 127
121 130
121 172
121 220
121 233
122 162
122 232
122 238
122 248
123 135
123 151
123 172
123 191
123 210
123 218
124 130
124 134
124 162
124 168
124 177
124 200
124 203
124 204
125 129
125 147
125 152
125 174
125 184
125 193
125 223
125 244
126 160
126 168
126 183
126 199
126 206
126 209
126 213
127 142
127 145
127 146
127 154
127 191
127 207
127 215
128 149
128 177
128 189
128 239
129 132
129 243
130 218
130 220
130 235
131 133
131 141
131 170
131 202
131 216
131 226
131 246
132 139
132 219
132 234
133 144
133 173
133 183
133 214
133 236
134 146
134 155
134 222
134 224
134 239
135 199
135 211
135 243
135 246
136 196
136 200
136 205
137 200
137 217
137 232
138 151
138 237
139 147
139 177
139 191
139 204
139 207
139 222
139 238
139 239
140 158
140 166
140 206
141 162
141 164
141 215
141 231
141 246
142 182
142 231
142 238
142 239
142 241
143 148
143 162
143 229
143 233
144 158
144 159
144 181
144 229
144 230
145 213
146 165
146 170
146 184
146 207
147 153
147 206
147 224
147 225
147 240
148 155
148 163
148 183
148 238
148 247
150 187
150 201
151 186
151 211
151 235
153 207
153 219
154 156
154 165
154 221
155 157
155 178
155 208
156 170
156 204
157 189
157 218
157 225
158 176
158 200
158 204
158 211
159 218
160 233
161 164
161 191
161 197
161 209
161 215
161 234
161 237
162 164
162 169
162 171
162 192
162 209
162 213
162 235
162 247
163 230
164 179
164 184
164 211
164 222
165 170
166 224
168 180
168 188
168 238
168 242
169 187
170 236
171 188
171 194
171 202
171 225
171 239
173 193
173 226
174 175
174 203
174 232
175 200
175 207
175 224
175 237
175 239
175 249
176 204
176 211
176 236
176 243
177 205
177 230
177 237
177 242
178 183
178 202
178 208
178 231
179 203
179 210
179 218
179 222
179 234
179 244
180 190
180 193
180 241
182 211
183 188
183 244
183 245
184 226
184 238
185 203
185 216
185 229
185 235
185 245
186 201
186 204
186 231
187 199
187 206
187 208
187 211
188 224
189 216
189 219
190 208
190 229
191 196
192 199
192 230
193 201
194 218
194 243
196 249
197 219
198 201
198 209
198 237
199 202
199 245
200 242
201 204
201 225
201 231
202 205
203 215
203 233
203 240
204 227
204 235
206 231
206 239
206 243
207 211
207 226
209 222
210 220
211 230
211 232
211 236
211 240
212 229
212 232
213 245
213 246
215 218
215 234
215 241
216 217
216 219
216 220
216 244
216 247
217 238
217 244
217 246
218 229
218 232
218 234
219 234
220 243
220 247
220 249
221 227
222 236
228 243
231 248
233 244
233 247
235 242
237 244
238 244
241 246
242 248
248 249
