0 11
0 23
0 25
0 26
0 28
0 46
0 73
0 77
0 150
0 154
0 232
0 243
0 249
1 4
1 21
1 25
1 43
1 53
1 137
1 153
1 154
1 170
1 236
1 240
1 246
2 67
2 69
2 99
2 107
2 123
2 147
2 182
2 235
3 15
3 35
3 90
3 118
3 139
3 162
3 210
3 238
4 11
4 75
4 79
4 107
4 137
4 189
4 200
4 249
5 47
5 84
5 98
5 141
5 166
5 200
5 218
5 224
5 226
5 245
6 14
6 15
6 35
6 59
6 70
6 71
6 103
6 111
6 144
6 155
6 167
6 191
6 199
6 224
6 226
6 233
7 21
7 24
7 31
7 83
7 91
7 129
7 149
7 171
7 207
7 231
7 232
8 15
8 25
8 27
8 97
8 101
8 162
8 206
8 222
8 239
9 16
9 33
9 51
9 77
9 102
9 126
9 140
9 178
9 199
9 211
9 239
10 24
10 35
10 56
10 86
10 108
10 116
10 164
10 196
10 207
10 215
10 223
10 228
11 43
11 45
11 49
11 99
11 103
11 113
11 168
12 13
12 37
12 50
12 56
12 81
12 92
12 103
12 106
12 124
12 136
12 141
12 171
12 198
12 200
12 248
13 48
13 92
13 156
13 198
13 219
13 245
14 16
14 17
14 22
14 61
14 68
14 77
14 88
14 129
14 150
14 153
14 159
14 197
14 220
14 248
15 16
15 45
15 52
15 65
15 92
15 98
15 101
15 117
15 156
15 209
15 213
15 217
16 23
16 29
16 30
16 50
16 75
16 100
16 201
16 218
17 27
17 145
17 147
17 171
17 177
17 187
17 246
18 27
18 39
18 58
18 98
18 232
18 235
19 85
19 204
19 216
19 237
19 244
20 84
20 100
20 106
20 108
20 142
20 161
20 175
20 191
20 222
20 237
21 48
21 123
21 136
21 137
21 174
21 186
21 193
21 225
21 246
22 94
22 178
22 184
23 34
23 98
23 107
23 119
23 155
23 156
23 163
23 169
23 196
23 205
24 26
24 43
24 80
24 83
24 84
24 142
24 152
25 27
25 37
25 52
25 86
25 102
25 138
25 179
25 185
25 196
26 37
26 126
26 141
26 189
26 244
27 91
27 134
27 174
27 190
27 191
27 208
28 59
28 110
28 142
28 145
28 150
28 200
28 242
29 40
29 42
29 65
29 87
29 142
29 166
29 223
29 230
30 92
30 97
30 99
30 128
30 132
30 155
30 158
30 169
30 199
30 218
30 246
31 45
31 73
31 105
31 112
31 156
31 195
32 50
32 72
32 73
32 88
32 93
32 176
32 206
32 230
33 54
33 56
33 61
33 84
33 87
33 94
33 112
33 201
33 205
33 234
34 43
34 49
34 54
34 65
34 87
34 105
34 110
34 122
34 177
34 233
34 244
35 78
35 108
35 139
35 144
35 243
35 249
36 71
36 92
36 123
36 126
36 150
36 201
36 233
36 240
37 44
37 57
37 74
37 110
37 122
37 135
37 211
37 240
37 244
38 44
38 82
38 122
38 145
38 161
38 166
38 205
38 213
38 214
38 216
38 231
38 239
39 45
39 62
39 73
39 79
39 143
39 188
39 197
40 70
40 105
40 138
40 237
41 42
41 68
41 69
41 118
41 130
41 160
41 197
41 211
42 63
42 92
42 110
42 122
42 142
42 147
42 201
42 231
42 248
43 55
43 62
43 70
43 80
43 105
43 155
44 55
44 149
44 151
44 164
44 210
44 212
44 239
44 243
44 249
45 47
45 66
45 81
45 125
45 139
45 190
45 207
45 229
45 247
45 248
46 78
46 115
46 119
46 145
46 173
46 176
46 204
46 221
47 48
47 68
47 83
47 91
47 104
47 142
47 155
47 201
47 221
47 223
48 86
48 151
48 228
49 65
49 106
49 142
49 163
49 180
49 240
49 242
49 249
50 63
50 131
50 147
50 169
51 84
51 161
51 193
51 207
52 104
52 125
52 172
52 192
53 81
53 93
53 108
53 123
53 235
53 248
54 79
54 88
54 144
54 153
54 165
54 206
54 209
54 236
54 241
55 74
55 75
55 161
55 170
55 189
55 237
56 75
56 140
56 212
56 249
57 83
57 90
57 116
57 131
57 132
57 138
58 68
58 93
58 104
58 162
58 174
58 185
58 201
58 212
58 215
58 236
59 62
59 79
59 167
59 185
59 187
60 93
60 111
60 157
60 172
60 173
60 215
61 64
61 103
61 119
61 123
61 138
61 176
61 196
61 248
62 71
62 86
62 142
62 150
62 155
62 194
62 196
62 205
62 212
62 226
62 233
63 80
63 159
63 161
63 181
63 182
63 184
63 192
63 209
63 223
63 229
63 231
64 72
64 84
64 87
64 115
64 121
64 154
64 176
64 187
64 231
65 104
65 114
65 143
65 145
65 204
65 206
65 209
65 235
66 72
66 73
66 77
66 96
66 114
66 153
66 182
66 188
66 189
67 90
67 92
67 135
67 225
67 227
68 75
68 124
68 140
68 148
68 152
68 154
68 162
68 168
68 179
68 183
68 199
68 210
68 222
69 115
69 160
69 163
69 227
69 242
70 78
70 81
70 106
70 148
70 151
70 173
71 164
71 198
71 234
71 239
71 244
72 114
72 140
72 173
72 174
72 202
72 242
73 111
73 120
73 134
73 138
73 141
73 144
73 146
73 155
73 172
73 215
73 220
74 106
74 129
74 132
74 168
74 185
75 82
75 92
75 99
75 131
75 134
75 246
76 94
76 116
76 127
76 143
76 168
76 171
76 187
76 224
76 241
77 87
77 112
77 119
77 122
77 124
77 147
77 150
77 159
77 200
77 216
77 244
78 87
78 123
78 193
78 227
78 234
79 91
79 106
79 116
79 144
79 164
79 197
79 199
79 209
79 219
79 229
79 234
80 129
80 144
80 172
80 174
80 181
81 115
81 150
81 152
81 153
81 154
81 229
81 236
82 92
82 95
82 103
82 113
82 174
82 201
82 209
82 221
82 237
83 100
83 126
83 151
83 164
83 175
83 217
83 221
83 228
83 231
83 238
84 96
84 139
84 218
85 104
85 106
85 130
85 163
85 165
85 167
85 175
85 181
85 198
85 202
85 230
85 234
85 235
86 125
86 152
86 159
86 164
86 180
86 184
86 191
86 223
86 238
86 244
87 144
87 151
87 168
87 174
87 182
87 221
87 242
88 100
88 170
88 174
88 213
89 112
89 177
89 235
90 139
90 144
90 154
90 170
90 180
90 181
90 216
90 222
90 238
91 112
91 205
91 209
91 210
91 220
91 224
92 153
92 162
92 172
92 188
92 191
92 202
92 239
92 247
92 248
93 115
93 121
93 129
93 132
93 137
93 195
94 136
94 139
94 150
94 179
94 180
94 227
95 123
95 136
95 178
95 230
96 119
96 168
96 202
96 207
96 220
96 228
97 138
97 159
97 208
98 110
98 114
98 203
98 223
98 229
98 245
99 119
99 139
99 152
99 173
99 181
99 220
99 223
99 229
99 240
100 124
100 183
100 214
100 215
100 243
101 116
101 139
101 155
101 169
102 112
102 131
102 134
102 144
102 181
102 213
102 228
102 236
102 240
103 126
103 131
103 158
103 159
103 194
103 222
103 227
103 236
103 242
103 247
104 117
104 122
104 138
104 140
104 141
104 144
104 199
104 249
105 136
105 156
105 160
105 169
105 182
105 185
106 117
106 127
106 156
106 210
107 113
107 161
107 181
107 194
107 220
108 121
108 122
108 126
108 141
109 133
109 143
109 163
109 188
109 189
109 218
109 224
109 226
109 228
109 230
110 149
110 228
111 142
112 119
112 126
112 156
112 166
112 169
112 238
113 134
113 187
113 190
113 195
113 215
113 246
113 248
114 120
114 153
114 162
114 187
114 199
114 230
114 240
115 182
115 187
115 229
116 122
116 156
116 158
116 163
116 211
116 246
117 126
117 143
117 176
117 240
117 243
118 126
118 161
118 166
118 190
118 200
118 227
119 163
119 172
119 176
119 186
120 162
120 175
120 190
120 202
120 214
121 185
121 210
121 218
121 238
121 245
122 126
122 161
122 174
122 229
123 126
123 142
123 144
123 162
123 166
123 180
123 187
123 194
123 220
123 231
123 244
124 140
124 163
124 205
124 226
124 246
125 148
125 149
125 151
125 172
125 226
125 231
125 239
126 154
126 164
126 192
126 195
127 134
127 156
127 224
127 249
128 144
128 157
128 178
128 227
128 243
129 143
129 147
129 180
129 234
129 246
130 137
130 152
130 158
130 174
130 242
131 182
131 216
131 219
131 228
131 243
132 140
132 148
132 163
132 171
132 196
132 221
132 239
133 139
133 164
133 197
134 153
134 171
134 178
134 179
134 192
134 226
135 156
135 178
135 199
135 230
135 238
136 142
136 187
137 164
137 174
137 179
137 180
137 193
137 197
137 201
137 205
138 205
138 213
139 184
139 219
140 153
140 155
140 165
140 193
140 209
140 221
141 145
141 148
141 191
141 193
141 211
142 164
142 168
142 222
143 193
143 198
143 199
143 229
144 177
144 229
145 160
145 165
145 178
145 187
145 190
145 196
145 199
145 213
145 232
146 147
146 177
146 179
146 189
146 194
146 213
146 236
147 169
147 176
147 178
147 194
147 218
148 169
148 183
148 211
148 222
148 229
148 245
149 180
149 184
149 238
150 165
150 179
150 203
150 235
151 171
151 179
152 156
152 177
152 196
152 224
153 198
153 207
153 245
154 161
154 169
154 171
154 172
154 176
154 212
154 246
155 185
155 191
155 205
156 178
156 207
156 212
156 225
156 235
156 240
157 194
157 213
157 222
158 168
158 184
158 236
159 171
160 164
160 179
160 209
160 231
161 170
161 173
161 179
161 204
161 210
161 211
161 236
161 237
161 238
161 245
162 183
162 184
162 241
163 187
164 180
164 185
164 188
165 236
165 240
166 171
166 232
166 238
167 191
167 196
167 212
167 229
167 240
168 169
168 170
168 178
168 230
169 186
169 202
169 211
169 235
170 175
170 218
170 226
171 181
171 188
171 215
171 223
171 226
172 177
172 206
172 229
172 248
173 190
173 207
173 216
173 236
174 224
174 243
176 177
176 191
176 197
177 191
178 190
178 222
179 203
180 220
181 183
181 188
181 195
181 199
181 228
181 248
182 198
183 186
183 228
183 232
183 237
183 238
183 244
184 218
184 240
184 242
184 243
185 203
185 210
185 229
186 200
187 207
188 191
189 195
189 249
190 207
190 225
190 233
190 241
191 203
191 212
191 223
191 233
191 249
194 195
194 217
194 246
195 200
195 219
195 220
196 222
197 209
198 226
199 213
200 201
201 209
201 211
201 236
202 221
203 243
203 248
204 227
204 228
205 221
206 247
207 211
207 225
207 240
207 245
208 218
209 216
210 243
211 230
211 245
213 224
214 227
215 219
215 223
215 247
217 248
219 225
219 238
220 245
221 237
222 239
224 233
224 245
224 246
225 244
227 228
227 233
228 236
228 241
229 230
231 235
234 241
235 238
236 237
236 244
240 244
240 245
240 247
241 243
241 245
241 247
242 244
