0 56
0 84
0 86
0 94
0 95
0 113
0 135
0 142
0 146
0 197
0 218
0 231
1 30
1 41
1 50
1 52
1 71
1 80
1 101
1 107
1 143
1 147
1 163
1 165
1 172
1 193
1 200
1 225
2 15
2 22
2 31
2 49
2 71
2 98
2 102
2 125
2 137
2 148
2 189
2 199
2 208
2 211
2 244
3 23
3 38
3 76
3 78
3 104
3 137
3 153
3 165
3 176
3 177
3 183
3 223
3 231
3 247
4 14
4 15
4 26
4 37
4 50
4 65
4 74
4 90
4 102
4 145
4 148
4 174
4 190
4 191
4 194
4 230
5 14
5 17
5 24
5 41
5 58
5 91
5 107
5 118
5 141
5 145
5 150
5 156
5 165
5 191
5 202
5 205
5 208
6 39
6 40
6 41
6 58
6 61
6 62
6 64
6 88
6 98
6 102
6 111
6 121
6 127
6 135
6 150
6 156
6 183
6 188
6 198
6 201
6 219
6 226
6 230
7 15
7 23
7 37
7 38
7 43
7 47
7 48
7 98
7 117
7 118
7 125
7 128
7 129
7 133
7 139
7 151
7 153
7 157
7 163
7 174
7 182
7 213
8 36
8 37
8 41
8 53
8 69
8 81
8 108
8 117
8 136
8 137
8 139
8 195
8 202
8 210
8 213
9 15
9 16
9 42
9 47
9 73
9 116
9 128
9 144
9 151
9 154
9 190
9 192
10 53
10 67
10 75
10 97
10 130
10 134
10 151
10 187
10 193
10 196
10 197
10 202
10 228
10 241
11 17
11 28
11 31
11 69
11 72
11 90
11 96
11 111
11 113
11 119
11 150
11 159
11 165
11 186
11 188
11 202
11 220
11 227
11 229
12 65
12 95
12 106
12 157
12 166
12 183
12 188
12 208
12 214
12 219
12 222
12 228
12 235
13 41
13 46
13 80
13 94
13 163
13 174
13 179
13 195
13 203
13 204
13 208
14 31
14 58
14 64
14 76
14 86
14 87
14 99
14 154
14 156
14 184
14 200
14 210
14 222
14 226
15 26
15 34
15 58
15 89
15 101
15 132
15 150
15 155
15 175
15 214
15 232
15 239
16 52
16 55
16 69
16 78
16 89
16 99
16 100
16 102
16 120
16 124
16 139
16 158
16 189
16 221
16 225
17 22
17 31
17 87
17 90
17 102
17 115
17 129
17 131
17 135
17 137
17 139
17 149
17 151
18 21
18 29
18 31
18 37
18 51
18 127
18 135
18 185
18 205
18 210
18 212
18 226
18 228
18 240
18 241
18 247
19 25
19 46
19 52
19 58
19 66
19 96
19 99
19 106
19 110
19 111
19 115
19 128
19 130
19 139
19 141
19 168
19 175
19 179
19 195
19 203
19 214
19 225
19 242
20 28
20 64
20 110
20 113
20 117
20 150
20 215
20 233
21 24
21 52
21 60
21 62
21 66
21 72
21 84
21 93
21 102
21 106
21 131
21 134
21 135
21 168
21 178
21 185
21 207
21 243
22 38
22 49
22 55
22 58
22 67
22 73
22 97
22 108
22 112
22 113
22 150
22 156
22 163
22 170
22 183
22 208
22 218
22 221
22 247
23 27
23 45
23 54
23 56
23 81
23 89
23 99
23 128
23 137
23 153
23 155
23 166
23 179
23 182
23 192
23 214
23 222
23 236
23 246
24 25
24 40
24 44
24 58
24 72
24 78
24 80
24 92
24 102
24 120
24 132
24 163
24 169
24 230
24 240
24 249
25 41
25 59
25 63
25 95
25 99
25 102
25 104
25 126
25 129
25 138
25 143
25 155
25 179
25 189
25 195
25 203
25 215
25 233
25 235
26 29
26 52
26 91
26 97
26 149
26 156
26 163
26 168
26 218
26 220
26 225
26 249
27 45
27 73
27 77
27 80
27 123
27 129
27 132
27 134
27 141
27 171
27 192
27 194
27 198
27 199
27 224
27 230
27 236
28 40
28 50
28 57
28 59
28 61
28 68
28 97
28 101
28 137
28 149
28 168
28 178
28 182
28 206
28 220
28 235
29 67
29 76
29 85
29 106
29 132
29 146
29 150
29 160
29 174
29 185
29 186
29 193
29 199
29 223
29 226
30 51
30 64
30 84
30 101
30 105
30 133
30 171
30 173
30 174
30 185
30 191
30 195
30 200
30 202
30 221
30 233
30 240
31 42
31 44
31 46
31 51
31 61
31 78
31 82
31 141
31 157
31 159
31 183
31 198
31 203
31 214
31 235
31 238
32 43
32 51
32 61
32 65
32 71
32 79
32 84
32 128
32 137
32 141
32 152
32 157
32 187
32 220
32 243
32 246
33 38
33 44
33 57
33 68
33 71
33 88
33 89
33 95
33 96
33 109
33 141
33 146
33 159
33 178
33 190
33 192
33 222
33 229
33 244
34 60
34 65
34 98
34 116
34 122
34 142
34 148
34 155
34 184
34 200
34 205
35 45
35 56
35 75
35 81
35 93
35 95
35 99
35 107
35 180
35 185
35 187
35 189
35 213
35 217
35 237
35 238
35 240
36 38
36 44
36 67
36 92
36 105
36 107
36 122
36 131
36 189
36 200
36 201
37 83
37 102
37 103
37 113
37 141
37 146
37 160
37 165
37 179
37 190
37 199
37 208
37 214
37 221
37 242
37 243
37 245
38 75
38 101
38 109
38 121
38 145
38 180
38 190
38 194
38 198
38 214
38 217
38 228
39 70
39 91
39 93
39 96
39 101
39 136
39 160
39 163
39 190
39 203
40 41
40 44
40 53
40 58
40 66
40 140
40 147
40 150
40 151
40 156
40 160
40 180
40 184
40 187
40 190
40 219
40 233
40 235
41 48
41 55
41 89
41 96
41 127
41 129
41 136
41 145
41 156
41 157
41 186
41 188
41 207
41 239
42 43
42 60
42 82
42 84
42 91
42 133
42 192
42 209
42 235
42 244
43 50
43 52
43 60
43 65
43 67
43 71
43 94
43 140
43 166
43 168
43 169
43 170
43 197
43 243
43 246
44 52
44 57
44 91
44 98
44 120
44 137
44 154
44 194
44 195
44 208
44 209
44 243
44 245
45 52
45 57
45 62
45 65
45 73
45 81
45 92
45 95
45 117
45 124
45 127
45 131
45 140
45 153
45 164
45 170
45 172
45 178
45 207
45 249
46 87
46 97
46 113
46 149
46 151
46 185
46 209
46 211
46 223
47 67
47 68
47 102
47 103
47 120
47 127
47 136
47 143
47 186
47 194
47 195
47 202
47 209
47 214
47 236
48 81
48 83
48 84
48 111
48 120
48 147
48 157
48 216
48 219
48 227
48 230
48 233
49 60
49 94
49 99
49 118
49 130
49 139
49 141
49 146
49 194
49 207
49 218
49 225
50 121
50 126
50 129
50 188
50 209
50 230
50 246
51 62
51 100
51 101
51 107
51 110
51 127
51 161
51 162
51 173
51 185
51 235
51 237
51 244
52 55
52 56
52 85
52 86
52 89
52 90
52 122
52 136
52 148
52 201
52 237
53 89
53 106
53 119
53 184
53 206
53 207
53 223
53 224
53 236
54 107
54 116
54 167
54 182
54 194
54 206
54 207
54 226
55 63
55 72
55 77
55 89
55 102
55 157
55 188
55 193
55 214
55 217
55 230
55 232
55 243
55 246
56 99
56 110
56 114
56 125
56 139
56 143
56 144
56 146
56 147
56 155
56 174
56 188
56 208
56 218
57 78
57 142
57 143
57 146
57 159
57 161
57 167
57 171
57 182
57 196
57 212
57 220
57 239
58 81
58 106
58 122
58 137
58 146
58 158
58 231
58 233
58 239
59 67
59 77
59 87
59 103
59 107
59 117
59 173
59 175
59 176
59 214
59 247
60 101
60 111
60 119
60 148
60 154
60 161
60 165
60 178
60 185
60 186
60 189
60 217
60 220
60 221
60 227
60 230
61 73
61 131
61 138
61 141
61 154
61 160
61 165
61 186
61 220
62 72
62 86
62 124
62 152
62 192
62 234
62 237
63 106
63 121
63 125
63 126
63 130
63 135
63 166
63 174
63 182
63 195
63 223
63 225
63 234
63 241
64 66
64 70
64 86
64 134
64 138
64 143
64 156
64 191
64 228
64 237
64 246
65 92
65 131
65 139
65 140
65 151
65 172
65 173
65 185
65 203
65 246
66 75
66 85
66 86
66 103
66 106
66 111
66 115
66 141
66 183
66 196
66 217
66 225
66 238
67 81
67 86
67 103
67 119
67 137
67 159
67 209
67 221
68 73
68 87
68 118
68 131
68 138
68 143
68 154
68 160
68 174
68 183
68 188
68 189
68 195
68 220
68 222
68 226
68 227
68 239
69 70
69 72
69 78
69 80
69 93
69 126
69 154
69 181
69 192
69 196
69 204
69 216
69 240
70 76
70 81
70 87
70 96
70 99
70 120
70 131
70 138
70 178
70 182
70 202
70 204
70 216
70 220
70 227
70 232
70 242
71 80
71 110
71 117
71 156
71 163
71 164
71 209
71 238
72 79
72 82
72 86
72 109
72 132
72 133
72 140
72 166
72 168
72 173
72 175
72 219
72 221
72 240
73 75
73 116
73 139
73 150
73 166
73 172
73 173
73 187
73 224
73 233
73 248
74 82
74 93
74 97
74 104
74 108
74 129
74 134
74 137
74 188
74 194
74 208
75 80
75 119
75 169
75 172
75 181
75 193
75 202
75 210
75 246
76 88
76 90
76 105
76 125
76 129
76 142
76 194
76 196
76 210
77 78
77 93
77 105
77 143
77 157
77 187
77 222
77 227
78 86
78 102
78 104
78 113
78 116
78 126
78 132
78 208
78 236
78 242
79 89
79 90
79 116
79 157
79 163
79 176
79 180
79 187
79 211
79 216
79 220
79 249
80 97
80 100
80 104
80 114
80 137
80 138
80 143
80 165
80 169
80 174
80 184
80 190
80 217
80 222
80 229
81 90
81 97
81 131
81 135
81 137
81 166
81 180
81 189
81 208
81 219
82 90
82 92
82 94
82 101
82 157
82 167
82 169
82 233
82 244
82 245
83 90
83 96
83 107
83 134
83 141
83 203
83 235
84 86
84 89
84 117
84 119
84 125
84 129
84 156
84 203
84 239
84 242
85 127
85 147
85 171
85 191
85 197
85 232
85 245
86 105
86 121
86 132
86 141
86 147
86 172
86 193
86 210
86 212
86 241
86 244
86 245
87 96
87 98
87 113
87 127
87 132
87 143
87 152
87 160
87 161
87 198
87 208
87 221
87 229
87 230
87 235
88 108
88 134
88 184
88 191
88 220
88 244
89 90
89 110
89 121
89 132
89 136
89 149
89 181
89 186
89 208
89 215
89 228
90 100
90 106
90 136
90 144
90 175
90 176
90 189
91 120
91 128
91 143
91 149
91 196
91 200
91 208
91 220
91 228
91 234
92 114
92 116
92 141
92 166
92 184
92 186
92 196
92 206
92 208
92 211
92 212
92 216
92 218
92 242
92 246
93 105
93 110
93 114
93 122
93 165
93 181
93 182
93 195
93 199
93 201
93 219
93 220
93 237
94 120
94 125
94 154
94 166
94 169
94 189
94 200
94 205
94 215
94 233
94 248
95 102
95 142
95 148
95 149
95 151
95 159
95 170
95 186
95 192
95 195
95 218
95 224
95 229
95 239
95 243
96 140
96 147
96 172
96 177
96 179
96 228
97 102
97 113
97 149
97 151
97 158
97 160
97 169
97 185
97 192
97 194
97 209
97 236
98 101
98 122
98 127
98 132
98 138
98 183
98 197
98 213
98 218
98 230
98 243
99 130
99 138
99 142
99 147
99 240
100 106
100 107
100 111
100 113
100 121
100 199
100 213
100 219
100 222
100 227
101 120
101 136
101 143
101 161
101 183
101 192
101 227
101 238
102 106
102 120
102 138
102 143
102 161
102 170
102 189
102 196
102 220
102 229
102 244
103 116
103 141
103 147
103 161
103 168
103 189
103 191
103 223
103 245
103 247
103 249
104 105
104 132
104 191
104 212
104 229
104 245
104 246
104 249
105 114
105 117
105 123
105 125
105 157
105 188
105 207
105 231
105 240
106 148
106 152
106 185
106 193
106 196
106 200
106 203
106 228
106 242
107 109
107 113
107 130
107 147
107 152
107 154
107 170
107 187
107 204
107 233
107 244
108 110
108 144
108 183
108 216
108 228
108 233
108 244
109 122
109 127
109 140
109 156
109 230
109 232
109 238
109 240
110 113
110 118
110 135
110 146
110 159
110 175
110 179
110 206
110 240
110 248
111 123
111 125
111 179
111 200
111 201
111 207
111 225
111 226
112 124
112 144
112 146
112 155
112 158
112 207
112 217
112 234
112 235
112 243
113 133
113 141
113 161
113 179
113 188
113 231
113 249
114 125
114 134
114 150
114 161
114 162
114 175
114 216
114 219
114 226
114 239
115 146
115 208
115 218
116 117
116 124
116 163
116 178
116 206
116 213
116 225
116 245
116 249
117 140
117 153
117 157
117 162
117 177
117 235
118 129
118 151
118 158
118 185
118 193
118 210
118 233
118 248
119 125
119 174
119 194
119 205
119 211
119 224
119 241
119 242
119 246
120 144
120 152
120 172
120 208
120 209
120 238
120 243
121 159
121 175
121 187
121 238
122 125
122 128
122 129
122 141
122 150
122 168
122 169
122 191
122 211
122 215
122 230
122 237
123 129
123 135
123 142
123 144
123 150
123 175
123 187
123 216
123 235
123 240
123 243
124 137
124 140
124 143
124 151
124 177
124 178
124 182
124 210
125 131
125 150
125 163
125 164
125 167
125 174
125 178
125 208
125 211
125 214
125 218
125 242
126 160
126 196
126 203
126 219
126 241
127 150
127 170
127 190
127 216
127 220
127 227
127 235
127 238
127 245
127 249
128 134
128 149
128 184
128 203
128 222
128 232
128 242
129 131
129 133
129 185
129 197
129 199
129 201
129 224
129 238
130 212
130 215
130 230
130 248
131 140
131 146
131 148
131 178
131 192
131 194
131 215
131 220
131 243
131 248
132 150
132 162
132 177
132 190
132 217
132 237
132 246
133 148
133 152
133 153
133 156
133 158
133 182
133 189
133 205
133 209
133 232
133 234
133 235
134 137
134 151
134 182
134 183
134 202
134 204
134 214
134 219
134 247
135 179
135 200
135 204
135 216
135 234
136 142
136 150
136 157
136 159
136 171
136 191
136 227
136 232
136 239
136 240
136 249
137 145
137 168
137 174
137 180
137 194
137 209
137 247
138 145
138 161
138 173
138 209
138 218
138 219
138 230
138 237
139 164
139 171
139 180
139 236
140 141
140 147
140 151
140 182
140 203
140 213
140 248
141 193
141 205
141 211
141 213
141 217
141 226
141 229
141 236
142 148
142 154
142 177
142 195
142 208
142 210
142 232
142 239
143 194
143 200
143 210
143 213
143 223
143 226
143 235
144 166
144 173
144 210
144 239
144 241
145 146
145 150
145 167
145 168
145 172
145 177
145 182
145 186
145 190
145 194
145 199
145 212
146 156
146 165
146 166
146 168
146 198
146 219
146 231
146 238
147 158
147 159
147 184
147 188
147 195
147 207
147 225
147 232
148 197
148 198
148 208
148 214
148 221
149 189
149 232
150 161
150 168
150 171
150 198
150 221
150 226
150 236
151 176
151 186
151 188
151 190
151 200
151 206
151 246
152 160
152 165
152 190
152 213
152 233
152 237
152 244
153 157
153 215
153 243
153 248
154 196
154 230
155 171
155 178
155 194
155 233
155 247
156 162
156 167
156 191
156 207
156 226
156 248
157 175
157 205
157 220
157 230
158 166
158 169
158 173
158 195
158 211
158 216
159 166
159 171
159 175
159 211
159 217
159 227
159 228
160 161
160 169
160 224
160 233
161 177
161 199
161 201
161 206
161 211
161 228
161 242
162 163
162 230
163 171
163 174
163 189
163 194
163 207
163 232
163 248
164 165
164 176
164 186
164 217
164 234
164 241
165 179
165 198
165 217
165 244
166 174
166 184
166 191
166 202
166 219
166 229
166 240
167 178
167 225
167 228
168 172
168 190
168 217
168 221
168 230
168 232
169 217
169 228
169 230
169 240
169 244
170 190
170 194
170 197
170 207
170 219
170 220
171 194
171 201
171 228
171 241
171 245
172 184
172 185
172 189
172 198
172 199
172 203
172 204
172 224
173 196
173 198
173 244
174 198
174 206
175 190
175 194
175 209
175 235
175 239
176 186
176 226
176 236
177 185
177 208
178 182
178 191
178 226
179 212
179 220
180 183
180 189
180 192
180 208
180 209
180 224
180 227
180 239
181 208
181 219
182 189
182 223
182 231
182 242
183 185
183 186
183 202
183 237
184 196
184 219
184 229
184 240
184 244
184 247
185 217
185 232
186 200
186 231
186 238
187 194
187 232
187 245
188 219
188 232
188 241
189 197
189 202
189 205
189 212
189 213
189 216
189 218
189 230
189 246
190 202
190 213
190 222
190 234
190 239
190 244
190 245
191 192
191 201
191 217
191 240
192 202
192 233
193 194
194 196
194 226
194 246
194 248
195 209
195 222
195 231
195 244
196 203
196 222
197 204
197 222
197 234
197 236
197 245
198 213
198 223
198 229
199 214
199 220
199 228
199 239
199 242
199 248
200 246
201 207
201 214
201 247
202 215
202 242
203 211
203 214
203 219
205 207
205 209
205 212
205 229
205 230
205 237
206 227
206 235
206 243
207 221
207 235
207 247
207 248
208 212
208 238
209 217
209 249
210 229
210 236
211 219
211 231
211 238
212 214
212 230
212 240
213 214
213 216
213 221
213 230
213 235
213 240
213 243
213 248
214 246
215 239
215 244
215 248
216 218
216 226
216 228
216 233
216 247
218 221
218 245
218 249
219 236
219 243
220 231
221 231
221 240
221 242
222 226
222 230
223 231
223 234
224 229
225 234
225 241
225 247
225 248
226 229
226 242
226 246
227 244
229 248
233 234
233 244
234 241
236 249
237 238
237 242
238 247
243 248
246 248
