0 17
0 20
0 23
0 80
0 91
0 109
0 113
0 139
0 142
0 165
0 216
0 222
0 241
1 16
1 47
1 89
1 96
1 101
1 119
1 141
1 163
2 10
2 23
2 36
2 39
2 62
2 64
2 66
2 123
2 140
2 142
2 146
2 164
2 185
2 186
2 194
3 14
3 40
3 113
3 136
3 193
3 207
3 210
3 211
3 216
3 223
4 12
4 23
4 25
4 48
4 49
4 67
4 71
4 87
4 97
4 98
4 99
4 126
4 147
4 149
4 198
4 211
4 228
5 6
5 16
5 27
5 90
5 104
5 106
5 183
5 186
5 193
5 212
5 218
5 220
6 42
6 135
6 137
6 168
6 198
6 201
6 203
6 240
6 242
7 16
7 21
7 23
7 46
7 49
7 90
7 109
7 159
7 171
7 199
7 200
7 210
7 218
7 222
8 78
8 80
8 100
8 144
8 146
8 158
8 164
8 186
9 14
9 23
9 28
9 32
9 34
9 35
9 56
9 134
9 140
9 187
9 194
9 203
9 211
9 228
9 236
9 240
10 59
10 109
10 113
10 116
10 149
10 151
10 158
10 169
10 186
10 189
10 193
11 65
11 66
11 94
11 128
11 170
11 172
11 191
11 207
11 225
12 52
12 97
12 114
12 152
12 156
12 203
12 214
12 230
12 246
13 15
13 39
13 43
13 59
13 69
13 116
13 174
13 183
13 191
13 197
13 209
13 219
14 46
14 67
14 80
14 97
14 115
14 125
14 139
14 162
14 167
14 169
14 223
14 228
14 232
15 25
15 40
15 62
15 83
15 108
15 125
15 143
15 146
15 164
15 167
15 168
15 226
15 242
15 247
16 17
16 71
16 76
16 90
16 97
16 111
16 134
16 172
16 192
16 199
16 203
16 234
17 18
17 24
17 50
17 58
17 63
17 88
17 99
17 101
17 130
17 132
17 138
17 178
17 213
18 20
18 42
18 59
18 85
18 140
18 151
18 154
19 43
19 81
19 112
19 153
19 193
19 217
19 225
19 244
20 28
20 49
20 70
20 95
20 109
20 135
20 142
20 155
20 171
20 223
21 26
21 74
21 96
21 97
21 174
21 179
21 193
21 205
21 216
21 217
22 50
22 84
22 140
22 142
22 157
22 175
22 179
22 187
22 200
22 222
22 224
22 236
22 243
23 36
23 59
23 66
23 116
23 121
23 147
23 148
23 179
23 192
23 205
23 225
23 244
24 32
24 40
24 42
24 50
24 56
24 63
24 79
24 95
24 103
24 113
24 142
24 144
24 164
24 197
24 220
24 233
25 42
25 60
25 151
25 189
25 195
25 218
25 234
25 244
26 33
26 47
26 59
26 85
26 149
26 150
26 212
26 221
27 30
27 64
27 70
27 138
27 173
27 188
27 190
27 193
27 214
27 219
28 29
28 34
28 66
28 73
28 154
28 164
28 166
28 167
28 173
28 243
29 51
29 52
29 100
29 104
29 124
29 163
29 178
29 193
29 207
30 39
30 86
30 92
30 98
30 146
30 167
30 186
30 200
30 222
30 230
31 41
31 43
31 71
31 74
31 106
31 134
31 141
31 199
31 201
31 249
32 52
32 67
32 68
32 89
32 124
32 128
32 130
32 245
33 84
33 99
33 105
33 112
33 146
33 152
33 155
33 166
33 229
33 241
34 45
34 50
34 73
34 78
34 82
34 106
34 109
34 121
34 129
34 151
34 158
34 174
34 177
34 179
34 188
34 193
34 205
34 217
34 242
35 37
35 87
35 181
35 210
35 219
36 37
36 49
36 57
36 64
36 73
36 83
36 98
36 100
36 166
36 174
36 178
36 201
37 39
37 41
37 48
37 75
37 76
37 87
37 104
37 125
37 191
37 231
38 96
38 120
38 143
38 170
38 206
38 227
38 249
39 41
39 102
39 109
39 124
39 129
39 160
39 179
39 186
39 239
40 49
40 122
40 137
40 187
40 213
40 215
41 78
41 97
41 148
41 193
41 201
41 211
41 217
41 236
41 240
41 249
42 73
42 76
42 80
42 169
42 178
42 194
42 233
43 88
43 100
43 113
43 117
43 150
43 158
43 170
43 175
43 182
43 195
44 51
44 92
44 145
44 147
44 153
44 187
44 223
44 226
45 47
45 60
45 75
45 78
45 118
45 123
45 145
45 168
45 180
45 191
45 193
45 219
45 220
45 224
45 231
46 68
46 77
46 106
46 107
46 213
47 70
47 90
47 101
47 119
47 146
47 147
47 153
47 157
47 170
47 179
47 197
47 240
48 62
48 87
48 88
48 103
48 133
48 138
48 144
48 150
48 233
49 71
49 74
49 93
49 125
49 131
49 135
49 150
49 154
49 172
49 184
49 190
49 199
50 76
50 85
50 115
50 148
50 152
50 156
50 165
50 170
50 180
50 199
50 209
50 225
50 235
51 54
51 57
51 61
51 73
51 76
51 93
51 100
51 123
51 146
51 197
51 244
52 78
52 103
52 134
52 177
52 202
52 205
52 223
52 240
52 248
53 75
53 81
53 92
53 108
53 117
53 141
53 156
53 157
53 160
53 173
53 177
53 185
53 195
53 206
53 216
53 220
54 57
54 74
54 79
54 105
54 142
54 144
54 222
54 235
55 72
55 106
55 148
55 184
55 186
55 188
55 226
55 227
55 231
56 88
56 103
56 109
56 187
56 211
56 237
56 241
56 243
56 248
57 65
57 76
57 90
57 108
57 168
57 183
57 193
57 199
57 226
57 240
57 243
57 248
58 60
58 101
58 120
58 160
58 165
58 237
59 85
59 100
59 107
59 113
59 185
59 198
59 211
59 229
59 230
59 241
60 69
60 70
60 71
60 73
60 101
60 107
60 114
60 117
60 158
60 184
60 194
60 218
60 236
60 237
61 82
61 129
61 132
61 140
61 180
61 185
61 186
61 194
61 207
61 212
61 220
61 247
62 72
62 109
62 166
62 196
62 204
62 227
62 236
63 79
63 103
63 114
63 116
63 146
63 158
63 161
63 218
64 66
64 71
64 88
64 100
64 152
64 201
64 213
64 218
64 231
65 83
65 91
65 148
65 154
65 184
65 208
65 210
65 238
66 113
66 155
66 158
66 174
66 177
66 187
66 191
66 231
66 235
66 240
66 243
67 82
67 97
67 136
67 158
67 184
67 205
67 220
67 239
67 243
68 72
68 92
68 110
68 122
68 135
68 141
68 154
68 161
68 174
68 182
68 186
68 190
68 202
68 215
69 90
69 91
69 92
69 98
69 113
69 154
69 157
69 202
69 209
69 223
70 73
70 90
70 104
70 145
70 151
70 160
70 195
70 210
70 222
70 227
70 244
71 100
71 117
71 140
71 162
71 196
71 221
71 228
71 235
72 75
72 183
72 186
72 190
72 195
72 200
72 206
73 74
73 112
73 150
73 163
73 167
73 171
73 198
73 214
73 225
73 232
73 241
74 110
74 127
74 150
74 160
74 172
74 178
74 195
74 246
75 80
75 99
75 119
75 122
75 157
75 165
75 182
75 191
75 204
75 235
76 86
76 117
76 127
76 128
76 192
76 207
76 238
77 91
77 118
77 135
77 159
77 171
77 190
77 193
77 227
78 110
78 135
78 165
78 174
78 181
78 200
78 203
78 227
78 246
79 80
79 81
79 95
79 144
79 152
79 164
79 184
79 240
80 86
80 117
80 138
80 142
80 143
80 152
80 164
80 170
80 194
80 241
81 103
81 163
81 167
81 190
81 207
81 208
81 209
81 246
82 100
82 108
82 114
82 115
82 144
82 172
82 180
82 184
82 207
83 148
83 179
83 193
83 237
84 90
84 133
84 156
84 188
84 196
84 201
84 202
85 96
85 131
85 134
85 162
85 197
85 199
85 203
86 130
86 131
86 144
86 155
86 210
86 215
86 248
87 94
87 134
87 147
87 158
87 161
87 175
87 209
88 103
88 107
88 176
88 191
88 247
89 91
89 98
89 112
89 141
89 166
89 168
89 202
89 234
90 141
90 166
90 170
90 173
90 211
90 223
91 92
91 100
91 104
91 118
91 129
91 140
91 155
91 160
91 213
91 218
91 248
91 249
92 97
92 113
92 157
92 159
92 190
92 193
92 226
92 230
92 245
93 97
93 106
93 142
93 155
93 187
93 198
93 204
93 207
93 209
93 226
93 242
93 247
94 97
94 110
94 111
94 113
94 152
94 155
94 169
94 200
94 232
95 110
95 115
95 134
95 168
95 177
95 185
95 199
95 208
95 209
95 214
95 220
96 127
96 151
96 192
96 198
96 209
96 213
96 234
96 239
96 240
97 109
97 116
97 120
97 154
97 163
97 178
97 190
97 234
97 244
98 109
98 130
98 177
98 185
98 189
98 244
99 102
99 112
99 139
99 178
99 219
99 240
100 109
100 110
100 115
100 130
100 135
100 137
100 199
100 205
100 248
101 103
101 106
101 109
101 164
101 196
101 232
101 241
102 104
102 232
102 249
103 107
103 153
103 159
103 166
103 179
103 185
103 199
103 220
103 227
103 244
104 130
104 132
104 134
104 135
104 140
104 166
104 191
104 237
104 238
105 200
105 212
106 130
106 149
106 158
106 169
106 202
106 203
106 220
106 239
106 241
106 245
107 127
107 132
107 152
107 186
107 189
107 211
107 218
107 227
108 117
108 143
108 156
108 166
108 174
108 189
108 204
108 211
108 215
108 226
109 121
109 123
109 163
109 176
109 187
109 193
109 206
109 211
110 112
110 113
110 141
110 166
110 198
110 232
111 128
111 155
111 186
111 203
111 206
111 218
111 220
112 143
113 134
113 172
113 190
113 206
113 231
113 238
114 142
114 149
114 159
114 160
114 164
114 179
114 205
114 209
114 210
115 121
115 142
115 143
115 157
115 178
115 179
115 217
115 236
116 130
116 151
116 165
116 169
116 175
116 203
116 219
116 237
117 139
117 145
117 147
117 148
117 165
117 219
117 241
117 248
118 119
118 170
118 172
118 182
118 183
118 200
118 202
118 216
118 217
118 234
119 156
119 190
119 193
120 125
120 136
120 190
120 208
120 217
120 228
121 143
121 146
122 132
122 141
122 145
122 186
122 188
122 191
122 197
122 210
122 219
122 244
122 245
123 129
123 136
123 147
123 159
123 206
123 229
123 231
123 248
124 173
124 186
124 203
124 209
124 214
124 215
124 237
125 148
125 187
125 204
125 227
125 228
125 236
126 148
126 151
126 166
126 182
126 189
126 243
126 246
127 146
127 162
127 168
127 206
127 210
127 212
127 249
128 153
128 162
128 164
128 176
129 137
129 139
129 230
130 150
130 168
130 220
130 246
131 148
131 150
131 159
131 184
131 198
131 207
131 211
131 224
131 249
132 134
132 152
132 155
132 165
132 167
132 169
132 183
132 221
132 229
133 155
133 166
133 167
134 135
134 146
134 148
134 153
134 156
134 167
134 181
134 191
134 193
134 217
134 225
135 145
135 148
135 169
135 176
135 183
135 195
135 232
136 144
136 161
136 164
136 186
136 205
136 235
136 248
137 148
137 177
137 217
137 227
137 228
137 233
138 145
138 165
138 223
138 232
139 151
139 181
139 187
139 197
139 201
139 217
140 172
140 179
140 181
140 183
140 188
140 235
141 186
141 188
141 238
141 239
142 158
142 179
142 185
142 219
142 222
142 223
142 227
142 232
143 147
143 153
143 166
143 186
143 235
143 248
144 145
144 152
144 172
144 201
144 218
144 242
145 167
145 208
145 213
145 233
145 235
145 244
146 174
146 188
146 214
146 215
146 220
146 248
147 161
147 173
147 220
147 231
148 163
148 165
148 187
148 233
149 152
149 175
149 223
150 152
150 194
150 202
150 204
150 226
150 229
151 170
151 174
151 179
151 194
151 211
151 212
151 219
151 221
151 230
152 214
153 184
153 201
153 234
153 238
154 155
154 196
154 204
154 243
155 163
155 171
155 225
156 179
156 191
156 197
157 166
157 177
157 229
157 244
158 164
158 165
158 180
159 163
159 191
159 192
159 208
159 244
160 166
160 187
160 191
160 209
160 235
161 210
161 219
161 236
161 241
161 245
162 167
162 182
162 226
162 231
162 232
163 195
163 244
163 246
164 180
164 184
164 200
164 201
164 210
164 216
164 219
164 223
164 237
165 189
166 176
166 188
166 211
166 235
166 247
167 175
167 178
167 221
167 229
167 231
168 179
168 188
168 206
168 233
168 242
169 181
169 197
170 172
170 182
170 196
170 206
170 215
170 226
171 180
171 204
171 228
172 184
172 234
172 245
173 177
173 192
173 217
173 227
174 178
174 180
174 196
174 227
174 234
175 200
175 219
175 224
175 237
176 229
176 245
177 191
177 197
177 233
178 195
178 214
178 228
179 183
179 195
180 190
180 194
180 241
181 183
181 198
181 240
182 187
182 223
183 189
183 219
183 240
184 188
184 218
184 228
184 240
184 246
184 247
185 194
185 212
185 214
185 235
186 187
186 190
186 211
186 219
186 245
187 188
187 228
188 199
188 202
188 224
189 210
190 193
190 205
190 206
190 233
190 237
190 243
190 247
191 203
191 208
191 217
191 225
191 241
192 215
192 216
192 218
192 228
192 229
193 223
193 233
193 234
193 241
194 200
194 205
194 213
194 238
195 200
195 211
195 235
195 241
195 244
196 205
196 240
197 208
198 241
199 213
199 220
199 229
199 235
200 223
200 244
202 207
202 231
202 247
203 217
203 220
203 231
203 232
204 208
204 219
204 224
205 211
205 236
207 217
207 222
207 235
209 240
209 246
210 220
211 225
211 238
212 218
212 225
212 227
212 231
212 239
213 249
214 230
215 223
216 227
217 221
217 240
218 234
219 221
219 234
220 226
220 247
221 222
221 248
222 249
223 224
223 239
224 240
225 227
226 228
227 243
229 248
230 242
230 244
