0 7
0 15
0 48
0 49
0 52
0 56
0 69
0 97
0 107
0 144
0 220
0 237
1 21
1 23
1 52
1 68
1 118
1 122
1 145
1 204
1 213
1 216
1 218
1 227
1 229
1 240
2 6
2 15
2 17
2 18
2 31
2 43
2 47
2 92
2 101
2 180
2 185
2 187
2 231
2 246
2 248
3 70
3 123
3 143
3 165
3 242
3 246
3 247
4 60
4 159
4 190
4 191
4 203
5 28
5 33
5 77
5 92
5 102
5 162
5 189
5 220
5 224
5 233
5 237
5 242
5 248
6 46
6 62
6 68
6 72
6 142
6 180
6 181
6 192
6 195
6 246
7 26
7 62
7 82
7 84
7 96
7 107
7 119
7 132
7 144
7 146
7 154
7 158
7 172
7 173
7 240
7 247
8 10
8 15
8 23
8 29
8 59
8 119
8 132
8 145
8 175
8 205
9 38
9 56
9 61
9 81
9 84
9 85
9 86
9 92
9 115
9 151
9 155
9 179
9 215
9 238
10 23
10 35
10 66
10 80
10 90
10 95
10 97
10 130
10 137
10 171
10 196
10 207
10 234
11 24
11 25
11 34
11 67
11 78
11 94
11 136
11 139
11 149
11 159
11 183
11 187
11 189
11 213
11 225
11 226
12 44
12 50
12 74
12 76
12 185
12 193
12 205
12 217
12 221
12 225
12 233
13 17
13 22
13 25
13 49
13 58
13 83
13 94
13 103
13 126
13 155
13 161
13 190
13 198
13 209
13 239
13 246
13 248
14 33
14 55
14 69
14 71
14 93
14 149
14 157
14 181
14 199
14 206
15 32
15 46
15 55
15 58
15 63
15 72
15 108
15 148
15 156
15 174
15 178
15 181
15 201
15 225
16 21
16 35
16 86
16 112
16 118
16 129
16 169
16 171
16 177
16 188
16 214
16 225
16 230
17 26
17 52
17 55
17 80
17 114
17 138
17 162
17 174
17 182
17 189
17 190
17 192
18 38
18 41
18 50
18 73
18 80
18 132
18 154
18 181
18 223
18 228
18 247
19 47
19 60
19 109
19 189
19 228
20 27
20 118
20 137
20 141
20 179
20 202
20 208
20 221
21 38
21 57
21 64
21 71
21 81
21 98
21 115
21 125
21 128
21 146
21 155
21 198
22 50
22 70
22 130
22 242
23 101
23 121
23 128
23 147
23 181
23 183
23 184
23 195
23 202
23 206
23 219
23 228
24 83
24 125
24 130
24 144
24 149
24 162
24 183
24 199
24 222
25 61
25 71
25 74
25 87
25 94
25 101
25 106
25 112
25 114
25 123
25 141
25 150
25 176
25 205
25 207
25 209
25 212
25 215
25 225
25 237
25 244
26 64
26 69
26 73
26 78
26 81
26 118
26 139
26 170
26 249
27 60
27 93
27 102
27 117
27 127
27 160
27 170
27 177
27 192
27 200
27 223
27 224
28 43
28 52
28 83
28 110
28 172
28 201
28 205
28 209
28 212
28 221
29 47
29 67
29 73
29 79
29 96
29 105
29 114
29 159
29 164
29 191
29 225
29 231
30 44
30 46
30 47
30 72
30 98
30 99
30 125
30 180
30 201
30 203
30 222
30 246
31 43
31 62
31 82
31 87
31 98
31 99
31 104
31 110
31 130
31 182
31 235
32 64
32 72
32 94
32 98
32 101
32 109
32 117
32 160
32 179
32 193
32 244
33 37
33 68
33 69
33 72
33 125
33 147
33 174
33 185
33 195
33 245
34 39
34 91
34 140
34 144
34 160
34 170
34 171
34 191
34 214
34 239
34 244
35 36
35 45
35 66
35 71
35 87
35 89
35 91
35 113
35 118
35 193
35 201
35 206
36 54
36 73
36 82
36 86
36 96
36 112
36 126
36 135
36 171
36 239
36 246
37 45
37 51
37 53
37 64
37 99
37 114
37 123
37 127
37 136
37 144
37 183
37 236
38 165
38 178
38 181
38 182
38 202
38 210
39 57
39 94
39 105
39 119
39 122
39 136
39 160
39 196
39 200
39 224
39 235
40 84
40 86
40 98
40 102
40 113
40 134
40 156
40 176
40 247
41 57
41 81
41 102
41 105
41 134
41 146
41 192
41 224
42 100
42 101
42 111
42 119
42 126
42 151
42 179
42 193
42 236
43 44
43 106
43 115
43 135
43 142
43 158
43 181
43 197
43 215
43 219
43 242
44 68
44 88
44 113
44 122
44 151
44 165
44 172
44 212
45 57
45 70
45 85
45 104
45 110
45 112
45 118
45 120
45 127
45 132
45 137
45 163
45 174
45 184
45 246
46 58
46 127
46 155
46 170
46 204
46 227
47 50
47 51
47 67
47 87
47 113
47 139
47 141
47 170
47 193
47 213
47 227
47 240
48 94
48 100
48 102
48 128
48 159
48 193
48 205
48 237
48 246
49 54
49 93
49 97
49 133
49 167
49 201
49 213
49 224
49 241
50 60
50 66
50 94
50 99
50 107
50 128
50 148
50 149
50 184
50 210
50 228
50 237
50 248
51 63
51 123
51 131
51 181
51 190
51 235
51 247
52 59
52 73
52 88
52 96
52 105
52 115
52 147
52 164
52 199
52 200
52 227
52 236
53 67
53 68
53 89
53 101
53 117
53 139
53 170
53 180
53 210
53 237
54 108
54 109
54 140
54 152
54 177
54 181
54 198
54 225
54 236
54 246
55 59
55 70
55 130
56 95
56 132
56 143
56 146
56 172
56 187
56 188
56 199
56 238
56 240
57 63
57 78
57 83
57 132
57 170
57 189
57 192
57 225
58 64
58 82
58 86
58 112
58 131
58 151
58 152
58 153
58 184
58 217
58 227
58 247
59 77
59 90
59 98
59 123
59 134
59 142
59 158
59 167
59 177
59 222
59 236
60 94
60 103
60 107
60 160
60 223
60 231
60 232
60 233
60 246
61 103
61 105
61 111
61 120
61 131
61 187
61 224
61 232
62 74
62 84
62 98
62 121
62 141
62 147
62 209
62 212
62 238
63 85
63 103
63 106
63 117
63 138
63 140
63 162
64 112
64 143
64 144
64 207
64 217
64 226
64 231
64 249
65 74
65 110
65 119
65 180
65 202
65 204
65 210
65 220
65 234
66 91
66 97
66 110
66 123
66 182
66 217
66 218
66 219
66 220
66 239
67 79
67 100
67 181
67 192
67 225
67 226
67 227
68 94
68 100
68 107
68 161
68 168
68 173
68 175
68 197
68 215
68 234
68 240
68 249
69 125
69 135
69 167
69 168
69 197
69 223
69 241
70 81
70 139
70 151
70 152
70 169
70 204
70 235
70 240
70 248
71 74
71 93
71 95
71 114
71 157
71 195
71 222
71 249
72 77
72 90
72 128
72 163
72 167
72 173
72 177
72 192
72 220
73 88
73 97
73 118
73 129
73 184
73 185
73 218
73 226
73 230
73 242
74 87
74 109
74 148
74 198
74 199
74 230
74 247
75 87
75 109
75 110
75 124
75 190
75 194
75 213
76 82
76 92
76 128
76 159
76 192
76 208
76 219
76 221
77 101
77 131
77 148
77 153
77 167
78 125
78 130
78 142
78 146
78 169
78 180
78 188
78 194
78 216
79 101
79 105
79 187
79 238
80 88
80 98
80 99
80 132
80 152
80 169
80 172
80 188
80 237
81 103
81 110
81 112
81 126
81 135
81 144
81 146
81 169
81 183
81 211
81 231
81 248
82 108
82 115
82 116
82 123
82 146
82 180
83 89
83 143
83 152
83 159
83 171
83 179
83 190
83 196
83 201
83 209
84 113
84 122
84 140
84 193
84 208
84 217
84 222
84 246
85 87
85 127
85 163
85 174
85 208
85 229
85 247
85 249
86 98
86 117
86 197
86 198
86 221
86 228
86 232
86 239
87 166
87 167
87 190
87 194
88 150
88 202
89 91
89 99
89 101
89 140
89 180
90 123
90 168
90 174
90 180
90 182
90 208
90 249
91 102
91 109
91 185
91 196
91 214
91 232
91 239
92 102
92 106
92 117
92 139
92 152
92 155
92 166
92 172
92 187
92 232
92 246
93 95
93 141
93 151
93 168
93 206
93 228
93 237
93 241
94 112
94 166
94 176
94 186
94 211
94 216
94 220
94 224
95 97
95 137
95 151
95 185
95 213
95 219
96 106
96 107
96 115
96 130
96 181
96 212
96 215
96 238
97 103
97 140
97 152
97 182
97 191
97 201
97 234
98 125
98 133
98 136
98 146
98 154
98 163
98 201
98 210
98 217
98 224
98 233
98 240
98 244
99 130
99 136
99 140
99 148
99 159
99 215
99 222
100 181
100 192
100 207
100 225
100 238
101 125
101 156
101 173
101 196
101 218
101 248
102 106
102 137
102 142
102 147
102 186
103 106
103 116
103 122
103 174
103 194
103 234
104 123
104 129
104 132
104 135
104 154
104 176
104 183
104 205
104 206
104 212
104 215
104 244
105 164
105 165
105 215
105 230
105 242
106 112
106 139
106 163
106 164
106 182
106 237
107 142
107 162
107 171
107 177
107 190
107 195
107 200
107 204
107 207
107 225
107 239
108 109
108 129
108 145
108 153
108 172
108 211
108 224
108 237
109 116
109 126
109 149
109 175
109 178
109 230
110 163
110 186
110 211
110 218
110 241
111 114
111 117
111 154
111 173
111 191
111 204
111 224
111 230
111 244
112 126
112 131
112 139
112 145
112 147
112 166
112 171
112 176
112 212
112 224
112 228
113 136
113 138
113 172
113 182
113 222
113 241
114 118
114 140
114 176
114 198
114 237
115 116
115 159
115 163
115 171
115 211
115 217
116 126
116 130
116 134
116 146
116 183
116 188
116 199
116 216
116 245
117 197
117 200
117 205
117 246
118 154
118 174
118 184
118 188
118 190
118 205
118 217
118 240
118 242
119 155
119 192
119 199
119 204
119 212
120 139
120 175
120 214
120 242
120 246
121 122
121 157
121 161
121 212
121 231
122 133
122 142
122 144
122 152
122 158
122 174
122 177
122 219
123 124
123 133
123 201
123 206
124 126
124 128
124 129
124 136
124 152
124 205
124 217
125 151
125 153
125 182
125 190
125 204
125 217
126 166
126 180
126 196
126 197
126 204
126 221
126 225
127 153
127 164
127 176
127 181
127 230
127 231
128 134
128 143
128 157
128 162
128 177
128 181
128 237
129 184
129 195
129 226
130 189
130 201
130 232
130 242
131 136
131 149
131 185
131 189
131 192
131 197
131 209
131 243
132 158
132 201
132 216
132 225
133 147
133 149
133 160
133 165
133 218
133 249
134 140
134 162
134 170
134 189
134 190
134 197
135 145
135 169
135 170
135 182
135 186
135 188
135 190
135 233
135 236
135 239
135 247
136 170
136 185
136 227
137 185
137 210
137 211
137 241
138 139
138 202
138 237
139 161
139 195
139 236
140 178
140 189
141 147
141 162
141 202
141 213
142 159
142 181
142 197
142 215
142 221
142 238
143 147
143 149
143 150
143 161
143 167
143 169
143 178
143 209
143 211
143 232
144 164
144 195
144 201
144 209
144 229
144 234
145 148
146 178
146 191
146 200
146 220
146 228
147 148
147 161
147 187
147 221
147 222
147 224
147 236
148 160
148 162
148 184
148 215
148 226
148 243
149 157
149 161
149 172
149 189
149 194
149 203
149 210
149 241
150 161
150 189
150 201
150 215
150 248
151 183
151 186
151 204
151 232
151 233
151 239
151 240
152 192
152 197
152 222
153 162
153 178
153 194
153 232
154 162
154 167
154 173
154 205
155 157
155 210
155 215
156 185
156 198
156 217
157 162
157 181
157 194
157 219
157 220
158 163
158 218
158 236
159 181
159 182
159 218
159 237
159 249
160 176
160 205
160 235
161 170
161 196
161 202
161 212
161 241
162 169
162 187
162 198
162 212
162 216
163 185
163 204
164 185
164 211
165 180
165 227
165 249
166 200
166 207
166 210
166 212
166 223
166 234
167 215
168 194
168 223
168 229
168 238
169 177
169 180
169 188
169 211
169 219
169 224
169 225
169 238
169 248
170 180
170 191
170 215
171 180
171 204
171 249
172 185
172 211
172 213
172 246
173 176
173 190
173 234
174 184
174 186
174 194
174 209
174 228
174 231
175 183
175 233
175 236
176 202
177 184
177 208
177 212
177 225
177 241
177 243
177 247
178 240
179 195
179 206
179 211
179 223
179 233
179 248
180 181
180 187
180 197
180 205
180 206
180 232
180 248
181 183
181 191
181 202
181 209
181 216
181 220
181 230
182 199
182 211
183 213
183 225
183 238
183 248
184 194
184 198
184 210
184 218
184 227
184 245
184 246
185 224
185 227
186 225
186 230
187 237
188 204
188 228
189 220
190 204
191 208
191 215
191 248
192 195
192 196
192 222
192 227
193 199
193 224
194 195
194 198
194 199
194 216
194 226
195 197
195 208
195 232
198 232
199 200
199 211
199 215
199 217
199 227
199 229
199 245
200 246
201 216
201 226
201 242
202 211
202 215
203 232
203 246
205 224
206 214
206 244
207 208
208 215
208 229
209 229
210 218
211 221
211 231
211 232
211 235
211 245
212 217
212 239
212 244
212 246
212 248
213 218
213 245
214 232
214 245
218 223
218 237
218 240
219 225
220 224
220 246
223 247
224 225
224 238
224 248
225 237
225 247
226 227
226 247
227 231
229 230
229 247
230 242
230 243
231 241
231 247
232 234
232 244
232 245
234 243
235 237
236 241
240 249
241 242
241 245
244 246
