0 6
0 11
0 59
0 80
0 91
0 93
0 100
0 114
0 115
0 130
0 148
0 152
0 156
0 162
0 187
0 193
0 197
0 200
0 208
0 217
0 231
1 11
1 29
1 30
1 38
1 41
1 47
1 49
1 90
1 120
1 127
1 143
1 146
1 152
1 160
1 164
1 183
1 194
1 196
1 224
1 227
1 231
1 238
2 15
2 17
2 80
2 82
2 93
2 112
2 116
2 147
2 149
2 169
2 204
2 217
3 15
3 19
3 32
3 38
3 52
3 53
3 65
3 72
3 80
3 87
3 96
3 109
3 114
3 115
3 148
3 159
3 168
3 174
3 199
3 203
3 212
3 223
3 228
3 229
3 233
3 243
4 7
4 21
4 29
4 37
4 43
4 71
4 72
4 75
4 79
4 91
4 94
4 101
4 147
4 159
4 173
4 213
4 230
4 235
4 243
4 246
5 8
5 11
5 24
5 37
5 51
5 81
5 82
5 84
5 89
5 95
5 98
5 118
5 124
5 127
5 138
5 139
5 142
5 175
5 178
5 221
5 224
5 235
5 242
5 249
6 11
6 25
6 44
6 55
6 57
6 59
6 78
6 79
6 80
6 88
6 108
6 113
6 134
6 136
6 141
6 148
6 151
6 154
6 172
6 195
6 204
6 212
6 214
6 230
6 238
7 17
7 36
7 55
7 68
7 94
7 99
7 184
7 191
7 201
7 203
7 224
7 230
7 241
7 249
8 13
8 14
8 26
8 27
8 31
8 35
8 37
8 41
8 47
8 48
8 61
8 67
8 95
8 107
8 189
8 215
9 20
9 35
9 80
9 83
9 105
9 111
9 112
9 115
9 135
9 175
9 176
9 197
9 203
9 216
9 229
9 239
10 23
10 36
10 47
10 51
10 54
10 61
10 63
10 80
10 103
10 113
10 150
10 163
10 177
10 199
10 212
10 229
10 246
11 12
11 25
11 49
11 50
11 62
11 81
11 93
11 99
11 114
11 125
11 126
11 128
11 143
11 159
11 169
11 172
11 180
11 216
11 224
12 32
12 43
12 44
12 47
12 56
12 84
12 87
12 89
12 91
12 106
12 107
12 129
12 171
12 175
12 176
12 183
12 203
12 207
12 227
13 21
13 39
13 56
13 81
13 98
13 100
13 104
13 115
13 130
13 160
13 166
13 177
13 192
13 193
13 201
13 219
13 222
13 234
13 240
13 242
13 243
14 29
14 33
14 37
14 51
14 57
14 81
14 91
14 123
14 128
14 213
14 214
14 216
14 224
15 18
15 23
15 41
15 77
15 88
15 98
15 115
15 124
15 136
15 151
15 160
15 162
15 173
15 210
15 215
15 221
15 224
15 226
15 235
15 244
15 246
16 50
16 68
16 72
16 76
16 81
16 103
16 108
16 114
16 127
16 130
16 131
16 134
16 136
16 153
16 157
16 159
16 178
16 179
16 203
16 222
16 227
17 29
17 36
17 73
17 82
17 97
17 120
17 127
17 136
17 137
17 149
17 163
17 197
17 228
18 23
18 49
18 50
18 93
18 119
18 124
18 125
18 132
18 157
18 172
18 182
18 194
18 207
18 241
19 49
19 55
19 56
19 59
19 71
19 85
19 89
19 91
19 99
19 108
19 112
19 121
19 151
19 157
19 184
19 210
19 218
19 228
19 246
20 24
20 26
20 43
20 49
20 71
20 74
20 82
20 90
20 113
20 150
20 154
20 158
20 171
20 175
20 198
20 212
20 213
20 226
21 42
21 58
21 70
21 73
21 89
21 100
21 101
21 108
21 120
21 215
21 219
21 235
21 239
22 36
22 38
22 43
22 46
22 49
22 65
22 72
22 78
22 79
22 106
22 117
22 118
22 120
22 128
22 131
22 146
22 165
22 184
22 191
22 197
22 211
22 249
23 27
23 51
23 52
23 65
23 66
23 74
23 80
23 91
23 120
23 122
23 143
23 151
23 168
23 171
23 174
23 178
23 192
23 206
23 228
23 239
23 241
23 246
23 247
24 63
24 78
24 100
24 108
24 126
24 150
24 152
24 172
24 191
24 206
24 219
24 220
24 244
24 248
25 47
25 48
25 49
25 51
25 68
25 89
25 93
25 101
25 104
25 110
25 114
25 118
25 139
25 153
25 167
25 172
25 173
25 190
25 191
25 194
25 197
25 235
25 249
26 32
26 58
26 67
26 72
26 98
26 105
26 108
26 114
26 117
26 138
26 139
26 163
26 175
26 189
26 205
26 229
26 249
27 45
27 57
27 60
27 61
27 62
27 89
27 95
27 102
27 110
27 112
27 115
27 141
27 156
27 160
27 163
27 178
27 185
27 186
27 200
27 210
27 215
27 220
27 227
28 31
28 74
28 85
28 104
28 114
28 131
28 135
28 145
28 165
28 171
28 189
28 207
28 209
28 214
28 228
28 238
29 41
29 79
29 80
29 81
29 90
29 99
29 124
29 129
29 134
29 143
29 164
29 179
29 186
29 191
29 194
29 199
29 219
29 228
29 242
29 249
30 57
30 58
30 65
30 71
30 82
30 96
30 113
30 152
30 155
30 177
30 183
30 187
30 193
30 196
30 198
30 213
30 222
30 249
31 32
31 34
31 36
31 48
31 98
31 104
31 135
31 145
31 154
31 178
31 180
31 186
31 191
31 204
31 218
31 228
31 229
31 245
32 55
32 59
32 64
32 69
32 71
32 83
32 90
32 105
32 115
32 117
32 139
32 159
32 163
32 166
32 188
32 197
32 207
32 208
32 236
32 241
32 247
33 55
33 72
33 75
33 77
33 80
33 91
33 93
33 103
33 113
33 126
33 135
33 199
34 35
34 40
34 51
34 70
34 77
34 84
34 91
34 95
34 128
34 135
34 142
34 157
34 177
34 199
34 211
34 229
34 236
34 239
34 242
35 67
35 71
35 75
35 85
35 87
35 101
35 147
35 154
35 157
35 159
35 186
35 188
35 203
35 211
35 231
36 37
36 44
36 55
36 58
36 93
36 94
36 114
36 121
36 127
36 147
36 165
36 169
36 174
36 194
36 199
36 202
36 203
36 204
36 226
36 230
36 233
36 246
37 67
37 107
37 112
37 117
37 132
37 146
37 153
37 156
37 178
37 180
37 203
37 211
37 227
37 244
37 245
37 248
37 249
38 39
38 56
38 67
38 72
38 89
38 90
38 91
38 108
38 110
38 130
38 159
38 161
38 194
38 199
38 214
38 215
38 221
38 223
38 230
38 243
39 51
39 52
39 58
39 74
39 79
39 81
39 110
39 143
39 145
39 146
39 147
39 165
39 180
39 192
39 194
39 238
39 244
39 247
40 62
40 77
40 93
40 99
40 110
40 111
40 113
40 165
40 179
40 183
40 186
40 187
40 204
40 206
40 216
40 222
40 232
40 242
41 54
41 58
41 72
41 86
41 88
41 90
41 98
41 115
41 123
41 130
41 138
41 144
41 146
41 153
41 172
41 194
41 209
41 213
41 249
42 44
42 71
42 74
42 109
42 112
42 126
42 138
42 153
42 170
42 178
42 196
42 199
42 205
42 206
42 210
42 211
42 217
42 228
43 52
43 58
43 66
43 81
43 82
43 85
43 86
43 96
43 115
43 127
43 131
43 138
43 140
43 142
43 170
43 172
43 173
43 178
43 191
43 198
43 207
43 216
44 63
44 79
44 84
44 92
44 104
44 114
44 162
44 185
44 203
44 239
44 243
44 245
44 249
45 54
45 57
45 59
45 77
45 80
45 81
45 106
45 109
45 125
45 127
45 145
45 147
45 176
45 184
45 188
45 190
45 192
45 193
45 200
45 201
45 217
45 223
45 226
46 54
46 60
46 105
46 106
46 116
46 129
46 130
46 140
46 148
46 163
46 166
46 169
46 174
46 182
46 187
46 202
46 239
47 54
47 62
47 65
47 97
47 132
47 140
47 144
47 147
47 159
47 187
47 208
47 228
47 229
47 247
48 56
48 67
48 74
48 78
48 87
48 101
48 104
48 107
48 148
48 164
48 165
48 181
48 189
48 191
48 193
48 195
48 209
48 220
48 237
48 244
49 51
49 70
49 75
49 76
49 84
49 88
49 96
49 103
49 128
49 136
49 153
49 181
49 184
49 185
49 187
49 197
49 214
49 245
50 74
50 76
50 104
50 129
50 132
50 133
50 134
50 143
50 145
50 148
50 189
50 200
50 220
50 242
50 248
51 54
51 59
51 61
51 65
51 73
51 79
51 87
51 91
51 93
51 94
51 96
51 105
51 107
51 116
51 128
51 153
51 159
51 178
51 179
51 189
51 195
51 215
51 221
51 240
52 61
52 67
52 88
52 91
52 101
52 107
52 112
52 125
52 132
52 147
52 161
52 169
52 190
52 224
52 239
53 96
53 100
53 111
53 142
53 154
53 171
53 174
53 203
53 209
53 218
53 241
54 66
54 68
54 72
54 126
54 132
54 143
54 145
54 150
54 187
54 191
54 195
54 212
55 59
55 64
55 72
55 75
55 85
55 97
55 99
55 106
55 143
55 150
55 157
55 167
55 189
55 192
55 196
55 206
55 211
55 236
55 249
56 65
56 72
56 92
56 93
56 98
56 103
56 158
56 177
56 194
56 213
56 222
56 242
56 247
57 68
57 73
57 77
57 100
57 106
57 109
57 114
57 127
57 136
57 151
57 164
57 174
57 179
57 182
57 183
57 195
57 201
57 243
57 246
57 248
58 78
58 97
58 106
58 112
58 141
58 146
58 148
58 156
58 189
58 207
58 229
58 231
58 247
59 70
59 78
59 91
59 106
59 118
59 127
59 131
59 132
59 149
59 176
59 190
59 201
59 229
59 240
60 66
60 67
60 85
60 89
60 103
60 110
60 136
60 157
60 177
60 186
60 189
60 191
60 204
60 234
60 242
60 244
60 249
61 76
61 81
61 114
61 116
61 118
61 119
61 135
61 145
61 178
61 179
61 211
61 234
62 66
62 71
62 79
62 80
62 86
62 92
62 113
62 119
62 151
62 155
62 171
62 172
62 180
62 198
62 202
62 209
62 211
62 223
62 231
62 242
62 248
63 70
63 85
63 94
63 107
63 111
63 112
63 115
63 119
63 125
63 126
63 144
63 167
63 170
63 190
63 233
64 74
64 79
64 89
64 97
64 105
64 108
64 115
64 116
64 119
64 127
64 132
64 148
64 149
64 161
64 178
64 190
64 210
64 211
64 217
64 239
65 66
65 97
65 109
65 129
65 130
65 140
65 147
65 150
65 158
65 171
65 207
65 227
65 234
65 240
66 74
66 82
66 95
66 104
66 126
66 142
66 152
66 156
66 164
66 171
66 176
66 189
66 193
66 197
66 229
66 236
66 240
67 69
67 83
67 89
67 113
67 136
67 175
67 190
67 215
67 228
67 232
67 241
68 82
68 88
68 93
68 112
68 113
68 133
68 143
68 152
68 159
68 179
68 181
68 193
68 214
68 227
69 74
69 83
69 98
69 107
69 123
69 155
69 157
69 176
69 202
69 218
69 220
69 222
69 225
69 227
69 238
70 74
70 78
70 87
70 95
70 157
70 161
70 166
70 175
70 177
70 181
70 183
70 190
70 192
70 207
70 208
70 214
70 225
70 229
70 243
71 89
71 108
71 111
71 119
71 120
71 126
71 127
71 140
71 146
71 169
71 177
71 205
71 220
71 230
71 245
72 74
72 104
72 112
72 123
72 141
72 167
72 194
72 200
72 202
72 203
72 225
73 88
73 90
73 105
73 148
73 169
73 175
73 178
73 183
73 194
73 196
73 201
73 205
73 223
73 224
73 234
73 243
73 247
74 117
74 120
74 127
74 172
74 183
74 186
74 188
74 213
74 249
75 91
75 111
75 113
75 123
75 136
75 151
75 154
75 166
75 171
75 178
75 224
75 229
75 231
75 234
75 242
76 86
76 89
76 106
76 124
76 144
76 147
76 156
76 159
76 173
76 174
76 206
76 208
76 247
77 84
77 108
77 114
77 126
77 131
77 160
77 208
77 210
77 211
77 234
77 242
77 248
78 81
78 108
78 110
78 129
78 140
78 141
78 154
78 163
78 164
78 189
78 197
78 218
78 219
78 242
78 246
79 91
79 101
79 104
79 106
79 140
79 148
79 158
79 207
79 210
79 212
79 222
79 236
79 241
80 88
80 105
80 109
80 140
80 142
80 143
80 151
80 169
80 172
80 180
80 181
80 184
80 186
80 191
80 195
80 203
80 215
80 218
80 226
80 238
80 242
81 87
81 94
81 116
81 119
81 123
81 130
81 161
81 166
81 177
81 181
81 187
81 192
81 213
81 223
81 231
82 121
82 128
82 167
82 195
82 221
82 225
82 235
82 241
83 95
83 100
83 119
83 128
83 131
83 140
83 145
83 148
83 154
83 175
83 178
83 185
83 198
83 199
83 202
83 219
83 229
83 236
83 243
83 245
84 91
84 107
84 114
84 140
84 157
84 161
84 177
84 186
84 192
84 194
84 198
84 207
84 212
84 215
84 233
84 237
84 241
85 87
85 99
85 103
85 147
85 151
85 154
85 170
85 176
85 181
85 188
85 199
85 208
85 242
86 94
86 107
86 126
86 132
86 180
86 182
86 216
86 219
86 243
87 98
87 115
87 117
87 130
87 161
87 192
87 200
87 204
87 206
87 218
88 124
88 131
88 139
88 141
88 151
88 161
88 162
88 164
88 186
88 191
88 197
88 201
88 215
88 226
88 236
88 239
89 121
89 128
89 132
89 162
89 214
89 219
89 233
89 246
90 99
90 101
90 119
90 122
90 133
90 164
90 172
90 173
90 175
90 180
90 200
90 211
90 219
90 241
91 94
91 115
91 116
91 135
91 161
91 201
91 208
91 219
91 230
91 244
92 144
92 149
92 150
92 153
92 170
92 173
92 177
92 178
92 194
92 200
92 227
92 228
92 230
92 236
93 111
93 112
93 113
93 160
93 165
93 180
93 207
93 211
93 214
93 229
93 238
94 96
94 101
94 102
94 119
94 132
94 147
94 163
94 184
95 102
95 152
95 165
95 184
95 185
95 195
95 221
95 229
95 242
95 243
96 102
96 123
96 129
96 145
96 170
96 176
96 193
96 231
96 248
97 106
97 141
97 153
97 161
97 164
97 189
97 194
97 199
97 207
97 214
97 216
97 223
97 237
97 239
97 245
98 101
98 109
98 110
98 113
98 120
98 124
98 125
98 127
98 148
98 177
98 182
98 204
98 241
98 249
99 117
99 119
99 126
99 152
99 157
99 162
99 163
99 169
99 171
99 185
99 217
100 113
100 116
100 119
100 124
100 127
100 162
100 167
100 168
100 176
100 195
100 217
100 222
100 238
100 246
101 121
101 124
101 128
101 134
101 141
101 153
101 166
101 195
101 200
101 205
101 217
101 225
101 229
102 105
102 123
102 132
102 141
102 147
102 157
102 169
102 177
102 195
102 206
102 225
102 231
102 234
102 237
102 239
103 130
103 151
103 175
103 181
103 191
103 192
103 194
103 199
103 214
103 230
103 237
103 241
103 245
104 122
104 143
104 171
104 175
104 196
104 208
104 230
105 114
105 115
105 135
105 140
105 169
105 186
105 205
105 216
105 224
105 238
105 249
106 120
106 164
106 173
106 191
106 198
106 218
106 236
106 242
107 113
107 127
107 130
107 145
107 174
107 181
107 203
107 215
107 236
107 248
108 116
108 120
108 123
108 127
108 131
108 134
108 148
108 182
108 184
108 190
108 194
108 211
108 213
108 218
108 219
108 225
109 112
109 113
109 150
109 164
109 167
109 174
109 182
109 212
109 227
110 141
110 165
110 195
110 208
110 217
110 225
110 228
111 128
111 129
111 148
111 169
111 175
111 176
111 178
111 188
111 200
111 204
111 207
111 208
111 216
111 217
111 247
112 118
112 122
112 129
112 135
112 137
112 139
112 153
112 157
112 169
112 173
112 195
112 213
112 222
112 224
112 225
112 232
113 122
113 130
113 145
113 148
113 152
113 157
113 177
113 185
113 210
113 212
113 214
113 215
113 235
113 238
114 135
114 161
114 179
114 186
114 197
114 206
114 209
114 215
114 228
114 239
115 119
115 121
115 129
115 131
115 139
115 140
115 147
115 192
115 197
115 203
115 215
115 223
115 225
115 234
115 245
115 248
116 122
116 150
116 154
116 168
116 186
116 191
116 198
116 199
116 206
116 220
116 221
116 224
117 119
117 132
117 134
117 145
117 147
117 150
117 157
117 165
117 169
117 174
117 213
117 214
117 218
117 225
117 226
117 227
118 157
118 158
118 159
118 163
118 189
118 193
118 207
118 210
118 220
118 224
118 232
118 238
119 125
119 131
119 143
119 165
119 211
119 230
119 231
119 245
120 134
120 138
120 173
120 189
120 195
120 204
120 216
120 233
120 248
121 175
121 182
121 186
121 196
121 212
121 215
121 221
121 229
121 237
121 241
121 249
122 135
122 140
122 158
122 161
122 176
122 183
122 188
122 189
122 190
122 193
122 200
122 212
122 224
122 230
123 126
123 132
123 146
123 166
123 186
123 188
123 194
123 197
123 205
123 209
123 219
123 224
123 227
124 135
124 145
124 169
124 173
124 198
124 202
124 206
124 209
124 233
125 133
125 155
125 157
125 162
125 168
125 171
125 185
125 188
125 199
125 213
125 227
125 238
126 153
126 164
126 172
126 193
126 194
126 213
126 217
126 238
127 136
127 161
127 163
127 165
127 185
127 199
127 204
127 220
127 227
127 240
127 241
127 248
128 133
128 150
128 156
128 163
128 186
128 201
128 216
128 230
128 236
128 239
129 188
129 191
129 223
130 149
130 156
130 176
130 178
130 179
130 180
130 198
130 223
130 229
130 232
130 241
130 249
131 153
131 182
131 189
131 211
131 217
131 226
131 233
131 242
131 245
132 136
132 151
132 173
132 176
132 210
132 242
133 151
133 153
133 172
133 185
133 214
133 238
133 242
133 245
134 151
134 163
134 168
134 170
134 197
134 203
134 223
134 235
134 236
134 237
134 238
135 138
135 143
135 147
135 152
135 166
135 170
135 173
135 183
135 192
135 202
135 206
135 211
135 243
135 249
136 147
136 152
136 153
136 156
136 157
136 207
137 153
137 155
137 172
137 174
137 175
137 176
137 190
137 191
137 203
137 223
137 229
137 244
138 145
138 158
138 165
138 181
138 228
138 229
138 236
138 249
139 180
139 186
139 205
139 247
140 146
140 155
140 159
140 164
140 167
140 230
141 145
141 148
141 162
141 196
141 215
141 221
141 222
141 228
141 249
142 176
142 184
142 194
142 211
142 216
142 246
143 160
143 165
143 167
143 181
143 182
143 198
143 210
143 231
143 237
144 169
144 192
144 199
144 208
144 225
144 241
145 171
145 181
145 187
145 196
145 202
145 211
145 228
146 152
146 155
146 167
146 191
146 203
146 210
146 245
147 154
147 156
147 162
147 166
147 173
147 180
147 202
147 221
147 225
148 170
148 209
148 212
148 220
148 239
149 156
149 162
149 169
149 174
149 181
149 187
149 209
149 222
149 241
149 246
150 155
150 165
150 180
150 249
151 172
151 218
151 227
151 233
151 236
151 240
152 160
152 219
152 238
152 244
152 249
153 191
153 229
153 242
154 172
154 175
154 177
154 182
154 188
154 196
154 199
154 236
154 239
155 198
155 209
155 218
155 232
156 161
156 178
156 198
156 206
156 224
156 225
156 228
157 161
157 169
157 170
157 177
157 179
157 188
157 189
157 193
157 203
157 210
157 212
157 241
157 248
158 159
158 190
158 223
158 228
158 237
158 241
158 248
159 181
159 182
159 185
159 186
159 194
159 198
159 210
159 211
159 221
159 235
159 236
159 237
159 239
160 180
160 184
160 196
160 213
160 224
160 244
161 187
161 194
161 196
161 233
161 236
161 247
162 166
162 187
162 215
162 217
162 218
162 220
162 234
163 175
163 176
163 177
163 206
163 216
163 219
163 239
163 246
164 171
164 177
164 184
164 185
164 224
164 228
164 241
164 244
165 167
165 174
165 175
165 176
165 181
165 193
165 195
165 202
165 226
165 229
165 235
165 240
166 179
166 182
166 186
166 195
166 197
167 168
167 180
167 184
167 188
167 199
167 214
167 221
167 228
167 231
168 205
168 207
168 210
168 215
168 246
169 171
169 186
169 218
170 191
170 192
170 242
171 222
171 226
171 236
171 239
172 178
172 191
172 202
173 179
173 208
173 217
173 224
173 247
174 191
174 210
174 235
174 236
174 239
174 248
175 178
175 203
175 216
175 226
175 246
176 187
176 194
176 209
176 219
176 222
176 229
177 185
177 208
177 212
177 230
178 179
178 186
178 188
178 206
178 217
179 181
179 210
179 214
179 233
180 196
180 204
180 247
181 191
181 217
181 228
182 215
182 217
182 238
182 244
182 247
183 184
183 185
183 187
183 197
183 202
184 190
184 194
184 208
184 220
184 226
184 228
184 237
184 248
185 189
185 192
185 196
185 206
185 228
185 232
186 234
186 237
187 188
187 208
187 239
187 241
187 245
188 190
188 230
188 234
189 192
189 197
189 212
189 217
189 225
189 227
189 231
190 201
190 207
190 212
190 221
190 222
190 233
190 236
190 242
191 227
191 235
191 242
192 198
192 216
192 221
192 237
193 233
193 245
194 217
194 223
194 224
194 241
194 242
195 212
195 219
195 231
195 241
196 220
196 236
197 210
197 221
197 223
197 228
197 232
198 213
198 214
198 221
198 222
198 247
199 204
199 226
199 231
199 237
200 205
200 234
201 210
201 217
201 222
201 233
201 234
202 219
202 226
202 235
202 238
202 249
203 220
203 232
204 220
204 246
205 216
205 218
205 219
205 228
205 235
205 247
206 208
206 209
206 210
206 219
206 238
206 248
207 208
207 218
207 222
207 244
208 233
209 221
209 233
209 241
209 247
210 217
210 224
211 247
211 249
212 216
212 226
212 247
213 214
213 217
213 239
214 229
214 246
215 219
215 233
215 235
215 242
216 231
217 218
217 220
217 221
217 223
217 235
218 233
218 237
218 246
219 234
220 225
220 243
220 248
222 225
223 227
223 238
224 240
224 244
224 249
225 245
226 229
227 235
227 238
228 241
229 232
229 238
229 244
231 241
231 244
232 244
233 242
233 244
234 237
235 236
235 240
235 244
236 243
237 245
238 241
238 248
239 240
241 245
241 249
242 245
243 244
243 248
244 246
245 249
248 249
