0 13
0 45
0 125
0 169
0 183
0 186
0 207
1 4
1 6
1 23
1 61
1 80
1 100
1 108
1 126
1 136
1 144
1 145
1 147
1 160
1 168
1 170
1 200
1 217
2 20
2 25
2 32
2 37
2 43
2 48
2 56
2 62
2 119
2 130
2 152
2 163
2 177
2 178
2 181
2 197
2 240
3 28
3 48
3 77
3 78
3 129
3 134
3 139
3 176
3 213
4 36
4 41
4 66
4 93
4 105
4 111
4 118
4 123
4 148
4 180
4 186
4 214
4 235
5 60
5 66
5 86
5 103
5 111
5 112
5 131
5 136
5 178
5 180
5 189
5 197
5 198
5 210
5 214
5 223
5 228
5 229
5 242
6 14
6 116
6 120
6 125
6 136
6 141
6 150
6 161
6 169
6 207
6 233
7 34
7 70
7 93
7 103
7 123
7 149
7 155
7 165
7 173
7 183
7 193
7 202
7 208
8 31
8 38
8 73
8 80
8 83
8 102
8 108
8 126
8 168
8 176
8 195
8 203
8 249
9 37
9 75
9 87
9 94
9 149
9 190
9 198
9 232
10 33
10 43
10 55
10 69
10 86
10 95
10 104
10 164
10 179
10 231
10 234
10 244
11 38
11 42
11 51
11 96
11 132
11 166
11 176
11 188
11 194
11 222
11 236
11 240
11 245
12 19
12 40
12 49
12 75
12 96
12 120
12 138
12 166
12 202
12 222
13 18
13 21
13 37
13 65
13 103
13 122
13 165
13 206
13 207
13 218
13 243
14 25
14 27
14 51
14 61
14 67
14 92
14 138
14 142
14 156
14 211
14 229
14 231
14 243
15 39
15 52
15 76
15 119
15 147
15 164
15 167
15 193
15 222
16 29
16 32
16 53
16 54
16 55
16 59
16 66
16 78
16 104
16 139
16 140
16 198
16 217
16 229
16 233
16 241
17 66
17 76
17 92
17 94
17 138
17 141
17 156
17 168
17 180
17 208
17 217
17 221
17 232
17 235
17 243
17 246
18 84
18 108
18 121
18 170
18 178
18 198
18 216
18 217
18 225
19 59
19 103
19 108
19 119
19 121
19 125
19 127
19 138
19 139
19 171
19 189
19 228
19 232
19 247
19 248
20 62
20 87
20 107
20 109
20 115
20 126
20 131
20 136
20 186
20 207
20 208
20 211
20 222
20 243
21 24
21 46
21 54
21 64
21 86
21 96
21 112
21 163
21 167
21 175
21 206
21 214
21 215
21 248
22 51
22 83
22 119
22 145
22 148
22 149
22 195
22 199
22 203
23 32
23 47
23 65
23 129
23 141
23 157
23 170
23 213
24 37
24 47
24 82
24 150
24 169
24 193
24 225
24 229
24 232
24 234
25 56
25 73
25 88
25 91
25 95
25 106
25 126
25 134
25 174
25 182
25 187
25 204
25 208
25 246
26 38
26 40
26 112
26 124
26 134
26 138
26 167
26 171
26 175
26 178
26 201
26 203
26 247
27 42
27 52
27 85
27 106
27 109
27 133
27 185
27 190
27 200
27 206
27 218
27 220
27 244
28 44
28 71
28 77
28 85
28 108
28 134
28 136
28 141
28 154
28 216
28 241
29 31
29 35
29 49
29 56
29 63
29 74
29 140
29 163
29 169
29 184
29 189
29 200
29 217
29 228
29 232
29 238
29 241
29 248
30 50
30 51
30 70
30 85
30 129
30 151
30 157
30 186
30 200
30 206
30 219
30 230
30 234
31 49
31 50
31 60
31 102
31 110
31 140
31 145
31 152
31 163
31 175
31 180
31 210
31 225
31 236
32 33
32 37
32 64
32 80
32 97
32 134
32 144
32 154
32 156
32 158
32 174
32 182
32 210
33 44
33 58
33 91
33 109
33 123
33 126
33 179
33 249
34 70
34 103
34 117
34 137
34 189
34 192
34 195
34 201
35 40
35 42
35 46
35 57
35 67
35 92
35 117
35 118
35 125
35 130
35 150
35 197
35 201
36 51
36 54
36 55
36 58
36 83
36 88
36 101
36 113
36 114
36 125
36 165
36 189
36 229
36 233
36 237
37 76
37 94
37 98
37 129
37 150
37 167
37 181
37 205
37 227
37 236
37 246
38 44
38 55
38 61
38 66
38 80
38 87
38 88
38 135
38 143
38 159
38 178
38 203
38 210
38 234
38 237
38 244
39 53
39 70
39 77
39 85
39 107
39 124
39 134
39 138
39 148
39 152
39 178
39 236
39 239
39 241
39 242
39 244
40 52
40 74
40 100
40 103
40 110
40 139
40 161
40 176
40 182
40 189
40 203
40 220
41 72
41 76
41 93
41 112
41 127
41 157
41 177
41 237
42 47
42 51
42 52
42 59
42 64
42 70
42 85
42 97
42 98
42 134
42 148
42 201
42 236
43 124
43 148
43 159
43 164
43 171
43 172
43 227
44 46
44 69
44 88
44 149
44 153
44 170
44 207
44 211
44 216
44 232
44 235
45 81
45 94
45 171
45 230
45 249
46 66
46 89
46 118
46 126
46 157
46 187
46 208
46 213
46 234
46 242
46 245
47 90
47 113
47 166
47 168
47 175
47 191
47 204
47 211
47 231
47 237
48 62
48 76
48 129
48 139
48 157
48 180
48 226
48 227
49 69
49 81
49 122
49 129
49 152
49 168
49 174
49 176
49 177
49 184
49 190
50 52
50 58
50 69
50 81
50 93
50 102
50 138
50 149
50 158
50 186
50 193
50 205
50 233
50 240
51 61
51 66
51 74
51 119
51 143
51 150
51 162
51 165
51 231
52 70
52 89
52 117
52 129
52 138
52 205
52 207
52 209
52 233
53 94
53 147
53 200
53 213
53 220
53 247
54 89
54 96
54 130
54 144
54 156
54 159
54 164
54 177
54 188
54 218
54 222
54 226
54 237
54 242
54 247
54 248
55 85
55 88
55 90
55 123
55 165
55 174
55 216
55 222
55 236
55 240
55 241
55 247
56 70
56 81
56 88
56 90
56 92
56 98
56 114
56 115
56 121
56 130
56 178
56 181
56 202
56 207
56 208
56 214
56 241
57 71
57 73
57 90
57 109
57 213
57 225
58 77
58 103
58 106
58 139
58 164
58 165
58 171
58 242
59 71
59 88
59 100
59 117
59 138
59 150
59 164
59 167
59 181
59 204
59 205
59 208
59 221
59 235
59 236
60 72
60 114
60 127
61 88
61 89
61 97
61 102
61 103
61 141
61 153
61 162
61 199
61 200
61 230
61 234
61 245
62 73
62 88
62 110
62 115
62 155
62 157
62 159
62 183
62 230
63 65
63 70
63 75
63 76
63 82
63 84
63 90
63 136
63 214
63 227
63 235
64 68
64 108
64 110
64 117
64 127
64 134
64 146
64 163
64 189
64 241
64 248
65 85
65 91
65 121
65 158
65 172
65 176
65 177
65 182
65 184
65 189
65 210
65 227
65 234
65 240
66 72
66 87
66 97
66 116
66 117
66 148
66 156
66 167
66 209
66 234
66 245
67 79
67 83
67 106
67 111
67 115
67 131
67 157
67 167
67 208
68 105
68 110
68 135
68 137
68 176
68 189
68 201
68 249
69 86
69 92
69 98
69 127
69 204
69 226
69 244
69 247
70 78
70 102
70 113
70 127
70 132
70 150
70 224
71 73
71 89
71 94
71 106
71 116
71 119
71 128
71 133
71 134
71 137
71 140
71 149
71 156
71 157
71 169
71 190
71 199
71 202
71 218
71 223
71 236
72 81
72 89
72 94
72 120
72 158
72 159
72 167
72 170
72 188
72 195
72 229
73 101
73 104
73 136
73 140
73 195
73 208
73 211
73 216
74 79
74 89
74 93
74 109
74 156
74 157
74 170
74 197
74 201
75 97
75 109
75 124
75 138
75 155
75 188
75 205
75 223
75 228
75 234
75 238
75 239
75 241
76 83
76 122
76 135
76 142
76 167
76 212
76 220
76 238
76 241
76 244
77 120
77 122
77 130
77 176
77 180
77 203
77 220
78 80
78 84
78 86
78 89
78 98
78 119
78 128
78 133
78 164
78 175
78 193
78 238
79 85
79 99
79 150
79 178
79 183
79 204
79 210
79 231
79 238
79 241
80 94
80 108
80 111
80 117
80 119
80 135
80 182
80 234
80 237
80 247
81 82
81 103
81 125
81 137
81 141
81 152
81 158
81 159
81 173
81 187
81 200
81 215
82 121
82 159
82 170
82 175
82 187
82 211
82 226
82 248
83 99
83 161
83 172
83 205
83 207
83 208
83 215
83 239
83 247
84 86
84 97
84 107
84 120
84 134
84 155
84 169
84 234
84 241
84 246
85 108
85 138
85 164
85 178
85 201
85 232
86 94
86 99
86 158
86 213
86 214
86 234
87 112
87 118
87 120
87 132
87 136
87 176
87 187
87 191
87 200
87 204
87 214
87 216
87 220
87 228
88 109
88 116
88 124
88 150
88 168
88 173
88 177
88 179
88 241
88 247
89 104
89 116
89 149
89 176
89 244
90 109
90 126
90 142
90 151
90 167
90 183
90 220
90 234
91 99
91 131
91 230
92 96
92 103
92 115
92 121
92 140
92 154
92 161
92 183
92 215
92 228
93 96
93 103
93 109
93 113
93 130
93 135
93 151
93 153
93 201
93 204
93 225
93 248
94 95
94 100
94 110
94 134
94 150
94 169
94 183
94 185
94 186
94 214
94 219
94 234
95 97
95 110
95 112
95 136
95 156
95 168
95 212
95 224
95 235
96 107
96 123
96 128
96 163
96 177
96 184
96 203
96 235
96 241
97 99
97 101
97 105
97 117
97 146
97 161
97 188
97 214
97 246
98 105
98 127
98 128
98 186
98 214
98 217
99 109
99 148
99 182
99 202
99 203
99 229
100 108
100 126
100 145
100 156
100 158
100 208
100 249
101 163
101 183
101 186
101 199
101 212
101 248
102 111
102 126
102 127
102 136
102 162
102 169
102 174
102 181
102 191
102 202
102 237
102 247
103 105
103 120
103 166
103 194
103 195
103 205
103 221
103 233
103 240
104 121
104 124
104 162
104 206
104 224
105 112
105 133
105 137
105 143
105 151
105 162
105 171
105 197
105 216
105 220
105 240
106 114
106 138
106 139
106 145
106 157
106 163
106 168
106 222
106 230
106 243
106 246
107 122
107 138
107 143
107 168
107 197
107 200
107 201
107 212
107 238
107 244
107 246
108 109
108 124
108 147
108 170
108 171
108 174
108 179
108 182
108 186
108 190
108 224
108 242
109 122
109 183
109 185
109 196
109 221
110 154
110 175
110 177
110 209
111 122
111 134
111 165
111 180
111 182
111 190
111 225
111 235
112 131
112 174
112 179
112 214
112 237
112 240
113 129
113 177
113 207
113 219
113 233
114 142
114 182
114 201
114 212
114 235
114 239
115 136
115 178
115 194
115 199
115 210
115 216
115 244
115 249
116 133
116 143
116 147
116 156
116 162
116 203
116 208
117 138
117 157
117 172
117 184
117 205
117 229
117 242
118 161
118 168
118 179
118 188
118 244
118 246
119 139
119 196
119 198
119 200
119 214
119 216
120 146
120 162
120 163
120 174
120 177
120 198
120 204
120 228
120 231
120 233
120 246
121 132
121 155
121 160
122 148
122 169
122 183
122 204
122 209
122 217
122 219
122 238
122 239
122 241
123 135
123 140
123 160
123 208
123 211
123 221
124 150
124 155
124 162
124 182
124 199
124 202
124 216
124 246
125 152
125 160
125 166
125 185
125 194
125 241
126 157
126 184
126 197
126 205
126 232
126 246
127 130
127 146
127 164
127 169
127 174
127 178
127 181
127 192
127 193
127 242
128 144
128 145
128 150
128 167
128 171
128 177
128 236
128 238
129 130
129 150
129 155
129 166
129 188
129 197
129 210
129 221
130 158
130 159
130 161
130 182
130 212
130 242
130 248
131 151
131 168
131 176
131 179
131 212
131 218
131 223
131 243
131 245
132 137
132 145
132 165
132 174
132 186
132 188
132 195
132 226
132 239
133 146
133 149
133 161
133 164
133 196
133 202
133 224
134 138
134 140
134 143
134 156
134 158
134 171
134 182
134 187
134 230
135 145
135 165
135 208
135 213
135 226
135 241
136 148
136 186
136 235
136 238
136 245
137 143
137 145
137 156
137 187
137 191
137 198
137 212
137 220
137 224
138 139
138 188
138 221
138 238
138 240
138 249
139 151
139 159
139 184
139 188
139 193
139 194
139 213
139 227
139 228
139 240
140 154
140 173
140 211
140 231
140 238
141 154
141 157
141 195
141 204
141 216
141 225
141 230
142 171
142 179
142 195
142 215
142 217
142 220
143 168
143 180
143 193
143 213
143 241
143 243
144 157
144 158
144 178
144 193
144 225
144 231
145 180
145 234
145 241
146 157
146 161
146 176
146 204
146 214
146 249
147 152
147 164
147 187
147 190
147 212
148 151
148 155
148 180
148 196
148 227
149 153
149 190
149 207
149 208
149 209
149 226
150 184
150 216
150 224
151 155
151 161
151 177
151 190
151 207
151 208
151 215
151 218
151 232
152 153
152 182
152 196
152 207
152 208
152 244
153 160
153 166
153 191
153 220
153 221
154 218
154 237
155 168
155 190
155 207
155 229
156 159
156 179
156 186
156 206
156 229
156 233
156 244
157 159
157 160
157 186
157 235
157 241
158 161
158 174
158 186
158 232
159 175
159 200
159 208
159 235
159 245
160 165
160 174
160 183
161 163
161 183
161 243
162 173
162 184
162 198
162 206
162 211
162 212
162 243
163 195
163 211
163 242
164 168
164 176
164 178
164 234
164 238
164 245
165 166
165 179
165 207
165 220
166 191
166 212
166 226
166 245
167 208
167 211
167 239
167 242
168 178
168 224
169 170
169 176
169 185
169 192
169 199
169 210
169 216
169 218
170 181
170 193
170 222
170 240
171 231
172 178
172 239
172 244
172 245
173 191
173 199
173 245
174 184
174 186
174 206
174 211
175 199
175 205
175 248
176 191
176 210
176 218
176 223
176 231
177 180
177 194
177 218
177 224
177 247
178 183
178 238
179 189
179 212
179 222
179 231
179 245
180 196
180 210
180 221
181 195
181 203
181 224
181 241
181 249
182 241
182 245
183 190
183 202
183 219
183 221
184 201
184 205
185 194
186 191
186 205
186 214
186 222
187 201
187 221
187 229
187 233
188 190
188 196
188 218
188 240
189 235
190 218
190 221
190 235
191 197
191 202
191 228
192 212
192 226
193 196
193 204
193 231
194 195
194 219
194 233
195 203
195 232
195 236
196 206
196 225
196 234
196 247
197 239
197 248
198 248
199 202
199 215
200 201
200 204
200 225
200 228
200 231
201 211
202 216
202 222
202 226
202 232
202 241
203 218
203 224
203 237
204 211
204 225
204 233
204 234
204 238
204 241
205 234
206 235
206 238
206 248
207 220
208 229
208 230
208 235
208 244
209 230
209 242
210 233
210 241
210 242
210 247
211 220
211 230
212 220
213 232
213 239
213 247
214 229
214 237
215 221
215 237
216 220
216 226
217 235
217 244
218 224
218 226
219 220
219 247
220 227
220 230
220 238
221 225
221 235
221 240
222 227
222 228
222 236
222 240
223 239
225 235
228 247
230 235
230 236
231 232
232 239
233 234
234 246
237 249
238 241
238 248
242 244
242 246
