0 17
0 47
0 52
0 148
0 169
0 174
0 183
1 7
1 20
1 37
1 47
1 76
1 126
1 138
1 163
1 202
1 206
1 244
1 245
2 51
2 75
2 78
2 80
2 235
3 25
3 56
3 92
3 93
3 113
3 137
3 140
3 164
3 165
3 169
4 15
4 59
4 102
4 179
4 186
4 216
4 223
5 113
5 159
5 173
5 197
6 16
6 120
6 174
6 196
6 200
6 230
7 39
7 57
7 88
7 93
7 202
8 28
8 71
8 105
8 136
8 158
8 224
9 73
9 82
9 87
9 89
9 113
9 163
9 170
10 16
10 35
10 74
10 173
10 191
10 206
11 20
11 156
11 176
11 242
12 49
12 70
12 126
12 146
12 249
13 56
13 92
13 99
13 114
13 154
14 21
14 110
14 114
14 115
15 28
15 37
15 62
15 96
15 242
15 243
16 24
16 39
16 74
16 182
16 187
16 206
17 64
17 73
17 249
18 38
18 201
19 22
19 29
19 57
19 126
19 178
19 184
20 63
20 134
20 151
20 208
20 226
21 34
21 53
21 173
21 193
21 205
22 95
22 183
22 222
23 36
23 152
23 165
23 169
23 189
24 84
24 94
24 149
24 151
24 162
24 225
25 37
25 68
25 92
25 143
25 146
25 187
25 195
25 199
25 237
25 240
26 27
26 66
26 94
26 115
26 158
26 247
27 214
27 248
28 35
28 63
28 82
28 100
28 115
28 152
28 184
28 238
28 241
29 45
29 54
29 104
29 131
30 136
30 208
30 249
31 39
31 49
31 65
31 140
31 147
31 187
32 39
32 102
32 123
32 129
32 191
33 92
33 117
33 121
33 163
33 171
33 192
33 209
33 221
34 83
34 131
34 136
34 154
34 186
34 204
34 244
34 248
35 47
35 57
35 79
35 136
36 202
36 205
36 216
37 122
37 127
37 134
37 162
37 179
37 220
37 249
38 40
38 48
38 139
38 148
38 193
39 78
39 121
39 172
39 190
39 201
40 73
40 120
40 147
40 203
40 221
40 239
41 101
41 124
41 153
42 85
42 93
42 106
42 148
42 209
42 210
42 230
43 66
43 143
43 155
44 98
44 178
44 189
45 62
45 70
45 82
45 93
45 152
45 185
45 246
46 92
46 93
46 94
46 119
46 144
46 233
47 60
47 76
47 90
47 153
47 164
47 214
48 93
48 116
48 144
48 173
49 128
49 180
50 58
50 66
50 84
50 96
50 111
50 124
50 139
50 187
50 188
50 204
50 233
51 77
51 166
51 182
51 201
51 240
52 84
52 92
52 187
52 225
52 227
53 99
53 119
53 248
54 63
54 82
54 95
54 102
54 128
54 168
54 233
54 245
55 135
55 148
55 158
55 189
55 223
56 81
56 92
56 152
56 175
57 60
57 78
57 143
57 175
57 209
58 81
58 88
58 109
58 225
58 242
59 69
59 71
59 93
59 162
59 214
59 243
60 102
60 124
60 126
60 132
60 157
60 192
61 119
61 128
61 130
62 68
63 143
63 150
63 184
63 228
64 72
64 100
64 119
64 145
64 188
64 229
65 92
65 109
65 150
65 156
65 169
65 211
65 230
65 245
66 67
66 75
66 81
66 83
66 207
66 217
66 234
67 71
67 94
67 96
67 123
67 168
67 233
67 243
68 106
68 132
68 175
68 236
69 117
69 169
69 234
70 164
70 174
70 189
70 232
71 76
71 149
72 134
72 164
72 199
72 234
73 87
73 112
73 115
73 127
73 175
74 135
74 184
74 196
75 98
75 109
75 115
76 203
76 230
76 234
77 81
77 151
77 163
77 221
78 85
78 95
79 152
79 159
79 163
79 223
79 226
79 228
80 128
80 146
80 175
80 191
80 228
81 140
81 149
81 217
81 240
82 162
82 191
82 247
83 128
83 157
83 162
83 164
83 202
84 121
84 175
85 136
85 153
85 174
85 196
86 171
86 197
87 178
88 96
88 145
88 161
88 211
88 237
88 248
89 148
89 164
89 172
89 221
89 224
90 98
90 155
90 249
91 103
92 237
93 94
93 217
93 219
93 242
93 249
94 134
94 207
95 104
95 135
95 179
96 97
96 124
96 186
96 229
97 107
97 116
97 158
97 209
97 225
97 248
98 147
98 152
98 179
98 223
99 115
99 148
99 192
99 229
99 235
100 123
100 131
100 177
101 135
101 164
101 232
102 161
102 238
103 163
103 232
104 108
104 122
104 160
104 177
105 127
105 227
106 122
106 236
107 117
107 121
107 168
107 194
107 201
108 110
108 146
108 160
108 194
108 207
108 209
108 210
108 228
109 161
109 206
110 111
110 168
110 195
110 201
110 228
110 231
110 236
110 249
111 213
112 172
113 159
114 130
114 162
115 148
115 217
115 218
115 229
115 249
116 135
117 203
117 237
118 169
118 183
119 165
119 188
120 155
120 207
121 161
121 181
121 227
121 247
122 197
123 133
123 190
124 150
124 207
124 212
124 224
125 190
125 221
125 229
125 234
125 243
126 140
126 184
126 191
126 211
126 222
126 229
127 132
127 222
127 241
128 229
129 155
129 170
129 182
129 187
129 239
130 219
130 244
131 133
131 201
132 180
132 205
132 229
133 136
133 215
134 171
134 183
134 185
134 186
134 197
134 201
134 211
134 241
134 249
135 203
135 209
135 218
136 153
136 210
136 217
138 229
138 237
138 241
138 248
139 150
139 201
139 224
140 152
140 155
140 209
140 238
140 243
140 248
140 249
141 227
142 156
142 158
142 181
142 213
142 247
143 191
143 212
144 206
145 154
146 160
146 197
146 199
147 168
148 158
148 183
148 193
148 205
148 245
149 150
149 207
149 235
150 212
150 214
150 230
150 235
151 178
151 197
151 203
152 177
152 193
153 166
153 218
153 249
154 220
154 223
155 161
155 193
156 216
156 248
157 166
157 189
157 202
157 216
158 181
158 236
159 167
160 161
160 165
160 169
160 176
161 214
161 229
162 173
165 171
165 175
165 216
165 223
165 246
166 195
168 230
169 170
169 179
170 227
171 197
173 193
174 225
174 226
175 185
176 207
177 239
177 240
178 213
178 235
178 244
179 222
180 195
180 224
181 211
181 219
182 219
183 235
183 247
184 249
186 192
186 200
186 206
186 229
186 233
188 208
188 241
188 246
189 213
190 246
192 229
194 227
194 240
197 245
199 214
199 247
201 214
202 221
202 226
203 211
203 226
204 213
204 227
204 229
204 238
206 219
207 215
208 210
208 227
208 243
209 246
210 212
211 218
214 233
214 249
215 224
215 242
217 227
218 224
219 221
219 243
220 236
226 240
227 243
228 241
229 232
231 247
233 249
237 238
246 248
