0 3
0 5
0 47
0 58
0 138
0 140
0 144
0 149
0 161
0 162
0 182
0 191
0 204
0 223
0 242
1 8
1 11
1 24
1 29
1 37
1 44
1 46
1 73
1 75
1 86
1 88
1 99
1 105
1 117
1 129
1 130
1 146
1 160
1 168
1 172
1 197
1 200
1 208
1 211
1 222
1 227
2 20
2 26
2 32
2 38
2 58
2 60
2 66
2 79
2 90
2 91
2 101
2 117
2 122
2 153
2 156
2 165
2 170
2 173
2 195
2 199
2 219
2 226
2 249
3 10
3 25
3 36
3 42
3 47
3 51
3 87
3 122
3 144
3 153
3 176
3 181
3 183
3 220
3 233
3 237
3 241
3 246
4 5
4 48
4 49
4 53
4 78
4 84
4 87
4 113
4 144
4 150
4 156
4 192
4 197
4 210
4 211
4 221
4 230
4 242
5 12
5 48
5 59
5 65
5 69
5 72
5 118
5 126
5 135
5 137
5 143
5 154
5 162
5 171
5 180
5 193
5 211
5 220
5 235
5 238
5 239
5 247
6 37
6 74
6 88
6 90
6 93
6 101
6 103
6 141
6 160
6 164
6 168
6 201
6 214
6 222
6 225
6 227
6 232
6 234
6 237
6 242
7 9
7 10
7 42
7 51
7 61
7 78
7 102
7 110
7 139
7 147
7 175
7 194
7 205
7 227
7 232
7 245
8 21
8 37
8 49
8 79
8 90
8 114
8 143
8 164
8 167
8 178
8 190
8 197
8 199
8 231
8 234
9 16
9 26
9 28
9 29
9 37
9 45
9 55
9 96
9 132
9 139
9 146
9 158
9 184
9 204
9 208
9 226
9 238
9 248
10 11
10 23
10 108
10 115
10 120
10 126
10 214
10 229
10 234
10 247
11 19
11 55
11 60
11 70
11 119
11 124
11 130
11 138
11 170
11 198
11 207
11 209
11 213
11 229
11 242
11 243
12 27
12 50
12 56
12 68
12 81
12 101
12 139
12 141
12 149
12 165
12 181
12 185
12 195
12 210
13 15
13 21
13 32
13 61
13 69
13 76
13 95
13 112
13 116
13 126
13 127
13 165
13 198
13 199
13 227
13 236
13 246
13 249
14 20
14 26
14 36
14 44
14 45
14 47
14 52
14 58
14 73
14 78
14 95
14 100
14 115
14 117
14 127
14 132
14 156
14 185
14 188
14 210
14 213
14 217
14 220
14 221
14 248
15 31
15 39
15 46
15 52
15 66
15 71
15 77
15 110
15 134
15 147
15 186
15 187
15 188
15 209
15 219
16 35
16 42
16 47
16 59
16 63
16 77
16 82
16 83
16 111
16 126
16 133
16 156
16 185
16 204
16 208
16 219
17 26
17 27
17 56
17 101
17 115
17 121
17 124
17 142
17 152
17 172
17 175
17 187
17 193
17 196
17 218
17 219
17 231
18 60
18 64
18 68
18 94
18 99
18 114
18 132
18 140
18 144
18 148
18 155
18 165
18 166
18 170
18 172
18 180
18 204
18 215
18 242
18 244
19 29
19 40
19 45
19 51
19 57
19 58
19 108
19 138
19 204
19 226
20 32
20 42
20 49
20 54
20 82
20 92
20 119
20 126
20 131
20 132
20 179
20 186
20 187
20 226
20 241
21 24
21 37
21 74
21 79
21 84
21 121
21 128
21 149
21 157
21 164
21 178
21 180
21 184
21 207
21 208
21 215
21 216
21 219
21 229
21 231
21 237
21 243
22 25
22 36
22 55
22 59
22 70
22 78
22 86
22 132
22 133
22 137
22 156
22 200
22 214
22 217
22 219
22 246
23 33
23 50
23 81
23 135
23 145
23 152
23 161
23 184
23 197
23 216
23 230
23 232
23 249
24 31
24 34
24 50
24 63
24 80
24 91
24 94
24 99
24 107
24 108
24 117
24 118
24 122
24 123
24 126
24 139
24 151
24 246
24 249
25 39
25 46
25 49
25 50
25 52
25 83
25 87
25 88
25 108
25 116
25 124
25 127
25 135
25 170
25 171
25 176
25 218
25 219
25 236
25 241
25 244
26 45
26 53
26 60
26 62
26 67
26 75
26 85
26 86
26 96
26 100
26 105
26 116
26 144
26 155
26 156
26 165
26 168
26 169
26 180
26 188
26 208
26 217
26 222
26 227
26 239
26 247
27 58
27 63
27 64
27 72
27 77
27 82
27 113
27 143
27 147
27 154
27 226
27 236
28 39
28 46
28 49
28 55
28 58
28 60
28 77
28 93
28 97
28 106
28 110
28 121
28 125
28 131
28 134
28 156
28 174
28 179
28 193
28 204
28 206
28 210
28 215
28 232
28 247
29 44
29 54
29 57
29 71
29 76
29 107
29 145
29 186
29 195
29 196
29 197
29 214
29 215
29 220
29 246
30 42
30 90
30 93
30 129
30 143
30 144
30 152
30 161
30 188
30 194
30 206
30 209
30 232
30 248
31 35
31 45
31 52
31 77
31 87
31 88
31 109
31 127
31 158
31 172
31 173
31 176
31 181
32 46
32 54
32 62
32 67
32 81
32 85
32 109
32 123
32 140
32 145
32 167
32 168
32 169
32 181
32 197
32 210
32 230
32 234
32 235
33 39
33 42
33 47
33 53
33 60
33 114
33 128
33 140
33 155
33 189
33 213
33 218
33 228
33 247
34 58
34 65
34 89
34 100
34 105
34 107
34 109
34 116
34 161
34 170
34 191
34 196
34 205
34 206
34 234
35 41
35 47
35 64
35 90
35 102
35 114
35 153
35 168
35 195
35 199
35 203
35 208
35 246
35 249
36 51
36 52
36 58
36 60
36 83
36 89
36 90
36 112
36 141
36 147
36 178
36 206
36 239
36 243
36 244
37 48
37 91
37 96
37 98
37 117
37 124
37 125
37 136
37 143
37 161
37 168
37 175
37 197
37 211
37 221
37 248
38 53
38 55
38 59
38 64
38 67
38 95
38 120
38 140
38 152
38 153
38 157
38 158
38 179
38 182
38 209
38 218
38 223
38 228
38 236
38 237
38 245
39 42
39 68
39 78
39 104
39 121
39 163
39 167
39 181
39 203
39 205
39 231
39 234
39 235
39 245
39 246
40 72
40 84
40 91
40 108
40 111
40 118
40 131
40 162
40 166
40 170
40 188
40 197
40 207
40 219
40 221
40 228
40 229
41 72
41 85
41 86
41 110
41 112
41 115
41 124
41 125
41 180
41 196
41 202
41 223
41 229
41 230
41 234
41 237
42 48
42 93
42 100
42 145
42 154
42 173
42 232
42 239
43 58
43 59
43 64
43 72
43 79
43 81
43 97
43 99
43 102
43 163
43 171
43 174
43 182
43 189
43 199
43 214
43 220
43 222
43 226
43 238
44 45
44 82
44 87
44 89
44 108
44 160
44 161
44 167
44 191
44 227
44 239
44 245
45 50
45 62
45 65
45 83
45 97
45 120
45 123
45 124
45 127
45 130
45 153
45 154
45 160
45 200
45 213
45 218
45 246
46 80
46 88
46 98
46 110
46 120
46 141
46 152
46 177
46 184
46 195
46 205
46 208
46 223
46 236
47 57
47 70
47 71
47 102
47 103
47 110
47 120
47 138
47 142
47 152
47 160
47 174
47 180
47 181
47 191
47 196
47 224
47 240
47 245
48 71
48 80
48 122
48 143
48 145
48 147
48 148
48 193
48 211
48 213
48 222
49 52
49 74
49 80
49 91
49 94
49 98
49 141
49 142
49 180
49 197
49 226
49 243
50 63
50 70
50 92
50 95
50 109
50 126
50 128
50 138
50 141
50 143
50 157
50 164
50 168
50 171
50 174
50 195
50 203
50 210
50 211
50 232
50 233
50 236
51 54
51 66
51 87
51 101
51 103
51 114
51 118
51 136
51 161
51 168
51 195
51 217
51 221
52 57
52 58
52 66
52 67
52 92
52 95
52 97
52 99
52 110
52 119
52 131
52 155
52 170
52 175
52 177
52 190
52 205
53 58
53 99
53 118
53 149
53 172
53 184
53 193
53 196
53 204
53 205
53 229
53 231
53 235
54 57
54 63
54 64
54 110
54 123
54 127
54 132
54 146
54 149
54 150
54 151
54 176
54 183
54 186
54 190
54 199
54 213
54 223
54 226
54 233
55 56
55 78
55 86
55 120
55 136
55 143
55 148
55 157
55 174
55 201
55 209
55 213
55 231
55 246
56 66
56 70
56 73
56 74
56 85
56 86
56 97
56 98
56 112
56 134
56 138
56 147
56 177
56 204
56 206
56 210
56 213
56 234
56 237
56 244
57 76
57 111
57 116
57 152
57 156
57 161
57 164
57 171
57 184
57 191
57 193
57 202
57 206
57 209
57 215
57 218
57 248
58 59
58 67
58 91
58 100
58 116
58 129
58 142
58 163
58 169
58 181
58 210
58 231
59 73
59 90
59 116
59 154
59 163
59 203
59 217
59 222
59 225
59 235
59 238
59 249
60 75
60 76
60 85
60 86
60 114
60 120
60 134
60 136
60 137
60 154
60 158
60 205
60 206
60 209
60 210
60 213
60 219
60 224
60 230
60 236
60 245
60 247
60 248
61 62
61 71
61 77
61 119
61 129
61 139
61 145
61 176
61 184
61 188
61 231
61 234
62 104
62 119
62 122
62 134
62 147
62 179
62 185
62 205
63 65
63 72
63 83
63 84
63 87
63 99
63 104
63 131
63 154
63 162
63 191
63 210
63 216
64 74
64 78
64 89
64 113
64 135
64 140
64 147
64 159
64 165
64 174
64 180
64 199
64 202
65 67
65 69
65 80
65 89
65 92
65 105
65 115
65 123
65 143
65 156
65 161
65 188
65 192
65 195
65 201
65 210
65 211
65 214
65 218
65 222
65 228
65 246
66 77
66 81
66 85
66 86
66 93
66 99
66 119
66 120
66 152
66 156
66 172
66 192
66 206
66 213
66 222
67 74
67 95
67 123
67 149
67 167
67 174
67 210
67 220
67 231
67 240
68 87
68 109
68 117
68 120
68 126
68 148
68 149
68 152
68 159
68 168
68 172
68 191
68 200
68 211
68 227
68 230
68 246
69 70
69 85
69 87
69 101
69 133
69 137
69 163
69 172
69 180
69 182
69 184
69 186
69 189
69 200
69 203
69 205
69 219
69 228
69 229
69 232
70 87
70 89
70 122
70 127
70 137
70 167
70 180
70 205
70 248
70 249
71 90
71 110
71 113
71 118
71 128
71 133
71 136
71 137
71 138
71 164
71 170
71 183
71 190
71 208
71 221
71 223
71 249
72 115
72 118
72 122
72 140
72 147
72 151
72 152
72 161
72 162
72 193
72 214
72 243
72 248
73 78
73 104
73 110
73 126
73 130
73 137
73 168
73 175
73 179
73 189
73 192
73 202
73 211
73 229
74 87
74 97
74 107
74 110
74 112
74 117
74 143
74 149
74 150
74 156
74 165
74 182
74 191
74 194
74 221
74 227
74 236
74 245
75 85
75 96
75 171
75 173
75 180
75 182
75 183
75 195
75 221
75 248
76 83
76 105
76 114
76 148
76 149
76 173
76 180
76 181
76 193
76 213
76 214
76 220
76 234
76 239
76 241
77 87
77 91
77 103
77 109
77 112
77 115
77 117
77 127
77 155
77 157
77 167
77 174
77 178
77 188
77 200
77 224
77 227
77 246
77 247
78 88
78 90
78 109
78 130
78 136
78 158
78 168
78 180
78 211
78 218
78 237
78 248
79 85
79 97
79 110
79 143
79 152
79 157
79 179
79 225
79 226
79 243
80 86
80 99
80 106
80 108
80 128
80 146
80 161
80 168
80 174
80 175
80 181
80 190
80 212
80 237
81 92
81 122
81 151
81 178
81 188
81 194
82 91
82 125
82 135
82 139
82 151
82 173
82 181
82 199
82 201
82 212
82 214
82 219
82 232
82 239
83 97
83 107
83 134
83 144
83 159
83 161
83 174
83 178
83 207
83 210
83 213
83 221
83 249
84 136
84 144
84 164
84 180
84 192
84 197
84 201
85 111
85 121
85 128
85 134
85 144
85 145
85 151
85 161
85 172
85 192
85 236
85 238
85 241
86 93
86 113
86 119
86 138
86 154
86 175
86 199
86 217
86 236
87 88
87 96
87 106
87 110
87 122
87 145
87 185
87 189
87 218
87 220
87 221
87 227
87 228
88 97
88 104
88 109
88 113
88 136
88 154
88 162
88 171
88 189
88 206
88 212
88 227
89 111
89 139
89 151
89 158
89 159
89 161
89 183
89 190
89 197
89 215
89 238
89 244
89 249
90 96
90 98
90 117
90 139
90 146
90 148
90 160
90 161
90 164
90 171
90 194
90 219
90 220
90 224
90 227
90 232
90 237
90 241
90 247
90 248
91 96
91 100
91 111
91 113
91 122
91 141
91 143
91 153
91 187
91 211
91 214
91 237
92 96
92 103
92 109
92 113
92 120
92 133
92 135
92 145
92 210
92 227
92 232
92 249
93 112
93 123
93 125
93 141
93 145
93 147
93 170
93 180
93 210
93 224
93 249
94 99
94 140
94 158
94 166
94 180
94 206
94 215
94 219
94 226
94 246
95 99
95 121
95 137
95 140
95 151
95 155
95 157
95 167
95 178
95 182
95 196
95 198
95 201
95 208
95 226
95 238
95 248
96 107
96 116
96 133
96 145
96 149
96 155
96 176
96 178
96 184
96 195
96 215
96 229
96 247
97 147
97 178
97 183
97 194
97 206
97 207
97 211
97 213
97 219
97 220
97 231
97 233
97 248
98 100
98 103
98 115
98 139
98 141
98 143
98 195
98 214
98 222
98 238
99 111
99 112
99 127
99 148
99 169
99 170
99 173
99 195
99 197
99 246
100 168
100 175
100 181
100 190
100 192
100 193
101 124
101 141
101 164
101 205
101 223
101 225
101 248
102 110
102 123
102 137
102 141
102 174
102 187
102 190
102 212
102 222
102 230
102 238
102 239
102 248
103 106
103 125
103 131
103 163
103 167
103 170
103 176
103 181
103 182
103 184
103 191
103 229
103 246
104 138
104 149
104 163
104 174
104 183
104 198
104 205
105 151
105 156
105 163
105 166
105 188
105 193
105 209
105 210
105 230
105 240
105 242
106 115
106 133
106 146
106 147
106 154
106 159
106 161
106 164
106 177
106 178
106 193
106 201
106 223
106 239
106 243
107 119
107 129
107 134
107 144
107 148
107 161
107 170
107 188
107 199
107 201
107 233
107 239
107 245
107 247
108 113
108 136
108 138
108 146
108 163
108 174
108 185
108 192
108 213
108 215
108 220
108 232
108 233
108 235
109 111
109 113
109 114
109 131
109 135
109 143
109 145
109 159
109 184
109 200
109 211
109 214
109 218
109 222
109 230
109 239
109 249
110 114
110 143
110 147
110 156
110 158
110 166
110 181
110 185
110 186
110 231
111 115
111 117
111 119
111 129
111 137
111 138
111 151
111 152
111 154
111 164
111 178
111 186
111 188
111 189
111 223
111 232
111 242
112 115
112 122
112 134
112 142
112 162
112 165
112 194
112 206
112 222
112 244
113 122
113 161
113 166
113 168
113 181
113 194
113 207
113 212
113 222
113 236
114 121
114 134
114 139
114 143
114 149
114 186
114 230
114 233
114 245
114 246
115 158
115 165
115 179
115 184
115 188
115 205
115 238
115 242
115 244
116 121
116 131
116 134
116 150
116 167
116 213
116 214
116 216
116 243
117 126
117 135
117 142
117 150
117 162
117 179
117 197
117 210
117 232
117 236
118 119
118 141
118 142
118 159
118 161
118 183
118 185
118 193
118 202
118 209
118 215
118 235
118 241
118 247
119 120
119 125
119 142
119 145
119 149
119 160
119 161
119 181
119 202
119 225
119 239
120 132
120 163
120 167
120 172
120 175
120 185
120 187
120 189
120 212
120 232
120 237
121 145
121 186
121 222
121 226
121 228
121 235
121 247
122 131
122 142
122 146
122 169
122 170
122 190
122 198
122 213
122 224
122 226
122 232
123 135
123 143
123 161
123 165
123 179
123 198
123 199
123 229
123 245
123 246
124 142
124 147
124 150
124 155
124 159
124 160
124 191
124 205
124 207
124 218
125 128
125 129
125 134
125 166
125 203
125 216
125 217
125 225
125 237
126 133
126 136
126 137
126 159
126 167
126 177
126 183
126 191
126 204
126 247
127 132
127 139
127 143
127 150
127 154
127 161
127 173
127 195
127 201
127 204
127 217
127 233
128 144
128 155
128 195
128 228
128 244
129 147
129 193
129 206
129 208
129 211
129 220
129 232
129 237
129 239
129 248
129 249
130 132
130 153
130 155
130 163
130 235
130 239
131 138
131 148
131 153
131 158
131 160
131 180
131 183
131 219
131 227
131 233
131 238
131 242
132 134
132 146
132 156
132 195
132 221
132 246
132 247
133 146
133 167
133 171
133 183
133 202
133 213
133 214
133 237
133 244
134 135
134 145
134 151
134 174
134 185
134 186
134 193
134 196
134 200
134 204
134 222
134 244
135 179
135 181
135 184
135 190
135 217
135 220
135 245
135 249
136 168
136 209
136 235
136 239
136 244
136 246
136 247
137 142
137 148
137 177
137 184
137 185
137 187
137 188
137 191
137 197
137 206
137 209
137 244
138 146
138 151
138 179
138 182
138 207
138 214
138 226
138 235
138 239
139 149
139 159
139 169
139 193
139 196
139 216
139 222
139 225
139 245
140 147
140 174
140 178
140 179
140 190
140 192
140 201
140 204
140 206
140 225
140 239
140 247
141 158
141 160
141 163
141 174
141 195
141 217
141 223
141 225
141 245
141 249
142 151
142 163
142 186
142 188
142 198
142 222
143 157
143 159
143 182
143 183
143 192
143 193
143 200
143 205
143 217
143 222
143 248
143 249
144 148
144 149
144 150
144 159
144 165
144 186
144 191
144 203
144 235
144 238
145 148
145 160
145 168
145 210
145 218
145 241
146 174
146 188
146 212
146 245
147 156
147 168
147 212
147 234
147 235
147 248
148 154
148 171
148 188
148 197
148 200
148 211
148 218
148 225
148 233
149 154
149 160
149 167
149 171
149 189
149 219
149 233
150 156
150 175
150 191
150 194
150 208
151 167
151 170
151 191
151 224
151 225
151 232
152 153
152 181
152 223
152 224
152 240
152 246
152 249
153 174
153 176
153 186
153 200
153 204
153 222
153 227
153 230
153 239
153 240
153 242
154 159
154 176
154 185
154 186
154 193
154 197
154 205
154 220
154 237
154 247
154 248
155 157
155 170
155 175
155 192
155 195
155 206
155 207
155 211
155 220
155 227
156 163
156 213
156 222
156 242
157 160
157 171
157 187
157 207
157 211
157 223
157 225
157 228
157 234
158 171
158 179
158 190
158 197
158 204
158 232
159 187
159 194
159 200
159 215
159 231
160 164
160 168
160 170
160 171
160 204
160 220
161 171
161 175
161 183
161 195
161 213
161 214
161 218
161 230
161 236
162 175
162 182
162 195
162 198
162 202
162 222
162 226
162 246
162 247
163 168
163 176
163 220
163 231
163 234
163 248
164 176
164 179
164 199
164 222
164 230
164 232
164 248
165 173
165 193
165 199
165 216
165 219
165 244
166 171
166 194
166 221
166 242
166 245
166 246
166 249
167 169
167 184
167 244
167 247
168 171
168 203
168 209
168 227
168 228
168 235
168 244
169 177
169 188
169 191
169 206
169 208
169 210
169 226
169 238
169 241
169 248
170 179
170 184
170 203
170 207
170 213
171 188
171 199
171 202
171 209
171 222
171 228
171 230
171 241
171 242
171 245
172 180
172 182
172 188
172 199
172 217
172 220
172 234
173 195
173 222
173 229
174 190
174 201
174 214
174 231
174 236
174 239
175 176
175 185
175 200
175 217
175 222
175 247
176 198
176 206
176 207
176 213
176 220
176 224
176 231
176 238
176 246
177 178
177 183
177 184
177 187
177 192
177 196
177 199
177 212
177 216
177 247
178 179
178 211
178 213
178 222
178 225
179 185
179 195
179 204
179 211
179 229
179 241
180 183
180 192
180 230
180 236
181 183
181 188
181 191
181 198
181 211
181 235
181 245
182 194
182 223
182 228
182 237
183 189
183 194
183 201
183 202
184 186
184 194
184 221
184 230
184 236
184 245
185 189
185 205
185 209
185 213
185 238
185 244
186 193
186 194
186 195
186 197
186 200
186 208
186 216
186 218
186 224
186 233
186 240
187 194
187 242
187 244
188 212
188 216
188 242
188 246
189 201
189 211
189 212
189 216
189 225
189 227
189 230
189 233
189 234
189 246
189 249
190 220
190 227
190 241
191 194
191 205
191 222
191 225
191 227
191 235
192 215
192 229
192 233
192 234
192 236
193 205
193 208
193 249
194 228
194 238
194 249
195 212
195 213
195 224
195 247
196 224
197 202
197 203
197 206
197 232
197 240
197 248
198 204
198 216
198 224
198 239
198 240
199 213
199 229
199 231
199 240
200 211
200 228
200 242
201 212
201 224
201 243
201 246
202 203
202 223
202 228
202 232
202 244
203 209
203 219
203 228
203 247
204 207
204 220
205 208
205 214
205 215
205 222
205 245
205 248
206 236
207 208
207 224
207 230
207 248
207 249
208 214
209 210
209 236
209 239
209 244
209 248
210 211
210 215
210 218
210 219
210 223
212 221
212 223
212 225
212 230
212 232
212 235
212 246
212 248
213 217
213 218
214 228
214 230
214 234
214 240
215 216
215 219
215 229
215 233
216 220
216 233
216 246
217 224
217 236
217 237
218 224
219 226
219 238
220 244
221 249
222 223
222 227
222 235
224 232
224 248
225 233
225 240
225 245
226 229
226 241
226 244
227 231
227 232
227 242
227 243
227 244
227 247
228 232
228 237
229 248
230 233
230 239
232 234
234 243
236 241
238 242
239 240
239 247
240 245
242 243
244 248
245 246
248 249
