0 6
0 37
0 40
0 53
0 74
0 112
0 129
0 140
0 144
0 154
0 156
0 161
0 180
0 182
0 187
0 209
0 233
0 249
1 12
1 33
1 37
1 48
1 57
1 62
1 90
1 95
1 102
1 106
1 113
1 118
1 132
1 141
1 143
1 149
1 166
1 177
1 180
1 187
1 193
1 203
1 228
1 237
2 4
2 23
2 32
2 46
2 59
2 82
2 89
2 92
2 105
2 128
2 129
2 131
2 133
2 173
2 193
2 210
2 218
2 219
2 220
2 224
3 44
3 55
3 58
3 89
3 113
3 125
3 143
3 172
3 187
3 212
3 222
3 226
3 245
4 20
4 39
4 40
4 41
4 50
4 60
4 77
4 90
4 96
4 102
4 105
4 111
4 119
4 120
4 122
4 128
4 130
4 133
4 161
4 183
4 184
4 192
4 199
4 214
4 225
4 228
4 234
4 241
5 7
5 19
5 30
5 63
5 77
5 80
5 82
5 85
5 93
5 97
5 100
5 105
5 106
5 117
5 146
5 159
5 165
5 186
5 204
5 216
5 249
6 39
6 70
6 84
6 85
6 99
6 106
6 150
6 174
6 185
6 192
6 198
6 203
6 205
6 209
6 226
6 227
6 248
7 13
7 22
7 29
7 41
7 58
7 79
7 104
7 117
7 120
7 140
7 158
7 167
7 193
7 223
7 236
8 24
8 46
8 49
8 56
8 57
8 74
8 80
8 99
8 118
8 160
8 169
8 183
8 187
8 202
8 209
8 235
8 239
8 241
8 242
8 246
9 15
9 33
9 34
9 36
9 49
9 53
9 57
9 69
9 113
9 121
9 127
9 128
9 135
9 136
9 141
9 145
9 146
9 152
9 162
9 166
9 176
9 178
9 180
9 193
9 210
9 232
9 245
10 12
10 16
10 48
10 71
10 91
10 118
10 129
10 133
10 138
10 148
10 175
10 181
10 188
10 193
10 219
10 220
10 227
10 230
10 247
11 14
11 23
11 24
11 31
11 91
11 96
11 110
11 118
11 133
11 169
11 174
11 176
11 177
11 182
11 206
11 227
11 248
12 57
12 71
12 73
12 81
12 83
12 101
12 139
12 147
12 162
12 194
12 212
13 18
13 30
13 35
13 47
13 75
13 93
13 102
13 116
13 121
13 123
13 127
13 135
13 189
13 196
13 198
13 202
13 211
13 212
13 220
13 235
14 27
14 49
14 50
14 133
14 149
14 151
14 185
14 194
14 199
14 212
15 22
15 43
15 53
15 102
15 104
15 137
15 163
15 164
15 198
15 208
15 234
15 249
16 18
16 44
16 79
16 91
16 141
16 151
16 152
16 165
16 188
16 191
16 193
16 204
16 237
16 242
17 38
17 67
17 73
17 88
17 112
17 124
17 129
17 139
17 169
17 178
17 180
17 214
17 239
18 37
18 42
18 77
18 122
18 128
18 165
18 177
18 198
18 220
18 234
18 245
19 29
19 62
19 82
19 92
19 93
19 118
19 120
19 121
19 124
19 144
19 145
19 198
19 202
19 209
19 210
19 215
19 220
19 229
19 245
20 21
20 37
20 42
20 73
20 90
20 99
20 105
20 115
20 122
20 130
20 149
20 158
20 168
20 170
20 172
20 178
20 182
20 197
20 201
20 205
20 223
21 53
21 54
21 62
21 64
21 70
21 77
21 129
21 141
21 146
21 150
21 152
21 155
21 157
21 171
21 205
21 221
21 231
22 25
22 62
22 63
22 70
22 71
22 75
22 80
22 92
22 107
22 112
22 132
22 135
22 146
22 148
22 152
22 155
22 161
22 165
22 176
22 208
22 214
22 215
22 224
22 229
22 230
22 231
23 35
23 37
23 76
23 93
23 119
23 125
23 130
23 147
23 193
23 218
23 220
24 32
24 76
24 83
24 86
24 104
24 108
24 145
24 159
24 205
24 220
24 246
25 35
25 47
25 48
25 67
25 71
25 87
25 88
25 93
25 110
25 112
25 123
25 124
25 134
25 140
25 157
25 185
25 196
25 206
25 211
25 220
25 244
26 57
26 69
26 72
26 74
26 77
26 90
26 93
26 96
26 120
26 178
26 185
26 188
26 201
26 208
26 211
26 222
27 29
27 48
27 60
27 77
27 83
27 108
27 114
27 119
27 136
27 137
27 154
27 160
27 185
27 194
27 199
27 213
27 230
27 231
28 32
28 35
28 38
28 53
28 133
28 160
28 162
28 173
28 178
28 190
28 199
28 226
28 228
28 247
29 50
29 52
29 72
29 77
29 82
29 101
29 126
29 143
29 147
29 172
29 200
29 212
29 244
30 44
30 70
30 72
30 73
30 91
30 92
30 93
30 95
30 111
30 112
30 129
30 144
30 181
30 185
30 198
30 214
30 219
30 222
30 232
30 242
31 34
31 35
31 60
31 67
31 71
31 77
31 80
31 81
31 93
31 94
31 113
31 114
31 117
31 118
31 181
31 206
31 228
31 230
31 240
31 245
32 34
32 37
32 38
32 39
32 57
32 89
32 91
32 122
32 161
32 183
32 185
32 188
32 191
32 207
32 219
32 223
32 228
32 238
33 49
33 56
33 59
33 60
33 118
33 158
33 161
33 165
33 182
33 185
33 203
33 214
33 238
33 242
34 41
34 48
34 77
34 83
34 96
34 127
34 128
34 139
34 146
34 169
34 179
34 181
34 194
34 209
34 212
34 220
34 230
34 242
35 38
35 40
35 72
35 83
35 109
35 148
35 164
35 169
35 178
35 205
35 211
35 212
35 215
36 40
36 46
36 49
36 58
36 72
36 99
36 131
36 178
36 188
36 207
36 221
36 247
37 49
37 70
37 90
37 111
37 114
37 124
37 138
37 162
37 164
37 166
37 171
37 192
37 201
38 57
38 83
38 115
38 117
38 131
38 138
38 149
38 151
38 199
38 212
39 42
39 56
39 75
39 77
39 96
39 109
39 178
39 194
39 197
39 198
39 203
39 220
39 223
39 238
39 243
40 41
40 43
40 45
40 50
40 63
40 70
40 95
40 124
40 145
40 154
40 155
40 212
40 232
41 48
41 79
41 85
41 102
41 103
41 108
41 121
41 130
41 134
41 143
41 162
41 164
41 168
41 173
41 187
41 190
41 201
41 239
41 249
42 65
42 71
42 82
42 90
42 136
42 174
42 183
42 187
42 192
42 216
43 64
43 106
43 121
43 161
43 197
43 206
43 207
43 220
44 51
44 55
44 83
44 111
44 125
44 128
44 137
44 147
44 187
44 194
44 218
44 223
45 58
45 65
45 69
45 85
45 101
45 102
45 164
45 166
45 172
45 175
45 215
45 223
46 47
46 48
46 50
46 54
46 81
46 93
46 94
46 121
46 122
46 123
46 128
46 137
46 146
46 155
46 167
46 178
46 190
46 193
46 200
46 208
46 239
47 60
47 67
47 74
47 79
47 87
47 96
47 146
47 147
47 160
47 161
47 162
47 174
47 191
47 195
47 237
47 248
48 62
48 77
48 99
48 110
48 113
48 125
48 152
48 199
48 208
48 224
48 228
48 235
48 240
48 241
48 244
48 246
49 55
49 68
49 111
49 157
49 172
49 195
49 196
49 212
49 219
49 242
50 68
50 83
50 99
50 140
50 153
50 158
50 166
50 211
50 214
50 224
50 237
50 247
51 60
51 63
51 68
51 78
51 90
51 117
51 152
51 185
51 189
51 196
51 209
51 221
51 235
52 85
52 87
52 109
52 117
52 126
52 139
52 163
52 198
52 204
52 210
52 220
53 64
53 77
53 105
53 106
53 118
53 123
53 152
53 165
53 194
53 217
54 55
54 69
54 74
54 80
54 89
54 101
54 128
54 130
54 131
54 136
54 173
54 216
54 240
54 242
55 70
55 81
55 105
55 109
55 116
55 117
55 141
55 142
55 145
55 184
55 193
55 194
55 197
55 205
55 223
55 232
56 67
56 108
56 111
56 131
56 197
56 199
56 200
56 216
56 217
56 219
56 221
56 232
56 236
56 243
56 246
57 85
57 86
57 88
57 95
57 113
57 128
57 155
57 157
57 162
57 171
57 178
57 193
57 214
57 216
57 228
57 232
57 245
57 248
58 77
58 92
58 98
58 119
58 132
58 144
58 154
58 159
58 195
58 205
58 207
58 212
58 221
58 233
59 83
59 86
59 101
59 129
59 198
59 207
59 225
59 230
60 63
60 97
60 109
60 165
60 180
60 248
61 64
61 82
61 84
61 99
61 102
61 117
61 123
61 124
61 143
61 154
61 156
61 171
61 200
61 212
62 67
62 140
62 147
62 149
62 154
62 175
62 189
62 221
63 83
63 101
63 109
63 113
63 114
63 119
63 122
63 149
63 158
63 183
63 207
63 222
63 225
63 247
64 111
64 144
64 152
64 158
64 171
64 180
64 188
64 225
64 235
64 237
64 242
64 245
65 67
65 79
65 82
65 87
65 119
65 125
65 128
65 134
65 181
65 200
65 202
65 221
65 242
66 76
66 88
66 98
66 100
66 103
66 116
66 119
66 122
66 129
66 134
66 147
66 166
66 173
66 174
66 181
66 190
66 216
66 222
66 227
66 228
66 229
66 237
67 78
67 80
67 104
67 143
67 149
67 150
67 160
67 174
67 178
67 185
67 197
67 205
67 231
67 248
68 69
68 76
68 80
68 102
68 157
68 162
68 168
68 174
68 182
68 183
68 206
68 208
68 222
68 236
68 240
68 246
69 86
69 107
69 112
69 115
69 120
69 122
69 123
69 137
69 144
69 145
69 147
69 150
69 151
69 157
69 168
69 171
69 182
69 230
70 76
70 96
70 97
70 110
70 142
70 147
70 156
70 188
70 205
70 221
70 225
70 231
70 236
71 85
71 99
71 161
71 176
71 217
71 222
71 228
71 240
71 243
72 118
72 133
72 137
72 169
72 175
72 186
72 215
72 228
72 242
72 244
73 79
73 89
73 101
73 141
73 142
73 149
73 177
73 180
73 200
73 203
73 218
73 219
73 232
73 245
73 247
74 83
74 90
74 101
74 104
74 109
74 125
74 127
74 166
74 179
74 210
74 220
74 233
75 89
75 90
75 93
75 126
75 137
75 152
75 167
75 194
75 198
75 202
75 205
76 77
76 78
76 88
76 91
76 151
76 154
76 155
76 176
76 178
76 187
76 227
77 105
77 106
77 118
77 160
77 174
77 182
77 204
77 205
77 212
77 228
78 79
78 82
78 96
78 129
78 150
78 167
78 185
78 221
78 227
78 240
79 100
79 102
79 121
79 131
79 139
79 142
79 153
79 162
79 181
79 186
79 191
79 202
79 215
79 219
79 230
79 237
79 241
80 108
80 129
80 132
80 138
80 197
80 204
81 91
81 105
81 112
81 120
81 124
81 134
81 144
81 152
81 177
81 178
81 194
81 197
81 217
81 229
81 235
81 236
82 104
82 120
82 132
82 138
82 153
82 164
82 179
82 189
82 190
82 196
82 201
82 230
83 85
83 86
83 110
83 134
83 146
83 194
83 207
83 211
83 234
83 248
84 106
84 109
84 126
84 137
84 153
84 172
84 173
84 182
84 184
84 206
84 208
84 213
84 234
84 237
84 243
84 247
85 117
85 122
85 127
85 136
85 149
85 154
85 184
85 185
85 197
85 219
85 221
86 97
86 114
86 115
86 119
86 124
86 138
86 149
86 174
86 182
86 204
86 215
86 223
86 224
87 88
87 104
87 111
87 112
87 126
87 130
87 139
87 145
87 164
87 175
87 177
87 194
87 213
87 214
87 237
88 93
88 97
88 122
88 127
88 130
88 139
88 143
88 153
88 159
88 163
88 168
88 186
88 202
88 206
88 208
88 220
89 133
89 152
89 157
89 173
89 177
89 185
89 207
89 213
89 236
90 96
90 112
90 120
90 124
90 125
90 133
90 162
90 189
90 211
91 99
91 103
91 105
91 119
91 161
91 177
91 214
91 216
91 230
91 239
92 93
92 127
92 130
92 146
92 166
92 168
92 212
92 232
93 94
93 95
93 126
93 134
93 154
93 156
93 203
93 219
93 221
93 222
93 245
93 249
94 142
94 149
94 156
94 160
94 180
94 182
94 223
94 234
95 102
95 114
95 119
95 121
95 159
95 162
95 180
95 181
95 186
95 196
96 123
96 134
96 137
96 152
96 158
96 170
96 175
96 185
96 194
96 203
96 212
96 221
96 224
96 226
96 227
96 228
96 243
96 244
97 132
97 139
97 153
97 159
97 169
97 175
97 195
97 207
97 208
97 219
97 232
97 233
97 237
97 239
98 100
98 101
98 107
98 120
98 122
98 124
98 184
98 185
98 186
98 192
98 198
98 201
98 212
99 139
99 148
99 154
99 189
99 196
99 224
99 242
100 127
100 132
100 151
100 154
100 162
100 169
100 174
100 175
100 177
100 191
100 198
100 206
100 224
100 237
100 242
100 246
101 103
101 106
101 128
101 146
101 174
101 189
101 212
101 221
101 231
101 247
102 110
102 138
102 148
102 155
102 162
102 169
102 174
102 182
102 187
102 195
102 197
102 202
102 238
102 241
103 110
103 114
103 135
103 136
103 150
103 156
103 199
103 200
103 209
103 214
103 230
104 122
104 154
104 165
104 168
105 116
105 119
105 129
105 134
105 145
105 161
105 167
105 185
105 213
105 243
106 140
106 160
106 162
106 184
106 187
106 201
106 237
106 241
107 158
107 172
107 173
107 177
107 189
107 192
107 222
107 236
107 241
108 115
108 116
108 123
108 125
108 127
108 159
108 174
108 178
108 181
108 189
108 190
108 193
108 195
108 197
108 229
108 236
108 238
109 117
109 170
109 176
109 190
109 200
109 216
109 226
109 230
110 123
110 126
110 135
110 136
110 140
110 143
110 144
110 151
110 156
110 174
110 175
110 185
110 202
110 219
110 222
110 232
110 234
110 241
111 137
111 146
111 149
111 162
111 163
111 196
111 198
111 222
111 229
111 249
112 128
112 139
112 151
112 153
112 164
112 170
112 172
112 182
112 191
112 194
112 203
112 226
112 234
112 239
113 127
113 134
113 144
113 185
113 188
113 200
113 241
113 247
114 125
114 151
114 173
114 179
114 221
114 226
115 120
115 127
115 165
115 197
115 225
115 230
116 130
116 137
116 143
116 144
116 191
116 215
116 224
117 122
117 141
117 162
117 163
117 165
117 174
117 177
117 189
117 216
117 217
117 228
118 131
118 148
118 190
118 213
118 223
118 233
118 241
118 249
119 125
119 138
119 143
119 154
119 156
119 166
119 178
119 189
119 191
119 193
119 194
119 204
119 242
120 137
120 142
120 157
120 159
120 162
120 209
120 225
120 232
121 154
121 174
121 190
121 208
121 216
121 226
121 228
122 138
122 162
122 167
122 178
122 193
122 215
122 232
122 248
123 127
123 146
123 164
123 173
123 188
123 210
123 216
123 233
123 236
123 244
124 127
124 144
124 216
125 128
125 136
125 140
125 164
125 193
125 199
125 203
125 208
125 212
125 213
125 223
125 233
126 135
126 141
126 152
126 157
126 169
126 205
126 234
126 242
126 244
127 133
127 140
127 143
127 156
127 175
127 181
127 186
127 188
127 198
127 199
127 209
128 156
128 174
128 176
128 180
128 181
128 215
128 219
129 161
129 179
129 187
129 236
130 134
130 157
130 170
130 171
130 172
130 180
130 202
130 219
131 189
131 219
131 235
131 249
132 138
132 142
132 163
132 192
132 199
132 215
133 169
133 180
133 182
133 184
133 187
133 199
133 203
133 237
133 240
133 249
134 135
134 136
134 138
134 142
134 170
134 174
134 178
134 179
134 191
134 206
134 230
134 232
134 247
135 150
135 158
136 148
136 151
136 163
136 164
136 185
136 200
136 204
136 221
136 228
136 243
137 141
137 150
137 178
137 182
137 183
137 208
137 212
137 234
138 142
138 147
138 154
138 162
138 163
138 164
138 165
138 168
138 191
138 193
138 202
138 207
138 213
138 223
139 142
139 158
139 161
139 165
139 170
139 172
139 191
139 202
139 205
139 212
139 221
139 229
139 231
140 142
140 165
140 177
140 184
140 203
140 219
140 221
141 152
141 154
141 167
141 220
142 171
142 204
142 218
142 228
142 231
143 154
143 160
143 175
143 198
143 218
144 150
144 155
144 165
144 191
144 192
144 218
144 238
145 154
145 155
145 211
145 237
145 247
146 149
146 152
146 175
146 181
146 182
146 195
146 232
146 237
146 238
147 155
147 168
147 189
147 217
147 241
148 159
148 168
148 178
148 188
148 192
148 198
148 202
148 208
148 209
148 216
148 226
148 246
148 249
149 165
149 167
149 169
149 172
149 175
149 197
149 201
149 220
149 225
149 242
149 247
150 181
150 199
150 204
150 208
150 214
150 233
151 183
151 204
151 209
151 238
151 244
152 173
152 174
152 182
152 192
153 154
153 173
153 205
153 210
153 217
153 245
154 156
154 166
154 181
154 199
154 201
154 202
154 203
154 206
154 208
154 226
154 238
155 167
155 185
155 203
155 231
155 236
155 245
155 247
155 249
156 176
156 177
156 199
156 216
157 198
157 212
158 169
158 173
158 185
158 189
158 196
158 200
158 204
159 165
159 180
159 183
159 194
159 204
159 213
159 222
159 227
159 231
159 241
159 243
159 244
159 247
160 166
160 167
160 177
160 207
160 216
160 217
160 247
161 163
161 189
161 203
161 209
161 237
162 163
162 171
162 175
162 204
162 217
162 223
162 229
163 164
163 176
163 199
163 206
163 244
163 248
164 172
164 178
164 179
164 184
164 190
164 203
164 206
164 209
164 213
164 218
165 175
165 176
165 181
165 201
165 219
165 229
165 234
165 241
165 242
166 167
166 168
166 182
166 191
166 192
166 206
166 235
166 245
167 168
167 173
167 223
167 229
167 244
168 183
168 198
168 206
169 178
169 211
169 215
169 219
169 220
170 179
170 191
170 217
170 225
170 230
170 237
171 210
171 213
171 217
171 240
171 244
172 191
172 192
172 200
172 206
172 208
172 212
172 223
172 236
172 248
173 174
173 211
173 227
173 233
174 201
174 202
174 204
174 220
174 226
174 232
175 189
175 192
175 195
175 214
175 225
175 233
175 239
175 247
176 177
176 186
176 190
176 197
176 205
176 215
176 223
176 236
176 247
177 188
177 192
177 193
177 195
177 198
177 201
177 206
177 223
177 233
177 249
178 183
178 201
178 224
178 232
178 236
179 181
179 210
179 211
179 216
179 227
179 248
180 181
180 184
180 209
180 223
180 227
181 208
181 214
181 220
181 229
181 242
181 246
181 249
182 195
182 200
182 220
182 247
183 202
183 207
183 214
183 217
183 218
183 237
183 238
184 189
184 195
184 201
184 204
184 217
184 221
184 233
184 242
185 210
185 212
185 213
185 220
185 223
185 236
186 189
186 199
186 202
186 213
186 218
187 191
187 205
187 211
187 229
187 246
188 194
188 201
188 212
188 219
188 226
188 244
188 249
189 202
189 220
189 235
190 193
190 197
190 217
190 224
190 242
191 208
191 212
191 221
191 225
192 206
192 215
192 240
193 208
193 221
194 225
194 230
195 196
195 199
195 207
195 230
195 236
195 247
195 249
196 206
196 233
196 246
196 249
197 223
197 237
198 207
198 210
198 215
198 223
198 227
198 247
199 226
199 231
199 236
200 203
200 207
200 219
200 230
200 238
201 208
201 231
202 226
202 227
203 224
204 235
205 231
205 247
206 218
206 233
207 220
207 225
207 249
208 221
209 216
209 221
209 249
210 223
211 216
211 238
213 227
213 232
213 235
214 216
214 222
214 226
214 227
215 216
215 249
216 219
217 222
217 232
218 244
219 225
219 227
219 237
219 246
219 247
220 226
220 231
221 225
221 234
222 236
222 246
223 228
223 230
223 231
224 228
224 241
225 228
225 229
226 236
226 242
227 233
227 236
228 231
229 233
230 236
232 241
235 246
236 249
237 243
241 247
