0 34
0 45
0 56
0 76
0 84
0 86
0 99
0 111
0 112
0 121
0 130
0 138
0 144
0 172
0 194
0 203
0 206
0 226
0 230
0 249
1 3
1 64
1 71
1 94
1 107
1 110
1 126
1 132
1 148
1 154
1 167
1 200
2 47
2 77
2 81
2 92
2 95
2 97
2 132
2 138
2 139
2 143
2 157
2 158
2 161
2 173
2 177
2 191
2 200
2 207
2 227
2 232
3 5
3 8
3 64
3 68
3 69
3 77
3 83
3 111
3 126
3 138
3 165
3 175
3 199
3 206
3 212
3 214
3 232
3 233
3 249
4 5
4 13
4 17
4 69
4 79
4 97
4 113
4 114
4 115
4 125
4 132
4 141
4 158
4 160
4 178
4 183
4 193
4 195
4 206
4 209
4 227
4 231
4 236
4 237
4 240
4 242
4 246
5 19
5 21
5 31
5 33
5 43
5 54
5 63
5 69
5 70
5 96
5 127
5 145
5 155
5 158
5 159
5 178
5 193
5 212
5 214
5 217
5 234
5 240
5 244
6 27
6 28
6 39
6 43
6 53
6 59
6 67
6 68
6 94
6 99
6 107
6 110
6 126
6 129
6 145
6 161
6 174
6 178
6 186
6 194
6 210
6 243
7 48
7 72
7 88
7 94
7 144
7 180
7 192
7 213
7 234
7 243
8 10
8 35
8 43
8 49
8 50
8 51
8 72
8 73
8 94
8 98
8 131
8 141
8 146
8 149
8 174
8 190
8 192
8 228
8 233
8 236
8 249
9 20
9 26
9 39
9 43
9 63
9 101
9 107
9 117
9 127
9 159
9 172
9 175
9 194
9 195
9 212
9 214
9 218
9 234
10 14
10 20
10 32
10 49
10 51
10 86
10 122
10 132
10 138
10 143
10 149
10 162
10 164
10 198
10 208
10 215
10 216
10 225
10 233
10 239
10 246
11 16
11 19
11 20
11 37
11 61
11 74
11 75
11 111
11 132
11 160
11 164
11 192
11 207
11 208
11 213
11 245
11 247
12 60
12 67
12 73
12 84
12 93
12 120
12 145
12 168
12 176
12 190
12 195
12 226
12 238
13 42
13 51
13 77
13 81
13 107
13 163
13 175
13 182
13 184
13 195
13 216
13 218
13 231
13 245
14 39
14 50
14 54
14 63
14 86
14 93
14 116
14 125
14 129
14 133
14 142
14 144
14 146
14 151
14 154
14 160
14 169
14 170
14 201
14 217
15 21
15 25
15 51
15 60
15 64
15 77
15 81
15 88
15 90
15 110
15 113
15 116
15 135
15 141
15 145
15 156
15 167
15 175
15 187
15 212
15 228
16 19
16 34
16 45
16 48
16 67
16 78
16 98
16 102
16 116
16 131
16 138
16 145
16 181
16 215
16 225
16 230
16 239
17 40
17 49
17 89
17 134
17 142
17 163
17 168
17 183
17 206
17 211
17 219
17 234
18 92
18 103
18 104
18 123
18 126
18 129
18 131
18 133
18 177
18 191
18 209
19 50
19 80
19 92
19 139
19 141
19 148
19 161
19 205
19 210
19 226
19 227
19 234
20 28
20 38
20 75
20 85
20 87
20 102
20 130
20 149
20 157
20 162
20 182
20 184
20 186
20 196
20 206
20 212
20 218
20 220
21 64
21 65
21 100
21 107
21 114
21 164
21 168
21 204
21 207
21 210
21 211
21 227
21 229
21 232
21 235
22 42
22 55
22 82
22 103
22 105
22 106
22 123
22 144
22 146
22 163
22 168
22 186
22 240
22 245
23 50
23 60
23 62
23 64
23 76
23 78
23 95
23 102
23 103
23 118
23 119
23 131
23 144
23 151
23 164
23 173
23 189
23 196
23 225
23 235
24 31
24 42
24 44
24 51
24 58
24 65
24 70
24 72
24 76
24 86
24 106
24 130
24 141
24 186
24 202
24 204
24 207
24 218
24 226
24 236
24 243
24 244
25 26
25 35
25 48
25 97
25 107
25 124
25 160
25 172
25 174
25 214
25 225
26 41
26 99
26 110
26 121
26 128
26 134
26 154
26 158
26 162
26 177
26 223
26 243
27 28
27 35
27 37
27 44
27 47
27 56
27 57
27 79
27 85
27 104
27 105
27 111
27 115
27 117
27 137
27 146
27 149
27 150
27 157
27 169
27 184
27 196
27 223
27 231
27 237
28 29
28 67
28 87
28 189
28 191
28 196
28 200
29 44
29 51
29 82
29 86
29 92
29 119
29 124
29 143
29 172
29 194
29 220
29 229
29 236
30 34
30 72
30 86
30 91
30 105
30 118
30 146
30 147
30 154
30 167
30 168
30 189
30 198
30 212
30 236
31 62
31 67
31 68
31 74
31 84
31 85
31 141
31 155
31 180
31 185
31 188
31 211
31 232
31 234
31 236
32 45
32 81
32 100
32 105
32 135
32 139
32 142
32 146
32 161
32 183
32 241
33 49
33 59
33 81
33 86
33 106
33 153
33 158
33 159
33 166
33 171
33 198
33 219
33 223
33 244
33 248
34 44
34 45
34 57
34 91
34 105
34 109
34 112
34 154
34 155
34 199
34 201
34 205
34 222
34 232
34 245
35 45
35 50
35 51
35 66
35 67
35 68
35 74
35 82
35 114
35 118
35 140
35 143
35 162
35 173
35 198
35 223
35 229
35 237
36 46
36 64
36 92
36 95
36 96
36 106
36 109
36 155
36 159
36 165
36 171
36 179
36 180
36 201
36 212
36 215
36 235
36 246
37 55
37 61
37 97
37 103
37 108
37 130
37 173
37 179
37 201
37 206
37 216
37 225
37 246
37 247
38 50
38 82
38 88
38 110
38 185
38 190
38 206
38 215
38 218
38 232
38 233
38 238
39 45
39 54
39 91
39 97
39 98
39 101
39 154
39 156
39 165
39 170
39 180
39 188
39 193
39 211
39 222
39 233
39 234
40 60
40 85
40 102
40 108
40 114
40 134
40 139
40 155
40 177
40 186
40 198
40 224
40 226
41 44
41 49
41 62
41 67
41 69
41 82
41 90
41 115
41 117
41 118
41 144
41 160
41 167
41 188
41 198
41 222
42 132
42 138
42 172
42 186
42 211
42 229
42 232
42 236
43 133
43 159
43 178
43 205
43 239
44 48
44 68
44 69
44 90
44 98
44 106
44 109
44 120
44 133
44 140
44 174
44 176
44 180
44 198
44 201
44 208
44 217
44 218
44 219
44 246
45 56
45 59
45 62
45 72
45 113
45 119
45 130
45 154
45 172
45 182
45 188
45 200
45 201
45 223
45 224
46 58
46 68
46 71
46 75
46 82
46 98
46 108
46 126
46 128
46 130
46 135
46 140
46 153
46 180
46 182
46 187
46 190
46 191
46 235
47 51
47 81
47 83
47 88
47 121
47 129
47 139
47 196
47 217
47 220
47 233
48 61
48 74
48 75
48 81
48 93
48 102
48 118
48 121
48 130
48 141
48 148
48 163
48 181
48 219
48 221
48 237
48 241
49 54
49 73
49 75
49 78
49 84
49 126
49 167
49 179
49 180
49 183
49 188
49 210
49 225
49 235
49 238
50 65
50 71
50 79
50 95
50 112
50 120
50 138
50 155
50 161
50 162
50 186
50 187
50 195
50 198
50 204
50 233
51 68
51 103
51 112
51 123
51 136
51 153
51 204
51 216
51 218
51 220
51 245
51 248
52 80
52 123
52 153
52 157
52 161
52 182
52 187
52 188
52 200
52 204
52 223
52 229
52 240
52 243
52 247
53 118
53 123
53 163
53 166
53 193
53 227
53 233
53 237
54 101
54 109
54 222
54 228
54 244
55 57
55 105
55 120
55 126
55 142
55 169
55 171
55 178
55 209
55 210
55 212
55 220
55 225
55 233
55 239
56 73
56 77
56 110
56 128
56 136
56 197
56 198
56 218
56 240
56 242
56 244
57 69
57 75
57 76
57 101
57 105
57 117
57 146
57 149
57 151
57 154
57 178
57 179
57 205
57 218
57 221
57 224
57 234
58 68
58 106
58 113
58 115
58 118
58 134
58 145
58 149
58 210
58 213
58 237
59 61
59 72
59 73
59 78
59 107
59 112
59 118
59 141
59 153
59 161
59 194
59 214
59 215
59 216
60 72
60 100
60 106
60 129
60 168
60 174
60 180
60 186
60 209
60 216
60 224
60 226
60 245
61 70
61 80
61 110
61 150
61 175
61 180
61 199
61 210
61 219
61 228
61 234
61 247
62 70
62 74
62 100
62 116
62 135
62 141
62 143
62 160
62 180
62 198
62 214
62 223
62 231
62 233
62 236
63 68
63 76
63 96
63 102
63 128
63 137
63 153
63 174
63 180
63 205
63 224
63 225
63 229
64 71
64 88
64 92
64 98
64 117
64 130
64 152
64 156
64 186
64 248
65 67
65 77
65 123
65 147
65 155
65 162
65 181
65 188
65 193
65 217
65 228
65 236
65 240
66 81
66 91
66 93
66 99
66 116
66 129
66 146
66 155
66 160
66 163
66 180
66 183
66 233
66 235
66 237
67 68
67 72
67 84
67 92
67 121
67 123
67 124
67 126
67 132
67 148
67 156
67 179
67 244
67 246
67 247
68 95
68 96
68 99
68 107
68 116
68 135
68 161
68 186
68 196
68 201
68 208
68 217
68 238
69 71
69 73
69 88
69 95
69 98
69 99
69 114
69 117
69 129
69 138
69 146
69 163
69 171
69 172
69 179
69 184
69 224
69 237
70 76
70 89
70 147
70 148
70 165
70 169
70 188
70 190
70 193
70 197
70 201
70 204
70 218
70 223
70 235
70 239
70 246
70 249
71 82
71 127
71 160
71 172
71 208
71 210
72 82
72 98
72 103
72 141
72 182
72 192
72 207
72 222
72 242
72 245
73 82
73 83
73 84
73 170
73 173
73 180
73 183
73 195
73 212
73 217
74 84
74 88
74 98
74 99
74 116
74 129
74 133
74 142
74 147
74 164
74 170
74 173
74 174
74 177
74 178
74 184
74 206
74 225
74 232
74 235
75 79
75 94
75 131
75 157
75 166
75 167
75 178
75 181
75 191
75 199
75 203
75 225
75 236
76 77
76 105
76 116
76 139
76 181
76 194
76 207
76 238
76 242
76 246
77 88
77 94
77 98
77 103
77 113
77 126
77 129
77 141
77 154
77 162
77 166
77 194
77 200
77 219
77 241
77 242
78 81
78 94
78 120
78 125
78 144
78 145
78 147
78 240
78 242
79 82
79 88
79 106
79 128
79 132
79 134
79 142
79 154
79 176
79 208
79 210
79 222
79 238
79 249
80 84
80 88
80 117
80 122
80 127
80 147
80 150
80 186
80 194
80 201
80 212
80 223
80 227
81 87
81 95
81 97
81 106
81 112
81 155
81 160
81 166
81 172
81 180
81 224
81 236
82 90
82 100
82 114
82 121
82 127
82 129
82 142
82 152
82 165
82 167
82 181
82 185
82 207
82 231
82 233
82 237
83 96
83 120
83 122
83 123
83 131
83 142
83 146
83 149
83 151
83 161
83 174
83 181
83 214
83 222
83 226
83 231
84 90
84 91
84 92
84 109
84 115
84 126
84 147
84 185
84 196
84 207
84 232
84 245
84 247
84 249
85 88
85 91
85 104
85 107
85 112
85 122
85 150
85 153
85 162
85 181
85 185
85 188
85 200
85 201
85 206
85 223
85 247
86 87
86 98
86 110
86 118
86 125
86 151
86 177
86 195
86 203
86 216
86 220
86 228
86 246
87 91
87 99
87 100
87 103
87 139
87 141
87 174
87 175
87 182
87 187
87 197
87 206
88 90
88 130
88 146
88 160
88 176
89 96
89 102
89 105
89 124
89 142
89 157
89 179
89 180
89 191
89 211
89 236
90 115
90 138
90 154
90 174
90 179
90 203
90 228
91 116
91 134
91 137
91 167
91 168
91 196
91 201
91 202
91 222
92 94
92 98
92 112
92 119
92 144
92 161
92 185
92 187
92 188
92 189
92 193
92 195
92 200
92 204
92 208
92 211
92 238
92 239
93 96
93 104
93 113
93 132
93 151
93 160
93 167
93 204
93 205
93 212
93 236
94 95
94 97
94 98
94 115
94 120
94 133
94 134
94 138
94 157
94 172
94 187
94 189
94 202
94 213
94 216
94 221
94 228
94 239
94 240
94 246
94 249
95 115
95 116
95 151
95 153
95 159
95 165
95 176
95 191
95 200
95 202
95 231
95 236
95 245
96 99
96 100
96 148
96 149
96 156
96 159
96 182
96 196
96 208
96 244
97 125
97 127
97 130
97 185
97 208
97 219
97 226
97 235
97 243
98 107
98 124
98 128
98 151
98 175
98 185
98 186
98 207
98 210
98 213
98 218
99 164
99 184
99 194
99 202
99 209
99 220
100 132
100 150
100 160
100 167
100 178
100 179
100 185
100 188
100 213
100 221
100 232
100 249
101 111
101 113
101 167
101 174
101 208
101 227
102 107
102 116
102 128
102 133
102 141
102 146
102 154
102 165
102 175
102 183
102 209
102 218
102 222
102 235
102 236
103 117
103 137
103 142
103 153
103 170
103 175
103 179
103 201
103 219
103 228
103 234
104 110
104 127
104 149
104 180
104 188
104 195
104 220
104 240
105 121
105 172
105 186
105 208
105 226
105 231
105 236
106 110
106 120
106 121
106 155
106 165
106 169
106 180
106 197
106 218
106 225
106 227
106 238
106 242
106 246
107 113
107 128
107 150
107 161
107 181
107 187
107 189
107 206
107 212
107 222
107 223
107 224
107 230
107 242
108 123
108 131
108 136
108 140
108 149
108 172
108 192
108 207
108 244
108 245
108 248
109 144
109 154
109 184
109 201
109 216
109 219
109 227
109 235
110 123
110 141
110 147
110 155
110 167
110 181
110 191
110 203
110 229
110 235
110 236
110 245
111 121
111 129
111 177
111 181
111 196
111 201
111 207
111 225
111 230
111 232
111 237
112 158
112 198
112 201
112 202
112 211
112 214
112 220
112 223
112 237
112 248
113 116
113 127
113 139
113 170
113 176
113 187
113 188
113 204
113 220
113 234
113 238
113 248
114 140
114 163
114 169
114 174
114 224
115 162
115 173
115 201
115 212
115 216
115 224
115 227
115 235
115 237
115 238
115 239
115 248
116 120
116 122
116 141
116 177
116 197
116 200
116 205
116 207
117 157
117 163
117 168
117 169
117 188
117 238
118 177
118 179
118 185
118 193
118 195
118 207
118 212
118 213
118 222
118 246
119 131
119 162
119 164
119 179
119 185
119 194
119 196
120 166
120 186
120 196
120 208
120 219
120 220
120 221
120 227
120 233
120 241
120 243
120 245
121 136
121 146
121 148
121 157
121 180
121 182
121 228
121 246
121 247
122 145
122 159
122 171
122 185
122 224
122 225
122 247
123 127
123 131
123 144
123 148
123 157
123 161
123 172
123 188
123 197
123 214
123 221
123 230
123 236
123 243
124 136
124 162
124 176
124 181
124 188
124 235
124 240
125 135
125 145
125 148
125 154
125 162
125 182
125 198
125 211
125 216
125 232
125 248
126 142
126 151
126 173
126 185
126 193
126 197
126 205
126 212
126 220
126 222
126 231
126 241
127 129
127 131
127 136
127 187
127 195
127 206
127 217
127 228
127 235
127 237
127 244
127 246
128 135
128 138
128 152
128 162
128 164
128 171
128 188
128 189
128 193
128 204
128 208
128 210
128 226
129 145
129 154
129 158
129 167
129 169
129 172
129 176
129 184
129 193
129 216
129 231
129 244
130 152
130 158
130 166
130 169
130 194
130 233
131 138
131 143
131 145
131 149
131 152
131 159
131 169
131 178
131 190
131 192
131 209
131 220
131 222
131 234
131 240
132 133
132 154
132 161
132 164
132 166
132 170
132 173
132 183
132 191
132 212
132 213
132 235
133 142
133 145
133 160
133 166
133 170
133 184
133 234
133 237
133 238
134 144
134 145
134 157
134 160
134 164
134 178
134 208
134 227
134 228
134 234
135 167
135 176
135 189
135 206
135 210
135 228
135 231
135 232
136 137
136 159
136 194
136 221
136 222
136 226
136 234
136 237
136 245
137 145
137 147
137 165
137 173
137 183
137 199
137 209
137 217
137 226
137 237
137 248
138 144
138 146
138 155
138 169
138 171
138 180
138 181
138 192
138 201
138 212
138 214
138 239
139 169
139 170
139 173
139 178
139 182
139 211
139 239
139 244
140 159
140 170
140 209
140 216
140 233
140 239
140 243
141 147
141 150
141 152
141 181
141 206
141 219
141 244
141 247
142 149
142 165
142 171
142 177
142 192
142 193
142 217
143 153
143 155
143 187
143 196
143 211
143 225
144 171
144 184
144 228
144 240
144 242
144 247
145 158
145 175
145 180
145 185
145 186
145 221
145 223
145 248
146 162
146 165
146 201
147 155
147 206
147 234
148 153
148 175
148 178
148 202
148 207
148 225
148 248
149 156
149 198
149 210
149 219
149 239
149 245
149 246
150 168
150 171
150 172
150 213
150 216
150 225
150 228
150 248
151 182
151 190
151 198
151 200
151 207
151 235
151 242
151 244
152 157
152 166
152 199
152 200
152 233
152 238
153 154
153 169
153 178
153 203
153 207
153 211
153 220
153 221
153 232
153 240
154 159
154 164
154 169
154 177
154 215
154 219
154 227
154 245
154 249
155 163
155 175
155 198
155 227
155 230
155 234
155 237
156 172
156 174
156 182
156 187
156 207
156 219
156 233
157 165
157 167
157 239
158 181
158 204
158 213
159 160
159 192
159 209
159 212
159 224
159 229
159 234
160 171
160 185
160 197
160 208
160 212
160 224
160 229
160 245
160 247
160 248
161 175
161 179
161 187
161 196
161 201
161 211
161 237
162 172
162 191
162 196
162 227
162 244
162 249
163 172
163 173
163 183
163 195
163 206
163 225
163 236
163 247
164 185
164 193
164 211
164 214
164 223
164 228
165 176
165 177
165 178
165 182
165 207
165 235
165 243
165 245
166 181
166 204
166 207
166 233
166 244
167 170
168 182
168 184
168 222
169 180
169 186
169 196
169 206
169 231
169 235
169 249
170 177
170 186
170 196
170 205
170 207
170 219
170 223
170 226
171 179
171 191
171 208
171 211
171 213
171 217
171 218
171 225
171 227
171 231
171 239
172 205
172 208
172 213
172 224
172 233
173 198
173 214
173 219
173 222
173 224
173 226
174 186
174 213
174 227
174 248
175 176
175 186
175 190
175 197
175 198
175 203
176 178
176 182
176 212
176 228
177 195
177 207
177 227
177 239
177 247
178 187
178 204
178 219
178 224
178 237
178 244
179 183
179 184
179 197
179 231
180 187
180 192
180 218
180 226
180 240
181 186
181 197
181 198
181 219
181 221
181 228
181 248
182 183
182 231
182 241
183 215
183 218
183 220
183 231
183 242
183 248
184 214
184 226
184 232
184 245
185 186
185 203
185 206
185 211
185 225
186 191
186 208
186 213
186 232
187 199
187 231
187 232
188 191
188 202
188 215
188 228
188 238
189 201
189 221
190 203
190 206
190 214
190 231
190 234
190 235
191 195
191 200
191 204
191 221
192 215
192 226
192 230
192 243
193 197
193 219
193 222
193 243
194 213
194 217
194 238
194 244
194 246
196 204
197 217
198 200
198 201
198 220
198 225
198 226
198 234
199 205
199 242
199 247
200 213
200 215
200 217
200 229
201 246
202 204
202 216
202 228
202 232
203 210
203 212
204 222
204 225
204 227
204 228
204 232
204 245
205 214
205 230
205 243
206 229
206 231
206 239
207 209
207 213
207 223
207 244
208 211
208 229
208 236
208 244
208 245
209 218
209 219
210 238
211 220
211 235
211 246
212 219
212 226
212 230
212 243
213 223
213 227
213 228
213 235
213 245
214 219
214 239
215 217
215 227
215 229
215 232
216 217
216 220
216 221
216 226
216 234
216 245
216 246
216 249
217 227
217 237
217 241
217 242
217 246
218 229
218 240
218 241
218 247
219 224
220 224
220 236
220 243
221 226
221 239
221 241
221 246
222 233
222 243
224 225
224 226
224 237
224 239
224 242
225 233
225 236
225 246
226 232
226 243
227 247
228 237
229 230
229 237
229 245
230 243
230 248
231 236
231 239
231 242
232 241
234 235
234 236
234 238
235 240
238 248
239 241
240 242
241 246
