0 11
0 30
0 39
0 49
0 57
0 61
0 65
0 76
0 108
0 139
0 149
0 174
0 190
0 199
0 203
0 217
0 230
1 21
1 35
1 55
1 59
1 79
1 87
1 97
1 125
1 130
1 135
1 137
1 151
1 167
1 176
1 203
1 207
1 215
1 217
1 218
1 222
1 234
2 43
2 46
2 58
2 66
2 89
2 105
2 109
2 123
2 142
2 146
2 161
2 179
2 185
2 190
2 192
2 205
2 215
3 34
3 43
3 82
3 90
3 108
3 113
3 146
3 166
3 169
3 172
3 195
3 246
4 16
4 33
4 51
4 63
4 69
4 135
4 180
4 184
4 203
4 224
4 232
5 28
5 33
5 95
5 96
5 101
5 109
5 131
5 142
5 209
5 236
5 243
5 248
6 45
6 48
6 50
6 83
6 120
6 133
6 151
6 198
6 210
6 220
6 231
7 61
7 67
7 79
7 98
7 106
7 115
7 120
7 127
7 156
7 161
7 163
7 170
7 177
7 178
7 221
7 226
7 242
8 14
8 44
8 57
8 92
8 106
8 107
8 137
8 149
8 216
8 247
9 38
9 58
9 61
9 66
9 76
9 83
9 95
9 98
9 109
9 154
9 179
9 194
9 209
9 214
9 222
10 17
10 69
10 71
10 84
10 88
10 122
10 174
10 177
10 196
10 214
10 215
10 216
10 242
10 247
11 27
11 42
11 46
11 49
11 72
11 76
11 94
11 117
11 137
11 144
11 188
11 241
11 243
12 21
12 23
12 29
12 35
12 42
12 53
12 71
12 141
12 181
12 201
12 205
12 217
12 233
12 246
13 16
13 49
13 54
13 79
13 84
13 102
13 113
13 153
13 215
13 225
13 235
14 15
14 88
14 92
14 95
14 102
14 130
14 144
14 145
14 184
14 205
14 210
14 229
14 243
15 27
15 65
15 68
15 71
15 79
15 84
15 102
15 139
15 184
15 185
15 194
15 195
15 241
16 41
16 67
16 85
16 91
16 99
16 103
16 114
16 129
16 174
16 230
17 20
17 38
17 45
17 47
17 68
17 69
17 74
17 121
17 122
17 137
17 162
17 168
17 178
17 182
17 185
17 223
17 228
18 21
18 26
18 47
18 50
18 59
18 67
18 78
18 92
18 94
18 102
18 104
18 108
18 118
18 142
18 144
18 158
18 162
18 165
18 166
18 176
18 193
18 208
18 222
18 238
18 249
19 63
19 64
19 66
19 90
19 109
19 114
19 130
19 175
19 181
19 182
19 248
20 37
20 38
20 40
20 120
20 128
20 148
20 163
20 164
20 182
20 185
20 197
20 205
20 236
20 248
21 34
21 56
21 88
21 90
21 97
21 132
21 194
21 198
21 241
22 68
22 81
22 83
22 86
22 90
22 103
22 141
22 159
22 193
22 207
22 213
22 249
23 34
23 35
23 102
23 112
23 148
23 151
23 160
23 167
23 178
23 188
23 190
23 215
23 225
24 36
24 37
24 40
24 114
24 145
24 147
24 149
24 187
24 217
24 221
24 242
25 27
25 42
25 87
25 102
25 109
25 111
25 144
25 146
25 152
25 153
25 180
25 187
25 207
25 208
25 226
25 249
26 62
26 64
26 76
26 83
26 88
26 89
26 99
26 119
26 146
26 171
26 178
26 192
26 197
26 214
26 217
26 219
26 224
26 229
27 117
27 120
27 155
27 174
27 189
27 192
27 201
27 206
27 224
27 232
28 55
28 64
28 106
28 162
28 187
28 221
29 54
29 56
29 57
29 59
29 77
29 103
29 104
29 106
29 115
29 119
29 142
29 153
29 154
29 212
29 226
29 242
29 246
30 48
30 71
30 77
30 99
30 100
30 102
30 142
30 159
30 178
30 219
30 229
30 230
30 233
31 78
31 86
31 92
31 106
31 122
31 140
31 150
31 170
31 204
31 213
31 220
32 50
32 68
32 85
32 91
32 117
32 127
32 146
32 147
32 154
32 171
32 176
32 188
32 199
32 209
32 229
32 234
33 52
33 62
33 92
33 96
33 144
33 148
33 156
33 168
33 177
33 236
34 51
34 94
34 103
34 111
34 127
34 129
34 146
34 152
34 172
34 223
34 230
34 239
34 243
34 244
34 245
35 81
35 85
35 90
35 96
35 131
35 144
35 164
35 181
35 194
35 226
35 236
36 42
36 50
36 60
36 67
36 69
36 70
36 99
36 133
36 148
36 172
36 229
36 239
37 39
37 40
37 71
37 79
37 86
37 88
37 97
37 103
37 131
37 135
37 138
37 145
37 159
37 183
37 208
37 222
37 235
37 238
37 248
38 63
38 108
38 163
38 179
38 216
38 241
39 65
39 67
39 87
39 106
39 107
39 109
39 111
39 123
39 130
39 137
39 141
39 146
39 160
39 171
39 191
39 205
39 227
40 68
40 75
40 76
40 87
40 107
40 128
40 132
40 138
40 230
41 55
41 58
41 100
41 110
41 120
41 155
41 161
41 184
41 190
41 210
41 240
42 49
42 65
42 90
42 113
42 114
42 121
42 148
42 161
42 162
42 181
42 184
43 46
43 51
43 53
43 79
43 83
43 87
43 135
43 139
43 170
43 172
43 184
43 191
43 225
43 245
44 64
44 72
44 76
44 87
44 138
44 156
44 162
44 191
44 205
44 236
45 74
45 80
45 89
45 93
45 94
45 107
45 124
45 129
45 151
45 167
45 196
45 212
45 217
46 74
46 152
46 164
46 169
46 183
46 184
46 224
46 227
46 246
47 90
47 132
47 135
47 147
47 161
47 162
47 166
47 184
47 189
47 190
47 195
47 206
47 207
47 210
47 222
47 224
47 232
48 57
48 98
48 102
48 144
48 180
48 187
48 194
48 198
48 209
48 210
48 213
48 224
48 247
49 56
49 65
49 70
49 92
49 113
49 120
49 143
49 150
49 173
49 184
49 186
49 193
49 195
49 196
49 204
49 214
49 222
49 224
49 231
49 240
50 77
50 93
50 133
50 156
50 165
50 192
50 214
50 220
50 247
51 58
51 68
51 123
51 130
51 139
51 166
51 170
51 204
51 206
51 211
51 234
52 77
52 102
52 115
52 129
52 171
52 181
52 191
52 193
52 208
52 217
52 228
52 229
52 242
53 54
53 57
53 61
53 70
53 79
53 144
53 153
53 159
53 160
53 161
53 170
53 179
53 220
53 246
54 71
54 93
54 103
54 117
54 120
54 131
54 144
54 149
54 157
54 166
54 168
54 184
54 210
54 225
54 227
54 245
54 248
55 78
55 86
55 99
55 143
55 173
55 179
55 188
55 232
55 242
55 248
56 60
56 69
56 82
56 94
56 139
56 148
56 155
56 157
56 176
56 183
56 184
56 202
56 207
57 77
57 82
57 83
57 87
57 93
57 101
57 102
57 104
57 119
57 148
57 179
57 195
58 78
58 79
58 105
58 118
58 129
58 132
58 149
58 195
58 203
58 216
58 239
59 93
59 105
59 134
59 139
59 145
59 151
59 152
59 153
59 186
59 220
59 222
59 245
60 69
60 70
60 80
60 96
60 125
60 139
60 148
60 164
60 184
60 188
60 205
60 219
61 71
61 82
61 87
61 111
61 120
61 137
61 140
61 141
61 145
61 180
61 190
61 193
61 200
61 239
61 242
61 246
62 73
62 85
62 98
62 116
62 132
62 136
62 141
62 166
62 178
62 209
62 215
62 221
62 222
62 242
63 71
63 79
63 80
63 83
63 91
63 104
63 114
63 120
63 125
63 149
63 150
63 153
63 160
63 175
63 199
63 202
63 213
63 236
64 77
64 107
64 124
64 130
64 184
64 189
64 217
64 218
64 241
64 242
65 69
65 90
65 105
65 122
65 128
65 152
65 160
65 163
65 172
65 202
65 207
65 218
65 234
65 246
66 76
66 85
66 105
66 113
66 119
66 123
66 130
66 145
66 193
66 196
66 209
66 223
67 82
67 106
67 108
67 135
67 156
67 163
67 165
67 188
67 209
67 213
67 225
67 233
67 245
68 70
68 117
68 121
68 144
68 171
68 230
68 236
69 82
69 88
69 89
69 114
69 117
69 119
69 138
69 147
69 156
69 186
69 205
70 141
70 147
70 173
70 177
70 194
70 204
70 208
71 116
71 120
71 123
71 138
71 148
71 213
71 222
71 229
71 238
71 240
71 242
72 77
72 89
72 112
72 124
72 133
72 134
72 138
72 144
72 167
72 204
72 228
72 233
72 248
73 81
73 107
73 118
73 126
73 142
73 170
73 177
73 207
73 222
73 235
73 247
74 81
74 103
74 104
74 132
74 140
74 145
74 158
74 201
74 225
74 239
75 102
75 112
75 115
75 128
75 134
75 155
75 164
75 169
75 189
75 206
75 207
75 230
75 232
75 240
75 248
76 79
76 88
76 106
76 107
76 112
76 129
76 155
76 164
76 172
76 178
76 184
76 189
76 199
76 215
76 238
76 243
77 93
77 116
77 156
77 190
77 224
77 247
78 81
78 132
78 148
78 150
78 160
78 178
78 204
78 232
78 238
79 120
79 126
79 127
79 135
79 137
79 146
79 161
79 169
79 194
79 211
79 219
79 224
79 227
80 101
80 124
80 125
80 126
80 131
80 209
80 222
80 226
80 234
81 95
81 110
81 111
81 118
81 143
81 144
81 165
81 188
81 209
81 244
82 86
82 92
82 132
82 151
82 192
82 193
82 217
82 228
82 240
83 84
83 116
83 129
83 136
83 143
83 186
83 199
83 201
83 221
83 229
83 231
83 232
83 240
84 103
84 112
84 118
84 131
84 173
84 184
84 196
84 225
84 226
84 238
84 242
84 244
85 90
85 97
85 105
85 108
85 114
85 153
85 164
85 197
85 216
85 233
85 247
86 96
86 107
86 135
86 142
86 152
86 153
86 184
86 200
86 205
86 223
86 227
86 233
87 120
87 139
87 153
87 199
87 213
88 93
88 94
88 98
88 104
88 108
88 123
88 141
88 153
88 173
88 215
88 216
88 225
88 236
89 116
89 157
89 174
89 190
89 204
89 221
90 119
90 129
90 133
90 135
90 140
90 185
90 237
91 111
91 136
91 155
91 175
91 181
91 203
91 207
91 232
91 236
91 245
91 249
92 121
92 124
92 159
92 172
92 173
92 205
93 117
93 130
93 149
93 169
93 206
93 211
93 242
94 131
94 141
94 159
94 160
94 166
94 168
94 191
94 209
94 244
95 108
95 136
95 149
95 153
95 160
95 163
95 185
95 194
95 211
96 118
96 120
96 143
96 144
96 151
96 153
96 157
96 194
96 205
96 207
96 228
97 118
97 119
97 120
97 126
97 175
97 185
97 197
97 198
97 208
97 209
97 217
97 221
98 113
98 120
98 135
98 146
98 152
98 156
98 178
98 192
98 195
98 208
98 213
98 219
98 223
99 113
99 125
99 127
99 134
99 158
99 166
99 191
99 203
99 220
99 226
99 239
100 101
100 145
100 196
100 211
100 217
100 222
100 225
100 247
101 105
101 144
101 157
101 222
101 224
101 227
101 244
102 107
102 109
102 117
102 143
102 150
102 181
102 207
102 209
102 233
103 129
103 131
103 135
103 182
103 191
103 194
103 199
103 205
103 206
103 232
103 233
104 118
104 121
104 126
104 138
104 156
104 184
104 187
104 191
104 196
104 210
104 223
104 242
104 244
105 111
105 113
105 129
105 138
105 148
105 174
105 183
105 188
105 192
106 112
106 122
106 133
106 138
106 149
106 156
106 162
106 164
106 170
106 189
106 199
106 204
107 114
107 120
107 143
107 145
107 152
107 158
107 184
107 193
107 200
107 205
107 210
107 222
107 236
107 238
107 249
108 119
108 129
108 133
108 162
108 165
108 178
108 186
108 190
108 214
108 215
108 216
108 219
108 232
108 247
109 138
109 161
109 177
109 180
109 219
109 224
110 123
110 126
110 154
110 176
110 187
110 223
111 118
111 137
111 157
111 165
111 185
111 199
111 226
112 169
112 177
112 233
112 236
113 144
113 159
113 184
113 211
113 232
113 238
113 244
113 246
114 127
114 131
114 135
114 137
114 138
114 203
114 222
114 228
114 235
114 242
115 162
115 214
115 216
116 117
116 125
116 147
116 160
116 173
116 182
116 230
117 134
117 166
117 168
117 177
117 178
117 179
117 183
117 189
117 190
117 201
117 208
117 221
117 245
117 246
118 153
118 161
118 170
118 196
119 120
119 172
119 176
119 181
119 186
119 187
119 190
119 208
119 249
120 133
120 143
120 173
120 183
120 189
120 198
120 207
120 228
121 123
121 143
121 157
121 184
121 199
121 200
121 206
121 212
121 226
121 227
122 125
122 139
122 155
122 159
122 237
122 240
122 241
123 172
123 180
123 212
123 220
123 226
123 234
124 157
124 164
124 171
124 207
124 215
124 228
124 229
125 137
125 141
125 146
125 151
125 155
125 199
125 211
125 215
125 231
126 149
126 156
126 167
126 182
126 196
126 209
126 223
126 229
126 237
127 131
127 139
127 141
127 144
127 147
127 149
127 177
127 179
127 209
127 217
128 138
128 159
128 168
128 178
128 183
128 186
128 198
128 218
128 228
128 233
129 135
129 150
129 177
129 210
129 240
129 246
130 152
130 165
130 168
130 169
130 176
130 196
130 214
130 217
130 233
130 249
131 137
131 194
131 225
131 234
132 157
132 194
132 195
132 215
132 236
133 139
133 157
133 159
133 168
133 181
133 208
133 213
133 222
133 226
133 232
133 243
134 147
134 159
134 185
134 228
134 238
134 245
135 144
135 151
135 214
135 218
135 219
135 228
135 244
136 157
136 166
136 209
136 226
136 242
137 141
137 153
137 163
137 165
137 185
137 195
137 196
137 200
137 202
137 232
137 239
137 241
138 144
138 149
138 157
138 180
138 191
138 200
138 225
139 140
139 147
139 149
139 198
139 239
139 241
140 149
140 186
140 194
140 208
140 243
140 247
141 143
141 152
141 165
141 187
141 193
141 214
141 220
141 228
141 230
142 158
142 168
142 205
142 223
142 230
142 242
142 243
143 176
143 203
143 228
143 242
144 160
144 181
144 191
144 206
145 158
145 218
145 227
146 151
146 165
146 177
146 195
146 201
146 207
146 209
146 215
148 160
148 183
148 187
148 189
148 199
148 200
148 204
148 206
148 218
149 161
149 249
150 164
150 219
150 238
150 248
151 153
151 165
151 178
151 195
151 201
151 204
151 217
151 240
152 171
152 189
152 202
152 207
152 210
152 219
152 229
152 236
153 175
153 198
153 209
153 239
153 240
154 159
154 192
154 201
154 214
155 172
155 188
155 194
155 225
155 239
155 248
156 168
156 192
156 208
156 219
156 236
156 245
156 246
157 171
157 175
157 202
157 208
157 216
157 219
157 244
158 166
158 178
158 179
158 193
158 230
158 238
159 165
159 177
159 193
159 213
159 224
159 225
160 167
160 172
160 190
160 202
160 213
160 214
160 217
160 238
160 243
161 183
161 197
161 207
161 215
161 222
161 228
161 242
162 166
162 170
162 200
162 248
163 171
163 189
163 205
163 220
163 221
163 231
164 205
164 207
164 249
165 166
165 181
165 191
165 221
165 223
165 230
165 233
165 239
165 240
166 175
166 189
166 190
166 215
166 236
167 170
167 185
167 202
167 219
168 183
168 186
168 194
168 231
168 232
168 246
169 217
169 225
170 183
170 184
170 210
170 221
170 230
171 191
171 192
171 200
171 231
171 242
172 175
172 177
172 190
172 206
172 215
173 228
173 234
173 241
174 179
174 210
174 225
174 242
174 244
175 179
175 184
175 188
175 191
175 218
175 231
175 233
175 246
176 177
176 178
176 185
176 216
176 240
176 241
177 184
177 207
177 215
177 220
177 231
177 236
177 247
178 180
178 191
178 197
178 221
178 234
178 240
179 185
179 201
179 209
179 226
179 233
180 185
180 217
180 219
180 225
180 228
180 237
181 191
181 202
181 216
181 222
181 231
181 245
182 218
182 242
183 188
183 209
183 221
183 227
183 249
184 195
184 218
184 227
184 235
184 240
185 202
185 209
185 213
186 201
186 205
186 212
186 244
187 193
187 197
187 217
187 226
188 194
188 196
188 207
188 217
188 226
188 243
189 196
189 197
189 200
189 208
189 209
189 215
190 217
190 224
190 241
191 201
191 203
191 235
192 193
192 198
192 213
192 227
192 231
193 200
193 209
193 217
194 197
194 212
194 241
194 247
195 222
196 202
196 221
196 224
196 239
196 242
196 249
197 210
197 241
198 205
198 209
198 216
198 219
198 220
198 221
198 222
198 234
199 201
199 202
199 242
201 204
201 223
201 229
201 235
201 238
202 230
203 210
203 219
203 220
203 224
203 225
203 227
203 229
203 249
204 218
204 221
204 242
205 208
205 220
205 240
205 241
205 243
205 247
206 211
206 214
206 216
206 243
206 245
207 226
207 238
207 241
208 211
208 218
208 237
209 220
209 232
209 241
210 215
210 229
211 223
211 230
211 234
211 236
211 243
212 214
212 215
212 224
212 227
212 231
213 243
215 231
215 240
216 225
216 237
217 240
218 219
218 237
219 249
220 222
220 235
221 230
221 242
223 235
224 226
224 245
225 229
225 238
226 237
226 244
226 245
227 233
230 231
230 247
231 248
232 244
232 246
233 241
233 249
235 236
235 244
237 241
238 244
244 248
