0 20
0 21
0 43
0 71
0 84
0 91
0 105
0 127
0 132
0 147
0 160
0 165
0 188
0 202
0 224
0 241
0 248
1 10
1 56
1 57
1 65
1 75
1 97
1 100
1 114
1 131
1 144
1 167
1 195
1 205
1 210
1 227
1 234
1 236
1 243
1 247
2 34
2 48
2 57
2 88
2 107
2 134
2 155
2 166
2 204
2 223
2 244
3 27
3 52
3 58
3 61
3 69
3 95
3 98
3 137
3 147
3 173
3 214
3 215
4 41
4 60
4 62
4 64
4 70
4 74
4 96
4 99
4 108
4 110
4 112
4 121
4 126
4 191
4 196
4 206
4 219
4 228
5 15
5 16
5 38
5 63
5 100
5 108
5 125
5 157
5 191
5 199
5 215
5 222
5 225
5 247
6 14
6 50
6 51
6 52
6 66
6 72
6 76
6 80
6 95
6 101
6 122
6 134
6 136
6 148
6 185
6 188
6 207
7 30
7 37
7 46
7 50
7 104
7 140
7 146
7 147
7 158
7 166
7 172
7 177
7 210
7 214
8 16
8 44
8 45
8 80
8 83
8 95
8 117
8 121
8 139
8 161
8 162
8 164
8 183
8 212
8 220
8 228
8 245
9 10
9 11
9 12
9 26
9 31
9 49
9 57
9 67
9 77
9 110
9 114
9 125
9 133
9 134
9 185
9 190
9 194
9 201
9 218
9 219
9 226
9 229
9 238
9 239
10 40
10 47
10 59
10 69
10 70
10 78
10 88
10 95
10 98
10 119
10 121
10 132
10 133
10 156
10 208
10 214
10 220
10 228
10 229
10 243
11 18
11 38
11 40
11 49
11 92
11 111
11 112
11 118
11 126
11 131
11 161
11 164
11 181
11 205
11 242
12 46
12 68
12 71
12 76
12 91
12 106
12 109
12 116
12 126
12 131
12 138
12 148
12 158
12 169
12 192
12 195
12 206
12 208
13 42
13 52
13 60
13 75
13 91
13 95
13 99
13 135
13 171
13 176
13 200
13 235
13 245
14 79
14 87
14 115
14 123
14 135
14 137
14 166
14 170
14 173
14 186
14 213
14 239
14 249
15 26
15 43
15 115
15 124
15 127
15 130
15 134
15 146
15 148
15 186
15 192
15 204
15 229
15 239
16 28
16 40
16 74
16 95
16 108
16 129
16 131
16 147
16 164
16 177
16 196
16 231
16 246
17 31
17 38
17 51
17 84
17 101
17 114
17 124
17 128
17 177
17 199
18 31
18 53
18 77
18 79
18 80
18 93
18 157
18 163
18 186
18 188
18 238
19 26
19 33
19 35
19 37
19 41
19 53
19 70
19 71
19 79
19 102
19 110
19 117
19 139
19 140
19 182
20 46
20 48
20 61
20 66
20 105
20 108
20 111
20 112
20 120
20 137
20 147
20 164
20 184
20 202
20 210
20 216
20 228
20 229
20 239
21 49
21 94
21 139
21 149
21 159
21 182
21 192
21 198
21 206
21 219
21 230
21 235
22 26
22 32
22 40
22 42
22 60
22 96
22 123
22 133
22 150
22 158
22 181
22 197
22 202
23 24
23 38
23 45
23 50
23 65
23 74
23 102
23 127
23 169
23 170
23 179
23 202
23 209
23 211
23 222
23 242
23 247
24 94
24 104
24 155
24 161
24 172
24 175
24 206
24 229
25 50
25 53
25 62
25 67
25 87
25 122
25 144
25 153
25 179
25 212
25 215
25 230
25 247
26 47
26 54
26 76
26 88
26 97
26 124
26 125
26 157
26 179
26 197
26 203
26 215
26 248
27 34
27 56
27 95
27 101
27 125
27 151
27 186
27 189
27 206
28 43
28 49
28 51
28 52
28 55
28 59
28 90
28 91
28 108
28 130
28 133
28 184
28 186
28 227
28 237
29 45
29 58
29 91
29 105
29 117
29 121
29 124
29 132
29 140
29 163
29 166
29 174
29 224
29 242
29 249
30 32
30 33
30 45
30 55
30 64
30 72
30 94
30 113
30 126
30 132
30 138
30 148
30 186
30 188
30 190
30 194
30 200
30 222
30 228
30 241
30 243
30 246
30 249
31 51
31 59
31 71
31 75
31 103
31 105
31 109
31 124
31 138
31 142
31 154
31 156
31 158
31 165
31 184
32 34
32 42
32 60
32 68
32 83
32 91
32 93
32 116
32 127
32 157
32 158
32 178
32 193
32 199
32 231
32 246
33 64
33 75
33 85
33 120
33 137
33 141
33 205
33 213
33 225
34 40
34 45
34 57
34 78
34 93
34 128
34 171
34 185
34 226
34 241
35 44
35 45
35 71
35 91
35 95
35 102
35 106
35 134
35 140
35 144
35 150
35 153
35 154
35 160
35 175
35 176
35 210
35 215
35 230
36 37
36 67
36 76
36 94
36 95
36 104
36 169
36 179
36 183
36 187
36 188
36 202
36 214
36 246
36 249
37 59
37 70
37 78
37 88
37 104
37 124
37 130
37 136
37 144
37 199
37 227
38 89
38 91
38 92
38 106
38 111
38 112
38 126
38 132
38 139
38 195
38 203
38 223
39 41
39 44
39 76
39 99
39 108
39 109
39 133
39 134
39 163
39 210
39 230
40 45
40 68
40 123
40 134
40 138
40 144
40 157
40 167
40 171
40 182
40 192
40 223
40 228
41 73
41 105
41 112
41 119
41 126
41 133
41 137
41 158
41 206
41 223
41 236
41 241
41 245
42 45
42 82
42 93
42 96
42 97
42 103
42 104
42 112
42 114
42 163
42 177
42 181
42 203
42 224
43 102
43 106
43 122
43 128
43 188
43 194
43 198
43 217
43 224
43 237
44 56
44 65
44 92
44 103
44 104
44 120
44 127
44 162
44 182
44 184
44 187
44 198
44 208
44 221
44 223
44 227
44 236
45 102
45 108
45 119
45 125
45 135
45 141
45 150
45 169
45 200
45 203
45 214
45 223
45 224
45 236
45 247
45 249
46 51
46 53
46 65
46 73
46 79
46 104
46 120
46 127
46 145
46 149
46 152
46 181
46 195
46 212
46 218
47 51
47 68
47 78
47 82
47 136
47 137
47 139
47 147
47 149
47 152
47 180
47 212
47 238
47 239
48 52
48 63
48 93
48 109
48 124
48 127
48 134
48 135
48 150
48 157
48 161
48 167
48 194
48 203
48 209
49 75
49 94
49 130
49 163
49 184
49 188
49 189
49 205
49 206
49 213
49 219
49 224
49 246
50 68
50 112
50 115
50 116
50 126
50 129
50 155
50 173
50 200
50 203
50 212
50 248
51 52
51 56
51 57
51 59
51 78
51 80
51 143
51 152
51 181
51 208
51 247
52 98
52 127
52 139
52 149
52 153
52 154
52 199
52 220
52 222
53 79
53 92
53 165
53 207
53 213
53 215
53 241
54 60
54 61
54 70
54 82
54 101
54 136
54 151
54 152
54 155
54 198
54 206
54 217
54 237
55 62
55 83
55 87
55 100
55 103
55 136
55 165
55 178
55 179
55 187
55 203
55 212
55 230
56 67
56 74
56 81
56 85
56 117
56 132
56 146
56 149
56 157
56 160
56 166
56 171
56 176
56 179
56 181
56 189
56 208
56 233
56 247
57 66
57 78
57 93
57 131
57 156
57 187
57 189
57 208
57 239
58 60
58 65
58 94
58 102
58 103
58 139
58 145
58 148
58 172
58 206
58 220
58 231
59 123
59 131
59 147
59 162
59 179
59 214
59 217
59 220
59 234
59 241
59 248
60 89
60 90
60 95
60 97
60 109
60 127
60 136
60 138
60 145
60 151
60 155
60 167
60 177
60 194
60 200
60 203
61 74
61 88
61 90
61 102
61 126
61 136
61 144
61 187
61 189
61 218
61 231
61 235
61 239
62 93
62 159
62 160
62 163
63 71
63 75
63 117
63 123
63 126
63 142
63 144
63 149
63 158
63 172
63 184
63 185
63 189
63 199
63 210
63 227
63 245
64 67
64 98
64 108
64 110
64 113
64 117
64 120
64 154
64 198
64 231
64 233
64 249
65 70
65 72
65 91
65 98
65 143
65 149
65 169
65 171
65 173
65 182
65 183
65 197
65 221
65 241
65 245
65 249
66 68
66 105
66 138
66 165
66 192
66 214
67 69
67 89
67 105
67 111
67 142
67 191
67 192
67 193
67 247
68 73
68 98
68 120
68 137
68 142
68 180
68 183
68 209
68 218
68 225
68 226
68 230
68 234
68 243
69 72
69 77
69 84
69 106
69 128
69 142
69 179
69 180
69 186
69 189
69 227
69 230
69 231
69 242
69 245
69 248
70 72
70 75
70 95
70 97
70 114
70 122
70 138
70 176
70 184
70 203
70 205
70 208
70 219
70 228
71 119
71 125
71 126
71 153
71 184
71 204
71 234
71 249
72 74
72 88
72 132
72 149
72 155
72 156
72 171
72 186
72 213
73 90
73 143
73 169
73 180
73 182
73 195
73 202
73 212
73 215
73 222
73 233
73 238
73 249
74 82
74 121
74 198
74 208
74 219
74 247
75 101
75 115
75 131
75 145
75 173
75 197
75 201
75 219
76 96
76 98
76 121
76 124
76 144
76 153
76 166
76 197
76 198
76 202
76 221
76 231
76 235
76 238
76 241
77 81
77 82
77 101
77 103
77 125
77 142
77 157
77 169
77 171
77 174
77 200
77 228
77 229
78 105
78 120
78 134
78 173
78 187
78 190
78 197
78 213
78 226
78 238
78 243
78 249
79 84
79 97
79 139
79 144
79 149
79 151
79 170
79 187
79 190
79 206
79 220
80 85
80 87
80 100
80 106
80 117
80 190
80 200
80 217
80 241
81 85
81 104
81 119
81 136
81 138
81 144
81 154
81 177
81 186
81 189
81 210
81 236
82 96
82 120
82 136
82 140
82 158
82 178
82 190
82 207
82 212
82 220
82 222
82 227
82 239
83 86
83 134
83 136
83 138
83 140
83 141
83 162
83 168
83 170
83 179
83 181
83 194
83 195
83 197
83 219
84 173
84 176
84 188
84 191
84 234
85 89
85 90
85 93
85 101
85 106
85 152
85 153
85 166
85 188
85 212
85 221
85 248
86 117
86 121
86 134
86 150
86 198
86 204
86 207
86 213
86 245
87 91
87 145
87 153
87 155
87 158
87 185
87 189
87 214
88 99
88 103
88 131
88 134
88 150
88 182
88 184
88 238
88 243
89 93
89 126
89 130
89 136
89 149
89 162
89 177
89 178
89 179
89 202
89 203
89 208
89 242
89 243
90 94
90 98
90 102
90 114
90 170
90 186
90 189
90 194
90 225
90 226
90 238
90 239
90 245
90 247
91 92
91 122
91 124
91 127
91 138
91 155
91 157
91 161
91 179
91 208
91 216
92 108
92 109
92 111
92 113
92 155
92 168
92 175
92 182
92 204
92 205
92 213
92 228
93 102
93 103
93 114
93 150
93 167
93 173
93 179
93 183
93 194
93 198
93 214
93 232
94 98
94 129
94 130
94 133
94 145
94 150
94 170
94 173
94 175
94 221
94 222
94 237
94 248
95 100
95 114
95 121
95 136
95 143
95 151
95 161
95 173
95 191
95 219
95 225
95 239
95 242
95 249
96 114
96 163
96 190
96 195
96 197
96 218
96 228
96 235
96 241
96 243
96 249
97 115
97 124
97 144
97 149
97 164
97 169
97 197
97 208
97 215
97 239
98 100
98 120
98 122
98 147
98 149
98 239
98 246
99 106
99 119
99 125
99 143
99 157
99 184
99 201
99 204
99 235
99 248
100 104
100 123
100 131
100 143
100 158
100 181
100 192
100 202
100 207
100 218
100 219
100 247
101 102
101 111
101 139
101 141
101 157
101 168
101 175
101 182
101 197
101 227
101 241
102 108
102 114
102 117
102 159
102 161
102 167
102 192
102 197
102 204
102 249
103 125
103 132
103 140
103 144
103 164
103 173
103 184
103 243
103 247
104 166
104 175
104 177
104 179
104 180
104 183
104 205
104 221
104 249
105 113
105 117
105 161
105 174
105 203
105 206
105 217
105 227
105 232
105 235
105 237
105 246
106 110
106 132
106 136
106 138
106 165
106 175
106 192
106 222
106 223
106 227
106 229
106 232
106 246
107 111
107 112
107 148
107 158
107 198
107 228
107 239
108 140
108 163
108 176
108 205
108 232
109 110
109 128
109 129
109 159
109 161
109 162
109 166
109 177
109 185
109 206
109 217
109 219
109 225
109 241
110 117
110 120
110 133
110 157
110 174
110 205
110 209
110 213
110 225
110 238
110 242
111 131
111 160
111 162
111 175
111 176
111 179
111 211
111 216
111 248
112 121
112 160
112 169
112 191
112 221
112 232
112 243
112 246
112 249
113 128
113 134
113 142
113 188
113 189
113 193
113 215
113 227
113 238
113 247
113 248
114 140
114 148
114 184
114 210
114 226
114 249
115 116
115 127
115 136
115 138
115 151
115 169
115 182
115 184
115 200
115 201
115 219
115 227
115 228
115 236
115 237
115 242
115 246
116 159
116 181
116 193
116 205
116 216
116 227
116 236
116 240
117 155
117 157
117 158
117 183
117 214
117 218
117 229
117 245
118 119
118 130
118 131
118 200
118 201
118 202
118 230
118 236
118 249
119 126
119 140
119 151
119 160
119 161
119 207
119 239
119 242
120 135
120 205
120 213
120 238
120 247
121 125
121 130
121 150
121 154
121 171
121 200
121 247
122 151
122 165
122 204
122 206
122 214
122 244
123 129
123 134
123 147
123 148
123 161
123 175
123 221
123 235
123 240
124 128
124 135
124 199
124 234
124 244
125 126
125 130
125 149
125 177
125 192
125 196
125 197
125 200
125 220
125 228
125 242
126 128
126 132
126 142
126 149
126 151
126 179
126 196
126 222
126 238
127 130
127 137
127 155
127 171
127 188
127 223
127 224
127 237
128 135
128 142
128 155
128 158
128 176
129 134
129 144
129 169
129 198
129 199
129 217
129 234
129 237
129 245
130 138
130 154
130 163
130 182
130 219
130 226
130 231
131 135
131 136
131 141
131 166
131 168
131 169
131 211
131 212
131 223
131 227
131 249
132 135
132 158
132 164
132 194
132 205
132 209
132 235
132 236
132 241
133 163
133 186
133 191
133 194
133 219
133 231
133 234
134 137
134 148
134 178
134 186
134 189
134 191
134 192
134 211
134 242
135 154
135 181
135 188
135 201
135 204
135 212
135 230
135 236
136 160
136 164
136 166
136 188
136 218
136 220
136 226
136 245
137 150
137 154
137 158
137 172
137 177
137 214
137 217
137 237
137 238
137 239
137 245
138 143
138 153
138 183
138 193
138 229
138 237
139 156
139 161
139 177
139 180
139 187
139 201
139 204
139 215
140 172
140 211
140 221
141 144
141 156
141 167
141 172
141 181
141 185
141 191
141 193
141 210
141 224
142 150
142 157
142 158
142 167
142 228
142 235
142 245
143 146
143 147
143 155
143 181
143 198
143 208
143 209
143 217
143 226
143 231
143 237
143 239
144 182
144 201
144 214
145 148
145 176
145 209
145 216
145 225
145 229
145 231
145 238
145 244
145 248
146 148
146 156
146 166
146 200
146 201
146 205
146 218
146 240
147 148
147 154
147 180
147 232
147 238
148 181
148 200
148 215
148 221
148 231
148 245
148 246
149 159
149 191
149 212
149 230
149 248
150 174
150 190
150 214
150 216
150 218
150 220
150 223
150 238
150 249
151 185
151 192
151 199
151 214
151 221
151 223
151 233
151 235
151 238
152 167
152 181
152 195
152 211
152 217
152 219
152 231
152 236
152 248
153 160
153 201
153 228
153 239
154 169
154 191
154 194
154 198
154 207
154 232
154 238
155 169
155 170
155 182
155 190
155 230
156 162
156 210
156 212
156 238
157 167
157 170
157 191
157 207
157 209
157 213
158 183
158 189
158 200
158 212
158 229
158 241
159 162
159 179
159 183
159 192
159 227
159 243
160 161
160 201
160 203
160 205
160 248
161 167
161 218
162 205
162 215
162 216
162 229
162 233
162 235
162 241
163 189
163 197
163 242
164 171
164 176
164 195
164 217
165 174
165 175
165 199
165 222
165 224
165 243
166 182
166 183
166 195
166 203
166 219
166 232
166 241
167 168
167 187
167 209
168 172
168 192
168 221
168 224
168 231
168 247
169 222
170 181
170 204
170 219
171 183
171 219
171 221
171 232
172 195
172 197
172 230
173 175
173 202
173 214
173 223
173 243
174 212
174 227
174 243
175 195
175 204
175 221
175 229
175 235
176 200
176 212
176 227
176 233
176 249
177 210
177 228
177 230
177 235
177 245
177 249
178 191
178 196
178 210
178 211
178 222
178 225
178 246
179 181
179 201
179 235
179 246
180 227
181 207
182 195
182 227
182 242
182 243
183 218
183 221
183 229
183 236
184 193
185 232
185 238
185 245
185 248
186 214
186 217
186 231
186 240
187 191
187 195
187 241
187 249
188 196
188 199
188 222
188 226
189 213
189 238
191 200
191 208
191 215
192 200
192 235
193 202
193 225
194 209
194 213
194 225
194 239
194 248
195 204
195 208
195 210
195 214
195 216
195 247
196 199
196 249
197 202
197 213
197 229
197 238
197 244
198 206
198 219
198 226
199 201
199 208
199 210
199 235
199 236
199 249
200 240
201 211
201 214
201 216
201 217
201 238
201 245
201 249
202 238
202 243
203 217
203 223
204 211
204 212
204 215
204 229
204 242
205 215
205 229
205 233
205 234
206 207
206 208
206 222
206 225
206 230
206 233
207 229
207 248
208 225
208 232
209 211
209 232
209 242
209 243
209 249
210 228
210 230
210 241
211 219
211 221
211 233
211 242
211 246
212 213
212 219
212 222
212 228
212 232
212 239
213 224
213 241
214 243
214 244
215 227
215 229
215 230
216 243
217 245
218 232
219 225
219 246
224 245
225 240
225 243
226 230
227 244
228 230
228 248
230 247
231 242
232 247
233 243
234 247
235 236
235 248
236 245
242 245
243 245
247 249
