0 1
0 6
0 38
0 39
0 61
0 66
0 106
0 108
0 111
0 118
0 141
0 167
0 180
0 188
0 199
0 204
0 220
0 228
0 234
1 31
1 65
1 68
1 85
1 92
1 113
1 130
1 138
1 145
1 146
1 147
1 169
1 198
1 200
1 219
1 227
2 4
2 5
2 16
2 17
2 18
2 19
2 22
2 41
2 63
2 69
2 72
2 78
2 79
2 86
2 89
2 95
2 113
2 116
2 133
2 140
2 148
2 149
2 152
2 158
2 176
2 179
2 182
2 187
2 188
2 206
2 210
2 223
2 233
3 19
3 29
3 43
3 78
3 85
3 110
3 112
3 129
3 131
3 138
3 162
3 173
3 182
3 193
3 196
3 199
3 205
3 211
3 213
3 218
3 226
3 240
3 249
4 51
4 56
4 68
4 73
4 79
4 94
4 117
4 132
4 145
4 149
4 197
4 210
4 232
4 240
5 19
5 39
5 41
5 43
5 68
5 139
5 152
5 156
5 161
5 174
5 176
5 180
5 211
5 249
6 7
6 50
6 70
6 74
6 80
6 92
6 110
6 115
6 120
6 143
6 149
6 164
6 167
6 174
6 187
6 196
6 207
6 209
6 210
6 216
6 219
6 221
6 228
6 238
6 240
6 248
7 27
7 34
7 36
7 47
7 64
7 67
7 69
7 93
7 96
7 101
7 113
7 116
7 133
7 143
7 152
7 164
7 189
7 207
7 214
7 230
7 246
8 24
8 26
8 38
8 40
8 44
8 55
8 79
8 88
8 108
8 116
8 119
8 120
8 121
8 139
8 141
8 144
8 168
8 185
8 214
8 241
9 12
9 14
9 48
9 72
9 84
9 85
9 86
9 131
9 151
9 152
9 158
9 160
9 180
10 21
10 59
10 74
10 84
10 90
10 120
10 125
10 135
10 137
10 155
10 156
10 195
10 217
10 227
10 229
10 245
11 15
11 24
11 26
11 47
11 52
11 55
11 58
11 60
11 79
11 94
11 107
11 130
11 150
11 153
11 182
11 191
11 192
11 218
11 222
11 232
11 244
12 44
12 56
12 57
12 62
12 73
12 91
12 121
12 129
12 152
12 175
12 182
12 193
12 213
12 218
12 221
13 23
13 26
13 47
13 56
13 96
13 109
13 113
13 127
13 139
13 148
13 150
13 155
13 172
13 194
13 202
14 78
14 83
14 84
14 104
14 109
14 141
14 144
14 188
14 207
14 226
14 248
15 22
15 25
15 49
15 74
15 79
15 91
15 98
15 113
15 116
15 126
15 128
15 138
15 175
15 178
15 215
16 40
16 46
16 49
16 52
16 54
16 57
16 78
16 95
16 114
16 115
16 118
16 124
16 128
16 134
16 171
16 182
16 189
16 193
16 195
16 196
16 213
16 230
16 231
16 233
16 239
17 37
17 46
17 48
17 59
17 72
17 80
17 82
17 84
17 92
17 99
17 104
17 122
17 134
17 136
17 169
17 170
17 186
17 214
17 226
17 231
18 30
18 32
18 46
18 53
18 66
18 78
18 96
18 134
18 138
18 143
18 155
18 158
18 217
18 232
18 238
18 240
19 27
19 118
19 119
19 147
19 170
19 173
19 180
19 192
19 226
19 243
19 244
20 24
20 48
20 65
20 77
20 80
20 81
20 86
20 103
20 123
20 158
20 159
20 174
20 188
20 202
20 205
20 210
20 211
20 218
20 221
20 234
20 240
20 247
21 32
21 39
21 59
21 60
21 61
21 71
21 72
21 104
21 124
21 125
21 129
21 140
21 146
21 149
21 152
21 157
21 161
21 167
21 173
21 195
21 198
21 201
21 246
22 26
22 32
22 34
22 66
22 87
22 91
22 127
22 129
22 130
22 139
22 141
22 166
22 205
22 210
22 246
23 51
23 52
23 54
23 90
23 118
23 148
23 156
23 171
23 173
23 176
23 182
23 190
23 192
23 194
23 195
23 209
23 211
23 220
23 222
23 225
23 226
23 231
23 238
23 240
24 28
24 46
24 71
24 81
24 87
24 89
24 97
24 107
24 123
24 139
24 199
24 214
24 222
24 232
25 27
25 29
25 42
25 45
25 49
25 57
25 83
25 97
25 107
25 131
25 134
25 147
25 152
25 173
25 184
25 200
25 217
25 236
26 57
26 59
26 67
26 99
26 100
26 143
26 148
26 149
26 168
26 198
26 215
26 218
26 236
26 243
27 28
27 55
27 72
27 75
27 80
27 89
27 127
27 128
27 130
27 137
27 142
27 146
27 164
27 169
27 174
27 176
27 199
27 208
27 227
27 233
27 236
27 238
28 53
28 90
28 118
28 124
28 135
28 169
28 181
28 220
28 243
29 38
29 67
29 92
29 108
29 115
29 120
29 124
29 128
29 131
29 149
29 151
29 175
29 189
29 193
29 199
29 201
29 235
29 237
29 244
30 38
30 42
30 48
30 54
30 55
30 65
30 77
30 78
30 88
30 92
30 111
30 114
30 123
30 133
30 171
30 188
30 189
30 193
30 195
30 213
30 219
30 237
30 242
30 244
31 32
31 60
31 68
31 77
31 86
31 88
31 107
31 133
31 137
31 139
31 145
31 155
31 156
31 162
31 165
31 168
31 175
31 178
31 180
31 197
31 203
31 213
31 242
32 39
32 56
32 89
32 93
32 95
32 102
32 103
32 125
32 127
32 137
32 194
32 205
32 209
32 230
32 234
32 240
32 241
33 41
33 42
33 76
33 103
33 110
33 128
33 142
33 145
33 152
33 154
33 185
33 188
33 194
33 196
33 205
33 211
33 213
33 219
33 222
33 246
34 54
34 69
34 71
34 92
34 112
34 131
34 136
34 142
34 159
34 161
34 165
34 166
34 175
34 186
34 200
34 215
34 225
34 234
34 244
35 63
35 66
35 69
35 75
35 89
35 97
35 102
35 120
35 121
35 136
35 142
35 151
35 163
35 164
35 179
35 184
35 197
35 199
35 219
35 231
35 244
36 56
36 59
36 69
36 89
36 94
36 99
36 115
36 140
36 144
36 146
36 174
36 183
36 190
36 192
36 196
36 232
36 241
36 243
36 247
37 43
37 56
37 62
37 79
37 148
37 200
37 214
37 216
37 217
37 240
38 39
38 67
38 76
38 83
38 86
38 106
38 110
38 116
38 149
38 155
38 200
38 204
38 212
38 225
38 244
39 44
39 52
39 64
39 82
39 84
39 106
39 123
39 130
39 133
39 163
39 174
39 183
39 193
39 201
39 204
39 210
39 235
39 238
39 248
40 60
40 139
40 149
40 163
40 173
40 179
40 181
40 192
40 198
40 201
40 211
40 220
41 44
41 53
41 58
41 59
41 65
41 80
41 86
41 94
41 113
41 125
41 166
41 209
41 236
42 48
42 53
42 54
42 55
42 59
42 84
42 85
42 102
42 109
42 166
42 172
42 174
42 179
42 191
42 196
42 226
42 230
42 232
42 248
43 49
43 53
43 60
43 71
43 86
43 95
43 98
43 145
43 151
43 164
43 183
43 191
43 247
43 249
44 70
44 79
44 100
44 112
44 114
44 126
44 142
44 145
44 165
44 177
44 196
44 203
44 212
44 219
44 221
44 239
45 55
45 57
45 80
45 92
45 106
45 111
45 116
45 126
45 151
45 152
45 168
45 169
45 196
45 211
45 226
45 229
45 245
45 247
46 51
46 101
46 110
46 117
46 131
46 134
46 139
46 140
46 148
46 177
46 180
46 181
46 205
46 220
46 228
46 230
46 237
47 48
47 53
47 60
47 76
47 78
47 82
47 86
47 105
47 114
47 116
47 132
47 134
47 140
47 144
47 206
47 213
47 226
47 227
47 229
47 231
48 64
48 67
48 69
48 79
48 109
48 122
48 126
48 152
48 190
48 192
48 193
48 200
48 228
48 236
48 246
49 68
49 78
49 96
49 137
49 153
49 173
49 192
49 197
49 218
49 236
49 246
50 58
50 64
50 84
50 85
50 90
50 96
50 101
50 110
50 160
50 165
50 169
50 171
50 176
50 182
50 193
50 206
50 210
50 211
50 238
51 54
51 65
51 76
51 117
51 125
51 126
51 133
51 138
51 139
51 180
51 193
51 210
51 212
51 216
51 233
51 235
51 236
51 240
52 63
52 68
52 84
52 93
52 94
52 101
52 116
52 132
52 137
52 140
52 152
52 169
52 181
52 193
52 210
52 248
52 249
53 66
53 70
53 74
53 88
53 99
53 141
53 148
53 155
53 180
53 182
53 186
54 57
54 59
54 83
54 94
54 101
54 123
54 125
54 147
54 149
54 150
54 155
54 164
54 166
54 180
54 198
54 199
54 202
54 215
54 221
54 226
54 236
55 57
55 66
55 79
55 80
55 96
55 100
55 109
55 139
55 144
55 149
55 157
55 165
55 193
55 194
55 197
55 226
55 237
55 247
56 95
56 107
56 111
56 122
56 141
56 142
56 143
56 153
56 172
56 173
56 183
56 184
56 207
56 224
56 228
56 232
56 236
56 241
57 72
57 93
57 100
57 137
57 139
57 161
57 166
57 167
57 194
57 195
58 72
58 93
58 95
58 99
58 120
58 129
58 133
58 141
58 155
58 160
58 161
58 162
58 166
58 225
58 235
58 240
59 73
59 94
59 103
59 126
59 127
59 132
59 144
59 145
59 146
59 158
59 161
59 162
59 168
59 176
59 191
59 192
59 207
59 227
59 229
60 66
60 69
60 78
60 114
60 119
60 120
60 126
60 151
60 164
60 175
60 178
60 184
60 185
60 206
60 231
60 233
61 70
61 83
61 104
61 108
61 113
61 121
61 134
61 139
61 148
61 149
61 151
61 167
61 172
61 205
61 234
61 246
62 71
62 104
62 109
62 116
62 123
62 142
62 161
62 163
62 179
62 182
62 211
62 227
62 240
63 64
63 65
63 95
63 96
63 99
63 106
63 137
63 141
63 142
63 146
63 160
63 165
63 175
63 197
63 218
63 233
63 236
64 105
64 148
64 160
64 165
64 203
64 206
64 207
64 222
64 229
64 237
64 241
64 242
64 248
65 66
65 73
65 74
65 82
65 104
65 122
65 126
65 127
65 140
65 153
65 161
65 163
65 169
65 194
65 201
65 204
65 232
65 233
65 239
65 242
66 138
66 139
66 146
66 159
66 178
66 185
66 190
66 197
66 230
67 88
67 101
67 103
67 112
67 145
67 153
67 154
67 159
67 191
67 197
67 199
67 201
67 208
67 219
67 223
67 227
67 233
68 76
68 78
68 82
68 83
68 97
68 98
68 102
68 108
68 122
68 127
68 131
68 162
68 165
68 184
69 74
69 80
69 81
69 117
69 120
69 145
69 164
69 175
69 196
69 220
69 223
69 224
69 230
69 238
70 74
70 94
70 107
70 108
70 110
70 115
70 132
70 139
70 150
70 188
70 229
70 242
71 73
71 76
71 85
71 88
71 94
71 96
71 127
71 147
71 148
71 150
71 176
71 187
71 217
71 242
72 83
72 127
72 133
72 151
72 154
72 156
72 159
72 175
72 178
72 193
72 196
72 210
72 225
72 231
72 233
73 75
73 80
73 111
73 152
73 168
73 171
73 207
73 226
73 239
73 241
73 243
73 245
74 77
74 82
74 85
74 107
74 109
74 129
74 130
74 135
74 138
74 146
74 147
74 150
74 162
74 165
74 190
74 196
74 204
74 233
74 237
74 249
75 86
75 115
75 127
75 135
75 148
75 159
75 176
75 188
75 203
75 205
75 217
75 221
75 227
75 230
75 231
75 232
75 234
75 249
76 78
76 133
76 154
76 164
76 166
76 175
76 184
76 197
76 233
76 241
77 85
77 90
77 105
77 116
77 117
77 119
77 174
77 181
77 185
77 186
77 213
77 223
77 241
77 242
78 81
78 120
78 138
78 142
78 153
78 167
78 174
78 179
78 183
78 192
78 198
78 232
79 86
79 94
79 96
79 113
79 115
79 118
79 133
79 172
79 177
79 201
79 209
79 212
79 236
80 85
80 93
80 107
80 116
80 126
80 136
80 143
80 170
80 205
80 235
80 240
80 248
80 249
81 94
81 106
81 110
81 130
81 131
81 135
81 140
81 146
81 151
81 165
81 199
81 213
81 230
81 240
81 243
82 85
82 90
82 102
82 130
82 138
82 142
82 145
82 179
82 188
82 220
82 232
83 87
83 89
83 103
83 106
83 114
83 144
83 156
83 162
83 170
83 181
83 196
83 208
83 215
83 239
83 243
84 93
84 123
84 128
84 135
84 166
84 248
85 104
85 111
85 118
85 130
85 144
85 158
85 198
85 210
86 87
86 94
86 137
86 153
86 156
86 168
86 196
86 219
86 226
87 89
87 92
87 108
87 118
87 131
87 133
87 146
87 149
87 163
87 171
87 173
87 215
87 217
87 225
87 229
87 236
87 240
88 89
88 92
88 97
88 101
88 104
88 107
88 109
88 114
88 115
88 120
88 122
88 126
88 181
88 195
88 215
88 222
88 243
89 97
89 103
89 104
89 114
89 140
89 142
89 147
89 152
89 161
89 176
89 199
89 205
89 245
90 110
90 122
90 124
90 159
90 162
90 174
90 186
90 194
90 223
90 235
91 106
91 121
91 123
91 139
91 151
91 156
91 162
91 179
91 204
91 205
91 206
91 207
91 214
91 239
91 243
92 101
92 112
92 131
92 187
92 192
92 194
92 203
92 205
92 207
92 216
92 233
92 244
92 247
93 114
93 160
93 162
93 182
93 188
93 199
93 205
93 226
93 227
93 228
93 246
94 98
94 100
94 105
94 106
94 119
94 122
94 138
94 159
94 161
94 207
94 211
94 214
94 218
94 228
94 243
94 248
94 249
95 107
95 162
95 171
95 178
95 192
95 193
95 198
95 247
95 249
96 100
96 103
96 110
96 128
96 140
96 151
96 180
96 199
96 210
96 224
96 248
97 106
97 109
97 113
97 114
97 127
97 129
97 144
97 157
97 159
97 182
97 185
97 195
97 227
97 230
97 240
98 117
98 127
98 143
98 153
98 159
98 166
98 189
98 214
98 219
98 226
98 227
98 239
99 102
99 128
99 156
99 163
99 185
99 203
99 238
99 243
100 105
100 126
100 143
100 154
100 165
100 171
100 204
100 231
100 235
101 122
101 159
101 176
101 178
101 190
101 195
101 206
101 218
101 219
101 231
101 236
101 240
101 245
102 112
102 129
102 133
102 148
102 149
102 153
102 161
102 175
102 184
102 194
102 197
102 198
102 202
102 205
102 231
102 237
103 109
103 112
103 122
103 138
103 156
103 166
103 167
103 227
103 234
103 245
104 118
104 128
104 135
104 141
104 152
104 159
104 167
104 169
104 171
104 174
104 181
104 204
104 217
104 241
105 111
105 113
105 116
105 132
105 143
105 149
105 152
105 170
105 171
105 175
105 191
105 199
105 212
105 221
105 225
105 228
105 241
106 107
106 117
106 124
106 128
106 148
106 151
106 165
106 182
106 187
106 192
106 197
106 204
106 213
106 214
107 125
107 160
107 180
107 184
107 194
107 205
107 208
107 220
107 238
107 245
108 127
108 155
108 156
108 164
108 188
108 215
108 224
108 238
108 240
108 242
109 142
109 145
109 149
109 161
109 197
109 198
109 207
109 249
110 141
110 151
110 152
110 182
110 191
110 218
110 234
110 236
111 119
111 137
111 139
111 145
111 173
111 193
111 196
111 212
111 228
111 242
111 243
112 114
112 153
112 170
112 173
112 180
112 182
112 185
112 189
112 204
112 231
112 244
113 127
113 136
113 141
113 156
113 157
113 168
113 179
113 187
113 194
113 210
113 219
113 225
113 226
113 230
113 235
113 237
113 240
114 135
114 144
114 156
114 165
114 172
114 182
114 186
114 195
114 206
114 222
114 230
114 231
114 240
115 124
115 137
115 182
115 185
115 198
115 208
115 225
115 239
115 246
116 125
116 129
116 138
116 140
116 160
116 183
116 186
116 188
116 189
116 194
116 211
116 213
116 242
116 243
117 139
117 162
117 168
117 192
117 197
117 212
117 233
117 242
117 243
117 247
118 124
118 132
118 139
118 181
118 208
118 212
118 216
118 220
118 222
118 223
118 249
119 122
119 128
119 144
119 187
119 197
119 206
120 128
120 142
120 143
120 194
120 209
120 242
121 122
121 141
121 142
121 144
121 159
121 160
121 163
121 177
121 181
121 189
121 191
121 193
121 195
121 202
121 238
121 241
122 131
122 143
122 160
122 169
122 172
122 180
122 181
122 186
122 204
122 205
122 217
122 220
122 226
122 231
122 234
122 237
122 249
123 128
123 129
123 157
123 175
123 178
123 184
123 214
123 224
123 232
124 134
124 154
124 187
124 189
124 190
124 198
124 212
124 215
124 216
124 218
124 231
124 234
125 150
125 158
125 178
125 196
125 197
125 199
125 209
125 213
125 231
126 135
126 168
126 181
126 182
126 183
126 202
126 214
126 218
126 226
126 240
127 135
127 138
127 151
127 161
127 177
127 207
127 208
127 218
127 221
127 228
128 136
128 138
128 150
128 153
128 161
128 162
128 171
128 173
128 180
128 182
128 184
128 197
128 213
128 214
128 240
128 241
129 132
129 133
129 139
129 179
129 207
129 215
129 222
129 231
129 242
129 244
129 245
130 134
130 138
130 156
130 157
130 169
130 204
130 212
130 224
130 225
130 227
130 243
131 136
131 145
131 155
131 162
131 245
132 159
132 177
132 209
132 211
132 218
132 223
132 225
132 227
132 232
132 242
133 134
133 135
133 143
133 148
133 155
133 164
133 167
133 204
133 208
133 214
133 234
133 242
133 246
134 144
134 160
134 165
134 167
134 170
134 174
134 186
134 206
134 220
134 235
134 237
134 239
134 246
135 137
135 146
135 163
135 174
135 178
135 194
135 198
135 203
135 224
135 230
135 234
136 185
136 200
136 224
136 226
137 147
137 166
137 183
137 190
137 192
137 214
137 236
137 237
138 164
138 165
138 175
138 177
138 200
138 209
138 228
138 231
138 236
139 142
139 149
139 163
139 166
139 173
139 186
139 192
139 235
139 244
140 149
140 150
140 163
140 173
140 176
140 183
140 185
140 217
140 230
140 241
141 201
141 214
141 237
142 169
142 179
142 206
142 208
142 230
142 239
142 241
142 245
143 148
143 168
143 181
143 197
143 202
143 216
143 219
143 224
143 226
143 227
144 145
144 146
144 154
144 159
144 168
144 171
144 198
144 206
144 224
144 243
145 177
145 185
145 204
145 205
145 209
145 220
145 248
146 153
146 160
146 171
146 180
146 181
146 187
146 200
146 218
146 222
146 230
146 234
146 238
146 246
146 249
147 165
147 189
147 203
147 204
147 208
147 216
147 233
147 236
148 151
148 157
148 168
148 185
148 192
148 204
148 207
148 210
149 150
149 177
149 185
149 199
149 206
149 221
149 223
149 231
149 246
149 249
150 161
150 177
150 207
150 222
151 155
151 166
151 181
151 183
151 202
151 222
151 230
152 182
152 219
152 228
153 173
153 175
153 186
153 187
153 194
153 198
153 199
153 209
153 210
153 216
153 217
153 233
153 243
153 245
154 163
154 173
154 180
154 188
154 218
154 222
154 226
154 236
154 246
155 184
155 187
155 196
155 204
155 228
155 247
156 165
156 190
156 191
156 198
156 199
156 202
156 208
156 211
156 232
156 243
156 246
157 170
157 177
157 196
157 205
157 211
157 234
158 160
158 168
158 192
158 194
158 196
158 203
158 210
158 213
158 218
158 243
159 160
159 171
159 175
159 179
159 183
159 197
159 202
159 218
159 220
159 221
159 231
159 235
159 238
159 244
160 167
160 181
160 186
160 220
160 225
160 228
160 247
160 249
161 187
161 194
161 248
162 168
162 192
162 197
162 200
162 206
162 219
162 221
162 222
162 249
163 187
163 201
163 206
163 215
163 223
163 233
163 235
164 169
164 216
164 234
164 246
164 248
165 192
165 198
166 191
166 194
166 212
166 217
166 219
166 224
166 232
167 175
167 179
167 182
167 185
167 187
167 201
167 215
167 223
167 225
168 178
168 189
168 200
168 203
168 218
168 220
168 230
168 240
168 248
169 174
169 181
169 203
169 211
169 222
169 223
169 236
170 184
170 193
170 195
170 197
170 210
170 212
170 214
170 216
170 221
170 223
170 226
170 230
170 246
171 174
171 204
171 217
172 192
172 209
172 221
172 230
172 233
172 235
173 195
173 208
173 219
174 183
174 211
174 218
174 237
174 242
175 188
175 210
175 222
175 228
175 232
175 236
175 241
176 189
176 201
176 223
176 242
177 178
177 180
177 186
177 197
177 209
177 213
177 231
177 248
178 217
178 236
179 181
179 182
179 195
179 203
179 212
179 213
179 216
180 204
180 242
181 202
181 207
181 212
181 216
181 221
181 222
181 236
181 241
182 193
182 198
182 200
182 204
182 206
182 213
182 218
182 221
182 230
182 240
183 196
183 211
183 224
183 246
184 224
184 227
184 235
185 198
185 200
185 203
185 204
185 219
185 224
185 227
185 232
185 233
185 238
186 187
186 194
186 225
186 227
186 244
187 192
187 195
187 205
187 219
187 220
187 243
188 201
188 206
188 211
188 229
188 241
189 196
189 201
189 205
189 208
189 228
189 233
190 220
190 248
191 196
191 197
191 203
191 204
191 215
191 221
191 232
192 196
192 201
192 207
192 210
192 211
192 214
192 236
192 246
193 228
193 231
193 235
193 242
194 200
194 206
194 246
195 206
195 249
196 199
196 210
196 214
196 234
196 239
197 201
197 205
197 216
198 229
198 230
198 232
198 245
199 205
199 242
199 244
199 249
200 217
200 228
200 236
201 206
201 218
201 234
201 241
201 247
201 249
202 213
202 219
202 240
203 208
203 209
203 217
203 219
203 220
203 223
203 227
203 244
204 209
204 216
204 217
204 225
204 243
204 248
205 227
205 233
205 245
205 246
206 230
206 240
207 209
207 217
207 225
208 210
208 243
208 245
209 210
209 213
209 234
210 216
210 218
210 220
211 243
211 249
212 230
212 241
213 235
213 237
213 243
214 218
214 245
214 249
215 216
215 221
216 232
216 236
217 242
217 248
218 248
219 237
219 240
221 237
221 239
221 240
221 242
221 248
223 229
223 232
223 235
223 236
223 238
224 226
224 243
224 248
225 227
225 228
225 233
225 245
225 248
226 234
227 231
227 241
227 245
227 246
227 248
228 242
229 248
230 246
231 239
231 248
232 242
232 245
232 249
233 238
233 246
235 237
236 242
237 239
237 246
238 239
240 241
244 249
245 249
