0 12
0 17
0 29
0 38
0 67
0 104
0 114
0 123
0 136
0 152
0 203
0 216
0 219
0 230
0 242
1 14
1 15
1 24
1 32
1 36
1 73
1 98
1 101
1 104
1 110
1 112
1 128
1 151
1 157
1 172
1 184
1 197
1 203
1 219
1 220
1 247
2 16
2 34
2 63
2 86
2 115
2 120
2 122
2 164
2 188
2 189
2 222
2 230
2 233
2 237
2 244
3 7
3 20
3 32
3 50
3 56
3 61
3 104
3 107
3 120
3 153
3 181
3 191
3 199
3 209
3 216
3 217
3 220
3 229
3 233
4 10
4 21
4 26
4 35
4 50
4 58
4 89
4 90
4 98
4 100
4 102
4 104
4 120
4 147
4 163
4 185
4 195
4 208
4 213
4 236
5 7
5 33
5 36
5 42
5 79
5 89
5 121
5 127
5 156
5 162
5 169
5 170
5 207
5 209
5 225
5 228
6 28
6 33
6 61
6 62
6 73
6 74
6 78
6 85
6 115
6 125
6 144
6 160
6 162
6 210
7 24
7 35
7 55
7 79
7 86
7 115
7 144
7 152
7 153
7 159
7 180
7 188
7 199
7 200
7 220
7 237
8 13
8 33
8 39
8 41
8 49
8 78
8 82
8 92
8 120
8 127
8 150
8 151
8 159
8 171
8 197
8 203
8 216
8 236
8 239
8 247
8 248
9 19
9 21
9 35
9 45
9 67
9 87
9 110
9 111
9 147
9 149
9 169
9 176
9 237
10 22
10 54
10 69
10 80
10 81
10 96
10 99
10 137
10 144
10 153
10 190
10 219
10 227
10 237
11 15
11 29
11 49
11 52
11 68
11 71
11 82
11 97
11 112
11 125
11 140
11 143
11 144
11 177
11 180
11 200
11 212
11 217
11 241
11 244
12 13
12 24
12 55
12 57
12 75
12 80
12 134
12 145
12 155
12 156
12 162
12 172
12 200
12 235
12 236
13 63
13 86
13 88
13 90
13 94
13 99
13 110
13 118
13 151
13 161
13 168
13 172
13 188
13 244
14 23
14 44
14 82
14 87
14 96
14 101
14 129
14 132
14 133
14 135
14 144
14 166
14 174
14 181
14 191
14 193
14 237
14 239
15 56
15 79
15 87
15 96
15 125
15 137
15 143
15 201
15 209
15 221
15 240
16 38
16 94
16 100
16 114
16 116
16 125
16 138
16 171
16 182
16 198
16 223
17 20
17 26
17 49
17 56
17 67
17 77
17 91
17 92
17 98
17 114
17 167
17 177
17 213
17 226
17 228
17 248
18 25
18 28
18 29
18 56
18 85
18 86
18 94
18 105
18 113
18 121
18 123
18 133
18 136
18 166
18 192
18 195
18 198
18 229
18 244
18 246
19 60
19 116
19 122
19 130
19 132
19 145
19 146
19 162
19 165
19 166
19 172
19 187
19 216
19 235
19 240
20 29
20 45
20 58
20 82
20 86
20 99
20 131
20 140
20 142
20 159
20 160
20 183
20 199
20 203
20 210
20 224
20 232
21 43
21 56
21 94
21 97
21 114
21 145
21 162
21 172
21 179
21 187
21 188
21 223
22 36
22 39
22 42
22 46
22 103
22 120
22 138
22 149
22 168
22 205
22 208
22 211
23 26
23 45
23 57
23 60
23 66
23 73
23 92
23 105
23 108
23 109
23 113
23 122
23 127
23 135
23 138
23 141
23 170
23 175
23 214
23 223
23 234
23 236
24 41
24 61
24 135
24 176
24 206
24 227
25 41
25 75
25 80
25 87
25 97
25 103
25 104
25 149
25 150
25 161
25 165
25 170
25 175
25 181
25 202
25 216
25 222
25 235
25 236
26 29
26 36
26 38
26 40
26 42
26 43
26 57
26 62
26 63
26 70
26 87
26 128
26 135
26 138
26 167
26 189
26 219
26 240
27 55
27 86
27 99
27 118
27 119
27 211
27 212
27 215
27 227
27 245
28 42
28 45
28 48
28 55
28 68
28 85
28 120
28 130
28 136
28 146
28 152
28 155
28 161
28 186
28 199
28 201
28 240
28 246
29 35
29 36
29 37
29 39
29 52
29 60
29 61
29 62
29 77
29 93
29 125
29 152
29 172
29 228
29 232
30 46
30 49
30 51
30 62
30 77
30 88
30 95
30 107
30 108
30 126
30 145
30 166
30 182
30 191
30 204
30 208
30 231
30 239
30 248
31 37
31 46
31 72
31 93
31 126
31 127
31 132
31 169
31 189
31 191
31 195
31 233
31 238
32 71
32 105
32 118
32 125
32 127
32 131
32 167
32 211
32 216
32 234
32 245
33 53
33 71
33 78
33 84
33 119
33 121
33 139
33 162
33 193
33 231
33 235
34 46
34 56
34 92
34 209
34 217
34 225
34 226
34 228
34 237
35 65
35 66
35 116
35 132
35 136
35 138
35 148
35 154
35 164
35 189
35 204
35 219
35 220
35 221
35 244
36 52
36 54
36 69
36 70
36 76
36 80
36 81
36 82
36 89
36 93
36 123
36 176
36 210
36 211
36 221
36 247
37 75
37 112
37 120
37 127
37 146
37 155
37 185
37 188
37 204
37 209
37 213
37 218
38 51
38 61
38 69
38 81
38 94
38 99
38 113
38 187
38 220
39 76
39 125
39 126
39 134
39 137
39 173
39 226
39 247
40 44
40 53
40 61
40 91
40 105
40 141
40 179
40 190
40 194
40 208
40 219
40 230
41 62
41 69
41 72
41 116
41 124
41 162
41 168
41 170
41 173
41 194
41 197
41 231
42 50
42 64
42 67
42 80
42 90
42 91
42 96
42 105
42 112
42 188
42 209
42 216
42 222
42 224
42 244
43 45
43 54
43 68
43 71
43 79
43 102
43 103
43 139
43 180
43 183
43 189
43 192
43 202
43 208
43 232
44 52
44 55
44 56
44 58
44 76
44 199
44 201
44 207
44 209
44 215
44 226
44 241
44 243
45 58
45 59
45 78
45 99
45 100
45 143
45 145
45 157
45 208
45 246
45 248
45 249
46 55
46 58
46 62
46 69
46 81
46 96
46 130
46 141
46 144
46 162
46 164
46 166
46 174
46 191
46 196
46 211
46 228
46 238
46 239
46 241
46 246
47 49
47 81
47 82
47 83
47 94
47 119
47 121
47 133
47 152
47 160
47 163
47 179
47 181
47 205
47 208
47 213
48 82
48 98
48 105
48 164
48 169
48 188
48 199
48 241
48 246
49 52
49 57
49 85
49 142
49 153
49 164
49 182
49 185
49 194
49 211
50 78
50 88
50 101
50 111
50 146
50 165
50 176
50 177
50 198
50 200
50 207
50 208
50 222
50 225
50 237
50 241
51 82
51 93
51 95
51 111
51 115
51 145
51 149
51 155
51 159
51 162
51 168
51 183
51 186
51 196
51 201
51 218
51 221
51 226
52 108
52 128
52 143
52 184
52 195
52 204
52 207
53 59
53 68
53 91
53 96
53 112
53 118
53 165
53 198
53 204
53 206
53 223
53 224
53 235
53 237
54 58
54 64
54 69
54 98
54 124
54 128
54 134
54 190
54 200
54 214
54 220
54 227
54 238
55 57
55 67
55 77
55 80
55 123
55 178
55 188
55 226
56 68
56 78
56 93
56 120
56 163
56 186
56 233
57 79
57 87
57 92
57 97
57 108
57 117
57 138
57 161
57 193
57 213
57 231
57 240
57 247
58 59
58 60
58 61
58 67
58 108
58 121
58 134
58 140
58 187
58 193
58 208
58 220
58 230
58 248
59 64
59 75
59 80
59 86
59 92
59 93
59 112
59 114
59 120
59 125
59 163
59 189
59 210
59 213
59 236
60 61
60 66
60 74
60 86
60 96
60 103
60 104
60 111
60 122
60 124
60 140
60 154
60 177
60 179
60 187
60 191
60 212
60 214
60 234
61 81
61 83
61 84
61 104
61 134
61 136
61 145
61 159
61 186
61 224
61 231
62 66
62 69
62 73
62 116
62 170
62 214
62 218
62 243
62 244
62 248
63 66
63 93
63 113
63 119
63 142
63 149
63 150
63 173
63 177
63 179
63 180
63 212
63 232
63 240
63 242
64 74
64 93
64 109
64 188
64 195
64 201
64 219
64 227
64 229
64 233
64 236
65 79
65 89
65 190
65 199
65 211
65 217
65 226
65 227
66 82
66 84
66 92
66 95
66 107
66 121
66 156
66 190
66 204
66 214
67 70
67 104
67 112
67 148
67 155
67 157
67 161
67 164
67 168
67 193
67 198
67 247
68 82
68 99
68 104
68 113
68 116
68 124
68 133
68 142
68 150
68 188
68 236
69 82
69 88
69 100
69 131
69 171
69 173
69 199
69 212
69 213
69 221
69 224
69 244
70 74
70 75
70 82
70 101
70 159
70 179
70 180
70 202
70 208
70 227
70 230
71 98
71 112
71 141
71 147
71 155
71 156
71 165
71 166
71 214
71 230
71 247
72 102
72 128
72 129
72 142
72 146
72 150
72 172
72 185
72 208
73 76
73 84
73 108
73 109
73 136
73 180
73 203
73 225
74 97
74 101
74 111
74 123
74 134
74 138
74 158
74 190
74 194
74 198
74 200
74 210
74 213
74 216
74 218
74 225
74 230
74 245
75 77
75 82
75 106
75 115
75 121
75 124
75 162
75 166
75 171
75 182
75 195
75 217
76 106
76 148
76 169
76 170
76 180
76 182
76 184
76 195
76 204
76 207
76 217
76 237
76 242
77 78
77 79
77 110
77 141
77 188
77 196
77 242
78 90
78 113
78 117
78 120
78 124
78 151
78 167
78 176
78 177
78 204
78 222
78 230
79 119
79 137
79 144
79 163
79 178
79 179
79 184
79 188
79 197
79 210
79 241
80 100
80 102
80 107
80 125
80 150
80 162
80 163
80 168
80 169
80 179
80 195
80 196
80 219
80 233
80 248
81 87
81 88
81 96
81 103
81 108
81 112
81 128
81 129
81 174
81 177
81 191
81 224
81 247
82 89
82 103
82 143
82 174
82 189
82 230
82 234
82 249
83 84
83 121
83 129
83 132
83 135
83 139
83 162
83 165
83 205
83 225
83 227
84 86
84 88
84 100
84 123
84 141
84 143
84 156
84 157
84 165
84 167
84 186
84 204
84 219
84 224
85 91
85 147
85 153
85 193
85 220
85 227
86 95
86 109
86 113
86 116
86 120
86 134
86 141
86 143
86 159
86 186
86 214
86 217
86 221
86 244
87 94
87 104
87 116
87 141
87 144
87 146
87 158
87 167
87 186
87 199
87 201
87 209
87 216
87 236
88 108
88 130
88 134
88 161
88 170
88 194
88 241
89 122
89 131
89 159
89 216
89 218
89 230
89 243
89 245
89 248
90 91
90 94
90 102
90 113
90 150
90 155
90 171
90 190
90 203
90 209
90 212
90 231
91 125
91 130
91 140
91 182
91 191
91 192
91 230
91 244
92 105
92 135
92 141
92 151
92 156
92 167
92 193
92 219
92 234
92 236
93 124
93 136
93 137
93 161
93 178
93 181
93 183
93 191
94 100
94 107
94 131
94 137
94 150
94 151
94 156
94 177
94 208
94 225
95 99
95 119
95 127
95 129
95 133
95 143
95 167
95 172
95 178
95 191
95 196
95 200
95 217
95 223
95 227
95 235
95 237
95 241
96 125
96 128
96 135
96 140
96 166
96 169
96 198
96 222
96 226
96 235
96 239
97 103
97 119
97 149
97 152
97 153
97 161
97 168
97 170
97 178
97 193
98 101
98 114
98 122
98 133
98 138
98 144
98 163
98 175
98 238
99 117
99 137
99 142
99 143
99 165
99 198
99 212
99 233
99 234
99 236
100 112
100 116
100 123
100 145
100 154
100 164
100 167
100 168
100 203
100 211
100 221
100 225
100 230
100 240
100 244
100 246
101 111
101 114
101 130
101 167
101 171
101 172
101 198
101 204
101 208
101 245
102 112
102 113
102 127
102 131
102 138
102 164
102 230
102 235
103 113
103 122
103 135
103 141
103 149
103 167
103 180
103 237
104 121
104 123
104 136
104 164
104 170
104 205
104 219
104 234
104 235
105 154
105 158
105 182
105 185
105 194
105 229
105 234
105 244
105 246
106 108
106 109
106 122
106 170
106 171
106 173
107 108
107 111
107 151
107 189
107 201
107 225
108 118
108 119
108 128
108 136
108 142
108 143
108 182
108 197
108 198
108 208
108 210
108 234
108 240
109 144
109 161
109 165
109 167
109 171
109 183
109 206
109 213
109 216
109 230
110 129
110 176
110 210
110 237
111 127
111 129
111 132
111 160
111 167
111 185
111 210
111 224
112 115
112 142
112 144
112 149
112 150
112 153
112 174
112 195
112 198
112 202
112 244
113 160
113 172
113 175
113 212
114 124
114 138
114 149
114 168
114 170
114 187
114 209
114 239
115 120
115 150
115 163
115 196
115 205
115 246
116 127
116 156
116 161
116 164
116 187
116 229
116 238
116 243
117 129
117 133
117 137
117 141
117 161
117 220
117 230
118 174
118 187
118 199
118 201
118 202
118 214
118 219
118 222
118 231
118 238
118 245
119 135
119 136
119 137
119 165
119 166
119 173
119 180
119 211
119 215
119 223
119 241
119 244
120 152
120 157
120 168
120 184
120 208
120 214
120 230
121 131
121 140
121 145
121 149
121 153
121 159
121 185
121 198
121 218
121 223
122 123
122 144
122 151
122 171
122 187
122 202
122 228
123 126
123 130
123 131
123 132
123 136
123 163
123 167
123 173
123 177
123 188
123 201
123 217
123 224
123 228
123 245
124 146
124 153
124 192
124 198
124 220
124 233
124 234
124 237
125 126
125 127
125 135
125 141
125 156
125 219
125 225
125 228
126 151
126 162
126 177
126 217
127 142
127 165
127 173
127 199
127 206
127 242
128 129
128 134
128 143
128 161
128 221
128 231
128 242
129 133
129 135
129 147
129 155
129 164
129 168
129 205
129 208
129 214
130 183
130 187
130 192
130 223
130 227
130 238
131 144
131 148
131 160
131 162
131 189
131 196
131 199
131 205
131 218
131 219
131 249
132 154
132 163
132 164
132 179
132 183
132 200
132 210
132 219
133 151
133 154
133 159
133 207
133 212
134 140
134 154
134 219
134 234
134 236
134 245
135 138
135 140
135 146
135 168
135 195
135 206
135 236
136 143
136 158
136 178
136 180
136 183
136 184
136 186
136 201
137 184
137 222
138 145
138 157
138 193
138 222
138 233
138 248
139 156
139 214
139 228
139 237
139 249
140 152
140 160
140 183
140 201
140 206
140 207
140 219
140 223
140 226
140 243
141 161
141 181
141 220
141 221
141 243
141 244
142 159
142 171
142 179
142 200
142 207
142 215
142 226
143 151
143 160
143 185
143 206
144 155
144 164
144 170
144 179
144 191
144 193
144 200
144 203
144 219
145 155
145 200
145 219
146 168
146 175
146 177
146 206
146 240
147 156
147 171
147 202
147 227
147 235
148 181
148 201
148 213
148 220
148 243
148 247
149 161
149 211
149 219
149 237
149 243
150 153
150 179
150 188
150 218
150 231
150 244
150 248
150 249
151 152
151 166
151 171
151 174
151 178
151 180
151 214
151 215
152 159
152 187
152 194
152 229
152 237
153 164
153 167
153 197
153 207
153 233
153 235
153 236
154 178
154 183
154 212
154 218
155 163
155 176
155 184
155 207
155 217
155 231
155 238
156 172
156 183
156 216
157 159
157 168
157 178
157 195
157 216
158 171
158 183
158 193
158 198
158 206
158 216
159 166
159 167
159 199
159 200
159 217
159 219
159 233
160 198
160 204
160 217
160 228
160 235
161 190
161 200
161 202
161 209
161 237
162 243
163 193
163 214
164 166
164 179
164 189
164 208
164 212
164 224
164 244
165 179
165 190
165 199
165 209
166 171
166 198
166 215
166 231
167 172
167 211
167 243
168 197
168 213
169 174
169 190
169 191
169 207
169 220
169 228
169 230
169 233
170 184
170 195
170 204
171 182
171 190
171 191
171 197
171 201
171 224
172 204
172 212
172 226
172 230
172 235
172 239
173 183
173 192
173 203
173 228
173 241
174 206
174 207
174 219
174 238
174 246
174 248
175 191
175 195
175 214
175 231
175 238
176 183
176 190
176 226
176 248
177 190
177 239
178 202
178 213
178 216
178 237
178 238
178 247
179 191
179 216
179 226
180 182
180 194
180 223
180 233
181 182
181 185
181 192
181 210
181 245
182 188
182 209
182 215
182 229
183 186
183 187
183 188
183 226
183 236
183 243
184 198
184 209
184 211
184 221
184 228
185 186
185 195
185 204
185 211
185 222
185 236
185 238
185 243
186 211
187 190
187 215
187 218
187 242
187 245
187 248
188 208
188 213
188 234
188 244
188 248
189 194
189 215
189 218
190 235
191 202
191 208
191 215
191 236
192 228
192 233
192 240
192 244
192 245
193 195
193 196
193 241
194 204
194 208
195 203
195 207
195 214
195 224
195 232
195 233
196 216
196 231
196 244
197 198
197 213
197 227
197 239
198 219
199 206
199 246
200 220
200 229
200 247
201 204
201 207
201 211
201 218
201 223
202 206
202 214
202 227
202 239
203 214
203 231
204 206
204 231
204 235
204 247
206 213
206 214
206 224
206 229
206 246
207 233
208 214
208 228
208 246
209 223
209 233
210 217
210 222
210 228
211 220
211 231
211 246
213 216
215 227
215 244
217 247
218 219
218 220
218 235
218 238
218 241
218 248
219 220
220 230
220 239
222 225
224 226
224 227
224 228
225 233
225 246
226 232
227 249
228 230
228 231
228 247
229 242
230 239
231 244
232 234
232 237
232 246
233 244
239 246
240 242
242 245
242 246
243 247
