0 236
1 59
1 123
1 128
1 132
1 160
1 176
1 247
2 66
2 209
3 13
3 59
3 166
3 172
3 193
4 79
4 190
4 191
5 45
5 161
5 231
6 9
6 58
6 60
6 169
6 175
6 209
7 112
7 131
7 243
8 46
8 86
8 236
9 27
9 76
9 145
9 189
9 240
10 19
10 65
10 76
10 220
11 188
11 237
11 243
12 69
12 144
12 162
13 20
13 36
13 73
13 104
13 137
13 158
13 240
13 245
14 160
14 234
15 37
15 197
15 247
16 25
16 73
16 93
17 33
17 43
17 46
17 76
18 47
18 116
18 229
19 103
19 159
20 130
20 170
20 227
21 114
21 127
22 99
22 100
22 117
22 149
22 181
23 80
23 197
23 225
23 231
24 144
24 146
24 185
24 212
24 231
25 79
26 45
26 110
26 138
26 164
27 61
27 245
28 61
28 143
28 183
29 30
29 86
29 103
29 238
29 246
29 247
30 131
30 159
30 186
31 72
31 151
31 207
32 53
32 222
33 47
33 52
33 140
33 228
34 113
35 47
35 86
35 234
36 122
36 222
36 243
37 146
37 170
37 197
37 208
38 120
38 147
39 166
39 216
40 139
40 156
40 185
40 203
40 222
41 85
41 167
41 220
41 221
42 87
42 112
42 203
43 116
43 134
43 169
43 172
43 195
43 229
44 48
44 171
45 49
45 203
46 118
46 223
46 227
47 76
47 136
47 223
48 113
48 212
49 101
49 104
49 187
50 63
50 65
50 76
50 94
50 203
50 209
51 174
51 200
51 205
51 248
52 58
52 121
52 244
53 86
53 169
53 208
53 226
54 81
54 89
54 119
54 123
54 162
54 192
55 187
55 208
56 122
57 185
57 228
57 243
58 123
59 93
59 121
59 195
60 119
60 122
60 173
60 235
61 158
63 101
63 109
63 132
63 134
63 146
64 81
64 159
64 188
64 210
64 244
65 174
65 193
65 224
66 91
66 96
66 156
67 153
67 155
67 217
68 214
68 240
69 126
69 152
70 113
70 126
70 194
70 236
70 242
71 97
71 147
71 148
71 208
71 228
71 236
71 240
72 96
72 163
72 217
72 228
73 231
74 91
74 174
74 185
74 188
74 245
75 77
75 113
75 150
75 225
75 234
76 78
76 86
76 95
76 113
77 110
77 175
78 91
78 121
78 181
78 202
78 206
78 212
78 241
79 119
79 159
79 219
80 238
81 127
81 205
83 95
83 237
84 127
84 142
85 106
85 132
86 137
86 171
87 193
87 234
88 92
88 136
88 144
88 245
90 118
90 120
90 236
93 110
93 194
93 207
93 228
94 191
94 214
94 239
94 245
95 100
95 125
96 100
96 214
96 239
98 101
99 132
100 103
100 149
100 239
101 107
101 144
101 222
105 142
105 239
106 163
107 140
107 176
108 154
108 187
108 226
109 224
109 246
110 187
110 197
111 138
113 134
113 207
115 158
115 176
115 206
115 220
116 172
116 211
116 246
117 221
118 143
118 149
118 225
120 148
120 151
120 207
120 230
120 238
121 161
121 191
122 175
122 200
123 196
123 198
124 141
124 152
124 163
124 186
125 203
127 157
128 194
129 162
129 204
131 144
131 211
131 221
132 140
133 153
133 164
133 203
134 219
137 161
137 228
138 192
138 223
139 177
139 215
141 155
141 207
142 146
142 149
142 226
142 238
142 240
143 182
144 178
144 218
145 176
145 200
145 203
145 221
146 152
146 153
146 170
146 204
147 198
147 226
148 161
148 247
149 187
149 209
149 245
150 156
151 153
151 162
151 198
151 227
152 220
152 248
154 169
156 245
158 215
158 248
159 188
160 211
162 190
162 192
164 199
164 228
165 181
165 229
165 242
166 173
166 179
166 199
166 208
167 187
168 169
168 174
170 178
170 229
171 200
172 200
173 207
177 233
178 189
181 211
184 210
184 233
185 212
186 187
188 207
189 215
189 231
190 245
191 196
193 194
197 204
197 229
199 231
204 234
204 237
205 240
206 219
206 234
208 244
211 243
216 226
217 241
222 233
223 246
229 246
230 245
237 245
238 246
245 247
