0 7
0 52
0 64
0 88
0 93
0 127
0 175
0 193
0 196
0 202
0 219
0 221
1 8
1 22
1 33
1 35
1 40
1 55
1 66
1 72
1 119
1 129
1 192
1 231
1 233
2 17
2 33
2 35
2 37
2 41
2 51
2 82
2 89
2 93
2 98
2 103
2 155
2 183
2 191
2 211
2 229
2 234
3 7
3 9
3 11
3 59
3 74
3 78
3 91
3 93
3 99
3 131
3 169
3 171
3 179
3 183
3 185
3 187
3 193
3 229
4 5
4 7
4 55
4 77
4 90
4 92
4 115
4 127
4 132
4 140
4 155
4 198
4 213
4 221
5 10
5 48
5 61
5 66
5 75
5 91
5 99
5 102
5 108
5 123
5 131
5 145
5 174
5 179
5 199
5 205
5 207
5 220
5 231
5 245
6 44
6 46
6 62
6 79
6 83
6 90
6 107
6 117
6 132
6 174
6 182
6 209
6 228
7 36
7 47
7 57
7 84
7 85
7 108
7 114
7 116
7 146
7 162
7 209
7 219
7 244
7 245
8 9
8 17
8 47
8 60
8 93
8 96
8 99
8 100
8 119
8 130
8 151
8 159
8 191
8 224
9 32
9 87
9 100
9 118
9 134
9 159
9 178
9 207
9 215
9 239
9 242
9 244
9 249
10 17
10 22
10 29
10 35
10 47
10 62
10 67
10 68
10 90
10 97
10 121
10 125
10 161
10 174
10 177
10 180
10 186
10 192
10 195
10 224
11 16
11 36
11 45
11 47
11 61
11 70
11 71
11 76
11 81
11 93
11 103
11 106
11 115
11 119
11 129
11 144
11 148
11 149
11 154
11 181
11 188
11 212
11 215
11 224
11 240
12 19
12 24
12 43
12 59
12 95
12 99
12 107
12 113
12 114
12 117
12 145
12 147
12 152
12 159
12 183
12 193
12 208
12 214
12 230
12 243
12 246
13 26
13 37
13 63
13 79
13 89
13 99
13 103
13 134
13 166
13 179
13 191
13 219
13 221
13 234
13 238
13 239
14 15
14 38
14 50
14 57
14 58
14 59
14 80
14 91
14 103
14 150
14 179
14 185
15 29
15 41
15 47
15 48
15 49
15 53
15 72
15 105
15 153
15 155
15 163
15 201
15 206
15 213
15 217
15 219
16 40
16 51
16 112
16 117
16 124
16 127
16 188
16 193
16 204
16 243
17 26
17 41
17 42
17 88
17 114
17 141
17 149
17 177
17 184
17 229
18 32
18 57
18 153
18 158
18 168
18 203
18 204
18 211
19 53
19 66
19 151
19 171
19 190
19 202
19 242
20 27
20 59
20 62
20 71
20 95
20 101
20 121
20 122
20 123
20 125
20 129
20 146
20 170
20 193
20 200
20 206
20 240
20 248
20 249
21 36
21 46
21 59
21 63
21 64
21 79
21 86
21 99
21 123
21 145
21 157
21 163
21 168
21 170
21 179
21 188
21 194
21 214
21 223
21 227
21 232
21 240
22 72
22 99
22 116
22 162
22 166
22 200
22 205
22 211
22 235
23 38
23 82
23 102
23 120
23 147
23 174
23 179
23 181
23 197
23 206
23 211
23 232
23 245
24 43
24 46
24 54
24 66
24 128
24 144
24 163
24 169
24 176
24 192
24 234
25 28
25 52
25 69
25 100
25 106
25 113
25 123
25 135
25 141
25 152
25 188
25 199
25 211
25 232
25 234
25 242
25 247
26 61
26 90
26 100
26 135
26 139
26 141
26 165
26 223
26 235
26 237
27 40
27 55
27 60
27 83
27 89
27 91
27 93
27 96
27 135
27 163
27 170
27 180
27 181
27 226
27 243
28 31
28 71
28 86
28 103
28 123
28 139
28 141
28 147
28 153
28 155
28 168
28 181
28 201
28 225
28 235
29 30
29 33
29 78
29 102
29 125
29 128
29 136
29 141
29 177
29 193
29 197
29 230
30 33
30 47
30 66
30 67
30 92
30 109
30 121
30 123
30 124
30 126
30 137
30 139
30 157
30 163
30 173
30 187
30 202
30 218
30 220
30 242
31 66
31 69
31 71
31 74
31 77
31 100
31 109
31 137
31 138
31 168
31 179
31 192
32 45
32 56
32 95
32 98
32 99
32 103
32 108
32 124
32 170
32 173
32 192
32 205
32 207
32 228
32 236
32 249
33 36
33 72
33 75
33 102
33 112
33 137
33 208
33 222
34 61
34 70
34 90
34 110
34 130
34 137
34 175
34 188
34 203
34 214
35 49
35 59
35 70
35 76
35 101
35 126
35 170
35 172
35 184
35 226
35 233
36 42
36 43
36 49
36 50
36 80
36 86
36 99
36 114
36 120
36 123
36 144
36 153
36 158
36 177
36 184
36 192
36 204
36 230
36 233
36 240
37 38
37 60
37 67
37 102
37 115
37 136
37 137
37 154
37 158
37 172
37 175
37 234
37 243
38 55
38 64
38 126
38 129
38 140
38 152
38 174
38 175
38 196
38 210
38 214
38 215
39 122
39 124
39 126
39 136
39 207
39 212
39 226
40 45
40 71
40 82
40 106
40 109
40 112
40 117
40 124
40 131
40 152
40 166
40 171
40 188
40 204
40 213
40 249
41 46
41 68
41 78
41 127
41 128
41 133
41 155
41 156
41 211
41 228
42 58
42 68
42 138
42 140
42 165
42 172
42 191
42 196
42 209
42 225
42 247
43 84
43 101
43 123
43 142
43 146
43 149
43 177
43 198
43 199
43 201
43 202
43 205
43 222
43 229
43 238
43 245
43 247
44 58
44 94
44 108
44 146
44 159
44 173
44 198
44 220
45 106
45 119
45 132
45 133
45 165
45 174
45 185
45 191
45 192
45 198
45 201
45 208
45 213
45 216
45 222
45 226
45 235
46 48
46 51
46 75
46 94
46 122
46 139
46 148
46 151
46 169
46 187
46 192
46 198
46 212
46 224
46 232
46 233
46 245
47 107
47 121
47 138
47 139
47 158
47 198
47 208
47 218
47 220
48 49
48 57
48 65
48 76
48 80
48 83
48 85
48 106
48 146
48 182
48 196
48 208
48 215
48 240
48 247
49 56
49 65
49 93
49 101
49 117
49 134
49 166
49 168
49 192
49 198
49 224
49 233
49 246
50 53
50 54
50 60
50 87
50 108
50 109
50 110
50 128
50 134
50 137
50 155
50 157
50 163
50 169
50 172
50 188
50 220
50 237
51 55
51 71
51 83
51 98
51 125
51 133
51 144
51 151
51 207
51 211
51 235
51 243
51 248
52 59
52 69
52 72
52 100
52 104
52 112
52 131
52 137
52 148
52 154
52 155
52 178
52 180
53 72
53 76
53 91
53 92
53 105
53 158
53 159
53 164
53 168
53 233
53 235
54 67
54 90
54 93
54 103
54 122
54 164
54 174
54 213
54 215
54 240
55 85
55 105
55 144
55 152
55 161
55 187
55 212
55 219
55 228
55 235
55 241
56 71
56 77
56 80
56 96
56 112
56 117
56 139
56 153
56 164
56 169
56 184
56 187
56 205
56 210
57 62
57 68
57 98
57 158
57 164
57 165
57 180
57 185
57 199
57 204
57 232
57 242
58 76
58 84
58 96
58 104
58 106
58 121
58 122
58 153
58 160
58 175
58 214
58 217
59 60
59 62
59 70
59 74
59 97
59 111
59 147
59 166
59 190
59 191
59 192
59 209
59 213
59 225
59 246
60 105
60 109
60 131
60 192
60 197
60 206
60 219
60 232
60 245
61 76
61 80
61 82
61 111
61 115
61 125
61 129
61 162
61 168
61 175
61 181
61 201
61 206
61 224
61 230
61 238
61 245
62 67
62 89
62 92
62 113
62 120
62 139
62 177
62 195
62 207
62 223
63 65
63 69
63 75
63 76
63 81
63 117
63 126
63 179
63 183
63 209
63 244
64 67
64 70
64 82
64 94
64 99
64 109
64 117
64 161
64 162
64 173
64 175
64 196
64 198
64 211
64 214
64 229
64 230
64 236
65 87
65 95
65 99
65 100
65 103
65 109
65 115
65 116
65 141
65 156
65 191
65 198
65 220
65 224
65 239
65 241
65 246
66 122
66 130
66 168
66 190
66 195
66 198
66 206
66 245
67 72
67 103
67 116
67 124
67 126
67 180
67 203
67 227
67 235
67 242
68 71
68 110
68 136
68 143
68 148
68 173
68 175
68 206
68 225
69 96
69 110
69 116
69 124
69 129
69 177
69 178
69 211
69 227
69 245
70 82
70 87
70 127
70 143
70 144
70 152
70 159
70 188
70 191
70 233
70 234
71 84
71 97
71 113
71 123
71 141
71 144
71 168
71 207
71 216
71 242
72 80
72 90
72 113
72 116
72 117
72 119
72 171
72 178
72 206
72 208
72 220
72 226
72 237
72 242
72 247
73 100
73 105
73 119
73 132
73 168
73 172
73 213
73 221
73 224
74 75
74 77
74 87
74 101
74 128
74 139
74 145
74 175
74 184
74 199
74 203
74 216
74 218
74 221
75 79
75 101
75 103
75 117
75 121
75 124
75 179
75 187
75 220
75 234
76 83
76 98
76 109
76 125
76 128
76 143
76 156
76 179
76 186
76 191
76 222
76 227
76 247
77 78
77 116
77 123
77 125
77 137
77 160
77 189
77 202
77 208
77 212
77 234
78 82
78 93
78 146
78 154
78 187
78 188
78 192
78 214
78 249
79 84
79 89
79 122
79 134
79 135
79 139
79 153
79 156
79 175
79 185
79 188
79 202
79 232
79 248
80 100
80 106
80 110
80 159
80 165
80 169
80 181
80 185
80 193
80 206
80 223
80 235
81 90
81 101
81 109
81 116
81 118
81 147
81 150
81 210
81 232
81 240
81 244
81 245
82 102
82 108
82 146
82 159
82 164
82 168
82 217
82 231
83 119
83 133
83 138
83 146
83 161
83 172
83 213
83 215
84 93
84 98
84 106
84 108
84 135
84 169
84 184
84 186
84 192
84 205
84 226
84 248
85 88
85 96
85 116
85 121
85 126
85 140
85 151
85 186
85 187
85 188
85 190
85 213
86 90
86 97
86 100
86 102
86 113
86 126
86 131
86 142
86 163
86 225
86 240
87 98
87 110
87 134
87 138
87 144
87 149
87 161
87 186
87 190
87 194
87 215
87 217
87 219
87 222
87 229
88 109
88 110
88 139
88 149
88 173
88 189
88 192
88 202
88 206
88 226
88 234
89 100
89 177
89 182
89 187
89 190
89 208
89 228
89 231
89 235
89 236
90 113
90 117
90 133
90 166
90 168
90 172
90 175
90 182
90 198
90 232
91 143
91 146
91 161
91 163
91 168
91 190
91 197
91 207
91 220
91 227
91 239
92 94
92 123
92 137
92 159
92 160
92 167
92 169
92 181
92 182
92 189
92 201
92 208
92 209
92 225
93 159
93 169
93 211
94 96
94 108
94 116
94 136
94 160
94 167
94 181
94 205
94 214
94 227
94 228
94 230
94 246
95 103
95 115
95 140
95 151
95 185
95 188
95 194
95 229
95 236
95 248
96 104
96 121
96 162
96 201
96 228
97 147
97 149
97 220
97 231
98 101
98 109
98 115
98 182
98 198
98 199
98 240
98 247
98 249
99 114
99 133
99 140
99 156
99 199
99 201
99 203
99 212
99 218
99 224
100 109
100 144
100 158
100 190
100 201
100 232
100 243
100 248
101 103
101 112
101 116
101 122
101 146
101 209
101 214
101 241
102 134
102 160
102 171
102 193
102 197
102 230
102 248
103 126
103 134
103 141
103 150
103 157
103 185
103 188
103 214
103 245
104 107
104 114
104 116
104 122
104 123
104 132
104 154
104 162
104 187
104 208
104 218
104 219
104 227
104 231
105 114
105 129
105 153
105 164
105 216
105 223
106 113
106 144
106 155
106 162
106 180
106 212
106 218
106 221
106 237
107 113
107 115
107 123
107 173
107 177
107 182
107 188
107 226
107 233
108 130
108 154
108 174
108 234
108 248
109 112
109 118
109 126
109 128
109 132
109 140
109 162
109 186
109 210
109 221
109 226
110 119
110 128
110 131
110 145
110 153
110 174
110 190
110 194
110 196
110 213
110 235
110 240
110 243
110 246
110 247
111 114
111 118
111 120
111 126
111 135
111 137
111 150
111 171
111 197
111 198
111 221
112 139
112 157
112 171
112 193
112 197
112 198
112 202
112 211
112 232
113 127
113 142
113 144
113 148
113 166
113 169
113 180
113 193
113 222
113 230
113 248
114 131
114 137
114 144
114 163
114 164
114 169
114 179
114 210
114 213
114 215
115 116
115 178
115 180
115 183
115 229
115 237
115 245
115 248
115 249
116 138
116 157
116 163
116 164
116 170
116 186
116 188
116 193
116 207
116 211
116 213
116 220
116 241
117 119
117 127
117 129
117 143
117 171
117 186
117 193
117 239
117 240
118 127
118 174
118 187
118 195
118 241
118 246
119 128
119 132
119 133
119 163
119 166
119 225
119 237
119 242
120 134
120 160
120 184
120 191
120 194
120 207
120 223
120 237
121 129
121 131
121 137
121 140
121 143
121 155
121 156
121 162
121 171
121 172
121 192
121 213
121 215
121 227
122 128
122 130
122 161
122 170
122 182
122 216
122 240
123 155
123 167
123 187
123 194
123 197
123 211
123 249
124 133
124 142
124 160
124 165
124 168
124 182
124 195
124 200
124 205
124 225
124 227
124 238
124 241
124 244
124 245
124 248
125 144
125 149
125 158
125 160
125 165
125 168
125 176
125 197
125 203
125 208
125 216
125 249
126 128
126 191
126 245
127 168
127 169
127 173
127 186
127 192
127 193
127 194
127 198
127 213
127 218
127 221
128 130
128 172
128 177
128 200
128 218
128 229
128 237
128 241
128 245
129 132
129 149
129 159
129 167
129 169
129 172
129 175
129 192
129 205
129 214
129 216
129 239
129 247
130 137
130 143
130 167
130 217
130 219
130 221
130 237
130 246
131 133
131 137
131 173
131 178
131 239
132 149
132 160
132 182
132 209
132 226
132 227
132 238
132 242
133 138
133 153
133 154
133 170
133 178
133 187
133 191
133 200
133 206
133 216
133 235
134 151
134 192
134 200
134 214
134 231
134 242
134 243
135 140
135 161
135 178
135 198
135 214
135 234
135 247
135 248
136 165
136 173
136 212
136 231
136 232
137 171
137 176
137 180
137 191
137 199
137 205
137 208
137 215
137 237
137 238
138 142
138 143
138 174
138 175
138 176
138 184
138 247
139 160
139 169
139 171
139 178
139 181
139 188
139 192
139 209
139 224
139 233
139 240
140 156
140 180
140 209
140 235
141 228
141 237
142 217
143 144
143 158
143 160
143 170
143 200
144 151
144 152
144 154
144 161
144 166
144 170
144 172
144 195
144 207
144 222
144 226
144 235
145 147
145 199
145 207
145 243
146 153
146 162
146 174
146 176
146 177
146 193
146 202
146 219
146 231
146 232
147 148
147 157
147 175
147 183
147 186
147 188
147 196
147 229
147 235
147 247
147 248
148 191
149 157
149 171
149 179
149 186
149 193
149 222
149 229
149 243
149 246
150 153
150 160
150 176
150 181
150 183
150 224
150 237
150 249
151 157
151 160
151 182
151 209
151 236
152 156
152 165
152 216
152 235
152 248
153 158
153 160
153 171
153 184
153 223
153 226
153 234
153 240
153 245
154 159
154 169
154 172
154 176
154 197
154 214
154 249
155 170
155 175
155 188
155 192
155 196
155 213
155 217
155 223
155 224
155 231
155 244
156 169
156 193
156 216
156 232
156 245
157 170
157 220
157 221
157 234
157 242
157 248
158 161
158 201
158 207
158 211
158 217
158 232
158 235
158 236
159 161
159 207
159 222
159 248
160 194
160 219
160 239
160 240
161 174
161 222
161 225
161 235
162 164
162 195
163 169
163 178
163 190
163 192
163 205
163 217
163 229
164 170
164 190
164 205
164 239
165 204
165 215
165 238
165 242
166 186
166 207
166 215
166 217
166 245
167 186
167 193
167 201
167 229
167 240
168 176
168 182
168 185
168 217
168 219
168 229
168 238
168 241
169 179
169 183
169 186
169 226
169 228
169 238
169 246
170 172
170 202
170 215
170 227
171 183
171 216
171 237
172 177
172 189
172 191
172 204
172 205
172 209
172 219
172 242
173 182
173 184
173 187
173 201
173 205
173 213
173 216
173 241
174 199
174 206
174 210
174 224
174 241
174 245
175 182
175 195
175 209
175 245
176 221
176 243
177 198
177 206
177 223
177 247
178 223
178 242
179 194
179 228
179 244
180 188
180 198
180 227
181 207
181 210
181 213
181 219
181 224
181 234
182 212
182 214
182 231
184 194
184 197
184 220
184 236
185 186
185 213
185 229
186 190
186 211
186 214
186 217
187 225
187 240
187 248
188 204
188 231
188 233
188 235
189 193
189 218
189 219
189 223
189 225
190 191
190 195
190 213
190 217
190 227
190 239
190 243
191 210
191 219
191 237
192 196
192 200
192 213
193 203
193 215
193 241
194 215
194 216
194 225
194 240
194 242
194 243
194 249
195 202
195 209
195 218
195 226
195 246
196 203
196 206
196 211
196 223
196 241
197 205
197 215
197 223
197 230
197 246
198 202
198 228
198 244
199 216
199 238
199 245
200 238
200 249
201 217
201 233
201 235
202 218
202 219
202 237
203 207
203 210
203 233
203 240
203 245
204 212
205 219
205 221
205 236
205 241
206 221
207 217
207 220
207 224
208 220
208 224
208 226
209 217
209 222
209 230
209 235
209 240
210 218
210 222
211 231
211 236
212 234
212 247
214 226
214 235
215 242
217 244
218 220
218 225
218 234
219 225
219 241
220 223
221 228
221 229
221 249
222 227
222 229
223 245
224 230
224 231
224 248
225 229
225 240
226 228
231 235
231 243
232 238
232 246
233 235
233 240
234 242
235 243
235 244
236 244
236 247
238 240
238 245
238 247
238 249
241 249
