0 42
0 52
0 85
0 103
0 144
0 205
1 21
1 47
1 50
1 58
1 74
1 85
1 124
1 125
1 169
1 182
1 197
1 221
2 7
2 44
2 86
2 93
2 105
2 113
2 121
2 145
2 156
2 164
2 183
3 6
3 9
3 63
3 114
3 119
3 171
4 63
4 85
4 88
4 105
4 151
4 160
4 191
5 40
5 55
5 65
5 107
5 123
5 170
5 184
5 185
5 195
5 230
5 246
5 247
6 161
6 169
6 194
6 208
6 209
6 239
7 29
7 120
7 132
7 150
7 178
7 200
7 231
8 20
8 93
8 139
8 158
9 14
9 24
9 45
9 69
9 73
9 125
9 130
9 133
9 144
9 167
9 245
10 45
10 64
10 86
10 148
10 162
10 222
11 24
11 56
11 61
11 67
11 92
11 164
11 196
11 229
12 43
12 53
12 87
12 120
12 176
13 55
13 58
13 66
13 93
13 99
13 120
13 157
13 178
13 204
14 22
14 36
14 51
14 203
14 214
15 70
15 152
15 163
15 204
15 205
15 206
15 217
15 220
16 23
16 135
16 178
17 75
17 87
17 100
17 101
17 115
17 122
17 216
17 243
18 35
18 40
18 83
18 106
18 114
18 139
18 176
18 233
18 238
19 22
19 56
19 127
19 147
19 157
19 192
20 35
20 69
20 111
20 150
20 230
20 246
21 43
21 72
21 91
21 104
21 107
21 152
21 242
21 243
21 244
21 246
22 90
22 127
22 129
22 132
22 166
22 191
22 206
23 60
23 63
23 100
23 107
23 129
23 130
23 239
24 54
24 104
24 111
24 134
24 138
24 150
24 218
25 110
25 135
25 144
25 194
25 209
26 125
26 137
26 144
26 161
26 207
26 223
27 66
27 70
27 74
27 83
27 85
27 90
27 118
27 122
27 171
27 175
27 180
28 30
28 83
28 86
28 101
28 107
28 173
28 229
29 35
29 41
29 89
29 191
29 233
29 234
30 72
30 97
30 99
30 174
30 184
31 51
31 54
31 61
31 75
31 95
31 225
32 45
32 50
32 53
32 73
32 102
32 104
32 155
32 194
32 216
32 248
33 136
33 142
33 202
33 228
33 245
34 47
34 55
34 130
34 136
34 166
34 204
34 217
34 223
35 37
35 80
35 156
35 167
35 195
35 207
35 214
36 43
36 170
36 174
36 209
36 210
36 225
37 64
37 147
37 162
37 199
37 234
37 243
38 79
38 84
38 103
38 155
38 185
38 200
38 225
38 232
38 241
39 149
39 223
39 229
39 237
40 43
40 76
40 121
40 135
40 166
40 178
40 221
40 232
41 133
41 211
42 72
42 98
42 111
42 195
43 92
43 131
43 164
43 203
43 224
44 97
44 111
44 154
44 196
44 210
45 91
45 112
45 114
45 188
45 189
45 192
45 226
45 236
46 59
46 128
46 208
46 217
46 239
47 52
47 129
47 159
47 208
47 212
47 234
47 245
47 249
48 67
48 80
48 90
48 146
49 88
49 137
49 155
49 191
49 223
49 240
49 242
50 51
50 73
50 88
50 155
50 205
50 235
51 81
51 84
51 126
51 233
52 122
52 125
52 134
52 138
52 161
52 184
52 199
52 208
52 217
52 228
53 117
53 118
53 169
53 212
53 224
54 56
54 68
54 131
54 169
55 56
55 75
55 112
55 130
55 188
55 221
56 84
56 110
56 150
56 176
56 196
56 210
56 230
57 75
57 131
57 140
58 71
58 76
58 155
58 167
58 186
58 201
58 215
59 128
59 174
59 181
59 200
59 212
60 74
60 106
60 117
60 232
61 74
61 150
61 165
61 236
62 86
62 89
62 90
62 104
62 129
62 132
62 137
62 177
62 187
62 201
62 233
63 65
63 105
63 182
63 196
63 215
63 230
64 90
64 153
64 158
64 178
64 189
64 213
64 221
64 236
65 110
65 127
65 128
65 136
65 146
65 185
65 215
66 75
66 77
66 90
66 181
66 184
66 205
66 220
67 82
67 131
67 180
67 187
67 202
67 218
67 219
67 236
68 92
68 136
69 73
69 83
69 90
69 139
69 148
69 151
69 165
69 199
69 221
69 226
70 74
70 110
70 235
70 240
71 81
71 86
71 155
71 202
71 214
71 243
72 97
72 114
72 143
73 86
73 95
73 157
73 171
73 176
73 211
74 87
74 95
74 103
74 140
75 109
75 114
75 135
75 157
75 177
75 196
75 209
75 241
76 161
76 186
76 193
76 211
76 217
77 145
77 169
77 171
77 172
78 87
78 129
79 85
79 98
79 110
79 127
79 128
79 190
79 208
79 248
80 130
80 137
80 185
80 215
80 236
80 239
80 241
81 116
81 137
81 146
81 163
81 177
81 227
82 108
82 121
82 166
82 197
82 239
83 98
83 103
83 109
83 141
83 217
83 247
84 86
84 95
84 141
84 157
84 159
84 220
84 241
84 244
85 92
85 150
85 160
85 178
85 179
85 191
85 224
85 232
86 92
86 102
86 143
87 169
87 171
87 181
87 208
87 209
87 215
88 150
88 161
88 168
88 207
88 222
88 234
88 249
89 176
89 226
89 232
89 246
90 105
90 116
90 132
90 141
90 156
90 160
90 208
90 222
90 241
91 116
91 132
91 191
91 225
92 114
92 143
92 193
92 194
93 105
93 124
93 189
93 218
93 240
94 117
94 215
94 240
95 130
95 208
96 129
96 136
96 170
96 176
96 204
97 107
97 116
97 146
97 211
97 221
97 249
98 117
98 121
98 180
98 186
98 201
98 246
98 248
99 111
99 122
99 175
99 179
99 189
100 103
100 134
100 139
100 197
101 143
101 221
101 226
102 110
102 127
102 128
102 131
102 176
102 187
102 202
102 215
103 147
103 154
103 170
103 208
103 245
104 165
104 178
104 193
104 208
104 216
104 230
104 234
105 108
105 145
105 153
105 205
105 212
106 193
106 197
106 243
106 249
107 159
107 198
107 217
108 116
108 139
108 176
108 207
108 211
108 245
109 148
109 165
109 240
109 241
110 111
110 125
110 140
110 194
110 217
110 218
111 137
111 169
112 124
112 136
112 171
113 115
113 127
113 138
113 169
113 230
114 123
114 126
114 154
115 130
115 188
115 196
115 216
116 123
116 125
116 180
116 195
116 204
117 148
117 154
117 215
117 240
118 125
118 163
118 197
118 202
118 211
118 229
119 152
119 156
119 159
119 192
119 196
119 197
119 230
119 246
120 135
120 148
120 171
120 199
121 125
121 136
121 175
121 180
121 183
121 200
121 209
122 154
122 167
122 208
122 237
123 139
123 151
123 184
125 130
125 139
125 145
125 160
125 190
125 209
126 127
126 198
126 225
127 208
127 228
127 238
128 202
128 208
128 211
128 237
129 140
129 171
129 192
129 196
129 220
130 236
131 133
131 170
131 185
131 248
132 202
132 237
133 216
134 183
134 215
135 158
135 161
136 153
136 178
137 145
137 175
137 187
138 183
138 201
138 209
138 227
139 143
139 162
139 163
139 164
139 207
139 214
139 215
139 216
139 218
139 243
140 198
140 219
141 200
141 237
142 147
142 176
142 184
142 207
142 215
143 173
143 176
144 177
144 187
144 199
144 225
145 199
145 202
145 229
146 149
146 171
146 175
146 178
146 216
146 217
146 220
146 241
147 167
147 195
147 243
148 191
148 233
149 167
149 246
150 166
150 216
150 223
150 233
151 163
152 164
152 194
152 228
153 178
153 188
153 200
153 206
153 235
154 163
154 209
155 207
156 195
156 213
156 237
157 193
157 211
157 221
157 241
158 161
158 172
158 180
158 198
158 211
159 175
159 196
160 193
160 219
163 180
163 197
163 232
164 173
164 180
164 186
164 210
164 211
164 238
165 174
165 209
165 227
165 241
167 170
167 175
167 230
167 237
168 186
168 218
168 246
169 186
169 232
170 198
172 186
172 217
172 235
173 190
173 209
174 189
174 243
175 225
176 184
177 201
177 205
177 206
178 201
178 228
178 241
179 209
179 215
180 191
180 226
181 185
181 221
181 238
181 246
182 203
182 226
182 249
183 223
184 201
184 223
184 230
184 243
185 204
185 212
185 213
185 222
185 244
186 218
186 249
188 219
188 233
188 242
190 206
191 243
192 204
193 225
193 236
194 198
194 213
194 215
194 225
194 232
194 249
196 215
196 241
197 199
198 200
198 204
198 237
200 245
201 212
202 214
202 221
202 223
203 204
203 223
204 207
204 210
204 220
205 233
206 207
206 231
206 246
208 209
208 216
212 227
212 231
213 242
213 246
213 249
215 238
216 227
219 225
219 244
220 241
220 245
221 237
222 242
222 247
223 225
224 234
225 239
225 241
226 231
228 229
232 247
235 242
