0 22
0 31
0 38
0 41
0 74
0 116
0 117
0 139
0 147
0 157
0 160
0 162
0 176
0 180
0 181
0 199
0 233
0 239
0 247
0 248
1 27
1 42
1 64
1 66
1 120
1 139
1 144
1 160
1 164
1 174
1 192
1 210
1 225
1 239
1 240
2 26
2 95
2 105
2 114
2 148
2 156
2 157
2 162
2 191
3 60
3 65
3 111
3 113
3 131
3 134
3 166
4 13
4 35
4 65
4 87
4 90
4 91
4 98
4 177
4 201
4 235
5 30
5 36
5 50
5 65
5 72
5 112
5 135
5 150
5 174
5 177
6 19
6 23
6 35
6 64
6 65
6 120
6 144
6 173
6 177
6 178
6 181
6 184
6 191
6 199
6 203
6 232
6 236
7 8
7 83
7 113
7 122
7 131
7 157
7 199
7 204
8 19
8 72
8 73
8 91
8 149
8 161
8 173
8 175
8 179
8 187
8 190
9 53
9 57
9 63
9 74
9 79
9 80
9 83
9 98
9 124
9 162
9 173
9 188
9 199
9 200
9 207
9 210
9 213
9 220
10 29
10 33
10 48
10 56
10 60
10 86
10 88
10 115
10 122
10 126
10 143
10 161
10 165
10 178
10 179
10 207
10 221
10 225
10 242
10 245
10 246
11 34
11 51
11 56
11 61
11 91
11 115
11 157
11 166
11 188
12 20
12 30
12 34
12 37
12 47
12 79
12 101
12 128
12 157
12 169
12 204
12 247
13 26
13 27
13 30
13 38
13 44
13 68
13 70
13 93
13 117
13 122
13 131
13 151
13 161
13 181
13 189
13 198
13 219
14 66
14 73
14 78
14 93
14 145
14 157
14 181
14 191
14 194
14 204
14 216
14 217
14 233
15 16
15 20
15 30
15 37
15 54
15 79
15 105
15 121
15 145
15 163
15 188
15 238
16 26
16 42
16 73
16 87
16 108
16 114
16 126
16 127
16 170
16 175
16 212
16 228
17 32
17 52
17 58
17 70
17 137
17 140
17 189
17 191
17 201
18 51
18 105
18 118
18 134
18 145
18 163
18 212
18 213
18 219
19 58
19 73
19 77
19 87
19 99
19 100
19 135
19 155
19 174
20 27
20 38
20 54
20 58
20 70
20 138
20 171
20 186
20 214
20 246
21 26
21 51
21 83
21 115
21 127
21 129
21 147
21 152
21 158
21 162
21 163
21 164
21 182
21 200
21 205
21 243
22 67
22 89
22 95
22 148
22 189
22 191
22 219
22 220
22 234
23 29
23 90
23 108
23 140
23 156
23 182
23 212
23 216
23 226
23 227
23 228
24 37
24 43
24 46
24 59
24 69
24 82
24 90
24 92
24 122
24 129
24 142
24 172
24 193
24 200
24 214
24 216
25 31
25 41
25 52
25 62
25 67
25 132
25 147
25 167
25 175
25 179
25 182
25 210
25 221
25 239
26 36
26 40
26 47
26 61
26 68
26 79
26 85
26 124
26 140
26 149
26 172
26 187
26 188
26 196
27 28
27 53
27 61
27 71
27 107
27 127
27 145
27 158
27 194
27 212
27 217
28 63
28 71
28 94
28 115
28 121
28 126
28 127
28 134
28 205
28 206
28 230
29 36
29 70
29 72
29 89
29 155
29 157
29 192
29 205
29 226
29 228
29 238
30 31
30 40
30 59
30 88
30 96
30 134
30 155
30 159
30 177
30 193
30 224
30 227
30 241
31 40
31 44
31 57
31 103
31 163
31 174
31 180
31 188
31 238
31 246
32 57
32 73
32 76
32 94
32 105
32 128
32 152
32 179
32 197
32 200
32 224
32 229
32 230
33 88
33 100
33 122
33 125
33 147
33 150
33 173
33 197
33 219
33 226
34 43
34 57
34 119
34 129
34 142
34 148
34 160
34 175
34 179
34 220
35 38
35 43
35 48
35 96
35 114
35 149
35 163
35 182
35 236
36 55
36 73
36 79
36 115
36 116
36 123
36 126
36 146
36 167
36 172
36 195
36 200
37 57
37 63
37 72
37 106
37 126
37 132
37 179
37 180
37 184
37 186
37 212
37 218
37 230
38 72
38 80
38 88
38 108
38 121
38 129
38 162
38 165
38 184
38 227
38 236
38 240
39 46
39 63
39 85
39 92
39 109
39 112
39 113
39 120
39 126
39 147
39 168
39 189
39 223
40 103
40 108
40 119
40 144
40 187
40 198
40 222
40 237
41 60
41 70
41 95
41 110
41 132
41 141
41 156
41 163
41 186
41 204
41 244
42 43
42 59
42 68
42 69
42 70
42 71
42 97
42 133
42 145
42 147
42 195
42 202
42 241
43 53
43 58
43 112
43 130
43 133
43 197
43 214
43 233
43 242
44 60
44 92
44 117
44 142
44 154
44 168
44 171
44 216
44 245
45 68
45 92
45 104
45 117
45 180
45 182
45 190
45 201
45 227
45 235
45 248
46 55
46 65
46 81
46 84
46 97
46 173
46 189
46 191
46 236
46 245
46 248
47 55
47 62
47 71
47 112
47 114
47 130
47 144
47 145
47 154
47 157
47 208
48 51
48 81
48 96
48 103
48 168
48 175
48 206
48 232
48 242
48 243
49 51
49 87
49 92
49 103
49 143
49 149
49 150
49 160
49 219
50 85
50 102
50 106
50 112
50 130
50 151
50 159
50 178
50 180
50 186
50 192
50 213
50 221
50 233
50 244
51 59
51 87
51 91
51 92
51 96
51 116
51 139
51 154
51 156
51 157
51 191
51 192
51 202
51 228
51 232
51 246
52 58
52 59
52 69
52 102
52 121
52 134
52 136
52 166
52 176
52 217
52 249
53 55
53 69
53 70
53 74
53 110
53 119
53 123
53 137
53 145
53 184
53 186
53 212
53 214
53 216
53 232
53 241
54 62
54 106
54 125
54 177
54 202
54 235
55 90
55 100
55 101
55 121
55 123
55 143
55 146
55 170
55 199
55 204
55 226
56 113
56 126
56 134
56 140
56 142
56 152
56 236
56 237
57 76
57 92
57 105
57 130
57 147
57 165
57 169
57 181
57 200
57 211
57 231
58 62
58 68
58 81
58 106
58 120
58 127
58 190
58 220
58 229
58 232
58 244
59 66
59 89
59 106
59 119
59 144
59 152
59 236
59 249
60 69
60 81
60 96
60 100
60 114
60 123
60 163
60 176
60 187
60 191
60 208
60 222
60 223
60 248
61 71
61 74
61 76
61 85
61 99
61 168
61 180
61 186
61 210
61 226
61 234
61 237
61 246
62 64
62 102
62 104
62 107
62 128
62 148
62 170
62 187
62 204
63 67
63 71
63 75
63 103
63 113
63 151
63 169
63 176
63 201
63 206
63 227
63 233
64 71
64 93
64 97
64 98
64 101
64 130
64 152
64 170
64 186
64 189
64 215
64 228
65 116
65 121
65 137
65 155
65 174
65 189
65 205
65 222
66 98
66 176
66 178
66 187
66 238
67 73
67 151
67 152
68 106
68 108
68 114
68 136
68 211
68 221
68 232
68 247
69 87
69 96
69 144
69 159
69 160
69 163
69 185
69 187
69 217
69 230
70 76
70 85
70 102
70 107
70 176
70 183
70 191
70 192
70 196
70 200
70 215
70 242
71 86
71 87
71 94
71 100
71 135
71 154
71 176
71 178
71 180
71 190
71 203
71 217
71 227
72 106
72 124
72 130
72 143
72 152
72 168
72 169
72 205
72 209
72 235
73 96
73 120
73 141
73 169
73 173
73 198
74 89
74 97
74 115
74 163
74 180
74 207
74 222
74 226
74 238
74 243
74 246
75 80
75 101
75 117
75 140
75 182
75 208
75 232
75 248
76 80
76 91
76 110
76 114
76 119
76 134
76 144
76 151
76 154
76 172
76 180
76 197
76 234
76 237
77 107
77 193
77 216
77 222
77 224
78 82
78 108
78 148
78 152
78 167
78 208
78 238
78 245
79 87
79 119
79 174
79 182
79 185
79 192
79 208
80 88
80 119
80 122
80 124
80 167
80 203
80 213
80 227
81 100
81 111
81 118
81 139
81 144
81 171
81 187
81 195
81 215
81 246
82 85
82 100
82 110
82 141
82 149
82 172
82 179
82 181
82 195
82 201
82 219
82 224
82 230
83 113
83 123
83 137
83 143
83 149
83 161
83 183
83 214
84 97
84 114
84 122
84 180
84 238
85 87
85 108
85 112
85 119
85 124
85 135
85 157
85 159
85 178
85 188
85 209
86 103
86 110
86 179
86 224
86 234
87 98
87 102
87 141
87 167
87 176
87 224
88 122
88 160
88 176
88 242
88 243
89 115
89 130
89 152
89 191
89 224
90 104
90 109
90 177
90 179
90 187
90 193
90 199
90 209
90 212
90 230
91 93
91 94
91 109
91 136
91 137
91 169
91 231
91 240
91 241
92 217
92 221
92 231
92 246
93 97
93 100
93 121
93 123
93 124
93 127
93 138
93 146
93 158
93 170
93 179
93 218
93 221
93 225
93 249
94 113
94 122
94 127
94 135
94 139
94 155
94 165
94 184
94 223
94 236
94 241
95 108
95 128
95 151
95 186
95 197
96 108
96 125
96 160
96 169
96 191
96 194
96 238
97 109
97 121
97 130
97 135
97 158
97 186
97 187
97 217
97 238
98 128
98 130
98 142
98 144
98 178
98 234
98 237
99 110
99 125
99 145
99 220
99 246
100 162
100 165
100 170
100 176
100 178
100 183
100 208
100 215
100 228
100 245
100 249
101 102
101 120
101 122
101 131
101 158
101 166
101 182
101 193
101 194
101 202
101 208
101 229
101 233
101 238
101 240
102 120
102 165
102 201
102 209
102 213
102 218
102 224
102 231
102 239
102 241
103 131
103 159
103 189
103 211
103 234
103 240
104 114
104 158
104 160
104 196
104 221
104 225
104 229
104 238
104 240
104 246
105 124
105 131
105 163
105 182
105 190
105 192
105 200
105 218
105 235
105 248
105 249
106 107
106 128
106 139
106 140
106 150
106 156
106 160
106 165
106 234
107 128
107 135
107 144
107 148
107 151
107 174
107 218
107 221
107 224
107 239
107 242
108 124
108 175
108 207
109 122
109 140
109 143
109 176
109 190
109 198
109 208
109 215
110 114
110 152
110 159
110 193
110 197
110 200
110 220
110 233
110 247
111 114
111 124
111 127
111 143
111 166
111 167
111 174
111 201
111 247
112 115
112 130
112 137
112 138
112 158
112 175
112 184
112 191
112 201
112 242
113 132
113 146
113 150
113 181
113 186
113 211
113 231
114 146
114 193
114 198
115 124
115 134
115 174
115 188
115 219
115 222
116 117
116 124
116 138
116 158
116 161
116 179
116 184
116 204
116 214
116 231
117 123
117 127
117 150
117 156
117 166
117 177
117 193
117 206
117 225
117 233
117 240
118 127
118 130
118 168
118 182
118 187
118 193
118 194
118 204
118 216
118 220
118 223
118 236
119 134
119 145
119 146
119 197
119 200
119 225
119 227
120 134
120 140
120 157
120 163
120 171
120 175
120 186
120 187
120 206
120 223
120 237
120 249
121 140
121 166
121 187
121 193
121 209
121 219
121 220
122 197
122 206
122 218
123 134
123 136
123 229
124 126
124 148
124 193
124 241
125 126
125 162
125 178
125 214
125 220
125 235
125 238
125 243
126 144
126 159
126 171
126 197
126 217
126 218
126 229
126 236
126 248
126 249
127 132
127 144
127 145
127 168
127 170
127 244
128 132
128 157
128 194
128 229
128 239
129 140
129 145
129 162
129 169
129 203
130 192
130 211
130 220
130 238
131 145
131 149
131 152
131 173
131 195
131 200
132 168
132 196
132 249
133 152
133 206
133 208
134 248
135 146
135 174
135 191
135 243
135 249
136 137
136 139
136 166
136 197
136 236
136 239
136 240
137 184
137 188
137 198
137 211
137 215
137 224
137 246
138 141
138 197
138 246
139 156
139 164
139 194
139 206
139 211
139 232
139 242
139 248
140 142
140 169
140 180
140 191
140 225
141 154
141 167
141 175
141 199
141 208
141 234
141 239
142 174
142 177
142 205
142 207
142 217
142 237
143 158
143 213
144 145
144 156
144 167
144 168
144 192
144 232
144 242
145 164
145 167
145 180
146 164
146 205
146 206
146 215
146 227
147 165
147 168
147 175
147 193
147 201
147 211
148 151
148 202
148 233
148 238
148 241
149 151
149 164
149 177
149 183
149 187
149 222
149 246
150 182
150 183
150 190
150 208
150 218
150 221
150 223
150 246
151 165
151 177
151 188
151 192
151 197
151 200
151 207
152 164
152 168
152 180
152 194
152 196
152 199
152 205
152 243
153 157
153 171
153 211
153 234
153 244
154 167
154 178
154 179
154 184
154 204
154 218
155 199
155 223
155 240
156 172
156 196
156 224
156 230
157 159
157 182
157 187
157 204
157 217
157 223
157 228
157 231
158 167
158 201
158 202
158 209
158 218
158 222
159 206
159 208
159 214
159 219
159 231
159 238
159 248
160 180
160 184
160 240
161 170
161 189
161 196
161 213
161 224
162 171
162 188
162 195
162 204
162 212
163 175
163 179
163 193
163 203
163 219
163 234
164 173
164 182
164 198
165 170
165 171
165 182
165 200
165 207
165 211
165 222
166 215
166 230
166 231
167 199
167 202
167 223
167 248
168 204
168 212
168 213
168 226
168 247
168 248
169 189
169 227
170 210
170 214
170 218
170 249
171 182
171 227
171 232
171 241
172 173
172 182
172 198
172 219
172 233
173 209
173 210
173 218
173 236
174 183
174 198
174 210
174 226
174 245
175 215
175 231
175 236
176 189
176 209
176 225
176 226
176 230
176 235
176 238
176 246
177 190
177 203
178 205
178 212
179 185
179 221
179 230
179 232
180 186
180 189
180 200
180 229
181 184
181 205
181 212
181 217
181 230
181 247
182 186
182 192
182 214
182 226
182 229
183 186
183 201
183 230
183 243
184 193
184 207
184 223
185 233
185 238
185 241
186 199
186 205
186 212
186 217
186 229
186 235
186 248
187 194
187 240
188 207
188 218
188 222
188 232
189 199
189 216
189 218
189 235
190 200
190 214
190 226
190 249
191 216
192 194
192 211
192 214
192 245
194 197
194 212
194 225
194 227
194 233
194 236
194 240
195 199
195 232
195 238
196 228
196 229
196 234
196 247
197 205
197 224
197 231
197 232
198 199
198 202
198 218
198 221
199 214
200 210
200 224
200 248
201 211
201 212
201 234
201 236
202 238
202 240
204 241
204 242
204 243
204 249
205 228
205 235
206 216
206 230
206 235
209 213
209 244
210 229
210 241
210 249
211 212
211 213
211 220
211 229
211 242
212 215
212 226
212 248
214 215
214 219
214 229
215 224
215 234
215 238
216 228
216 232
216 233
216 241
217 222
217 242
217 243
218 219
218 237
218 242
219 222
219 233
220 232
220 238
220 249
222 239
226 233
228 230
228 232
228 238
229 232
231 241
231 249
233 238
234 241
236 246
241 246
244 246
244 248
