1 68
1 194
3 30
3 96
3 209
4 110
6 59
7 68
7 169
7 178
8 21
8 111
8 241
10 138
10 164
10 183
10 216
12 31
12 181
14 215
15 40
15 158
16 38
16 219
16 240
18 47
18 59
18 60
18 225
20 128
21 144
22 144
23 83
23 168
23 213
26 199
27 60
27 188
27 218
29 141
30 117
31 57
32 43
32 85
32 127
32 131
32 176
32 223
35 201
37 44
37 122
38 68
38 219
39 128
39 143
40 160
40 231
41 95
41 114
43 95
44 70
44 119
44 170
44 192
45 113
45 165
45 186
45 234
45 239
46 64
47 61
47 101
49 79
49 183
51 68
51 155
52 133
55 171
57 144
57 198
57 219
57 244
58 171
58 231
60 85
60 87
60 116
60 214
60 241
61 106
61 112
63 91
63 112
64 244
66 104
66 107
66 118
66 131
66 168
66 178
67 139
67 165
67 181
68 127
68 157
69 180
70 121
72 140
73 224
74 76
74 146
76 182
77 136
77 154
77 158
79 187
79 233
81 240
83 135
83 164
83 175
85 136
85 199
85 200
85 214
85 242
87 100
87 167
88 90
88 122
88 159
88 216
89 96
89 166
89 203
89 246
90 225
91 102
91 183
91 192
92 124
92 145
92 172
92 192
93 193
94 125
94 164
94 173
95 99
95 224
95 226
96 193
99 131
99 200
100 161
101 175
101 241
102 241
103 202
105 112
105 133
106 134
106 232
107 138
109 185
109 217
109 222
110 118
110 172
110 234
111 150
111 200
111 214
113 116
115 230
116 159
116 214
116 219
116 236
117 145
117 225
118 131
118 225
118 244
120 143
120 224
120 243
124 160
124 238
125 222
126 144
127 144
128 177
134 180
136 196
138 242
140 190
141 216
144 190
144 220
145 163
148 170
149 181
153 248
157 246
159 202
159 229
161 180
161 213
163 167
163 203
164 245
165 209
165 216
165 218
166 190
169 173
169 224
171 230
173 179
174 180
176 206
177 182
178 214
178 240
180 209
182 195
183 237
187 240
194 227
196 203
198 248
201 229
201 235
202 246
204 225
205 206
206 224
207 222
210 224
215 223
219 225
