0 29
0 71
0 101
0 127
0 135
0 139
0 152
0 155
0 181
0 189
0 213
1 43
1 90
1 93
1 101
1 103
1 117
1 118
1 132
1 168
1 206
1 207
1 228
1 242
2 10
2 12
2 20
2 35
2 51
2 53
2 69
2 80
2 81
2 84
2 99
2 105
2 171
2 184
3 15
3 16
3 18
3 22
3 78
3 100
3 114
3 148
3 155
3 165
3 186
3 187
3 206
3 230
3 237
3 242
4 53
4 57
4 89
4 153
4 159
4 163
4 183
4 207
4 209
4 217
4 220
4 222
4 232
5 8
5 41
5 52
5 57
5 93
5 173
5 180
5 184
5 190
5 217
6 12
6 20
6 58
6 68
6 85
6 107
6 120
6 139
6 149
6 169
6 175
6 228
6 247
7 28
7 49
7 60
7 101
7 103
7 147
7 152
7 170
7 171
7 172
7 183
7 198
7 221
7 240
7 241
8 33
8 38
8 59
8 64
8 66
8 107
8 179
8 180
8 211
8 230
8 240
9 56
9 63
9 80
9 87
9 88
9 100
9 101
9 102
9 110
9 112
9 133
9 151
9 200
9 204
9 205
9 215
9 217
9 222
9 227
9 228
9 245
10 61
10 153
10 154
10 195
10 222
11 22
11 45
11 48
11 49
11 57
11 76
11 83
11 92
11 103
11 124
11 150
11 184
12 23
12 77
12 98
12 118
12 119
12 140
12 166
12 167
12 192
12 199
12 214
12 234
12 235
12 236
13 43
13 113
13 122
13 144
13 174
13 190
13 205
14 16
14 47
14 54
14 64
14 109
14 155
14 159
14 167
14 179
14 227
15 61
15 96
15 115
15 150
15 181
15 188
15 214
15 237
16 23
16 44
16 51
16 56
16 67
16 72
16 83
16 87
16 90
16 143
16 155
16 213
16 226
16 237
16 241
17 34
17 51
17 59
17 85
17 126
17 127
17 196
17 206
17 217
17 220
17 225
17 226
18 22
18 36
18 68
18 95
18 124
18 149
18 155
18 172
18 181
18 205
18 208
18 221
18 236
19 27
19 46
19 52
19 59
19 67
19 93
19 101
19 107
19 112
19 119
19 131
19 141
19 146
19 156
19 162
19 174
19 180
19 195
19 240
19 243
20 22
20 24
20 42
20 43
20 51
20 69
20 72
20 74
20 81
20 93
20 149
20 156
20 157
20 158
20 222
21 27
21 37
21 49
21 84
21 89
21 93
21 105
21 119
21 161
21 182
21 228
22 31
22 58
22 81
22 134
22 166
22 197
22 219
22 226
23 42
23 100
23 138
23 168
23 185
23 211
23 222
24 26
24 38
24 39
24 65
24 90
24 103
24 128
24 143
24 161
24 166
24 247
25 69
25 74
25 80
25 101
25 119
25 120
25 162
25 236
25 240
25 243
26 30
26 31
26 42
26 82
26 118
26 128
26 186
26 192
26 198
27 57
27 64
27 129
27 149
27 166
27 195
27 245
28 90
28 135
28 162
28 164
28 167
28 186
28 201
28 211
28 216
28 217
28 219
28 227
28 228
29 65
29 73
29 94
29 122
29 138
29 165
29 181
29 183
29 197
29 224
29 235
30 31
30 79
30 90
30 93
30 152
30 155
30 173
30 205
30 207
30 244
30 245
31 46
31 67
31 71
31 103
31 113
31 189
31 200
31 215
31 244
32 37
32 48
32 60
32 67
32 68
32 89
32 134
32 168
32 178
32 204
32 244
32 248
33 38
33 57
33 126
33 209
33 220
33 235
34 41
34 66
34 81
34 85
34 99
34 133
34 146
34 158
34 173
34 185
34 195
34 237
35 65
35 105
35 134
35 140
35 172
35 175
35 202
36 46
36 58
36 60
36 137
36 146
36 163
36 209
36 223
36 225
36 241
37 59
37 70
37 114
37 119
37 126
37 165
37 180
37 192
37 206
37 231
38 49
38 51
38 60
38 75
38 77
38 78
38 92
38 123
38 125
38 131
38 184
38 226
39 57
39 73
39 109
39 148
39 165
39 171
39 188
39 196
39 211
39 240
40 54
40 59
40 187
40 191
40 201
40 213
40 218
41 46
41 60
41 67
41 95
41 139
41 184
41 201
41 217
42 43
42 67
42 90
42 134
42 136
42 146
42 150
42 151
42 169
42 184
42 193
42 202
43 69
43 70
43 73
43 116
43 124
43 136
43 203
43 229
44 91
44 100
44 107
44 123
44 156
44 172
44 203
44 235
44 238
45 74
45 131
45 140
45 149
45 242
46 100
46 102
46 114
46 130
46 142
46 146
46 171
47 51
47 56
47 96
47 99
47 107
47 116
47 137
47 208
48 61
48 79
48 87
48 140
48 151
48 178
48 180
48 201
48 247
49 76
49 98
49 105
49 123
49 162
49 181
49 187
49 188
49 218
50 54
50 104
50 106
50 139
50 140
50 171
51 54
51 72
51 90
51 104
51 148
51 149
51 162
51 189
51 196
51 211
51 246
52 61
52 121
52 124
52 131
52 159
52 172
53 64
53 77
53 126
53 130
53 152
53 156
53 159
53 179
53 184
53 187
53 191
53 213
53 219
54 80
54 110
54 111
54 127
54 132
54 147
54 208
54 213
54 229
54 233
55 88
55 126
55 127
55 130
55 131
55 187
55 193
55 214
55 215
56 70
56 71
56 104
56 142
56 191
56 199
56 204
56 205
56 240
57 61
57 85
57 100
57 103
57 168
57 169
57 189
58 64
58 96
58 119
58 164
58 189
58 195
58 225
58 243
59 73
59 83
59 132
59 144
59 162
59 175
60 77
60 89
60 99
60 105
60 126
60 168
60 219
60 225
60 226
61 67
61 82
61 90
61 94
61 109
61 128
61 131
61 166
61 180
61 182
61 208
62 64
62 65
62 79
62 97
62 107
62 124
62 125
62 145
62 162
62 168
62 174
62 185
62 229
63 81
63 84
63 91
63 97
63 103
63 107
63 115
63 130
63 133
63 146
63 162
63 168
63 171
63 200
63 232
64 96
64 106
64 139
64 155
64 207
64 210
64 226
64 240
64 246
65 68
65 74
65 82
65 85
65 125
65 140
65 178
65 194
65 206
65 226
66 68
66 71
66 92
66 136
66 139
66 147
66 164
66 183
66 184
66 190
66 192
66 200
66 205
66 210
66 214
66 234
66 236
67 76
67 110
67 113
67 129
67 137
67 175
67 187
67 205
68 85
68 86
68 102
68 112
68 145
68 159
68 186
68 189
68 193
68 204
68 206
68 211
68 217
68 222
68 240
69 75
69 162
69 167
69 169
69 241
69 242
70 96
70 116
70 138
70 139
70 142
70 168
70 179
70 196
70 214
70 238
71 100
71 131
71 157
71 189
71 246
72 73
72 82
72 90
72 91
72 128
72 162
72 183
72 186
72 215
72 225
72 239
73 81
73 129
73 131
73 137
73 170
73 171
73 188
73 235
73 248
74 76
74 90
74 122
74 125
74 180
74 182
74 213
74 215
74 218
74 246
75 80
75 90
75 104
75 110
75 138
75 140
75 146
75 167
75 171
75 174
75 181
75 194
75 204
75 215
75 231
76 144
76 172
76 180
76 248
77 111
77 143
77 168
77 179
77 204
78 92
78 97
78 143
78 164
78 179
78 225
78 232
79 102
79 178
79 213
79 215
79 220
80 83
80 102
80 107
80 136
80 173
80 215
80 223
80 233
80 238
81 95
81 107
81 108
81 123
81 125
81 149
82 85
82 133
82 153
82 171
82 172
82 224
83 88
83 164
83 171
83 181
83 192
83 195
83 196
83 203
83 213
83 228
84 104
84 107
84 119
84 145
84 147
84 159
84 171
84 177
84 179
84 181
84 216
84 222
85 116
85 135
85 207
85 212
85 218
85 229
85 246
85 248
86 102
86 118
86 119
86 122
86 160
86 177
86 189
86 217
86 224
86 235
87 110
87 124
87 143
87 151
87 186
88 113
88 124
88 138
88 139
88 205
88 224
89 99
89 102
89 111
89 113
89 140
89 168
89 176
89 215
89 248
90 103
90 106
90 109
90 117
90 134
90 151
90 152
90 172
90 200
90 203
90 223
91 120
91 131
91 148
91 152
91 155
91 166
91 187
91 205
91 208
91 212
91 213
91 238
92 134
92 156
92 165
92 231
93 132
93 145
93 148
93 157
93 162
93 219
93 235
94 102
94 132
94 137
94 141
94 147
94 162
94 199
94 223
94 238
94 246
95 156
95 160
95 187
95 199
95 206
96 109
96 120
96 160
96 169
96 182
96 184
96 190
96 197
97 125
97 163
97 165
97 174
97 175
97 186
97 193
98 136
98 145
98 154
98 165
98 171
98 183
98 196
98 236
99 155
99 203
99 209
99 220
99 231
99 234
100 140
100 180
100 196
100 221
100 239
101 128
101 130
101 131
101 148
101 177
101 184
102 129
102 135
102 141
102 167
102 184
102 186
102 190
102 211
102 236
103 124
103 187
103 196
103 202
103 205
103 235
103 244
104 134
104 142
104 151
104 165
104 173
104 182
104 241
104 248
105 127
105 132
105 136
105 142
105 174
105 187
105 203
105 246
106 110
106 126
106 138
106 158
106 172
106 194
106 203
106 209
107 127
107 144
107 153
107 168
107 193
107 229
108 160
108 169
108 207
108 213
108 236
109 184
109 187
109 188
109 199
109 201
110 176
110 204
110 205
110 226
111 138
111 185
111 234
111 239
112 214
112 225
113 173
113 174
113 186
113 190
113 195
113 205
113 212
114 136
114 170
114 193
114 196
114 214
114 245
114 247
115 116
115 142
115 182
116 128
116 164
116 165
116 219
116 223
117 141
117 144
117 147
117 152
117 165
117 176
117 188
117 200
117 243
118 127
118 152
118 158
118 161
118 187
118 196
118 200
118 240
119 150
119 165
119 175
119 217
119 229
120 142
120 154
120 198
120 213
120 222
120 227
120 244
121 133
121 159
121 191
121 205
121 239
122 137
122 149
122 190
122 195
122 201
122 216
122 242
122 248
123 130
123 146
123 168
124 147
124 152
124 166
124 171
124 194
124 219
125 158
125 166
125 241
125 247
126 167
126 195
126 197
126 242
127 144
127 161
127 225
127 239
128 139
128 158
128 164
128 190
128 219
128 231
129 160
129 163
129 223
129 233
130 136
130 161
130 194
130 204
130 230
131 158
131 166
131 185
131 193
131 206
131 243
132 163
132 189
133 140
133 167
133 203
133 240
134 140
134 162
134 164
134 178
134 181
134 188
134 198
134 203
134 233
135 138
135 142
135 183
135 186
135 206
135 219
136 141
136 171
136 174
136 197
136 211
136 217
136 241
136 246
137 165
137 208
137 242
138 157
138 169
138 196
138 221
138 226
138 248
139 174
139 182
139 212
140 168
140 174
140 191
140 203
141 145
141 190
141 208
142 165
142 168
142 185
142 186
142 196
142 198
143 168
143 195
143 202
143 205
143 209
143 247
143 249
144 164
144 172
144 173
144 187
145 164
145 191
146 151
146 174
146 179
146 190
146 206
146 210
146 226
146 239
147 160
147 232
147 237
148 172
148 194
148 203
148 214
148 247
149 156
149 193
149 194
150 165
150 188
150 195
150 230
150 232
151 175
151 181
151 207
151 217
152 162
152 236
154 155
154 172
154 197
154 208
154 219
154 236
155 195
155 199
155 229
156 195
156 203
157 205
158 163
158 172
158 207
159 167
159 198
159 219
159 223
159 233
159 237
159 239
160 194
160 224
160 231
160 235
160 237
160 242
161 201
161 204
161 216
161 219
162 201
162 226
162 235
162 241
163 169
163 171
163 219
163 221
163 242
164 166
164 233
164 241
164 247
164 249
165 171
165 202
165 231
165 233
166 178
166 184
166 196
166 215
167 208
167 211
167 239
168 179
168 182
168 188
168 191
168 205
168 212
168 227
169 187
169 209
169 243
170 179
170 208
170 233
170 235
171 196
172 195
172 201
172 232
173 242
174 183
174 201
174 220
175 200
175 224
175 234
176 195
176 206
176 222
176 237
176 249
177 205
177 230
177 245
177 247
178 244
179 214
179 230
179 241
179 242
180 227
180 248
181 196
181 207
181 220
181 242
182 249
183 188
183 195
183 216
183 231
183 233
183 237
183 248
184 193
184 195
184 212
184 227
184 235
185 205
187 194
187 221
187 223
187 243
187 248
188 207
188 218
188 235
189 217
189 224
189 239
189 242
190 215
190 217
191 202
191 208
191 213
191 219
192 239
193 196
193 199
193 218
193 222
193 232
195 200
196 237
197 212
197 216
198 207
198 227
198 235
198 243
199 202
199 205
199 221
199 241
200 223
200 224
200 233
201 230
201 239
201 244
202 215
203 211
203 214
203 226
203 229
203 235
203 242
205 230
206 213
206 230
207 214
208 215
208 226
208 232
209 218
209 242
209 244
210 214
210 249
211 220
211 239
212 219
213 235
214 215
215 233
215 242
215 247
216 225
217 225
217 237
217 238
218 219
218 232
218 238
218 242
219 228
219 240
220 222
221 228
221 231
221 234
221 237
222 224
223 224
224 225
226 228
227 230
227 232
227 246
228 245
228 248
228 249
230 247
231 232
231 233
231 239
231 249
232 238
232 246
233 238
234 241
235 242
237 248
239 241
242 245
243 246
