0 92
0 125
0 137
1 69
1 222
3 111
3 112
3 145
4 60
4 77
5 21
5 210
7 170
8 20
8 51
8 235
8 243
9 37
9 74
9 243
11 42
11 140
11 230
12 70
13 218
14 28
14 165
15 97
16 30
17 26
17 148
17 218
17 244
18 103
18 226
18 245
19 36
19 129
20 233
20 248
21 128
22 84
22 205
22 213
23 28
23 106
23 118
24 25
24 51
24 72
25 86
26 118
27 89
27 137
27 218
28 114
28 193
28 222
29 57
29 78
30 40
30 49
30 86
30 236
31 57
31 84
31 177
31 207
32 129
32 196
35 79
35 108
35 151
35 174
36 50
36 59
36 216
36 230
37 170
37 249
39 72
40 179
42 89
43 49
43 124
43 218
44 159
44 167
45 100
46 127
47 52
47 170
48 202
49 93
49 112
50 173
52 111
52 144
52 186
54 64
57 70
58 227
59 227
60 75
60 147
62 147
64 69
64 95
64 175
67 133
67 149
67 201
68 168
69 153
69 182
69 189
72 228
74 101
74 225
75 147
75 159
75 181
75 207
75 216
77 208
78 132
78 192
78 204
79 82
79 128
80 210
82 94
82 142
84 110
84 152
85 91
86 177
86 189
89 108
91 218
92 108
93 102
93 158
94 216
97 156
97 203
97 217
99 162
100 113
101 236
103 129
103 248
104 195
106 195
109 180
109 249
110 191
112 185
113 148
113 165
113 211
114 227
115 149
115 159
115 248
118 144
119 142
119 173
119 199
126 206
127 213
129 155
129 216
131 190
135 208
136 151
136 152
136 205
137 184
138 202
140 141
140 145
140 248
144 146
145 202
147 217
149 218
151 249
152 182
153 175
158 200
159 171
162 166
165 210
166 225
167 175
168 227
169 190
169 239
170 208
170 211
171 172
175 227
176 210
176 241
187 191
187 218
190 248
193 243
194 247
195 227
200 247
201 224
202 203
206 235
209 210
209 249
213 217
213 233
219 245
224 229
225 243
230 249
235 249
