0 98
0 194
1 43
1 80
1 82
1 182
1 212
1 240
2 72
2 155
2 247
3 147
3 170
3 205
4 92
5 24
5 104
5 168
5 177
5 188
5 193
5 198
5 228
6 23
6 26
6 211
7 194
7 214
8 100
8 127
8 130
8 240
9 31
9 57
9 123
10 38
10 55
10 89
10 118
10 138
10 148
11 39
11 61
11 123
11 197
11 225
11 228
11 239
12 40
12 43
12 59
12 142
13 143
13 193
14 25
14 100
14 188
16 236
17 132
17 142
17 167
17 169
17 210
17 238
18 105
18 215
18 216
19 29
19 112
20 41
20 181
20 245
21 36
21 61
21 106
21 122
21 156
21 163
22 143
22 177
23 44
23 108
23 122
23 157
23 172
23 209
23 217
23 219
23 230
24 31
24 74
24 103
25 27
25 49
25 83
25 97
25 107
25 198
26 101
26 116
26 152
26 207
26 238
27 36
27 66
27 108
27 165
27 228
27 232
28 194
29 151
29 249
30 42
30 75
30 101
30 128
30 131
30 168
31 44
31 106
31 174
32 85
32 98
32 106
32 170
32 222
32 229
33 38
33 115
33 148
33 164
33 179
33 218
33 230
34 185
35 49
35 178
35 186
35 187
35 197
35 225
36 150
37 76
37 107
37 165
37 209
37 240
38 170
39 89
39 107
39 130
39 209
39 210
39 218
40 46
40 88
41 68
41 206
42 45
42 232
43 65
43 211
43 229
43 237
43 241
44 209
44 229
45 148
45 199
46 83
46 132
46 137
46 145
46 151
46 208
46 248
47 65
47 139
47 200
48 138
49 56
49 91
49 95
49 155
50 55
50 81
51 127
52 61
52 114
52 239
52 247
53 57
53 249
54 110
54 125
55 60
55 89
55 101
55 115
55 145
55 147
56 109
57 118
58 119
58 128
58 181
58 188
58 200
59 61
59 76
59 80
59 205
60 228
61 86
61 105
62 121
62 159
62 200
63 103
64 78
64 97
64 199
64 229
64 236
65 68
65 157
65 164
65 174
65 236
66 154
66 176
66 225
67 82
67 99
67 110
67 115
67 119
67 140
67 142
67 171
68 170
68 172
68 174
68 221
68 226
68 242
69 138
69 145
69 192
69 244
70 143
70 233
70 246
71 90
71 197
71 216
72 104
72 204
72 225
73 143
73 187
73 194
74 85
74 138
74 160
74 169
74 226
75 165
75 229
75 246
76 104
76 186
77 188
78 93
78 160
78 230
79 92
79 122
80 234
81 172
81 173
82 182
82 226
83 99
83 136
83 150
83 185
84 126
84 188
84 230
84 242
85 167
85 249
86 130
87 121
87 164
87 173
88 97
88 165
88 179
89 115
89 221
89 247
90 145
90 165
90 230
91 211
92 100
92 116
92 190
92 244
94 100
94 199
95 193
95 228
95 236
96 128
96 136
96 230
96 239
97 134
98 105
98 137
99 142
99 144
99 177
99 183
99 190
99 212
99 219
99 248
100 141
100 222
100 227
101 159
101 183
102 249
103 139
103 140
105 109
105 174
105 186
105 202
106 139
106 198
106 223
107 115
107 161
108 122
109 118
109 131
109 148
109 160
109 202
110 119
111 224
112 115
112 141
114 219
115 207
116 118
116 194
116 219
117 167
118 130
118 147
118 219
118 222
118 241
119 166
119 185
119 202
120 122
120 137
120 163
120 203
121 175
122 179
122 216
122 217
123 143
123 144
124 216
124 249
125 160
125 209
127 187
128 181
129 217
130 195
130 202
130 223
131 183
131 204
132 165
132 183
133 148
133 164
133 167
134 174
134 214
135 195
135 234
136 221
136 240
137 156
137 182
137 247
138 207
143 151
144 151
144 210
144 246
145 168
145 211
145 222
145 237
145 243
146 159
148 167
148 239
149 151
149 173
149 197
153 177
153 202
154 164
154 165
155 192
156 212
157 186
159 192
159 238
160 207
162 227
163 246
164 196
164 203
164 205
165 220
166 207
166 243
167 168
168 177
169 177
170 220
170 235
171 173
172 215
172 224
173 193
174 221
181 203
185 200
185 215
186 230
188 195
188 205
189 203
190 227
191 211
192 210
193 214
193 239
194 202
195 208
195 245
195 249
200 221
202 241
203 233
204 232
205 214
205 243
206 220
209 245
213 232
218 237
219 246
222 247
225 238
225 241
227 242
229 230
229 237
229 244
230 232
231 242
