0 10
0 34
0 43
0 48
0 54
0 61
0 101
0 152
0 156
0 180
0 188
0 203
1 27
1 32
1 68
1 98
1 124
1 130
1 174
1 182
1 200
1 218
1 241
2 3
2 22
2 30
2 37
2 79
2 81
2 90
2 96
2 115
2 171
2 183
2 196
2 232
3 56
3 78
3 90
3 93
3 98
3 112
3 118
3 119
3 131
3 137
3 141
3 164
3 205
4 16
4 24
4 35
4 45
4 52
4 83
4 171
4 187
4 219
4 227
5 24
5 31
5 40
5 51
5 60
5 82
5 88
5 115
5 119
5 131
5 134
5 137
5 169
5 172
5 191
5 197
5 199
5 203
5 211
5 224
6 11
6 21
6 58
6 62
6 65
6 67
6 126
6 170
6 184
6 212
6 229
6 239
7 12
7 40
7 46
7 64
7 100
7 134
7 169
7 191
7 192
7 196
7 198
7 213
7 218
7 221
7 241
8 22
8 39
8 43
8 55
8 64
8 102
8 103
8 106
8 114
8 163
8 182
8 206
8 214
8 219
8 224
9 20
9 22
9 101
9 127
9 194
9 204
9 223
9 227
9 232
9 246
10 16
10 22
10 52
10 56
10 103
10 113
10 118
10 135
10 139
10 143
10 146
10 172
10 202
10 235
10 243
11 44
11 92
11 118
11 201
11 217
12 19
12 51
12 58
12 61
12 69
12 124
12 125
12 133
12 148
12 177
12 184
12 193
12 209
12 218
13 18
13 31
13 68
13 69
13 90
13 109
13 129
13 180
13 214
13 221
13 241
14 29
14 45
14 62
14 71
14 78
14 154
14 160
14 168
14 176
15 22
15 24
15 25
15 38
15 62
15 171
16 50
16 131
16 156
16 165
16 185
16 194
16 195
16 240
17 31
17 47
17 55
17 63
17 92
17 97
17 101
17 104
17 149
17 161
17 162
17 174
17 198
17 203
17 216
17 217
17 231
18 53
18 69
18 96
18 136
18 158
18 172
18 179
18 225
18 246
19 48
19 49
19 55
19 94
19 108
19 111
19 113
19 141
19 187
19 191
19 193
19 198
19 203
19 217
19 222
20 36
20 45
20 58
20 72
20 80
20 104
20 153
20 165
20 171
20 181
20 191
20 215
20 231
20 233
21 53
21 123
21 144
21 176
21 215
22 39
22 59
22 63
22 68
22 70
22 76
22 78
22 81
22 87
22 169
22 181
22 219
23 34
23 55
23 132
23 158
23 174
23 178
23 180
23 208
24 28
24 36
24 65
24 114
24 146
24 162
24 167
24 181
24 199
24 231
25 38
25 39
25 57
25 60
25 73
25 102
25 106
25 113
25 131
25 145
25 180
26 70
26 98
26 107
26 108
26 123
26 139
26 158
26 166
26 168
26 184
26 191
26 217
26 229
27 45
27 178
27 196
27 198
27 230
27 235
28 55
28 56
28 60
28 89
28 134
28 183
28 211
28 212
28 231
29 30
29 87
29 152
29 198
29 228
29 229
29 247
29 248
30 44
30 68
30 105
30 116
30 134
30 144
30 158
30 165
30 199
30 202
30 207
31 49
31 60
31 81
31 100
31 135
31 136
31 150
31 215
31 229
31 231
32 42
32 80
32 101
32 115
32 116
32 139
32 141
32 195
32 235
33 34
33 46
33 104
33 143
33 164
33 167
33 186
33 207
33 227
33 239
33 243
34 38
34 42
34 48
34 67
34 73
34 98
34 116
34 130
34 142
34 145
34 154
34 211
34 223
34 238
34 240
35 36
35 41
35 65
35 136
35 166
35 200
35 233
35 242
35 245
36 46
36 53
36 55
36 88
36 105
36 139
36 149
36 165
36 171
36 172
36 179
36 180
36 201
36 207
36 215
36 249
37 91
37 130
37 198
37 245
38 39
38 48
38 51
38 59
38 69
38 87
38 110
38 133
38 151
38 166
38 173
38 186
38 229
39 41
39 108
39 132
39 150
39 201
39 203
39 204
39 214
39 239
40 49
40 62
40 100
40 149
40 227
41 57
41 63
41 72
41 109
41 121
41 127
41 129
41 151
41 157
41 158
41 236
41 239
41 246
42 49
42 76
42 85
42 98
42 140
42 166
42 194
42 224
42 232
43 47
43 64
43 79
43 98
43 107
43 176
43 186
43 189
43 214
43 239
43 248
44 51
44 123
44 152
44 182
44 198
44 207
44 212
44 215
45 54
45 79
45 81
45 82
45 87
45 112
45 118
45 123
45 147
45 153
45 163
45 217
45 249
46 88
46 100
46 113
46 116
46 117
46 147
46 180
46 196
46 209
46 212
46 225
46 240
47 62
47 65
47 66
47 72
47 77
47 112
47 130
47 227
47 246
48 58
48 128
48 131
48 137
48 147
48 165
48 175
48 196
48 212
48 241
48 243
49 99
49 102
49 124
49 127
49 131
49 132
49 143
49 147
49 157
49 161
49 233
50 51
50 91
50 161
50 178
50 191
50 213
50 216
51 57
51 58
51 61
51 83
51 123
51 127
51 129
51 199
51 228
51 246
52 67
52 75
52 78
52 118
52 134
52 145
52 185
52 190
52 225
53 67
53 99
53 105
53 120
53 122
53 129
53 244
53 249
54 89
54 91
54 109
54 133
54 162
54 184
54 191
54 207
54 214
54 234
54 235
54 243
55 67
55 75
55 76
55 92
55 100
55 102
55 144
55 148
55 179
55 210
55 212
55 221
55 222
55 225
55 248
56 82
56 83
56 86
56 87
56 125
56 143
56 178
56 183
56 229
57 138
57 184
57 241
58 125
58 141
58 161
58 163
58 223
59 70
59 72
59 95
59 120
59 136
59 144
59 158
59 191
60 70
60 71
60 86
60 97
60 111
60 144
60 147
60 153
60 179
60 203
60 217
60 220
60 224
60 231
60 233
61 107
61 120
61 153
61 201
61 214
61 217
61 247
62 90
62 128
62 144
62 209
62 229
63 66
63 102
63 151
63 181
63 191
63 221
63 222
63 246
64 113
64 133
64 147
64 177
64 179
64 185
64 199
64 208
64 210
64 217
64 220
64 225
64 239
65 125
65 140
65 166
65 183
65 194
65 199
65 213
65 233
66 113
66 148
66 149
66 155
66 157
66 179
66 192
66 215
66 222
66 239
67 108
67 160
67 169
67 198
67 210
67 238
68 133
68 140
68 147
68 150
68 153
68 172
68 179
68 188
68 238
69 122
69 137
69 143
69 159
69 190
69 234
69 249
70 85
70 103
70 113
70 125
70 176
70 179
70 183
70 211
70 233
70 246
71 136
71 157
71 164
71 189
71 198
71 199
71 206
71 217
71 241
72 100
72 114
72 137
72 180
72 202
72 214
73 81
73 91
73 105
73 126
73 142
73 157
73 187
73 217
73 232
73 233
73 237
73 240
73 244
74 123
74 138
74 163
74 164
74 218
74 235
75 95
75 101
75 104
75 137
75 152
75 183
75 185
75 215
75 244
75 246
76 82
76 92
76 134
76 151
76 159
76 170
76 181
76 246
77 78
77 103
77 120
77 162
77 163
77 240
78 108
78 112
78 137
78 141
78 157
78 169
78 177
78 178
78 196
78 197
78 220
78 222
78 226
79 112
79 144
79 149
79 190
79 219
80 103
80 138
80 165
80 179
80 185
80 226
80 244
81 92
81 102
81 107
81 139
81 148
81 158
81 183
81 200
81 217
81 218
81 220
81 223
81 228
81 246
82 90
82 110
82 121
82 170
82 248
83 138
83 185
83 187
83 233
84 89
84 111
84 122
84 130
84 133
84 136
84 166
84 173
84 213
84 214
84 247
84 248
85 115
85 120
85 129
85 140
85 144
85 164
85 182
85 190
85 198
85 229
85 236
85 237
85 241
85 248
86 97
86 109
86 120
86 167
86 187
86 211
86 231
87 105
87 140
87 151
87 160
87 171
87 212
87 219
87 230
87 237
88 91
88 153
88 159
88 181
88 184
88 243
88 244
88 248
89 109
89 113
89 171
89 179
89 180
89 186
89 193
89 199
90 102
90 105
90 106
90 113
90 116
90 143
90 163
90 180
90 181
90 224
90 237
91 111
91 114
91 139
91 154
91 170
91 174
91 193
91 240
92 119
92 160
92 187
92 194
92 207
92 220
92 245
93 107
93 109
93 115
93 149
93 150
93 153
93 161
93 163
93 195
94 108
94 118
94 128
94 149
94 150
94 171
94 186
94 206
94 241
94 243
95 153
95 200
95 204
95 245
96 111
96 112
96 134
96 202
96 213
97 98
97 104
97 128
97 134
97 143
97 166
97 169
97 205
97 211
97 213
97 229
97 234
98 109
98 141
98 143
98 164
98 174
98 186
98 187
98 188
98 220
98 225
98 241
98 248
99 145
99 185
99 209
99 212
99 242
99 246
100 113
100 126
100 150
100 163
100 203
100 205
101 111
101 133
101 151
101 158
101 184
101 194
101 220
102 135
102 149
102 166
102 175
102 181
102 192
102 209
102 244
103 121
103 134
103 137
103 142
103 150
103 195
103 220
104 171
105 157
105 193
105 208
105 211
105 212
105 228
106 119
106 126
106 127
106 161
106 219
106 222
106 238
106 240
107 114
107 130
107 139
107 152
107 161
107 173
107 178
107 180
107 200
107 229
107 230
108 116
108 117
108 127
108 143
108 159
108 187
108 220
108 221
108 248
109 117
109 125
109 148
110 111
110 151
110 182
110 195
110 203
110 218
110 249
111 136
111 180
111 207
111 226
111 242
112 144
112 146
112 148
112 158
112 160
112 176
112 178
112 208
112 215
112 233
113 134
113 145
113 227
113 234
113 249
114 118
114 129
114 148
114 162
114 182
114 199
114 209
114 212
114 228
115 140
115 173
115 191
115 211
115 213
115 230
116 121
116 204
116 212
116 237
117 150
117 155
117 163
117 188
117 197
117 208
117 225
117 238
117 248
118 177
119 128
119 150
119 163
119 192
119 194
119 223
119 249
120 146
120 154
120 167
120 175
120 221
120 229
120 236
120 238
121 142
121 148
121 198
121 206
121 227
121 233
121 235
122 128
122 132
122 159
122 173
122 189
122 223
122 236
123 133
123 147
123 173
124 134
124 138
124 151
124 160
124 162
124 179
124 186
124 196
124 208
124 214
124 230
125 128
125 155
125 177
125 203
125 220
125 224
125 230
125 236
126 128
126 141
126 150
126 163
126 184
126 234
126 244
127 155
127 165
127 216
127 229
127 242
128 141
128 147
128 156
128 167
128 180
128 182
128 196
128 216
128 221
128 224
128 227
129 161
129 184
129 186
129 226
129 230
130 173
130 184
130 186
130 245
130 247
131 145
131 147
131 148
131 160
131 164
131 170
131 177
131 240
132 166
132 169
132 171
132 176
132 183
132 230
133 163
133 192
133 213
134 143
134 196
134 222
135 151
135 157
135 220
135 229
136 140
136 150
136 172
136 240
137 162
137 174
137 181
137 199
137 220
137 222
138 148
138 203
138 221
138 228
139 148
139 154
139 159
139 171
139 215
139 221
140 211
141 204
141 222
142 170
142 192
142 200
142 208
142 242
143 146
143 152
143 161
143 190
143 198
143 205
143 212
143 221
143 225
143 227
143 241
144 152
144 183
144 221
144 245
144 246
145 151
145 167
145 215
145 217
146 155
146 170
146 219
147 152
147 160
147 165
147 170
147 174
147 183
147 216
147 237
148 170
148 205
148 229
148 230
149 163
149 172
149 196
149 199
150 166
150 203
150 209
150 237
151 167
151 200
151 209
151 217
151 242
151 243
151 247
152 156
152 168
152 175
152 217
152 221
152 228
152 237
152 243
152 248
153 169
153 179
153 208
153 209
153 222
153 232
154 168
154 213
154 225
154 235
155 179
156 167
156 177
156 191
156 198
156 202
156 207
156 219
156 220
157 165
157 231
158 181
158 184
158 219
158 229
158 246
159 165
159 168
159 207
159 211
159 218
159 223
159 245
160 200
160 229
160 243
160 249
161 165
161 200
162 176
162 192
162 207
162 213
162 236
162 242
163 173
163 193
163 195
163 222
164 168
164 172
164 200
164 203
164 234
164 247
165 171
165 210
165 219
165 238
165 245
166 187
166 212
166 216
166 221
166 233
166 243
167 220
168 198
169 176
169 202
169 230
169 235
169 236
169 246
170 219
170 234
170 246
171 187
171 193
171 203
171 211
172 181
172 202
172 208
173 177
173 210
173 220
173 225
174 177
174 184
174 205
174 206
174 211
174 228
174 230
174 238
174 246
174 248
175 178
175 211
175 232
175 235
176 191
176 203
177 178
177 200
177 206
178 195
178 249
179 181
179 183
179 241
181 204
181 227
181 238
182 225
182 235
183 202
183 208
185 215
185 233
186 217
186 229
186 230
187 189
187 202
187 246
187 247
188 243
189 245
189 249
190 203
190 247
192 210
192 212
192 220
193 194
193 223
193 233
193 242
194 195
194 207
194 210
194 235
195 200
195 213
196 232
196 247
197 216
197 223
198 199
198 211
198 224
198 246
199 213
199 222
199 224
199 234
199 235
199 237
199 248
200 203
200 236
201 239
202 218
203 224
204 226
204 229
204 238
205 209
205 225
206 208
206 218
206 246
207 210
208 212
208 220
208 235
209 218
209 245
209 249
210 230
211 243
212 225
212 229
212 231
213 221
213 224
213 232
213 249
214 224
216 230
218 231
219 232
219 248
220 226
220 231
222 234
224 244
228 247
230 238
231 241
231 242
231 247
232 243
233 247
234 241
235 241
235 247
236 237
236 240
237 244
237 248
239 249
240 249
242 249
