0 66
0 74
0 199
1 106
1 128
1 224
2 52
2 57
2 60
2 66
2 125
2 134
2 216
3 68
3 159
3 230
4 51
4 110
4 114
4 176
4 222
6 10
6 61
6 71
7 89
7 204
7 236
7 248
8 31
8 92
8 231
9 30
9 58
9 75
9 219
10 32
10 146
10 207
10 249
11 69
11 75
11 224
12 27
12 46
12 100
12 225
13 130
14 112
14 160
14 177
15 90
15 111
15 134
15 233
16 18
16 38
16 106
17 70
17 100
17 121
18 60
18 153
18 154
19 49
19 166
20 139
20 157
20 213
22 142
23 27
23 51
23 83
23 210
23 229
24 165
24 172
24 191
25 75
25 131
25 141
25 233
25 247
26 40
26 83
26 194
26 244
27 66
27 110
27 144
27 170
27 208
28 53
28 125
28 148
28 164
29 41
29 101
29 149
29 156
29 174
29 191
29 206
30 76
30 150
30 219
31 124
31 171
31 173
31 201
31 246
32 56
32 86
32 187
33 68
33 71
33 152
33 187
33 198
33 214
34 42
34 44
34 45
34 79
34 168
34 172
35 140
36 69
37 160
37 218
38 60
38 124
38 224
39 164
40 95
40 247
43 164
43 220
43 241
44 68
44 83
44 94
44 146
44 220
44 240
45 87
45 194
46 112
46 191
46 240
47 118
47 154
48 59
48 61
48 89
50 72
50 97
51 77
51 158
51 184
51 196
52 139
52 158
52 199
52 235
53 92
53 189
53 200
53 217
54 123
54 130
54 163
55 83
55 228
56 104
56 169
57 103
57 222
58 100
58 143
58 219
59 111
60 135
60 209
62 119
62 242
63 175
64 92
64 150
64 241
65 67
65 77
66 91
66 169
66 192
67 133
67 205
68 100
68 117
68 177
69 135
69 178
70 158
70 200
71 142
71 145
71 217
72 132
72 149
72 155
72 210
73 140
73 195
73 202
74 111
74 129
74 201
75 96
75 121
75 127
75 177
75 204
75 206
75 209
75 246
76 82
77 137
77 153
77 191
77 196
78 188
79 210
80 182
80 230
81 127
81 224
81 247
82 109
82 142
82 182
82 225
82 230
82 231
83 174
84 87
84 112
84 218
84 243
84 249
85 136
85 157
86 139
86 182
86 206
86 229
87 106
87 107
88 199
88 219
88 232
89 115
89 127
89 156
89 203
90 95
90 102
90 122
90 241
91 118
91 124
91 145
91 221
92 127
94 183
94 194
94 225
95 167
95 184
95 213
95 217
97 146
97 160
98 115
98 145
99 209
99 236
100 132
100 248
101 239
102 106
103 189
103 205
104 164
105 160
108 140
108 144
108 207
109 112
109 170
109 177
110 152
110 159
110 188
110 201
111 122
111 222
111 235
111 249
112 249
113 152
113 199
113 241
114 148
114 159
115 145
115 234
115 235
116 162
116 169
116 244
117 167
118 163
118 188
118 239
119 130
119 206
119 230
120 124
120 126
120 183
121 154
121 212
122 172
122 183
123 179
123 203
123 204
124 177
124 178
124 206
124 231
125 142
125 227
127 148
129 140
129 175
129 197
129 213
129 230
130 171
130 228
131 143
131 197
131 242
132 149
132 152
132 154
132 218
132 237
132 247
133 160
133 206
135 148
135 200
135 215
136 170
136 183
136 192
136 224
136 249
137 238
138 216
139 168
139 180
140 188
140 191
141 188
141 224
141 238
143 203
144 145
144 188
145 156
145 246
147 184
148 172
148 192
148 205
149 150
149 152
149 212
149 238
150 169
151 171
151 180
151 193
152 200
153 240
154 200
155 176
155 190
155 245
158 204
158 211
158 235
159 217
160 162
160 176
161 169
161 217
161 233
161 244
162 209
163 236
164 182
164 214
165 186
166 207
166 217
166 219
167 233
168 182
168 212
169 198
170 180
170 200
171 192
171 238
172 219
173 219
175 242
176 191
176 215
177 208
178 211
180 194
180 246
182 232
183 210
183 226
183 234
184 209
187 240
187 243
189 214
189 219
189 236
190 211
191 238
194 202
194 213
196 221
196 241
199 203
199 221
199 246
200 210
202 240
202 244
207 209
207 225
210 238
210 242
210 247
211 236
212 215
215 223
218 227
218 228
220 245
224 235
229 234
229 238
234 238
236 237
236 246
