0 2
0 17
0 26
0 42
0 54
0 63
0 82
0 116
0 160
0 181
0 196
0 221
0 237
1 5
1 21
1 23
1 42
1 49
1 113
1 127
1 137
1 153
1 165
1 213
1 215
1 227
1 239
1 243
2 12
2 33
2 37
2 47
2 48
2 58
2 61
2 74
2 104
2 110
2 114
2 128
2 150
2 161
2 177
2 201
2 217
2 235
2 239
2 241
3 8
3 15
3 20
3 25
3 54
3 55
3 71
3 94
3 106
3 115
3 116
3 118
3 119
3 140
3 144
3 158
3 163
3 179
3 197
3 198
3 227
3 238
3 243
4 7
4 27
4 37
4 46
4 48
4 50
4 51
4 58
4 82
4 86
4 92
4 101
4 108
4 117
4 124
4 140
4 144
4 147
4 152
4 153
4 155
4 157
4 173
4 178
4 192
4 221
4 234
4 237
4 247
5 51
5 109
5 162
5 170
5 176
5 209
5 213
5 226
5 231
6 10
6 13
6 36
6 46
6 47
6 49
6 54
6 63
6 66
6 100
6 166
6 172
6 177
6 195
6 218
7 19
7 44
7 69
7 71
7 81
7 91
7 94
7 132
7 140
7 162
7 175
7 178
7 181
7 220
7 227
7 231
7 242
8 24
8 32
8 41
8 44
8 59
8 94
8 107
8 122
8 129
8 132
8 137
8 159
8 174
8 177
8 181
8 183
8 202
8 208
8 218
8 238
8 243
9 20
9 21
9 27
9 34
9 44
9 45
9 65
9 76
9 94
9 99
9 150
9 157
9 166
9 174
9 184
9 190
9 191
9 195
9 199
9 212
9 220
9 236
9 237
9 246
10 24
10 29
10 60
10 64
10 65
10 66
10 77
10 83
10 89
10 96
10 104
10 135
10 151
10 167
10 180
10 200
10 218
10 225
10 230
11 13
11 15
11 29
11 38
11 42
11 49
11 70
11 84
11 108
11 113
11 123
11 156
11 170
11 178
11 212
11 230
11 241
11 248
12 44
12 54
12 73
12 74
12 76
12 85
12 113
12 131
12 157
12 165
12 194
12 198
12 210
12 236
12 244
12 246
13 23
13 38
13 39
13 56
13 85
13 100
13 102
13 119
13 154
13 175
13 178
13 208
13 241
14 39
14 40
14 41
14 46
14 73
14 79
14 85
14 88
14 119
14 122
14 132
14 148
14 153
14 164
14 178
14 194
14 220
14 222
14 238
14 244
15 28
15 34
15 71
15 77
15 79
15 80
15 85
15 96
15 99
15 101
15 118
15 122
15 153
15 158
15 164
15 179
15 191
15 199
15 213
15 214
15 225
15 232
15 245
16 17
16 19
16 20
16 35
16 54
16 55
16 60
16 70
16 94
16 110
16 119
16 159
16 161
16 164
16 174
16 189
16 195
16 206
16 213
16 216
16 223
16 237
16 239
16 248
17 36
17 38
17 54
17 66
17 67
17 85
17 116
17 131
17 136
17 142
17 160
17 221
17 234
17 237
17 238
17 242
18 30
18 34
18 55
18 60
18 72
18 96
18 103
18 111
18 118
18 146
18 150
18 182
18 184
18 190
18 240
19 26
19 39
19 55
19 77
19 95
19 99
19 102
19 111
19 112
19 122
19 128
19 137
19 176
19 184
19 225
19 230
19 245
20 42
20 46
20 48
20 49
20 70
20 79
20 84
20 88
20 90
20 106
20 117
20 138
20 142
20 148
20 158
20 164
20 172
20 179
20 184
20 189
20 204
20 213
21 26
21 48
21 55
21 90
21 98
21 118
21 123
21 126
21 131
21 146
21 150
21 158
21 163
21 166
21 179
21 219
21 222
22 26
22 27
22 30
22 34
22 42
22 48
22 53
22 58
22 67
22 68
22 85
22 90
22 133
22 183
22 192
22 198
22 221
22 225
22 231
23 26
23 43
23 49
23 66
23 67
23 74
23 86
23 103
23 105
23 108
23 109
23 156
23 180
23 186
23 204
23 208
24 44
24 58
24 71
24 78
24 81
24 83
24 107
24 114
24 115
24 124
24 131
24 138
24 144
24 161
24 174
24 179
24 191
24 192
24 204
24 208
24 210
24 249
25 45
25 58
25 62
25 69
25 72
25 74
25 87
25 94
25 112
25 149
25 151
25 184
25 202
25 205
25 221
25 224
25 234
26 45
26 53
26 54
26 62
26 64
26 68
26 69
26 80
26 81
26 83
26 84
26 110
26 115
26 133
26 166
26 176
26 193
26 198
26 222
26 223
26 227
26 229
26 237
26 249
27 41
27 66
27 68
27 70
27 84
27 107
27 131
27 148
27 153
27 157
27 168
27 176
27 191
27 201
27 212
27 221
27 237
28 32
28 40
28 52
28 72
28 85
28 103
28 111
28 135
28 147
28 151
28 164
28 172
28 183
28 189
28 191
28 201
28 202
28 209
28 230
29 66
29 72
29 84
29 89
29 107
29 108
29 115
29 122
29 126
29 162
29 165
29 174
29 208
29 211
29 222
29 241
29 244
30 36
30 37
30 43
30 68
30 73
30 90
30 94
30 96
30 141
30 154
30 157
30 158
30 167
30 169
30 191
30 194
30 196
30 203
30 211
30 232
30 239
30 241
31 32
31 51
31 55
31 56
31 70
31 103
31 114
31 127
31 130
31 138
31 160
31 176
31 182
31 192
31 235
32 63
32 72
32 80
32 99
32 100
32 101
32 125
32 129
32 136
32 142
32 146
32 151
32 155
32 156
32 163
32 165
32 171
32 202
32 214
32 222
32 248
33 35
33 68
33 69
33 78
33 80
33 107
33 117
33 125
33 133
33 137
33 146
33 166
33 202
33 211
33 220
33 221
33 227
33 247
34 43
34 78
34 79
34 84
34 109
34 110
34 111
34 119
34 120
34 125
34 144
34 160
34 196
34 197
34 205
34 210
34 219
34 220
34 221
34 231
34 247
35 37
35 43
35 51
35 79
35 82
35 103
35 125
35 126
35 137
35 151
35 163
35 168
35 175
35 212
35 225
36 39
36 40
36 53
36 59
36 62
36 97
36 143
36 160
36 187
36 191
36 199
36 203
36 207
36 238
37 39
37 53
37 58
37 61
37 68
37 84
37 93
37 104
37 109
37 112
37 127
37 130
37 145
37 166
37 171
37 184
37 225
37 228
37 238
37 249
38 44
38 66
38 78
38 110
38 117
38 124
38 130
38 177
38 183
38 193
38 199
38 208
38 215
38 228
38 246
39 51
39 61
39 62
39 64
39 67
39 72
39 78
39 93
39 98
39 105
39 108
39 109
39 141
39 146
39 150
39 166
39 168
39 198
39 209
39 228
39 236
40 43
40 53
40 67
40 76
40 80
40 102
40 108
40 134
40 138
40 144
40 149
40 155
40 168
40 173
40 198
40 200
40 215
40 217
40 219
40 228
41 44
41 92
41 101
41 107
41 119
41 141
41 160
41 171
41 181
41 182
41 184
41 187
41 209
41 244
42 73
42 93
42 98
42 100
42 102
42 105
42 132
42 152
42 174
42 179
42 180
42 186
42 207
42 209
42 221
42 224
42 226
42 227
42 239
42 242
42 247
42 248
43 50
43 62
43 66
43 77
43 83
43 97
43 99
43 103
43 112
43 141
43 172
43 178
43 183
43 195
43 196
43 197
43 200
43 220
43 232
43 245
44 49
44 92
44 95
44 99
44 109
44 114
44 151
44 158
44 181
44 182
44 195
44 197
44 201
44 208
44 218
44 228
44 231
44 235
44 242
45 58
45 67
45 82
45 116
45 117
45 136
45 142
45 162
45 182
45 214
45 216
45 238
46 47
46 86
46 102
46 107
46 115
46 159
46 174
46 184
46 186
46 228
46 241
47 54
47 71
47 83
47 85
47 96
47 99
47 101
47 113
47 137
47 148
47 149
47 154
47 155
47 180
47 185
47 188
47 191
47 193
47 218
47 224
47 239
48 62
48 69
48 79
48 80
48 92
48 116
48 118
48 132
48 141
48 148
48 150
48 159
48 180
48 185
48 188
48 214
48 240
48 243
48 247
49 98
49 142
49 176
49 178
49 180
49 183
49 192
49 198
49 220
49 237
50 59
50 61
50 99
50 104
50 121
50 128
50 141
50 164
50 172
50 174
50 186
50 189
50 191
50 213
50 215
50 216
50 222
50 246
51 110
51 150
51 164
51 175
51 220
51 239
52 66
52 75
52 81
52 89
52 98
52 105
52 110
52 112
52 117
52 121
52 123
52 130
52 139
52 144
52 172
52 183
52 231
53 60
53 62
53 104
53 124
53 131
53 198
53 215
53 229
53 236
53 243
54 59
54 61
54 62
54 68
54 96
54 104
54 105
54 108
54 131
54 173
54 180
54 187
54 195
54 243
54 249
55 56
55 70
55 78
55 79
55 94
55 99
55 107
55 138
55 146
55 163
55 166
55 167
55 200
55 213
55 219
55 229
55 233
56 60
56 65
56 88
56 103
56 108
56 115
56 140
56 141
56 160
56 182
56 207
56 212
56 216
56 224
56 240
57 61
57 73
57 79
57 81
57 92
57 93
57 126
57 149
57 175
57 196
57 205
57 206
57 224
57 226
57 227
57 229
57 242
58 92
58 94
58 103
58 106
58 109
58 121
58 129
58 133
58 141
58 149
58 163
58 180
58 249
59 61
59 75
59 77
59 122
59 132
59 147
59 151
59 160
59 161
59 185
59 230
59 243
60 61
60 63
60 81
60 106
60 111
60 143
60 174
60 178
60 180
60 195
60 196
60 200
60 211
60 226
60 233
60 243
60 244
60 247
61 63
61 79
61 80
61 89
61 97
61 99
61 101
61 104
61 107
61 124
61 138
61 139
61 143
61 152
61 154
61 184
61 198
61 203
61 225
61 227
61 235
61 237
62 67
62 78
62 87
62 92
62 95
62 102
62 104
62 119
62 143
62 156
62 158
62 216
62 229
62 249
63 81
63 86
63 91
63 116
63 131
63 147
63 148
63 153
63 165
63 173
63 175
63 187
63 191
63 195
63 196
63 199
63 201
63 202
63 205
63 229
63 244
64 66
64 71
64 91
64 92
64 99
64 110
64 116
64 117
64 118
64 130
64 136
64 139
64 150
64 153
64 157
64 161
64 166
64 172
64 176
64 195
64 229
64 245
65 94
65 117
65 140
65 150
65 164
65 170
65 181
65 188
65 192
65 205
65 222
65 230
65 244
66 73
66 83
66 84
66 115
66 122
66 126
66 132
66 137
66 148
66 181
66 188
66 189
66 201
66 204
66 226
66 243
67 82
67 83
67 88
67 95
67 109
67 111
67 120
67 123
67 166
67 183
67 195
67 208
67 214
67 236
67 243
68 72
68 80
68 96
68 118
68 122
68 142
68 153
68 154
68 157
68 199
68 211
68 235
68 237
69 71
69 83
69 110
69 115
69 148
69 161
69 175
69 182
69 184
69 194
69 202
69 204
69 211
69 213
69 218
69 225
69 241
69 249
70 77
70 84
70 97
70 114
70 120
70 148
70 150
70 166
70 183
70 193
70 205
70 236
70 239
71 72
71 91
71 96
71 101
71 102
71 114
71 122
71 124
71 143
71 151
71 167
71 168
71 183
71 190
71 191
71 210
71 212
72 79
72 87
72 117
72 118
72 137
72 153
72 161
72 171
72 182
72 193
72 196
72 200
72 209
72 210
72 213
72 221
72 224
72 234
72 235
73 80
73 81
73 100
73 116
73 123
73 133
73 143
73 146
73 157
73 160
73 195
73 205
73 210
73 229
73 230
73 241
73 245
74 100
74 110
74 111
74 124
74 132
74 135
74 161
74 165
74 170
74 183
74 215
74 224
74 232
74 235
74 247
74 248
75 83
75 87
75 88
75 154
75 209
75 214
75 228
76 77
76 79
76 99
76 108
76 116
76 124
76 136
76 148
76 152
76 158
76 160
76 176
76 179
76 188
76 200
76 204
76 225
77 82
77 83
77 94
77 98
77 110
77 120
77 140
77 146
77 207
77 234
77 237
77 246
77 249
78 80
78 86
78 90
78 91
78 99
78 101
78 123
78 134
78 145
78 179
78 182
78 186
78 188
78 190
78 223
78 241
78 246
78 247
79 82
79 96
79 126
79 132
79 136
79 138
79 147
79 152
79 157
79 169
79 176
79 186
79 187
79 207
79 223
79 227
79 229
80 81
80 86
80 94
80 95
80 101
80 121
80 142
80 147
80 163
80 179
80 199
80 208
80 237
80 246
81 83
81 84
81 161
81 176
81 180
81 241
82 92
82 102
82 103
82 107
82 111
82 120
82 127
82 128
82 134
82 140
82 153
82 163
82 171
82 190
82 192
82 201
82 203
82 221
82 224
82 229
83 101
83 102
83 104
83 114
83 138
83 139
83 149
83 166
83 169
83 170
83 213
83 229
83 233
83 249
84 85
84 127
84 131
84 144
84 159
84 189
84 191
84 196
85 91
85 126
85 145
85 146
85 152
85 154
85 210
85 211
85 221
85 226
85 231
85 233
86 87
86 98
86 109
86 116
86 127
86 137
86 154
86 161
86 168
86 188
86 194
86 199
86 205
86 207
86 208
86 218
86 220
86 238
87 96
87 99
87 105
87 106
87 130
87 145
87 175
87 176
87 179
87 183
87 191
87 197
87 200
87 208
87 218
88 89
88 91
88 100
88 152
88 156
88 176
88 186
88 196
88 199
88 211
88 217
88 222
88 224
88 226
88 249
89 92
89 95
89 100
89 113
89 125
89 127
89 134
89 139
89 152
89 153
89 155
89 170
89 173
89 195
90 91
90 106
90 115
90 136
90 141
90 177
90 191
90 215
90 231
91 96
91 122
91 134
91 141
91 143
91 199
91 212
91 223
91 236
91 237
91 241
91 247
92 93
92 98
92 106
92 110
92 116
92 136
92 154
92 156
92 158
92 159
92 160
92 184
92 192
92 196
92 197
92 207
92 218
92 231
92 240
92 242
93 114
93 149
93 156
93 190
93 199
93 200
93 206
93 216
93 219
93 236
93 240
94 105
94 122
94 160
94 169
94 176
94 187
94 194
94 199
94 209
94 211
94 240
94 241
94 246
94 249
95 96
95 106
95 112
95 122
95 128
95 136
95 161
95 164
95 179
95 180
95 193
95 196
95 213
95 214
95 218
95 228
95 231
96 116
96 118
96 129
96 139
96 146
96 186
96 211
96 213
97 98
97 145
97 151
97 169
97 188
97 190
97 228
98 115
98 144
98 155
98 162
98 169
98 175
98 176
98 207
98 232
98 235
98 240
98 246
99 125
99 130
99 134
99 139
99 151
99 155
99 163
99 205
99 207
99 225
99 234
99 241
100 104
100 114
100 122
100 131
100 137
100 157
100 161
100 174
100 191
100 197
100 198
100 199
100 203
100 210
100 243
101 120
101 137
101 142
101 159
101 169
101 201
101 222
101 246
101 247
101 248
102 110
102 140
102 144
102 148
102 153
102 161
102 168
102 179
102 199
102 249
103 111
103 153
103 169
103 175
103 176
103 181
103 187
103 200
103 224
103 227
103 234
103 247
103 249
104 117
104 129
104 146
104 171
104 178
104 197
104 217
104 249
105 107
105 123
105 126
105 130
105 137
105 164
105 167
105 178
105 197
105 208
105 213
105 234
105 238
105 241
105 248
106 115
106 125
106 128
106 129
106 135
106 148
106 149
106 157
106 161
106 174
106 175
106 189
106 230
106 236
106 238
107 124
107 129
107 132
107 138
107 148
107 150
107 164
107 173
107 193
107 194
107 208
107 213
107 241
108 137
108 148
108 183
108 190
108 211
108 216
108 224
108 234
108 235
108 237
108 240
109 113
109 116
109 132
109 134
109 154
109 157
109 166
109 171
109 181
109 192
109 218
109 232
109 248
110 111
110 127
110 129
110 138
110 160
110 164
110 171
110 183
110 194
110 229
111 130
111 140
111 155
111 156
111 173
111 242
112 117
112 120
112 140
112 171
112 177
112 194
112 213
112 240
112 241
112 249
113 125
113 128
113 133
113 198
113 200
113 215
113 238
114 119
114 131
114 142
114 180
114 187
114 200
114 213
114 219
114 223
114 224
114 226
114 241
115 117
115 140
115 161
115 163
115 173
115 178
115 186
115 219
115 222
115 233
116 117
116 121
116 130
116 191
116 193
116 199
116 203
117 124
117 130
117 133
117 143
117 145
117 152
117 159
117 179
117 191
117 192
117 231
117 233
118 126
118 147
118 148
118 152
118 191
118 196
118 203
118 231
118 242
118 247
119 138
119 139
119 151
119 161
119 162
119 177
119 179
119 201
119 214
120 122
120 138
120 140
120 142
120 147
120 151
120 165
120 179
120 182
120 189
120 190
120 222
120 230
121 125
121 131
121 141
121 147
121 189
121 192
121 196
121 220
121 227
122 125
122 134
122 144
122 147
122 149
122 156
122 162
122 180
122 192
122 231
122 243
122 249
123 130
123 134
123 137
123 149
123 171
123 181
123 188
123 197
123 214
123 224
123 248
124 137
124 151
124 152
124 156
124 168
124 173
124 174
124 194
124 214
124 223
125 126
125 151
125 152
125 161
125 178
125 181
125 192
125 197
125 209
125 222
125 237
125 240
125 241
126 127
126 130
126 142
126 157
126 158
126 160
126 185
126 190
126 202
126 203
126 223
126 234
126 242
126 245
127 133
127 140
127 156
127 161
127 168
127 174
127 178
127 179
127 194
127 204
127 209
127 215
127 221
127 226
127 227
127 230
127 239
128 146
128 163
128 164
129 167
129 182
129 185
129 212
129 227
130 133
130 138
130 143
130 185
130 198
130 218
130 234
131 137
131 145
131 146
131 155
131 211
131 212
131 216
131 228
131 238
132 133
132 169
132 199
132 205
132 218
132 221
132 227
132 236
132 241
132 245
132 248
132 249
133 147
133 153
133 155
133 169
133 249
134 137
134 153
134 185
134 192
134 207
134 210
134 214
134 219
134 232
134 234
134 245
135 162
135 170
135 174
136 154
136 162
136 172
136 185
136 187
136 193
136 207
136 209
136 224
136 231
136 241
137 154
137 162
137 166
137 171
137 194
137 195
137 196
137 198
137 203
137 210
137 215
137 221
137 225
137 237
137 248
138 147
138 176
138 197
138 204
138 209
139 140
139 169
139 177
139 181
139 194
139 206
139 212
139 222
139 227
140 145
140 175
140 176
140 183
140 186
140 193
140 207
140 208
140 217
140 226
140 243
141 154
141 168
141 174
141 177
141 207
141 221
141 224
141 226
141 233
141 235
141 239
141 249
142 154
142 159
142 167
142 191
142 199
142 203
142 207
142 222
142 224
142 230
142 234
142 244
143 153
143 154
143 155
143 159
143 160
143 178
143 184
143 194
143 199
143 244
143 246
144 181
144 190
144 202
144 207
144 227
144 244
144 245
145 150
145 157
145 180
145 195
145 203
145 219
145 223
145 228
145 231
145 245
146 147
146 148
146 154
146 155
146 158
146 183
146 204
146 223
146 228
146 232
146 238
147 151
147 154
147 159
147 173
147 200
147 237
148 155
148 156
148 182
148 202
148 238
148 242
148 248
149 155
149 166
149 174
149 196
149 206
149 207
149 218
149 220
149 238
149 245
150 152
150 161
150 169
150 200
150 202
150 203
150 205
150 229
150 242
151 153
151 162
151 177
151 196
151 203
151 221
151 223
151 228
152 154
152 160
152 164
152 173
152 177
152 191
152 196
152 202
152 204
152 207
152 220
152 232
152 244
152 245
153 157
153 159
153 173
153 185
153 201
153 213
153 230
153 247
154 208
154 212
154 214
155 157
155 170
155 178
155 187
155 189
155 241
155 248
156 161
156 164
156 174
156 200
156 201
156 215
156 235
156 242
156 244
157 166
157 194
157 199
157 201
157 235
157 239
157 248
158 220
158 224
158 227
158 232
158 233
158 246
158 247
159 171
159 193
159 214
159 228
160 162
160 187
160 192
160 226
160 227
160 236
160 239
161 177
161 180
161 183
161 199
161 203
161 206
161 207
161 224
161 236
161 243
162 167
162 181
162 183
162 193
162 212
162 214
162 215
162 231
162 232
162 240
162 249
163 164
163 178
163 207
163 215
163 219
163 229
163 234
164 182
164 219
164 226
164 242
165 175
165 185
165 188
165 209
166 203
166 218
166 220
166 239
166 245
166 249
167 177
167 190
167 206
167 218
167 236
167 245
167 248
168 200
168 204
168 212
168 213
168 240
169 175
169 188
169 210
169 215
169 227
169 229
169 233
169 238
169 241
170 177
170 181
170 190
170 193
170 197
170 211
170 212
170 233
170 235
171 211
171 243
172 181
172 184
172 196
172 204
172 223
172 228
172 229
172 239
173 199
173 221
173 223
174 175
174 178
174 197
174 202
174 203
174 225
175 186
175 219
175 230
175 233
175 234
176 186
176 194
176 209
176 212
176 215
177 189
177 190
177 208
177 211
177 216
177 232
177 239
177 245
178 180
178 195
178 202
178 223
178 228
178 234
179 182
179 203
179 209
179 242
180 181
180 197
180 202
180 235
180 248
181 186
181 201
181 214
181 216
181 224
181 238
181 243
182 192
182 212
182 220
182 229
183 187
183 195
183 216
183 230
183 242
183 243
184 188
184 189
184 198
184 205
184 214
184 231
185 189
185 193
185 222
185 223
186 189
186 193
186 205
186 206
186 219
186 226
186 237
186 244
187 219
187 225
187 242
187 248
188 189
188 224
188 246
189 203
189 227
189 246
190 191
190 192
190 206
190 222
190 237
191 199
191 203
191 214
191 220
192 199
192 202
192 230
193 199
193 215
193 231
194 200
194 207
194 228
194 246
195 213
195 221
195 233
196 204
196 216
196 248
197 222
197 232
198 199
198 215
198 233
198 239
198 244
199 201
199 209
199 218
199 219
199 222
200 209
200 243
200 244
200 246
200 248
201 215
201 232
201 236
202 203
202 219
202 227
202 238
202 239
202 240
203 207
203 211
203 239
204 217
205 230
205 242
205 243
206 207
206 214
206 224
206 244
207 220
207 225
208 209
208 221
209 242
209 246
209 247
210 231
210 236
210 246
210 249
211 228
211 241
211 243
212 232
212 240
213 238
214 216
214 224
214 225
214 241
215 228
215 236
216 232
216 233
216 241
216 247
217 226
217 241
219 223
219 227
219 245
219 247
220 226
220 243
220 244
220 245
221 228
222 224
222 229
222 240
223 230
223 248
224 233
225 227
226 231
226 249
228 235
229 237
229 246
229 247
230 243
231 248
232 235
232 246
233 235
233 242
234 238
234 247
235 237
236 244
236 248
237 244
238 242
239 244
240 244
242 243
243 245
243 249
245 248
245 249
