0 10
0 20
0 21
0 32
0 39
0 41
0 45
0 51
0 56
0 111
0 134
0 149
0 160
0 201
0 226
1 14
1 36
1 43
1 45
1 57
1 61
1 85
1 108
1 120
1 121
1 127
1 131
1 154
1 163
1 175
1 182
1 204
1 230
1 237
1 241
1 249
2 70
2 120
2 132
2 134
2 147
2 150
2 151
2 168
2 171
2 176
2 214
2 229
3 14
3 28
3 51
3 53
3 58
3 62
3 83
3 104
3 117
3 121
3 133
3 155
3 161
3 163
3 178
3 187
3 245
4 5
4 20
4 30
4 32
4 69
4 72
4 73
4 81
4 116
4 119
4 135
4 137
4 138
4 171
4 177
4 179
4 193
4 199
4 200
4 202
4 211
4 214
4 238
4 240
5 29
5 36
5 37
5 64
5 78
5 79
5 84
5 85
5 94
5 95
5 96
5 104
5 110
5 112
5 133
5 167
5 189
5 190
5 198
5 210
5 214
5 242
6 17
6 29
6 43
6 53
6 97
6 110
6 114
6 128
6 132
6 144
6 175
6 177
6 195
6 216
6 232
6 246
7 8
7 17
7 26
7 27
7 51
7 65
7 97
7 111
7 149
7 151
7 154
7 163
7 173
7 175
7 207
7 211
7 216
7 222
7 226
7 231
7 249
8 10
8 15
8 39
8 48
8 51
8 56
8 64
8 72
8 106
8 107
8 148
8 149
8 178
8 184
8 185
8 206
8 209
8 217
8 220
8 233
8 236
9 24
9 34
9 37
9 41
9 44
9 56
9 57
9 68
9 79
9 93
9 99
9 101
9 111
9 139
9 157
9 170
9 183
9 200
9 219
9 236
10 13
10 36
10 44
10 50
10 54
10 57
10 91
10 99
10 102
10 107
10 116
10 136
10 143
10 147
10 148
10 169
10 178
10 179
10 189
10 191
10 192
10 198
10 215
10 236
10 245
11 40
11 50
11 67
11 78
11 117
11 119
11 125
11 128
11 131
11 133
11 168
11 184
11 186
11 194
11 215
11 217
11 218
11 219
11 229
11 234
11 240
11 241
12 17
12 53
12 60
12 62
12 63
12 92
12 107
12 122
12 133
12 147
12 150
12 154
12 163
12 170
12 172
12 198
12 211
12 220
12 236
12 248
13 40
13 42
13 76
13 93
13 99
13 108
13 125
13 128
13 133
13 144
13 148
13 159
13 183
13 189
13 224
13 231
13 248
13 249
14 15
14 47
14 49
14 55
14 57
14 65
14 73
14 75
14 93
14 109
14 131
14 135
14 140
14 198
14 199
14 202
14 203
14 213
14 214
14 215
14 220
14 222
15 35
15 43
15 44
15 48
15 58
15 61
15 73
15 79
15 88
15 92
15 98
15 102
15 134
15 135
15 146
15 153
15 154
15 165
15 241
15 247
15 249
16 32
16 42
16 48
16 83
16 112
16 133
16 193
16 201
16 227
16 235
16 246
16 249
17 38
17 77
17 81
17 92
17 97
17 98
17 107
17 124
17 144
17 152
17 222
17 245
17 249
18 23
18 25
18 34
18 64
18 69
18 76
18 86
18 93
18 133
18 141
18 153
18 156
18 207
18 211
18 227
18 241
18 248
19 21
19 44
19 59
19 61
19 64
19 65
19 66
19 87
19 96
19 101
19 139
19 142
19 144
19 156
19 160
19 168
19 177
19 206
19 212
19 221
20 30
20 32
20 59
20 65
20 68
20 81
20 83
20 114
20 123
20 126
20 132
20 140
20 149
20 181
20 196
20 213
20 218
20 219
20 231
20 243
21 23
21 30
21 33
21 66
21 69
21 72
21 87
21 113
21 119
21 124
21 146
21 152
21 178
21 187
21 191
21 227
21 240
22 33
22 44
22 46
22 59
22 76
22 80
22 88
22 89
22 93
22 95
22 122
22 124
22 127
22 134
22 143
22 145
22 156
22 163
22 165
22 184
22 193
22 211
22 212
22 222
22 231
22 246
23 49
23 83
23 137
23 145
23 173
23 179
23 204
23 207
23 210
23 238
23 245
23 248
24 79
24 87
24 100
24 115
24 123
24 128
24 154
24 169
24 181
24 189
24 194
24 209
24 222
24 239
25 40
25 67
25 72
25 87
25 101
25 118
25 128
25 132
25 141
25 158
25 163
25 173
25 174
25 187
25 195
26 35
26 39
26 44
26 49
26 50
26 54
26 56
26 73
26 86
26 103
26 111
26 137
26 140
26 143
26 148
26 164
26 188
26 194
26 195
26 247
27 36
27 39
27 44
27 46
27 51
27 54
27 63
27 65
27 91
27 96
27 130
27 135
27 151
27 176
27 185
27 195
27 202
27 204
27 209
27 229
27 241
28 40
28 56
28 71
28 75
28 95
28 112
28 144
28 160
28 175
28 215
29 55
29 62
29 66
29 69
29 90
29 92
29 132
29 149
29 189
29 193
29 203
29 238
30 40
30 41
30 48
30 54
30 64
30 65
30 96
30 99
30 152
30 153
30 157
30 166
30 185
30 189
30 225
30 238
30 248
31 67
31 70
31 120
31 123
31 128
31 138
31 145
31 162
31 178
31 218
31 220
31 225
31 232
31 247
32 54
32 56
32 57
32 58
32 79
32 82
32 94
32 98
32 101
32 110
32 116
32 136
32 152
32 181
32 201
32 203
32 206
32 213
32 216
32 236
33 62
33 80
33 81
33 89
33 95
33 111
33 139
33 160
33 172
33 183
33 187
33 193
33 201
33 212
33 226
33 233
33 242
34 49
34 89
34 103
34 110
34 113
34 114
34 128
34 134
34 146
34 148
34 178
34 185
34 192
34 205
34 209
34 211
34 212
34 243
35 42
35 52
35 56
35 59
35 70
35 77
35 86
35 90
35 91
35 107
35 144
35 174
35 182
35 189
35 201
35 207
35 225
35 226
35 231
35 235
35 236
36 68
36 73
36 87
36 96
36 113
36 115
36 121
36 128
36 146
36 168
36 180
36 189
36 194
36 208
36 217
36 242
36 245
36 247
36 248
36 249
37 41
37 46
37 50
37 70
37 72
37 77
37 89
37 126
37 142
37 162
37 164
37 169
37 176
37 205
37 208
37 209
37 221
37 246
38 43
38 49
38 54
38 66
38 74
38 75
38 78
38 119
38 120
38 121
38 124
38 125
38 135
38 139
38 158
38 174
38 201
38 209
38 218
38 222
38 236
39 49
39 63
39 80
39 89
39 102
39 119
39 148
39 153
39 177
39 178
39 186
39 204
39 213
39 214
39 229
39 232
39 237
39 238
40 46
40 48
40 59
40 61
40 85
40 87
40 89
40 100
40 106
40 114
40 122
40 144
40 151
40 169
40 190
40 214
40 218
40 222
40 239
41 49
41 67
41 69
41 72
41 77
41 96
41 108
41 109
41 118
41 123
41 124
41 139
41 157
41 161
41 163
41 177
41 182
41 190
41 214
41 217
41 230
41 234
41 244
42 64
42 66
42 74
42 76
42 105
42 135
42 146
42 208
42 223
42 226
42 230
42 243
43 80
43 88
43 102
43 116
43 120
43 131
43 148
43 149
43 154
43 160
43 163
43 165
43 171
43 192
43 198
43 214
43 218
43 241
43 245
44 83
44 85
44 87
44 96
44 98
44 99
44 123
44 177
44 189
44 199
44 239
44 242
45 51
45 70
45 76
45 84
45 94
45 97
45 106
45 109
45 127
45 155
45 167
45 181
45 187
45 208
45 227
45 238
45 245
46 47
46 50
46 52
46 66
46 74
46 78
46 81
46 118
46 121
46 123
46 128
46 161
46 175
46 177
46 183
46 196
46 208
46 218
47 56
47 109
47 110
47 119
47 123
47 135
47 167
47 177
47 189
47 192
47 239
48 55
48 112
48 128
48 137
48 138
48 140
48 142
48 143
48 148
48 169
48 172
48 182
48 204
48 209
48 216
48 221
48 240
48 245
49 62
49 76
49 81
49 94
49 104
49 106
49 109
49 115
49 119
49 131
49 171
49 175
49 180
49 205
49 229
49 235
49 239
50 56
50 81
50 102
50 107
50 110
50 130
50 131
50 144
50 152
50 153
50 155
50 159
50 161
50 162
50 167
50 210
50 216
50 230
51 60
51 63
51 70
51 73
51 75
51 82
51 93
51 94
51 95
51 100
51 102
51 108
51 142
51 161
51 164
51 168
51 175
51 186
51 218
51 234
51 238
51 242
52 55
52 61
52 67
52 72
52 91
52 100
52 122
52 126
52 129
52 151
52 157
52 182
52 188
52 212
52 220
52 223
52 229
52 244
52 247
53 54
53 69
53 99
53 103
53 108
53 111
53 121
53 123
53 145
53 150
53 159
53 160
53 195
53 207
53 216
53 224
53 229
54 55
54 58
54 78
54 108
54 112
54 115
54 116
54 134
54 149
54 157
54 164
54 174
54 178
54 201
54 205
54 210
54 230
54 233
55 79
55 82
55 85
55 87
55 94
55 99
55 109
55 136
55 141
55 144
55 153
55 160
55 161
55 173
55 198
55 210
55 231
56 73
56 76
56 80
56 94
56 108
56 111
56 117
56 132
56 178
56 202
56 211
56 213
56 215
56 231
56 234
56 243
57 84
57 93
57 128
57 185
57 186
57 192
57 217
57 234
58 90
58 102
58 121
58 134
58 144
58 157
58 169
58 189
58 205
58 211
58 219
58 222
58 231
58 237
58 238
59 71
59 79
59 82
59 83
59 115
59 131
59 147
59 173
59 181
59 187
59 194
59 196
59 225
60 78
60 91
60 108
60 114
60 122
60 143
60 152
60 161
60 188
60 189
60 194
60 197
60 207
60 225
61 100
61 129
61 135
61 146
61 150
61 151
61 156
61 165
61 182
61 205
61 208
61 210
61 213
61 214
61 217
61 248
62 69
62 77
62 119
62 162
62 180
62 194
62 209
62 231
62 234
62 247
63 115
63 122
63 127
63 146
63 171
63 178
63 181
63 193
63 201
63 205
63 214
63 229
63 232
63 249
64 124
64 133
64 145
64 146
64 199
64 233
64 244
65 78
65 81
65 94
65 126
65 131
65 137
65 141
65 147
65 151
65 173
65 197
65 211
65 223
65 232
65 238
65 243
66 67
66 75
66 79
66 94
66 98
66 111
66 124
66 173
66 184
66 217
66 240
66 241
66 244
66 245
66 247
67 76
67 85
67 93
67 116
67 118
67 122
67 132
67 133
67 139
67 145
67 162
67 200
67 227
67 240
68 73
68 90
68 108
68 115
68 137
68 155
68 166
68 197
68 201
68 223
68 231
68 235
69 75
69 76
69 84
69 91
69 103
69 105
69 134
69 145
69 147
69 178
69 188
69 198
69 232
70 120
70 135
70 138
70 149
70 159
70 162
70 181
70 204
70 217
70 229
70 236
71 73
71 80
71 98
71 100
71 118
71 128
71 141
71 144
71 197
71 215
71 223
71 225
71 228
71 243
71 249
72 77
72 80
72 86
72 87
72 89
72 109
72 114
72 122
72 130
72 166
72 179
72 191
72 219
72 237
72 243
73 80
73 92
73 101
73 110
73 114
73 142
73 150
73 153
73 167
73 183
73 213
73 214
73 248
74 111
74 139
74 206
74 211
74 217
74 229
74 241
75 83
75 97
75 124
75 129
75 150
75 167
75 170
75 183
75 187
75 191
75 199
75 208
75 220
75 222
75 240
76 80
76 81
76 85
76 98
76 102
76 107
76 126
76 129
76 143
76 148
76 166
76 190
76 198
76 204
76 209
76 214
76 226
76 227
76 237
77 87
77 108
77 130
77 161
77 176
77 187
77 195
77 203
77 205
77 207
77 231
78 88
78 93
78 100
78 161
78 224
78 226
78 238
78 246
79 81
79 88
79 108
79 111
79 158
79 200
79 221
80 126
80 142
80 162
80 183
80 195
80 240
81 87
81 88
81 92
81 161
81 179
81 204
81 207
81 211
81 224
81 234
81 238
81 243
81 244
82 92
82 109
82 112
82 125
82 162
82 164
82 171
82 190
82 195
82 215
82 231
82 246
83 84
83 109
83 148
83 150
83 162
83 165
83 182
83 186
83 196
83 198
83 201
83 203
83 207
83 228
83 240
83 242
84 86
84 90
84 93
84 97
84 105
84 151
84 190
84 204
84 214
84 236
85 107
85 114
85 117
85 178
85 194
85 197
85 216
85 220
85 226
85 233
85 241
86 100
86 104
86 105
86 108
86 114
86 127
86 132
86 133
86 135
86 137
86 141
86 196
86 207
86 211
86 215
86 223
86 230
86 233
86 248
87 101
87 104
87 116
87 120
87 122
87 125
87 130
87 141
87 145
87 146
87 147
87 171
87 173
87 196
87 206
87 216
87 226
87 239
87 245
88 138
88 158
88 160
88 190
88 209
88 229
88 230
88 248
89 108
89 112
89 148
89 193
89 210
89 213
89 220
89 223
89 237
89 248
90 91
90 106
90 129
90 130
90 135
90 153
90 155
90 156
90 157
90 169
90 176
90 178
90 179
90 200
90 208
90 230
90 245
90 249
91 102
91 104
91 114
91 148
91 168
91 174
91 178
91 187
91 238
92 104
92 109
92 111
92 120
92 134
92 144
92 157
92 187
92 200
92 227
92 236
92 240
93 122
93 128
93 129
93 145
93 159
93 161
93 164
93 168
93 177
93 225
93 235
93 236
93 246
94 110
94 117
94 133
94 139
94 142
94 143
94 164
94 174
94 176
94 180
94 181
94 182
94 184
94 224
94 234
94 242
95 105
95 106
95 118
95 127
95 136
95 160
95 161
95 200
95 223
95 239
95 245
96 118
96 127
96 157
96 171
96 187
96 200
96 212
96 218
96 239
96 240
97 99
97 132
97 141
97 172
97 177
97 178
97 183
97 188
97 196
97 204
97 222
97 225
97 227
97 231
97 239
97 248
98 108
98 124
98 127
98 138
98 170
98 185
98 192
98 202
98 203
98 226
98 233
98 240
98 244
98 248
99 113
99 129
99 139
99 151
99 165
99 169
99 183
99 194
99 222
99 235
100 108
100 112
100 120
100 142
100 149
100 153
100 160
100 170
100 193
100 202
100 213
100 222
100 226
100 229
100 242
101 140
101 152
101 159
101 172
101 177
101 178
101 229
101 240
101 249
102 111
102 112
102 118
102 136
102 164
102 184
102 185
102 186
102 187
102 188
102 192
102 227
102 228
102 229
102 231
102 238
103 115
103 119
103 130
103 144
103 145
103 161
103 182
103 191
103 205
103 210
103 218
103 237
103 240
104 108
104 124
104 134
104 138
104 150
104 157
104 165
104 170
104 190
104 197
104 201
104 211
104 219
104 223
104 243
105 113
105 124
105 154
105 156
105 187
105 197
105 199
105 202
105 210
105 237
106 109
106 110
106 113
106 127
106 136
106 144
106 148
106 187
106 208
106 223
106 239
107 116
107 127
107 142
107 169
107 182
107 214
107 237
107 238
107 239
108 110
108 131
108 140
108 145
108 149
108 192
108 195
108 201
108 227
108 240
109 136
109 137
109 155
109 169
109 173
109 183
109 186
109 236
109 239
109 244
109 247
110 121
110 123
110 135
110 137
110 144
110 156
110 159
110 169
110 174
110 179
110 199
110 221
110 238
110 240
110 241
111 136
111 141
111 144
111 147
111 148
111 157
111 162
111 206
111 210
111 232
111 235
112 151
112 170
112 190
112 195
112 197
112 205
112 211
112 215
112 219
112 222
112 242
113 115
113 129
113 131
113 135
113 155
113 158
113 161
113 185
113 195
113 210
113 224
113 229
113 238
113 241
114 115
114 117
114 130
114 159
114 169
114 179
114 180
114 183
114 186
114 196
114 226
114 231
114 234
115 127
115 174
115 178
115 189
115 195
115 221
115 225
115 239
115 240
116 118
116 124
116 127
116 134
116 144
116 150
116 165
116 181
116 198
116 202
116 204
116 206
116 216
116 218
116 220
116 227
116 236
117 129
117 138
117 154
117 215
117 228
117 247
118 134
118 139
118 140
118 159
118 167
118 168
118 172
118 182
118 187
118 215
118 224
118 225
118 245
119 126
119 138
119 139
119 153
119 169
119 221
119 226
119 240
120 127
120 132
120 133
120 139
120 147
120 153
120 159
120 160
120 179
120 182
120 184
120 194
120 203
120 211
120 212
120 232
120 233
120 240
120 242
120 249
121 127
121 143
121 144
121 167
121 192
121 210
121 212
121 228
121 234
122 165
122 171
122 178
122 184
122 185
122 190
122 203
122 216
122 222
122 235
122 244
123 124
123 128
123 134
123 145
123 150
123 154
123 163
123 165
123 168
123 193
123 204
123 234
123 236
123 243
124 148
124 164
124 165
124 169
124 185
124 215
124 216
124 248
125 149
125 160
125 171
125 202
125 218
125 219
125 221
125 230
125 232
126 133
126 169
126 177
126 186
126 205
126 216
126 226
126 248
127 143
127 145
127 148
127 151
127 164
127 165
127 167
127 168
127 171
127 172
127 179
127 186
127 212
127 214
127 219
127 235
127 236
127 238
128 147
128 155
128 176
128 177
128 199
128 200
128 201
128 219
128 245
128 248
129 134
129 150
129 152
129 183
129 188
129 190
129 200
129 201
129 208
129 216
129 222
129 225
130 135
130 143
130 153
130 208
130 211
130 227
130 229
130 230
130 235
130 237
130 242
131 136
131 141
131 143
131 148
131 192
131 220
131 227
132 138
132 141
132 170
132 171
132 177
132 178
132 222
132 232
132 240
133 170
133 175
133 186
133 187
133 193
133 197
133 210
133 212
133 229
133 241
133 243
133 249
134 142
134 150
134 155
134 174
134 184
134 185
134 190
134 208
134 215
134 229
134 238
135 145
135 153
135 164
135 165
135 167
135 173
135 174
135 187
135 229
136 204
136 239
136 244
137 141
137 144
137 146
137 167
137 170
137 181
137 190
137 197
137 204
137 225
137 226
137 235
137 242
137 246
138 150
138 175
138 185
138 218
138 236
139 142
139 166
139 178
139 189
139 190
139 193
139 200
139 211
139 230
140 176
140 205
140 214
140 225
140 238
141 150
141 154
141 162
141 167
141 169
141 180
141 181
141 182
141 188
141 216
141 232
142 146
142 158
142 172
142 175
142 179
142 181
142 198
142 231
142 236
142 249
143 149
143 150
143 170
143 175
143 177
143 199
143 204
143 206
143 211
143 217
144 152
144 172
144 179
144 193
144 208
144 224
144 233
144 238
144 246
145 159
145 162
145 183
145 185
145 186
145 187
145 188
145 221
145 222
145 233
145 238
146 153
146 155
146 166
146 175
146 202
146 208
146 220
146 227
147 172
147 200
147 211
147 214
147 223
148 153
148 160
148 169
148 196
148 230
148 231
149 155
149 163
149 175
149 186
149 217
149 237
149 238
149 240
150 151
150 153
150 160
150 194
150 233
151 175
151 177
151 188
151 191
151 203
151 205
151 208
151 210
151 247
152 155
152 161
152 206
152 209
152 211
152 219
153 160
153 176
153 188
153 198
153 199
153 203
153 218
154 189
154 196
154 211
154 217
154 230
154 239
156 166
156 168
156 176
156 178
156 184
156 187
156 195
156 212
156 224
156 228
156 232
157 170
157 192
157 246
158 232
158 233
159 172
159 177
159 188
159 192
159 204
159 207
159 215
159 243
159 249
160 196
160 205
160 234
160 248
161 164
161 169
161 174
161 189
161 224
161 235
161 240
162 165
162 168
162 192
162 197
162 220
162 226
162 231
162 232
163 171
163 179
163 180
163 191
163 209
163 214
164 195
164 214
164 216
165 180
165 183
165 192
165 234
165 238
165 244
166 187
166 201
166 205
166 218
166 234
167 168
167 191
167 196
167 210
167 222
167 226
167 242
168 178
168 197
168 199
168 200
168 209
168 211
168 213
168 242
168 246
168 248
169 195
169 204
169 207
169 211
169 223
169 226
169 228
170 198
170 219
171 174
171 182
171 222
172 180
172 198
172 205
172 244
172 249
173 193
173 210
173 218
173 222
173 229
174 193
174 206
174 216
174 244
175 179
175 221
175 238
175 245
176 177
176 201
176 203
176 234
176 246
177 181
177 203
177 210
177 214
177 215
177 222
177 225
178 181
178 218
178 226
178 234
178 248
179 185
179 186
179 187
179 196
179 201
179 205
179 207
179 217
179 232
179 245
180 186
180 198
180 200
180 212
180 220
180 240
181 191
181 194
181 203
181 204
181 209
181 224
181 228
181 241
181 249
182 186
182 195
182 235
183 185
183 191
183 193
183 194
183 205
183 218
183 244
184 202
185 201
185 228
185 237
185 245
185 247
186 193
186 194
186 198
186 200
186 209
186 219
186 222
186 226
186 247
187 195
187 202
187 204
187 212
187 224
187 240
188 190
188 196
188 199
188 209
188 215
188 248
188 249
189 202
189 212
189 229
190 200
190 208
190 224
190 249
191 224
191 230
191 242
192 213
192 228
192 236
192 237
192 249
193 214
193 216
193 221
193 232
194 195
194 202
194 208
194 211
194 247
195 237
195 249
196 197
196 236
197 206
197 207
197 218
197 231
198 205
198 217
198 220
199 214
199 221
199 226
200 209
200 241
201 205
201 223
201 227
201 243
201 245
201 246
202 219
202 221
202 229
202 231
202 241
202 244
202 246
202 249
203 231
203 239
204 216
204 225
204 239
205 206
205 210
205 217
205 218
205 225
205 228
205 236
205 240
205 242
206 209
206 223
206 236
207 208
207 236
208 213
208 218
208 226
208 227
208 237
208 249
209 214
209 232
209 235
209 246
210 234
210 249
211 214
211 233
212 228
212 230
212 231
212 232
213 220
213 225
213 227
213 234
213 235
213 238
214 215
214 233
215 225
215 228
215 238
215 246
215 247
215 248
216 222
216 249
217 224
217 226
217 235
217 240
217 242
218 220
219 222
219 229
219 248
219 249
220 227
220 241
220 245
221 230
221 233
221 237
221 244
222 245
223 225
224 242
224 245
225 235
225 241
226 230
226 248
228 242
228 248
229 230
229 243
230 232
230 245
231 235
232 247
234 235
235 236
236 242
236 246
237 242
239 244
240 246
241 242
242 244
242 249
244 249
247 248
