0 20
0 85
0 110
0 140
0 147
0 157
0 208
1 41
1 124
1 154
1 166
1 220
2 88
2 96
2 179
2 238
3 12
3 107
3 151
3 155
3 220
4 64
4 82
4 207
5 15
5 81
5 86
5 107
5 172
5 243
6 25
6 84
6 143
6 146
6 203
7 13
7 45
7 126
7 194
7 238
8 10
8 71
8 141
8 211
8 246
9 56
9 131
9 133
10 48
10 152
10 185
10 205
11 12
12 130
12 199
12 238
13 61
13 162
13 209
14 25
14 237
16 46
16 58
16 117
16 207
17 50
17 121
17 156
18 61
18 75
18 127
18 189
18 213
18 220
18 226
18 237
19 107
19 131
19 192
20 52
20 86
20 134
21 39
21 85
21 127
21 214
22 43
22 171
22 206
22 215
23 40
23 47
23 186
23 195
24 202
24 220
24 239
25 73
25 119
25 185
25 220
26 80
27 82
27 202
28 51
28 245
29 89
29 162
30 89
30 169
30 174
31 123
31 143
32 84
32 113
32 210
32 220
32 248
33 128
33 130
33 140
33 142
33 177
33 193
34 80
34 104
34 125
34 145
34 204
35 67
35 199
35 209
35 241
35 246
36 54
36 63
36 115
36 145
36 220
36 236
37 105
37 152
37 217
38 74
38 89
38 110
38 132
39 45
39 76
39 143
39 168
39 206
39 230
40 129
40 219
41 68
41 104
41 140
42 139
42 162
42 174
42 190
42 192
42 222
43 243
44 95
44 144
44 169
44 214
44 216
45 201
46 120
46 144
46 187
47 100
47 117
47 139
47 140
47 141
47 215
48 49
48 77
48 85
48 141
48 149
48 200
48 225
49 138
49 208
49 215
50 79
50 193
50 203
51 61
51 198
51 205
51 235
53 74
53 117
53 125
54 89
54 139
54 143
54 166
55 131
55 227
55 233
55 248
56 92
56 116
56 189
56 233
57 118
57 148
58 242
59 66
59 130
59 197
59 219
59 233
60 121
60 168
60 207
60 213
60 220
61 103
61 109
61 129
62 160
63 72
63 90
63 215
63 242
64 83
64 157
65 151
66 166
66 191
66 211
66 248
67 137
67 150
67 184
67 210
67 214
67 234
68 106
68 107
70 126
70 215
71 97
71 186
72 106
72 224
73 101
73 119
73 151
73 241
74 222
74 245
75 201
75 227
76 102
77 88
77 125
77 188
77 223
77 229
78 145
78 166
78 169
78 200
79 102
81 131
81 174
81 197
82 107
82 108
82 191
84 85
84 125
84 186
84 204
85 126
85 169
85 185
86 119
86 140
86 201
87 124
87 214
88 89
88 108
88 129
88 135
89 100
89 140
90 116
90 137
90 153
90 188
90 203
91 100
91 194
91 232
92 149
92 158
93 130
93 157
93 184
93 247
94 140
94 160
94 219
94 248
95 219
95 224
95 229
96 141
97 189
99 130
99 175
100 217
101 115
102 111
102 122
104 119
104 204
105 134
105 147
105 176
105 177
106 202
106 237
107 126
107 228
108 136
108 226
109 237
109 238
110 232
110 248
112 128
113 144
113 182
114 167
114 221
115 168
115 245
116 136
116 231
117 139
117 154
117 162
117 166
117 185
117 214
117 217
117 244
118 173
119 137
119 222
119 226
120 162
120 229
120 242
121 196
121 235
122 184
123 125
123 178
124 148
124 160
124 178
124 209
125 171
126 134
126 158
127 182
128 131
129 219
131 199
131 231
132 137
132 160
132 214
133 145
133 238
134 141
134 188
135 150
135 161
135 207
136 146
136 201
136 209
137 148
137 172
137 175
138 225
139 143
140 191
140 230
141 142
142 162
143 157
143 165
144 184
144 243
145 241
146 151
146 194
146 205
147 198
148 209
149 165
150 240
152 217
153 164
153 198
153 227
153 231
154 155
154 163
155 162
155 184
156 221
158 227
159 170
159 176
159 235
160 211
160 223
160 239
161 228
162 243
163 219
163 244
163 247
165 224
165 230
166 171
166 198
168 192
168 209
170 208
171 190
171 194
172 177
172 191
172 207
172 234
174 214
175 215
176 188
177 229
177 246
178 248
179 188
179 202
180 186
180 219
180 233
181 183
181 198
181 202
182 205
182 211
182 217
185 247
187 199
190 228
190 244
191 228
195 202
195 217
198 232
199 217
199 239
200 215
201 223
201 235
202 210
202 223
203 221
203 244
206 227
207 210
207 234
209 223
211 229
212 235
212 246
213 214
213 231
214 228
214 238
215 247
216 226
216 235
218 243
220 225
225 239
226 231
228 249
235 245
