0 10
0 59
0 93
0 132
0 133
0 150
0 156
0 180
0 233
1 166
1 169
1 246
2 17
2 64
2 82
2 95
2 169
2 187
3 31
3 46
3 57
3 62
3 142
3 147
3 155
3 163
3 168
3 180
3 240
4 61
4 83
4 100
4 125
4 137
5 19
5 70
6 55
6 77
6 136
6 144
6 226
6 232
7 31
7 48
7 62
7 78
7 97
7 104
7 138
7 144
7 183
7 196
7 222
7 245
8 95
8 114
8 118
8 132
8 168
9 54
9 123
9 203
9 220
9 223
9 228
10 63
10 205
10 230
11 41
11 176
11 182
11 188
11 240
12 69
12 143
12 147
12 182
12 196
12 221
12 229
12 249
13 88
13 150
13 244
14 37
14 121
14 169
14 230
15 63
15 106
15 117
15 214
15 234
16 29
16 90
16 106
16 116
16 119
16 122
16 212
16 213
17 44
17 115
17 151
17 225
17 242
18 60
18 103
18 173
18 208
18 231
18 242
19 83
19 92
19 170
19 228
19 242
20 68
20 93
20 132
20 239
21 37
21 67
21 81
21 134
21 140
21 155
22 44
22 64
22 142
22 204
23 29
23 166
23 195
23 224
24 31
24 33
24 153
24 186
24 200
25 84
25 123
25 145
25 151
25 191
26 103
26 117
26 124
26 136
26 156
26 219
27 73
27 115
27 122
27 168
27 222
28 62
28 118
28 136
28 159
28 166
28 221
29 102
29 121
29 211
29 244
30 42
30 128
30 170
30 192
30 193
30 239
31 76
31 78
31 80
31 101
31 118
31 128
31 136
31 147
31 198
31 202
32 64
32 86
32 91
32 168
33 142
33 159
34 73
34 121
34 181
34 201
34 221
35 96
35 119
35 191
35 245
36 51
36 145
36 148
37 54
37 91
37 96
37 103
37 234
38 60
38 107
38 162
38 176
38 232
39 40
39 103
39 109
39 113
39 164
39 196
39 215
39 218
39 235
40 99
40 123
40 128
40 140
40 148
40 187
40 215
40 224
41 81
41 149
41 154
41 171
41 201
41 205
41 214
42 62
42 76
42 171
42 202
42 238
43 63
43 71
43 96
43 109
43 154
43 159
43 161
43 179
43 187
44 60
44 62
44 104
44 114
44 115
44 123
44 133
44 150
44 166
44 186
44 221
45 51
45 143
45 147
45 162
45 190
46 191
47 64
47 128
47 149
47 153
47 182
47 235
48 226
49 69
49 90
49 129
49 176
50 100
50 128
50 129
51 112
51 142
51 146
51 155
51 188
51 248
52 57
52 71
52 76
52 91
52 108
52 118
52 170
52 187
53 55
53 68
53 83
53 102
53 198
54 95
54 101
54 104
54 126
54 129
54 132
55 83
55 93
55 107
55 145
56 59
56 74
56 92
56 97
56 112
56 158
57 117
57 127
57 146
57 169
57 215
58 73
58 135
58 181
59 89
59 142
59 160
59 164
59 169
59 228
60 87
60 139
60 194
60 223
61 122
61 126
61 163
62 130
63 112
63 127
63 203
63 224
63 227
63 231
63 245
64 112
64 124
64 152
64 208
65 68
65 159
65 171
65 200
65 228
65 230
65 241
66 102
66 105
66 115
66 126
66 171
66 224
66 235
67 77
67 100
67 137
67 158
67 171
67 236
67 241
68 82
68 116
68 127
68 158
68 188
69 78
69 79
69 82
69 147
69 202
69 219
69 238
70 71
70 120
70 208
71 76
71 124
71 139
71 200
71 237
71 238
72 88
72 182
72 215
73 99
73 102
74 79
74 96
74 134
75 131
75 232
76 104
76 119
76 209
76 224
76 245
77 100
77 110
77 142
77 209
78 146
78 210
78 221
78 225
78 236
78 238
78 241
79 161
79 174
79 197
80 207
80 239
81 84
81 145
81 148
82 118
82 149
82 171
82 238
83 131
84 104
84 151
84 214
84 217
84 239
85 197
86 148
86 163
87 89
87 145
87 157
87 199
87 211
87 228
87 249
88 221
89 173
89 178
89 227
89 234
89 245
90 120
90 138
90 151
90 184
90 208
90 210
90 215
90 238
91 149
91 208
91 212
91 226
91 248
92 181
92 187
92 195
92 209
93 153
93 166
93 176
93 204
94 137
94 167
94 172
94 193
94 205
94 213
95 140
95 160
95 172
96 127
96 138
96 148
96 191
96 199
97 106
97 197
97 233
98 228
99 208
100 127
100 179
101 124
101 139
101 146
102 104
102 186
102 233
103 105
103 107
103 138
103 236
104 133
104 179
104 211
104 213
105 143
105 147
105 190
105 209
105 230
105 236
106 116
106 176
106 181
106 189
106 217
106 226
107 139
107 198
107 237
108 136
109 143
109 152
109 157
109 193
109 200
110 149
110 188
110 213
111 233
111 234
112 161
112 183
112 208
112 239
113 167
113 169
113 172
114 172
115 121
115 135
115 182
115 213
116 120
116 151
116 199
116 236
117 151
117 174
117 213
118 175
119 131
119 154
119 181
119 216
119 220
121 235
122 123
122 133
122 202
123 148
123 239
123 245
124 178
124 184
124 210
124 221
125 159
125 190
126 207
127 145
127 162
127 172
128 134
128 141
128 164
128 167
128 168
128 216
128 232
129 150
129 163
129 169
129 236
129 249
130 150
130 199
131 232
131 242
132 195
132 197
133 166
133 239
135 172
135 175
135 184
135 247
136 191
136 201
137 144
137 182
137 188
138 225
138 227
138 232
139 150
139 162
139 204
139 230
140 216
141 149
141 150
141 240
142 148
142 153
142 177
142 222
143 172
144 159
144 189
144 209
145 195
145 242
146 166
146 175
146 240
147 185
148 172
148 201
149 221
149 222
149 242
150 164
150 193
150 212
150 225
151 188
151 212
152 176
152 195
152 211
153 159
153 196
153 202
154 164
155 186
155 221
156 161
156 206
157 184
157 192
157 222
157 228
158 219
159 162
159 171
159 178
159 193
159 246
160 166
160 187
160 222
160 233
161 163
161 207
161 217
161 237
163 167
163 173
164 177
165 222
166 203
166 249
167 184
167 219
167 224
167 228
167 232
168 181
170 181
172 179
173 201
173 230
174 180
174 186
174 245
175 198
175 233
176 235
178 182
179 182
180 235
181 201
181 202
181 230
183 192
183 200
184 227
185 208
185 233
187 229
188 201
188 222
189 221
189 238
190 222
190 229
190 235
190 237
191 194
191 207
191 219
192 199
192 205
193 203
194 208
194 222
195 197
195 231
195 245
199 244
200 243
202 229
204 220
206 212
206 223
206 234
206 246
210 214
210 216
212 215
212 224
213 216
214 218
214 232
215 249
216 228
216 245
217 229
217 235
218 233
218 243
218 247
221 246
222 225
222 237
226 244
227 231
232 246
234 235
234 238
243 246
245 249
