0 29
0 41
0 43
0 58
0 81
0 107
0 116
0 129
0 151
0 157
0 170
0 175
0 176
0 225
1 9
1 24
1 42
1 54
1 81
1 92
1 132
1 136
1 142
1 161
1 188
1 191
1 241
2 7
2 13
2 18
2 27
2 55
2 66
2 88
2 93
2 96
2 118
2 147
2 165
2 184
2 208
2 239
3 4
3 25
3 34
3 55
3 59
3 75
3 82
3 139
3 176
3 193
4 9
4 27
4 41
4 48
4 109
4 111
4 122
4 134
4 143
4 147
4 209
4 212
4 218
5 25
5 33
5 35
5 37
5 43
5 68
5 78
5 96
5 103
5 137
5 162
5 182
5 205
5 206
5 225
5 233
6 13
6 16
6 34
6 41
6 62
6 72
6 114
6 139
6 152
6 155
6 186
6 210
6 243
7 12
7 17
7 45
7 103
7 122
7 170
7 196
7 204
8 16
8 17
8 72
8 77
8 93
8 107
8 110
8 111
8 122
8 144
8 146
8 185
8 204
8 215
8 227
9 17
9 24
9 33
9 94
9 97
9 104
9 141
9 151
9 187
9 230
9 244
10 38
10 42
10 57
10 60
10 72
10 79
10 87
10 102
10 115
10 118
10 122
10 137
10 185
10 203
10 219
10 224
10 229
10 239
10 244
11 22
11 54
11 94
11 110
11 111
11 148
11 165
11 187
11 188
11 210
11 236
11 241
12 54
12 56
12 67
12 111
12 116
12 117
12 127
12 134
12 147
12 178
12 182
12 187
12 188
12 206
12 214
12 220
12 223
13 20
13 24
13 51
13 65
13 68
13 72
13 108
13 121
13 122
13 129
13 139
13 143
13 169
13 188
13 245
14 32
14 56
14 72
14 73
14 90
14 92
14 102
14 131
14 149
14 159
14 175
14 178
14 208
14 214
15 19
15 56
15 100
15 116
15 118
15 130
15 138
15 179
15 199
15 203
15 223
15 243
15 244
15 247
16 23
16 35
16 40
16 67
16 86
16 96
16 105
16 116
16 131
16 163
16 175
16 217
17 24
17 29
17 42
17 88
17 115
17 135
17 158
17 164
17 173
17 179
17 205
17 207
17 209
17 212
17 240
18 75
18 77
18 90
18 92
18 105
18 111
18 152
18 156
18 186
18 189
18 214
18 224
19 23
19 51
19 60
19 105
19 112
19 138
19 153
19 156
19 185
19 187
19 219
19 231
19 234
20 28
20 29
20 36
20 52
20 90
20 94
20 116
20 133
20 163
20 172
20 192
20 248
21 41
21 57
21 66
21 73
21 107
21 183
21 201
21 212
21 228
21 248
22 35
22 36
22 87
22 92
22 149
22 157
22 170
22 194
22 232
22 234
22 244
22 249
23 41
23 49
23 61
23 67
23 77
23 111
23 116
23 126
23 153
23 222
23 225
24 45
24 54
24 64
24 66
24 91
24 99
24 104
24 131
24 136
24 164
24 171
24 190
24 210
24 243
25 28
25 44
25 83
25 89
25 94
25 129
25 143
25 164
25 183
25 222
26 30
26 33
26 46
26 64
26 65
26 118
26 122
26 139
26 173
26 184
26 189
26 204
27 35
27 51
27 77
27 91
27 137
27 154
27 173
27 175
27 180
27 197
27 206
27 211
27 214
27 246
28 43
28 122
28 126
28 150
28 151
28 162
28 169
28 172
28 186
28 189
28 214
28 246
28 248
29 43
29 50
29 53
29 124
29 220
29 239
29 243
30 32
30 42
30 45
30 57
30 59
30 66
30 72
30 102
30 119
30 121
30 122
30 126
30 161
30 193
30 207
31 70
31 77
31 80
31 102
31 112
31 113
31 136
31 140
31 160
31 161
31 220
31 245
31 248
31 249
32 73
32 89
32 105
32 127
32 135
32 137
32 139
32 177
32 186
32 195
32 199
32 202
32 204
32 212
32 232
32 241
33 37
33 64
33 81
33 124
33 136
33 151
33 173
33 176
33 179
33 194
33 213
33 218
33 221
33 233
34 44
34 72
34 117
34 133
34 150
34 157
34 168
34 181
34 202
34 204
34 206
34 215
34 222
35 69
35 90
35 107
35 109
35 114
35 135
35 150
35 165
35 168
35 186
35 239
35 243
36 46
36 99
36 105
36 106
36 139
36 143
36 144
36 162
36 200
36 203
37 70
37 72
37 88
37 100
37 109
37 110
37 196
37 207
37 223
37 230
37 246
38 70
38 71
38 76
38 97
38 102
38 115
38 123
38 145
38 153
38 175
38 183
38 209
38 248
39 42
39 54
39 63
39 104
39 129
39 163
39 164
39 165
39 180
39 192
39 203
40 53
40 89
40 95
40 113
40 124
40 174
40 212
40 244
41 44
41 52
41 53
41 61
41 73
41 88
41 102
41 145
41 167
41 179
41 183
41 187
41 194
41 211
41 219
41 221
41 225
41 231
42 43
42 69
42 94
42 110
42 115
42 123
42 159
42 205
42 214
42 227
42 247
43 76
43 104
43 164
43 189
43 192
43 196
43 199
43 204
43 208
43 213
43 231
43 249
44 45
44 63
44 67
44 80
44 81
44 106
44 125
44 170
44 181
44 184
44 212
44 215
44 223
45 61
45 62
45 94
45 113
45 133
45 148
45 154
45 170
45 184
45 212
45 214
45 223
46 74
46 79
46 80
46 106
46 119
46 145
46 146
46 152
46 154
46 158
46 217
46 229
47 61
47 68
47 75
47 82
47 97
47 102
47 107
47 114
47 115
47 123
47 154
47 159
47 192
47 199
47 206
47 216
47 221
47 224
47 246
48 95
48 104
48 149
48 159
48 172
48 188
48 192
48 200
48 235
49 61
49 101
49 138
49 144
49 155
49 177
49 223
50 55
50 67
50 86
50 100
50 103
50 138
50 149
50 157
50 184
50 228
51 57
51 86
51 89
51 107
51 123
51 133
51 143
51 170
51 183
51 230
51 248
52 92
52 124
52 133
52 136
52 137
52 164
52 176
52 208
52 223
52 232
52 248
53 57
53 71
53 74
53 110
53 129
53 146
53 171
53 174
53 177
53 212
53 231
53 245
54 57
54 75
54 107
54 114
54 148
54 164
54 174
54 181
54 187
54 191
54 233
55 57
55 60
55 69
55 80
55 119
55 167
55 173
55 187
55 206
56 64
56 65
56 70
56 71
56 80
56 81
56 100
56 127
56 133
56 139
56 151
56 206
56 224
56 231
56 238
56 240
57 66
57 69
57 132
57 140
57 173
57 176
57 184
57 198
57 216
57 219
58 66
58 70
58 80
58 112
58 149
58 167
58 170
58 172
58 214
59 87
59 89
59 193
59 194
59 202
59 206
60 72
60 87
60 120
60 124
60 143
60 153
60 174
60 179
60 183
60 189
60 204
60 242
60 248
61 76
61 87
61 90
61 109
61 129
61 131
61 147
61 148
61 149
61 196
61 231
62 84
62 110
62 120
62 124
62 157
62 159
62 176
62 202
63 96
63 118
63 119
63 137
63 157
63 165
63 173
63 178
63 208
63 230
63 234
63 246
64 90
64 163
64 214
64 226
64 231
64 243
65 102
65 122
65 150
65 176
65 184
65 239
65 244
65 248
66 74
66 80
66 95
66 115
66 134
66 149
66 171
66 183
66 188
66 230
67 84
67 91
67 126
67 129
67 132
67 169
67 206
67 226
67 228
67 229
68 104
68 120
68 121
68 146
68 147
68 158
68 160
68 166
68 182
68 188
68 206
69 75
69 93
69 119
69 147
69 163
69 172
69 199
69 201
69 222
70 73
70 80
70 94
70 95
70 129
70 138
70 147
70 148
70 149
70 156
70 186
70 194
70 217
70 218
70 223
70 249
71 113
71 155
71 196
71 210
71 217
71 229
72 100
72 109
72 137
72 142
72 145
72 161
72 164
72 221
72 226
73 88
73 92
73 129
73 130
73 135
73 138
73 150
73 157
73 158
73 169
73 187
73 247
74 76
74 136
74 156
74 172
74 187
74 232
74 234
75 77
75 139
75 153
75 184
75 186
75 216
76 92
76 95
76 114
76 127
76 129
76 150
76 165
76 169
76 170
76 198
76 206
76 207
77 87
77 103
77 120
77 121
77 132
77 144
77 151
77 190
77 213
77 229
77 237
78 91
78 92
78 129
78 136
78 144
78 184
78 217
78 231
79 84
79 88
79 139
79 145
79 155
79 203
79 238
79 240
79 247
80 105
80 133
80 161
80 227
81 86
81 104
81 117
81 141
81 145
81 186
81 199
81 201
81 220
81 230
82 87
82 114
82 121
82 144
82 150
82 171
82 206
82 231
82 235
82 246
83 116
83 141
83 152
83 198
83 199
83 206
83 210
83 227
83 241
84 104
84 118
84 125
84 135
84 145
84 179
84 192
84 200
84 248
85 102
85 131
85 139
85 145
85 166
85 180
85 186
85 201
85 224
86 102
86 107
86 108
86 119
86 131
86 144
86 149
86 160
86 230
86 243
87 91
87 117
87 118
87 122
87 128
87 173
87 174
87 176
87 179
87 192
87 236
88 103
88 110
88 122
88 146
88 158
88 187
88 196
89 184
89 210
90 96
90 99
90 173
90 178
90 205
90 216
90 218
90 244
91 101
91 108
91 121
91 135
91 141
91 150
91 196
91 218
91 219
91 238
91 244
92 96
92 105
92 111
92 113
92 125
92 158
92 163
92 206
92 211
93 97
93 106
93 114
93 121
93 136
93 156
93 177
93 182
93 215
93 217
94 103
94 109
94 126
94 187
94 191
94 205
94 217
95 100
95 126
95 153
95 157
95 175
95 184
95 198
95 204
95 223
95 241
95 246
95 248
96 114
96 160
96 161
96 187
96 191
96 202
96 211
96 237
96 247
97 103
97 115
97 128
97 178
97 184
97 191
97 219
97 237
97 243
97 246
98 109
98 121
98 128
98 138
98 168
98 169
98 176
98 182
98 196
98 197
98 204
98 218
98 223
98 233
98 238
98 240
98 243
99 141
99 151
99 156
99 173
99 185
99 248
100 102
100 107
100 111
100 144
100 148
100 158
100 170
100 216
100 242
101 104
101 115
101 125
101 128
101 148
101 152
101 158
101 183
101 191
101 193
101 227
101 230
101 244
101 245
102 114
102 143
102 181
102 183
102 187
102 219
102 222
103 130
103 143
103 148
103 153
103 173
103 190
103 202
103 205
103 215
104 114
104 173
104 191
104 205
104 214
104 219
104 241
105 107
105 134
105 135
105 153
105 156
105 168
105 210
105 219
105 238
105 241
106 113
106 163
106 202
106 212
106 227
107 122
107 132
108 124
108 156
108 169
108 176
108 180
108 202
108 213
108 222
108 228
109 141
109 149
109 153
109 176
109 215
109 232
109 239
109 241
110 174
110 177
110 180
110 193
110 223
110 244
111 129
111 142
111 152
111 165
111 166
111 185
111 187
111 219
112 120
112 129
112 135
112 164
112 176
112 179
112 245
113 147
113 170
113 182
113 205
113 223
114 129
114 140
114 146
114 149
114 158
114 195
114 200
114 215
114 238
115 168
115 177
115 180
115 182
115 185
115 209
115 212
115 218
115 225
116 118
116 132
116 135
116 163
116 164
116 185
116 210
116 211
116 214
116 248
117 120
117 131
117 136
117 141
117 167
117 171
117 177
117 212
117 219
118 152
118 159
118 163
118 173
118 210
118 234
118 239
119 121
119 163
119 165
119 172
119 200
119 215
119 219
119 240
120 142
120 148
120 153
120 162
120 171
120 200
120 215
120 236
121 156
121 202
121 209
121 218
121 244
122 137
122 149
122 160
122 167
122 195
122 203
123 173
123 174
123 191
123 193
123 207
123 209
124 132
124 198
124 217
124 220
124 247
124 248
125 128
125 145
125 210
125 211
125 223
126 154
126 171
126 208
126 220
127 144
127 160
127 162
127 176
127 197
127 202
127 207
127 243
127 246
128 129
128 134
128 161
128 166
128 209
129 150
129 151
129 160
129 179
129 196
129 208
129 225
129 226
129 240
130 148
130 156
130 160
130 163
130 172
130 184
130 187
130 194
130 209
130 218
130 229
130 230
130 244
131 155
131 190
131 210
131 217
131 225
131 228
131 246
132 148
132 149
132 177
132 244
133 160
133 185
133 188
133 218
133 224
133 240
134 143
134 147
134 154
134 181
134 206
135 159
135 192
135 197
135 200
135 204
135 236
136 141
136 155
136 177
136 180
136 218
136 219
137 139
137 153
137 154
137 162
137 172
137 176
137 193
137 217
137 240
138 140
138 146
138 180
138 193
138 215
138 219
138 221
138 231
138 236
139 144
139 150
139 159
139 165
139 193
139 199
140 155
140 159
140 202
141 144
141 151
141 153
141 160
141 173
141 180
141 209
141 210
141 222
141 239
142 177
142 184
142 186
142 192
142 210
143 156
143 163
143 193
143 221
143 231
143 235
143 241
143 244
144 148
144 177
144 185
144 195
144 222
144 233
145 167
145 170
145 216
145 221
146 186
146 194
146 195
146 202
146 204
146 222
146 240
146 243
147 162
147 174
147 206
147 207
147 211
147 223
147 234
147 243
148 155
148 202
148 218
148 232
148 247
149 179
149 182
149 191
149 209
149 231
150 181
150 184
150 188
150 218
150 226
150 228
151 184
151 204
151 231
151 247
152 153
152 158
152 171
152 198
152 245
153 163
153 197
153 219
153 222
153 224
154 166
154 179
154 234
154 237
154 243
155 191
155 199
155 200
156 158
156 160
156 167
156 170
156 224
156 231
157 223
157 228
157 235
158 162
158 203
158 247
159 164
159 186
159 189
159 205
159 220
160 197
160 202
160 209
160 227
160 247
160 248
161 163
161 185
161 207
161 225
162 168
162 172
162 175
162 182
162 185
162 196
162 224
162 232
162 249
163 210
163 248
164 169
164 221
164 241
164 243
165 213
165 222
165 226
166 173
166 178
166 189
166 197
166 246
167 184
167 192
167 219
167 240
168 172
168 231
168 248
169 182
169 203
169 209
169 216
169 226
169 240
170 171
170 187
170 200
170 215
170 238
171 178
171 236
171 237
172 183
172 185
172 205
172 208
172 243
173 204
173 209
173 244
173 248
174 223
174 235
174 240
175 192
175 229
175 244
176 190
176 238
176 239
177 191
177 204
177 235
178 202
178 208
178 233
178 249
179 198
179 199
179 204
180 185
180 216
180 229
180 235
180 239
181 203
181 209
181 216
181 223
181 242
182 185
182 188
182 203
182 222
182 231
182 245
183 184
183 188
183 199
183 215
183 222
183 239
184 198
184 213
184 214
184 217
184 232
184 243
185 194
185 224
185 246
185 248
186 190
186 203
186 224
187 225
187 242
188 207
188 210
188 215
188 236
189 207
189 246
190 200
190 209
190 229
190 230
190 237
190 246
191 220
191 227
191 245
192 225
192 234
193 207
193 208
193 210
193 213
194 230
194 245
195 198
195 202
195 237
196 207
196 212
196 215
197 206
198 199
198 200
198 208
199 202
199 225
199 234
200 217
200 218
200 233
201 208
201 216
201 230
201 240
201 245
202 226
202 234
202 236
203 229
203 247
205 236
205 237
205 247
206 212
206 221
206 227
206 243
207 216
207 227
207 229
207 237
207 247
208 211
208 245
209 216
209 219
209 224
209 242
209 247
210 222
210 223
210 234
211 213
212 213
212 216
212 249
213 230
214 237
214 244
214 249
215 245
215 249
216 244
217 237
218 220
218 247
219 229
219 236
219 246
220 231
223 242
224 244
225 228
225 240
227 230
227 242
229 242
230 237
230 241
231 247
233 244
234 242
234 245
239 249
242 245
