0 85
3 51
3 140
3 206
3 228
4 14
4 174
6 109
6 220
7 64
8 93
10 27
10 170
12 118
12 134
12 148
12 247
13 80
13 94
13 126
13 141
14 138
15 83
16 46
17 48
17 174
17 218
19 130
19 142
20 48
20 77
20 122
22 70
22 72
22 79
22 94
22 129
24 124
24 206
25 34
25 39
25 176
25 181
25 208
25 238
27 49
27 79
28 91
32 244
33 225
34 40
34 104
34 110
34 129
34 191
35 44
35 133
36 133
36 247
37 71
37 211
40 73
40 232
42 200
42 236
43 117
43 180
43 221
44 67
44 224
46 94
46 133
46 201
46 218
47 88
47 98
47 106
47 212
48 105
48 174
49 133
49 137
50 115
50 132
50 164
55 170
56 80
56 96
56 140
56 150
57 141
58 117
58 150
58 236
60 71
62 83
62 153
64 160
64 220
65 72
66 131
66 218
67 94
68 157
68 213
70 169
70 191
71 124
71 152
72 90
72 184
72 234
72 248
74 96
74 141
74 225
74 245
77 100
77 184
77 216
78 186
83 231
85 127
85 141
87 217
88 127
88 241
89 131
90 178
91 130
91 163
93 216
93 230
94 249
95 126
96 114
96 120
96 169
97 183
97 228
99 208
101 173
102 122
102 229
104 131
105 189
105 231
106 234
109 232
110 196
111 220
111 225
112 183
112 232
112 249
114 137
114 216
115 186
117 148
118 184
119 135
119 139
119 223
119 230
120 167
123 184
125 140
125 156
127 220
131 203
132 206
133 138
135 150
137 163
137 237
139 140
139 171
139 237
139 245
140 155
140 236
142 216
145 155
145 209
146 218
147 185
147 226
148 194
150 225
151 189
153 199
153 244
154 186
154 200
156 185
157 186
159 182
159 183
159 248
160 200
160 221
160 239
163 246
164 170
164 196
164 212
165 170
167 218
167 247
168 230
173 234
174 175
174 218
176 180
176 205
177 186
180 213
183 202
184 225
185 206
187 198
187 211
187 217
187 224
189 225
198 229
198 248
199 217
200 246
209 211
212 249
217 238
219 238
224 226
230 240
