0 6
0 12
0 20
0 27
0 41
0 61
0 74
0 76
0 77
0 78
0 80
0 159
0 171
0 173
0 178
0 197
0 198
0 208
0 215
0 227
0 246
1 3
1 11
1 32
1 48
1 83
1 84
1 89
1 104
1 111
1 115
1 169
1 178
1 184
1 186
1 188
1 190
1 195
1 207
1 211
1 212
1 239
2 3
2 15
2 16
2 18
2 25
2 27
2 36
2 59
2 92
2 94
2 102
2 143
2 160
2 176
2 179
2 197
2 211
2 223
2 239
3 14
3 35
3 70
3 81
3 83
3 85
3 100
3 111
3 116
3 125
3 131
3 180
3 196
3 209
3 229
3 247
4 13
4 14
4 43
4 72
4 84
4 91
4 115
4 146
4 195
4 234
5 22
5 59
5 87
5 105
5 122
5 150
5 164
5 169
5 213
6 42
6 53
6 64
6 111
6 114
6 116
6 134
6 143
6 148
6 160
6 196
6 219
6 248
7 17
7 19
7 41
7 44
7 48
7 100
7 104
7 107
7 111
7 115
7 141
7 148
7 166
7 169
7 183
7 188
7 204
7 205
7 213
7 227
7 229
7 232
7 233
7 234
7 244
8 63
8 75
8 84
8 92
8 94
8 107
8 127
8 135
8 140
8 145
8 169
8 181
8 193
8 194
8 214
8 230
9 20
9 29
9 31
9 54
9 79
9 85
9 106
9 115
9 120
9 142
9 162
9 172
9 193
9 199
9 208
9 224
9 232
9 242
10 22
10 27
10 35
10 45
10 88
10 115
10 117
10 137
10 149
10 157
10 187
10 206
10 224
11 23
11 40
11 43
11 66
11 91
11 137
11 141
11 144
11 147
11 151
11 157
11 162
11 176
11 184
11 186
11 215
11 235
12 25
12 34
12 36
12 64
12 84
12 109
12 112
12 121
12 134
12 137
12 139
12 142
12 145
12 156
12 166
12 171
12 175
12 191
12 202
12 222
13 16
13 37
13 45
13 51
13 55
13 69
13 72
13 86
13 109
13 111
13 136
13 137
13 155
13 162
13 164
13 167
13 174
13 188
13 189
13 197
13 207
13 213
13 229
14 24
14 54
14 66
14 74
14 78
14 86
14 90
14 95
14 120
14 138
14 165
14 178
14 201
14 223
14 239
14 245
14 247
15 16
15 35
15 55
15 110
15 114
15 115
15 121
15 122
15 136
15 146
15 167
15 192
15 193
15 201
15 224
15 243
16 44
16 45
16 65
16 78
16 82
16 89
16 108
16 125
16 135
16 150
16 168
16 175
16 248
17 31
17 53
17 73
17 77
17 88
17 95
17 111
17 162
17 197
17 200
17 210
17 217
17 245
17 249
18 23
18 35
18 61
18 79
18 91
18 131
18 166
18 203
18 208
18 225
18 235
18 243
18 249
19 33
19 55
19 68
19 96
19 100
19 106
19 114
19 122
19 126
19 132
19 136
19 141
19 152
19 159
19 211
19 216
19 219
19 235
19 243
20 33
20 42
20 96
20 129
20 151
20 152
20 203
20 227
20 238
21 24
21 39
21 43
21 46
21 52
21 61
21 62
21 81
21 97
21 121
21 136
21 148
21 167
21 181
21 201
21 212
21 236
21 249
22 31
22 67
22 102
22 115
22 116
22 141
22 152
22 156
22 165
22 220
22 233
23 28
23 32
23 39
23 44
23 53
23 57
23 71
23 102
23 106
23 147
23 164
23 165
23 170
23 177
23 187
23 226
23 231
23 237
23 242
24 69
24 88
24 95
24 98
24 106
24 122
24 130
24 154
24 159
24 169
24 176
24 177
24 194
24 197
24 205
24 230
24 246
25 39
25 56
25 72
25 76
25 77
25 84
25 88
25 117
25 123
25 129
25 132
25 144
25 153
25 156
25 173
25 179
25 181
25 192
25 193
25 194
25 224
25 231
25 237
25 249
26 62
26 64
26 69
26 113
26 132
26 135
26 141
26 143
26 156
26 176
26 178
26 190
26 206
26 218
26 236
27 31
27 46
27 55
27 57
27 58
27 64
27 72
27 89
27 105
27 111
27 129
27 138
27 153
27 211
27 217
27 228
27 236
27 242
28 33
28 38
28 53
28 119
28 120
28 121
28 146
28 165
28 181
28 199
28 206
28 224
28 243
28 246
28 248
29 37
29 48
29 68
29 71
29 75
29 87
29 96
29 125
29 151
29 178
29 196
29 201
29 231
29 234
30 70
30 84
30 101
30 102
30 109
30 124
30 143
30 161
30 163
30 179
30 181
30 186
30 197
30 210
30 215
30 245
31 50
31 54
31 67
31 70
31 71
31 83
31 84
31 92
31 120
31 126
31 159
31 160
31 180
31 199
31 217
31 244
31 248
32 34
32 60
32 70
32 77
32 78
32 85
32 90
32 93
32 108
32 117
32 136
32 155
32 183
32 190
32 199
33 52
33 89
33 90
33 106
33 142
33 195
33 212
33 214
33 219
34 40
34 49
34 57
34 78
34 83
34 84
34 104
34 171
34 176
34 201
34 204
34 220
34 230
35 47
35 90
35 104
35 112
35 113
35 152
35 175
35 225
35 242
36 56
36 87
36 101
36 104
36 109
36 110
36 129
36 179
36 180
36 190
36 192
37 47
37 51
37 79
37 92
37 110
37 118
37 120
37 123
37 133
37 141
37 171
37 174
37 177
37 217
37 218
37 219
37 221
37 231
38 47
38 60
38 68
38 81
38 84
38 96
38 99
38 112
38 141
38 142
38 156
38 161
38 167
38 184
38 189
38 212
38 229
38 238
38 241
38 242
38 244
38 249
39 62
39 67
39 68
39 75
39 79
39 84
39 98
39 99
39 114
39 117
39 176
39 178
39 179
39 194
39 219
39 223
39 230
39 248
40 67
40 94
40 108
40 118
40 127
40 129
40 168
40 174
40 201
40 205
40 212
40 242
41 44
41 52
41 58
41 60
41 61
41 64
41 78
41 87
41 102
41 110
41 137
41 143
41 154
41 167
41 179
41 197
41 208
41 210
41 216
41 229
41 242
42 45
42 55
42 63
42 83
42 91
42 95
42 97
42 107
42 108
42 112
42 116
42 117
42 121
42 149
42 167
42 194
42 224
42 235
42 244
43 64
43 73
43 101
43 109
43 112
43 115
43 125
43 134
43 137
43 138
43 144
43 165
43 179
43 206
43 223
43 226
43 243
44 50
44 67
44 90
44 102
44 106
44 118
44 121
44 135
44 159
44 178
44 187
44 188
44 194
44 246
45 49
45 60
45 61
45 74
45 95
45 113
45 142
45 159
45 163
45 165
45 171
45 188
45 193
45 247
46 59
46 62
46 74
46 76
46 100
46 113
46 128
46 129
46 135
46 194
46 203
46 206
46 216
46 223
46 224
46 225
47 48
47 66
47 92
47 99
47 115
47 130
47 133
47 152
47 167
47 177
47 184
47 186
47 193
47 196
47 220
47 228
47 233
48 51
48 60
48 78
48 85
48 109
48 126
48 133
48 162
48 192
48 198
48 210
48 221
48 248
49 58
49 60
49 72
49 77
49 90
49 117
49 125
49 152
49 169
49 192
49 194
49 199
49 216
49 230
49 245
50 62
50 72
50 83
50 87
50 100
50 102
50 111
50 112
50 126
50 158
50 169
50 182
50 190
50 191
50 197
50 229
50 235
50 241
50 244
51 62
51 107
51 135
51 148
51 151
51 162
51 163
51 174
51 201
51 207
51 208
51 224
52 68
52 77
52 84
52 98
52 99
52 101
52 105
52 165
52 173
52 199
52 244
52 247
53 54
53 64
53 169
53 189
53 201
53 216
53 218
53 224
53 226
53 244
54 64
54 72
54 76
54 79
54 94
54 106
54 111
54 120
54 124
54 155
54 163
54 202
54 203
54 204
54 214
54 237
55 56
55 57
55 68
55 83
55 88
55 89
55 99
55 101
55 104
55 109
55 126
55 165
55 175
55 178
55 180
55 182
55 190
55 196
55 198
55 200
55 206
55 224
55 229
55 235
56 59
56 71
56 88
56 119
56 157
56 179
56 210
56 229
57 66
57 90
57 101
57 107
57 123
57 148
57 149
57 160
57 172
57 174
57 200
57 201
57 204
57 227
57 240
58 87
58 97
58 104
58 106
58 113
58 120
58 124
58 133
58 135
58 151
58 152
58 155
58 156
58 164
58 168
58 193
58 195
58 196
58 219
58 231
58 245
59 63
59 65
59 78
59 79
59 81
59 86
59 89
59 91
59 92
59 117
59 131
59 186
59 198
59 207
59 247
59 248
60 117
60 122
60 131
60 152
60 160
60 176
60 195
60 209
60 213
60 217
60 227
60 231
60 232
60 239
60 240
61 67
61 92
61 116
61 129
61 147
61 150
61 158
61 170
61 183
61 193
61 197
61 240
62 71
62 77
62 80
62 92
62 134
62 157
62 190
62 220
62 228
62 231
63 74
63 76
63 79
63 84
63 89
63 115
63 124
63 146
63 148
63 186
63 214
63 221
63 236
63 237
64 104
64 135
64 137
64 160
64 164
64 220
64 229
64 233
65 66
65 69
65 82
65 90
65 96
65 117
65 129
65 154
65 161
65 164
65 173
65 202
65 219
65 226
65 242
66 80
66 84
66 114
66 134
66 159
66 164
66 171
66 174
66 181
66 191
66 204
66 210
66 215
66 225
66 226
66 229
66 233
66 240
66 247
67 100
67 108
67 115
67 149
67 162
67 171
67 189
67 196
67 203
67 216
67 224
67 232
67 244
68 77
68 81
68 93
68 98
68 101
68 120
68 131
68 142
68 147
68 154
68 187
68 199
68 213
68 215
68 219
68 236
68 240
68 243
69 84
69 88
69 91
69 97
69 116
69 124
69 130
69 132
69 139
69 147
69 149
69 152
69 156
69 159
69 177
69 181
69 190
69 221
69 224
69 232
69 238
69 245
70 72
70 77
70 79
70 86
70 95
70 117
70 157
70 160
70 162
70 171
70 196
70 214
70 223
70 242
71 74
71 78
71 126
71 128
71 139
71 142
71 144
71 146
71 149
71 182
71 220
71 249
72 99
72 137
72 140
72 170
72 172
72 196
72 224
72 245
73 76
73 80
73 128
73 146
73 147
73 161
73 180
73 204
73 208
73 217
73 220
73 238
74 95
74 100
74 101
74 114
74 126
74 127
74 129
74 152
74 155
74 180
74 189
74 206
74 216
74 241
74 247
74 249
75 96
75 99
75 105
75 113
75 122
75 141
75 159
75 161
75 176
75 182
75 183
75 184
75 189
75 204
75 211
75 213
75 235
75 247
76 87
76 112
76 118
76 136
76 159
76 178
76 183
76 203
76 209
76 214
76 242
76 247
77 86
77 90
77 99
77 111
77 141
77 159
77 173
77 174
77 175
77 178
77 179
77 182
77 192
77 215
77 222
77 237
77 247
78 91
78 98
78 130
78 157
78 170
78 183
78 203
78 206
78 213
78 219
78 232
78 245
79 84
79 86
79 94
79 104
79 111
79 137
79 171
79 204
79 209
79 220
79 222
79 231
79 244
80 81
80 82
80 83
80 91
80 97
80 105
80 106
80 127
80 139
80 146
80 148
80 176
80 185
80 193
80 199
80 205
80 236
81 99
81 151
81 154
81 164
81 175
81 181
81 194
81 214
81 216
81 230
81 235
82 119
82 129
82 157
82 164
82 184
82 207
82 233
83 90
83 106
83 120
83 128
83 131
83 136
83 141
83 148
83 154
83 161
83 211
83 235
83 237
83 249
84 91
84 98
84 107
84 151
84 172
84 186
84 201
84 214
84 223
84 225
84 237
84 242
85 114
85 125
85 144
85 152
85 165
85 172
85 182
85 201
85 219
85 228
85 240
86 99
86 108
86 142
86 187
86 190
86 196
86 211
86 218
86 238
86 241
86 246
87 112
87 114
87 131
87 171
87 192
87 193
87 219
87 236
87 243
88 91
88 104
88 138
88 143
88 157
88 160
88 163
88 165
88 174
88 182
88 190
88 200
88 215
88 217
88 220
89 95
89 116
89 144
89 186
89 220
89 232
89 245
89 249
90 125
90 132
90 137
90 146
90 150
90 166
90 170
90 172
90 174
90 208
90 209
90 233
90 240
90 244
91 103
91 117
91 125
91 128
91 137
91 150
91 157
91 160
91 166
91 170
91 172
91 173
91 188
91 192
91 207
91 223
91 229
91 231
91 238
92 114
92 121
92 148
92 154
92 180
92 200
92 217
93 98
93 104
93 119
93 180
93 183
93 192
93 200
93 237
93 248
94 100
94 101
94 132
94 153
94 159
94 186
94 190
94 191
94 215
94 220
95 101
95 110
95 114
95 122
95 128
95 130
95 135
95 158
95 179
95 185
95 192
95 222
95 228
95 243
95 244
96 107
96 108
96 113
96 114
96 148
96 157
96 161
96 178
96 179
96 183
96 224
96 239
96 242
96 248
97 107
97 122
97 128
97 149
97 181
97 184
97 194
97 222
97 226
98 99
98 102
98 105
98 106
98 115
98 142
98 149
98 160
98 164
98 178
98 204
98 232
98 234
98 247
99 111
99 147
99 198
99 231
99 233
100 107
100 118
100 119
100 131
100 133
100 143
100 158
101 113
101 116
101 139
101 144
101 155
101 169
101 174
101 175
101 186
101 206
101 208
101 229
101 231
101 244
102 109
102 113
102 133
102 140
102 185
102 192
102 206
102 216
102 218
102 228
103 107
103 111
103 117
103 119
103 180
103 188
103 237
103 239
103 243
103 247
104 108
104 115
104 225
104 234
105 112
105 123
105 136
105 155
105 194
105 230
105 241
105 242
106 109
106 129
106 169
106 210
106 221
106 224
106 232
106 242
107 141
107 149
107 154
107 158
107 161
107 165
107 167
107 172
107 173
107 176
107 190
107 219
107 242
108 109
108 112
108 126
108 169
108 182
108 184
108 189
108 207
108 215
108 219
108 221
108 223
108 233
108 244
108 248
109 113
109 153
109 183
109 193
109 226
109 244
110 123
110 126
110 153
110 166
110 171
110 177
110 180
110 199
110 205
110 207
110 214
110 218
110 220
110 229
110 235
111 132
111 152
111 156
111 174
111 177
111 179
111 196
111 209
111 223
111 232
112 114
112 121
112 129
112 140
112 142
112 143
112 147
112 154
112 163
112 175
112 180
112 195
112 220
113 138
113 169
113 176
113 178
113 184
113 187
113 192
113 195
113 207
113 216
113 219
113 224
114 140
114 157
114 163
114 186
114 189
114 190
114 207
114 220
114 243
114 247
115 117
115 127
115 144
115 155
115 157
115 181
115 185
115 189
115 210
115 215
115 235
115 237
116 117
116 127
116 151
116 153
116 157
116 163
116 176
116 186
116 199
116 220
116 228
117 132
117 146
117 156
117 185
117 194
117 195
117 208
117 225
117 235
117 247
118 122
118 123
118 167
118 175
118 187
118 205
118 223
118 228
118 239
119 130
119 196
119 199
119 213
119 215
120 134
120 180
120 183
120 200
120 235
121 123
121 138
121 140
121 170
121 173
121 196
121 208
121 229
121 248
122 145
122 146
122 164
122 173
122 176
122 183
122 184
122 199
122 244
123 136
123 164
123 171
123 172
123 187
123 212
123 215
123 220
123 245
124 126
124 144
124 186
125 133
125 153
125 174
125 181
125 211
125 224
125 245
125 246
126 189
126 196
126 198
126 201
126 214
126 218
126 219
126 221
127 168
127 170
127 186
127 195
127 199
127 206
127 213
127 214
127 218
128 138
128 142
128 146
128 150
128 179
128 232
129 140
129 143
129 161
129 163
129 168
129 183
129 227
130 168
130 173
130 185
130 210
130 212
130 215
130 232
130 249
131 155
131 172
131 189
131 215
131 236
131 248
132 139
132 153
132 164
132 184
132 210
132 246
132 249
133 139
133 142
133 144
133 157
133 167
133 173
133 181
133 191
133 210
133 218
133 222
133 240
133 241
133 246
133 248
134 139
134 152
134 166
134 172
134 175
134 212
134 214
134 235
134 246
135 149
135 155
135 202
135 235
136 143
136 145
136 148
136 152
136 159
136 162
136 176
136 179
136 191
136 213
136 219
136 224
136 225
136 229
136 241
136 247
137 155
137 170
137 182
137 183
137 194
137 195
137 209
137 212
137 216
138 153
138 157
138 160
138 167
138 191
138 196
138 205
138 206
138 223
138 241
138 246
139 163
139 169
139 180
139 190
139 200
139 217
139 224
139 225
139 236
139 238
139 249
140 141
140 145
140 165
140 179
140 194
140 198
140 201
140 208
140 218
140 221
141 194
141 218
141 220
142 159
142 214
142 221
142 245
142 249
143 165
143 186
143 191
143 196
143 205
143 209
143 240
144 165
144 195
144 212
144 223
144 230
145 150
145 155
145 183
145 189
145 204
145 214
145 232
145 237
146 150
146 151
146 165
146 177
146 203
146 219
146 220
146 243
147 161
147 164
147 166
147 168
147 182
147 188
147 195
147 208
147 247
148 162
148 166
148 168
148 219
148 223
148 228
148 244
149 167
149 177
149 178
149 198
149 226
150 162
150 188
150 193
150 203
150 215
150 216
151 196
151 214
151 227
151 230
151 234
151 247
152 156
152 169
152 172
152 183
152 190
152 195
152 224
152 233
153 159
153 174
153 179
153 186
153 191
153 203
153 229
153 231
153 238
153 242
153 245
154 162
154 178
154 184
154 206
154 215
154 229
154 245
154 247
155 192
155 216
155 223
155 233
155 241
156 177
156 202
156 237
156 244
156 246
156 249
157 169
157 197
157 212
157 231
157 243
157 246
158 178
158 186
158 200
158 209
158 230
158 243
158 248
159 163
159 170
159 208
159 218
159 235
159 238
159 244
159 248
160 176
160 188
160 195
160 196
160 214
160 222
160 232
160 248
161 166
161 170
161 181
161 191
161 194
162 193
162 228
163 175
163 191
163 203
163 205
163 208
163 210
163 213
163 236
163 241
164 171
164 174
164 185
164 189
164 203
164 222
164 230
165 178
165 194
166 177
166 228
166 234
166 238
167 176
167 179
167 186
167 192
167 196
167 214
167 219
167 226
167 229
167 233
168 174
168 208
168 225
168 228
168 241
169 171
169 184
169 185
169 186
169 199
169 217
169 235
170 229
171 176
171 184
171 196
171 209
171 215
171 220
171 221
171 226
171 233
171 243
172 189
172 190
172 201
172 209
172 216
173 214
173 215
173 220
173 233
173 245
174 177
174 188
174 210
174 216
174 220
174 236
175 193
175 243
175 244
176 178
176 191
176 207
177 199
177 220
177 221
177 225
177 234
177 248
178 179
178 197
178 204
178 232
178 239
178 240
178 246
179 190
179 195
179 199
179 208
179 209
179 213
179 214
179 216
179 217
179 224
179 241
179 245
179 249
180 184
180 203
180 233
180 237
180 242
181 182
181 190
181 218
181 225
181 232
182 194
183 187
183 191
183 204
183 232
184 237
184 238
184 241
184 242
185 208
185 211
185 233
185 240
186 201
186 212
186 215
186 220
186 228
186 233
186 244
187 197
187 222
187 226
187 241
187 243
188 216
188 220
189 194
189 199
189 205
189 206
189 208
189 237
190 217
190 223
190 225
190 231
190 247
190 249
191 240
192 202
192 209
192 211
192 220
192 247
193 214
193 235
193 240
194 201
194 216
194 238
195 223
196 202
196 208
196 228
196 233
196 237
196 242
197 201
197 219
197 239
197 246
198 199
198 243
199 222
199 235
200 226
200 236
200 243
201 213
202 224
202 226
202 229
202 230
202 233
203 210
204 232
205 214
205 242
205 245
205 248
206 214
206 232
206 242
207 246
208 213
208 222
208 236
210 211
210 239
211 218
211 239
212 223
212 227
212 240
213 215
213 234
213 239
213 242
214 218
214 244
215 228
215 231
215 234
216 223
216 236
216 244
217 249
218 220
218 236
218 237
218 238
219 227
219 231
219 242
220 222
221 227
221 236
221 244
222 228
222 249
223 231
224 230
224 244
225 235
225 244
226 237
227 238
228 231
228 232
229 235
233 239
235 236
235 237
235 238
235 242
236 237
238 242
238 245
238 247
239 245
239 247
242 243
243 249
244 247
