0 33
0 37
0 46
0 52
0 53
0 77
0 90
0 121
0 147
0 171
0 172
0 206
0 207
0 211
0 212
0 213
0 230
0 237
1 6
1 7
1 31
1 64
1 108
1 135
1 158
1 166
1 172
1 175
1 196
1 204
1 211
1 220
1 229
1 238
2 12
2 13
2 34
2 42
2 58
2 84
2 95
2 106
2 112
2 121
2 123
2 129
2 133
2 141
2 164
2 174
2 176
2 181
2 195
2 210
2 228
2 241
2 248
3 32
3 44
3 76
3 104
3 131
3 139
4 8
4 20
4 23
4 30
4 76
4 83
4 93
4 101
4 104
4 123
4 145
4 161
4 167
4 190
4 201
4 207
4 217
5 9
5 19
5 60
5 61
5 76
5 79
5 96
5 119
5 121
5 135
5 154
5 191
5 196
5 205
5 227
5 240
6 26
6 31
6 39
6 47
6 54
6 56
6 60
6 63
6 75
6 78
6 81
6 108
6 119
6 149
6 151
6 161
6 164
6 172
6 213
6 214
6 226
7 12
7 25
7 27
7 107
7 118
7 138
7 146
7 152
7 160
7 171
7 187
7 194
7 226
7 234
8 16
8 21
8 30
8 35
8 60
8 71
8 96
8 101
8 141
8 146
8 174
8 196
8 209
8 210
9 23
9 39
9 59
9 64
9 75
9 87
9 88
9 94
9 163
9 184
9 194
9 213
9 219
9 243
9 246
10 39
10 44
10 76
10 101
10 102
10 123
10 133
10 143
10 160
10 163
10 167
10 187
10 202
10 207
10 209
11 15
11 16
11 27
11 31
11 39
11 42
11 67
11 78
11 87
11 106
11 137
11 159
11 168
11 172
11 183
11 189
11 207
11 226
11 232
11 240
11 248
12 22
12 23
12 25
12 29
12 31
12 64
12 94
12 112
12 118
12 126
12 127
12 132
12 135
12 157
12 161
12 167
12 168
12 175
12 179
12 194
12 201
12 220
12 221
12 233
12 239
12 242
12 247
13 27
13 37
13 39
13 42
13 46
13 48
13 68
13 73
13 88
13 101
13 133
13 169
13 172
13 192
13 202
13 205
13 228
13 233
13 240
14 33
14 38
14 41
14 45
14 61
14 74
14 76
14 86
14 93
14 149
14 160
14 174
14 177
14 181
14 192
14 202
14 205
14 206
14 210
14 219
14 222
14 224
15 36
15 47
15 57
15 58
15 60
15 69
15 84
15 98
15 101
15 106
15 126
15 132
15 153
15 156
15 159
15 176
15 188
15 200
15 231
15 237
16 43
16 49
16 57
16 58
16 109
16 120
16 126
16 127
16 149
16 181
16 190
16 201
16 210
16 223
16 233
16 248
17 25
17 29
17 52
17 56
17 71
17 91
17 99
17 105
17 109
17 127
17 128
17 129
17 131
17 134
17 141
17 148
17 150
17 165
17 182
17 183
17 215
18 19
18 24
18 45
18 65
18 84
18 89
18 92
18 97
18 98
18 118
18 122
18 129
18 138
18 139
18 166
18 171
18 186
18 189
18 192
18 220
18 224
18 232
18 237
18 247
19 36
19 37
19 67
19 74
19 93
19 102
19 124
19 193
19 197
19 205
19 219
20 24
20 41
20 42
20 43
20 91
20 94
20 97
20 100
20 114
20 130
20 149
20 160
20 161
20 165
20 167
20 172
20 184
20 185
20 206
20 212
20 214
20 226
20 246
21 65
21 98
21 99
21 100
21 107
21 133
21 138
21 155
21 171
21 184
21 196
21 210
21 220
21 245
22 31
22 82
22 88
22 104
22 109
22 141
22 143
22 155
22 167
22 168
22 182
22 186
22 196
22 224
22 228
23 31
23 60
23 65
23 71
23 88
23 91
23 106
23 124
23 125
23 150
23 152
23 161
23 171
23 207
23 217
23 242
24 34
24 88
24 91
24 107
24 132
24 136
24 139
24 172
24 223
24 242
25 54
25 108
25 119
25 150
25 153
25 169
25 170
25 175
25 180
25 181
25 211
25 239
25 244
25 249
26 27
26 41
26 42
26 44
26 46
26 56
26 73
26 77
26 84
26 97
26 100
26 111
26 120
26 131
26 144
26 167
26 187
26 191
27 38
27 55
27 67
27 75
27 91
27 92
27 102
27 110
27 137
27 138
27 143
27 166
27 249
28 70
28 76
28 78
28 85
28 87
28 92
28 99
28 136
28 144
28 155
28 165
28 177
28 190
28 192
28 199
28 223
28 230
28 235
28 242
29 31
29 44
29 127
29 131
29 143
29 157
29 159
29 161
29 164
29 185
29 190
29 194
29 212
29 216
29 217
29 236
30 41
30 55
30 60
30 112
30 122
30 178
30 180
30 187
30 205
30 217
30 230
31 33
31 37
31 40
31 57
31 85
31 98
31 99
31 112
31 122
31 130
31 138
31 142
31 143
31 157
31 191
31 215
31 219
31 224
32 35
32 60
32 61
32 85
32 91
32 95
32 111
32 181
32 187
32 232
32 235
33 49
33 50
33 75
33 78
33 152
33 160
33 187
33 188
33 195
33 210
33 212
33 217
33 224
33 228
33 234
33 237
34 55
34 69
34 75
34 104
34 120
34 123
34 127
34 136
34 151
34 152
34 171
34 185
34 223
34 227
34 241
34 245
34 248
35 37
35 38
35 42
35 54
35 58
35 81
35 141
35 145
35 149
35 153
35 175
35 179
35 182
35 210
35 228
36 57
36 62
36 65
36 70
36 89
36 94
36 99
36 110
36 115
36 144
36 163
36 180
36 206
36 228
36 235
36 242
36 247
37 50
37 60
37 78
37 81
37 111
37 118
37 121
37 136
37 140
37 162
37 172
37 180
37 185
37 191
37 225
38 52
38 60
38 85
38 109
38 115
38 117
38 139
38 159
38 190
38 210
38 220
38 240
39 52
39 78
39 93
39 99
39 133
39 176
39 188
39 190
39 238
39 248
40 76
40 115
40 117
40 121
40 129
40 136
40 150
40 184
40 191
40 203
40 204
40 213
41 54
41 71
41 93
41 109
41 130
41 133
41 135
41 137
41 156
41 190
41 203
41 215
41 216
41 222
41 240
41 243
42 70
42 77
42 93
42 102
42 130
42 133
42 142
42 151
42 166
42 204
42 206
42 242
43 50
43 57
43 72
43 77
43 88
43 93
43 115
43 123
43 130
43 155
43 159
43 167
43 171
43 172
43 192
43 203
43 218
43 226
44 49
44 58
44 74
44 113
44 126
44 140
44 179
44 225
44 236
45 52
45 57
45 63
45 111
45 118
45 125
45 127
45 139
45 142
45 145
45 154
45 161
45 174
45 177
45 184
45 190
45 196
45 198
45 200
45 207
45 220
45 234
45 247
46 69
46 82
46 110
46 113
46 116
46 136
46 139
46 155
46 167
46 175
46 178
46 217
46 226
46 241
46 247
47 48
47 57
47 79
47 84
47 96
47 97
47 157
47 211
47 232
47 233
47 238
48 79
48 138
48 163
48 169
48 192
48 216
48 233
49 56
49 58
49 70
49 78
49 84
49 91
49 92
49 104
49 105
49 118
49 121
49 138
49 149
49 150
49 176
49 186
49 199
49 200
49 205
49 210
49 228
49 232
49 235
50 51
50 58
50 60
50 85
50 98
50 136
50 139
50 143
50 152
50 155
50 157
50 160
50 172
50 177
50 213
50 235
50 242
51 100
51 109
51 117
51 118
51 130
51 141
51 147
51 166
51 182
51 198
51 213
51 214
51 224
51 225
52 80
52 82
52 83
52 85
52 94
52 98
52 118
52 124
52 164
52 179
52 186
52 197
52 202
52 208
52 213
52 216
52 225
52 229
52 236
53 54
53 60
53 84
53 127
53 130
53 136
53 155
53 190
53 195
53 196
53 208
53 209
53 249
54 56
54 84
54 87
54 94
54 98
54 116
54 138
54 171
54 175
54 176
54 190
54 196
54 221
54 237
55 64
55 71
55 74
55 86
55 97
55 99
55 101
55 116
55 119
55 131
55 141
55 142
55 155
55 158
55 183
55 190
55 193
55 194
55 195
55 198
55 203
55 208
55 222
55 232
55 244
55 247
56 68
56 70
56 81
56 104
56 115
56 123
56 129
56 132
56 139
56 148
56 154
56 161
56 179
56 190
56 197
56 199
56 241
56 242
57 61
57 78
57 82
57 87
57 94
57 98
57 102
57 137
57 172
57 178
57 182
57 192
57 215
57 242
57 243
58 59
58 63
58 86
58 98
58 101
58 127
58 129
58 145
58 157
58 165
58 171
58 176
58 189
58 222
58 223
58 224
58 231
59 85
59 111
59 120
59 126
59 171
59 187
59 188
59 211
59 212
59 217
60 73
60 92
60 117
60 120
60 126
60 139
60 155
60 156
60 170
60 175
60 179
60 188
60 198
60 206
60 208
60 242
61 63
61 101
61 140
61 147
61 158
61 162
61 166
61 167
61 180
61 195
61 214
62 64
62 90
62 98
62 102
62 117
62 176
62 181
62 224
62 226
62 234
63 81
63 97
63 101
63 105
63 116
63 130
63 137
63 145
63 154
63 193
63 240
63 248
64 66
64 79
64 80
64 91
64 132
64 137
64 141
64 152
64 158
64 176
64 177
64 201
64 228
64 241
65 83
65 105
65 122
65 128
65 133
65 136
65 141
65 145
65 164
65 167
65 178
65 204
65 247
66 106
66 121
66 123
66 128
66 145
66 148
66 152
66 156
66 166
66 212
66 218
66 219
66 220
66 234
67 78
67 83
67 102
67 132
67 158
67 175
67 181
67 190
67 207
67 245
67 248
68 71
68 107
68 128
68 146
68 148
68 161
68 162
68 166
68 207
68 240
68 243
68 249
69 71
69 75
69 104
69 172
69 174
69 190
69 191
69 209
69 216
69 219
69 220
69 223
69 224
69 234
69 235
69 240
69 245
70 78
70 130
70 141
70 205
70 207
70 209
70 211
70 213
70 220
70 243
71 99
71 111
71 123
71 137
71 159
71 168
71 195
71 197
71 225
71 237
71 244
71 248
72 81
72 123
72 143
72 153
72 169
72 181
72 214
72 233
72 246
73 89
73 90
73 92
73 117
73 128
73 130
73 138
73 156
73 158
73 177
73 187
73 191
74 96
74 107
74 123
74 126
74 138
74 148
74 156
74 174
74 191
74 192
74 199
74 200
75 86
75 107
75 110
75 118
75 129
75 132
75 135
75 143
75 146
75 156
75 184
75 191
75 206
75 215
75 224
75 229
76 103
76 131
76 157
76 158
76 187
76 201
76 215
76 230
76 242
76 243
77 107
77 137
77 138
77 142
77 144
77 156
77 189
77 206
77 210
77 213
77 217
77 230
78 115
78 173
78 210
78 213
78 215
78 216
78 223
78 229
78 238
79 95
79 104
79 105
79 124
79 172
79 198
79 233
79 235
79 248
80 92
80 97
80 110
80 119
80 131
80 137
80 141
80 148
80 174
80 196
80 215
80 234
80 237
80 239
80 245
80 249
81 107
81 145
81 150
81 151
81 158
81 172
81 176
81 178
81 185
81 191
81 192
81 199
81 233
81 241
82 84
82 90
82 124
82 147
82 155
82 175
82 206
83 88
83 115
83 129
83 132
83 143
83 148
83 150
83 151
83 158
83 159
83 201
83 215
83 228
83 239
84 100
84 106
84 151
84 161
84 164
84 173
84 177
84 195
84 213
84 215
84 235
84 236
84 239
84 241
84 249
85 88
85 99
85 107
85 108
85 111
85 140
85 145
85 153
85 154
85 157
85 163
85 183
85 200
85 223
85 226
85 235
85 249
86 90
86 93
86 102
86 104
86 133
86 145
86 150
86 157
86 163
86 168
86 183
86 215
86 219
86 239
87 110
87 115
87 127
87 131
87 132
87 136
87 141
87 145
87 148
87 152
87 198
87 210
87 243
87 248
88 99
88 113
88 131
88 169
88 182
88 192
88 202
88 212
88 215
89 106
89 108
89 128
89 132
89 139
89 158
89 160
89 208
89 221
89 226
89 235
89 238
89 239
89 244
90 120
90 121
90 156
90 165
90 171
90 177
90 179
90 181
90 186
90 205
90 209
90 222
91 101
91 135
91 140
91 195
91 218
91 237
92 95
92 124
92 153
92 157
92 164
92 167
92 175
92 176
92 191
92 217
93 96
93 102
93 128
93 134
93 176
93 215
93 219
93 238
94 97
94 104
94 114
94 124
94 139
94 150
94 168
94 207
94 211
94 218
94 220
94 242
94 245
95 101
95 119
95 131
95 135
95 145
95 164
95 179
95 205
95 208
95 210
95 235
96 102
96 103
96 129
96 146
96 159
96 175
96 185
96 187
96 189
96 194
96 203
96 210
96 242
96 243
97 141
97 147
97 154
97 213
97 223
97 228
97 229
97 238
97 240
97 247
98 109
98 131
98 140
98 149
98 168
98 171
98 174
98 181
98 185
98 206
98 216
99 113
99 114
99 205
99 209
99 212
99 217
99 241
99 244
100 112
100 127
100 135
100 150
100 156
100 160
100 164
100 165
100 187
100 220
101 109
101 110
101 134
101 135
101 147
101 211
101 226
102 109
102 113
102 124
102 160
102 169
102 229
102 238
102 240
103 109
103 111
103 121
103 122
103 127
103 193
103 211
103 217
103 219
103 233
103 234
103 237
103 243
104 129
104 131
104 140
104 152
104 161
104 162
104 167
104 169
104 173
104 183
104 217
104 219
104 230
104 235
105 108
105 123
105 130
105 142
105 147
105 161
105 162
105 179
105 210
105 242
105 246
106 112
106 127
106 140
106 157
106 158
106 195
106 197
106 201
106 205
106 215
106 227
106 240
107 110
107 120
107 124
107 129
107 145
107 161
107 172
107 179
107 217
107 219
107 228
107 243
107 244
108 116
108 143
108 160
108 171
108 184
108 203
108 217
108 227
109 113
109 119
109 125
109 134
109 172
109 194
109 239
110 121
110 123
110 124
110 164
110 181
110 183
110 184
110 208
110 209
110 229
110 238
110 247
111 117
111 140
111 145
111 164
111 190
111 203
111 225
111 248
112 122
112 135
112 138
112 149
112 174
112 180
112 215
112 219
112 229
112 240
112 244
113 115
113 162
113 176
113 221
113 225
113 238
113 241
113 245
114 116
114 130
114 140
114 203
114 230
115 121
115 122
115 132
115 157
115 159
115 181
115 209
115 226
115 233
115 246
115 249
116 117
116 161
116 169
116 175
116 186
116 190
116 225
116 237
116 241
116 245
117 123
117 152
117 193
117 206
117 221
117 225
117 226
117 229
117 236
118 121
118 148
118 160
118 163
118 167
118 172
118 183
118 203
118 210
118 242
119 127
119 172
119 223
119 226
119 234
119 239
119 244
120 131
120 143
120 148
120 154
120 188
120 231
120 239
120 241
121 135
121 142
121 143
121 147
121 155
121 168
121 180
121 190
121 216
121 237
121 247
122 153
122 156
122 171
122 174
122 175
122 182
122 208
122 229
123 124
123 162
123 166
123 182
123 184
123 188
123 206
123 216
123 247
124 155
124 160
124 183
124 195
124 200
124 208
124 213
124 214
124 217
124 234
124 240
125 127
125 130
125 158
125 173
125 202
125 205
125 209
125 213
125 230
125 237
125 241
125 243
126 137
126 142
126 153
126 154
126 164
126 175
126 185
126 187
126 244
127 130
127 135
127 153
127 172
127 188
127 190
127 215
127 224
127 229
128 130
128 134
128 210
128 230
128 240
128 242
129 141
129 156
129 170
129 192
129 207
129 230
130 191
130 194
130 204
130 211
130 221
131 156
131 158
131 159
131 166
131 175
131 205
131 214
132 143
132 146
132 155
132 186
132 189
132 211
132 249
133 135
133 163
133 166
133 181
133 195
133 199
133 216
133 233
134 135
134 136
134 145
134 149
134 166
134 169
134 173
134 174
134 177
134 182
134 190
134 197
134 208
134 214
134 220
134 230
134 244
135 138
135 162
135 197
135 199
135 207
135 236
136 137
136 138
136 144
136 160
136 190
136 198
136 206
136 207
136 222
136 232
136 237
136 244
136 245
136 247
137 145
137 153
137 159
137 175
137 189
137 202
137 204
137 208
137 211
137 237
137 241
137 242
137 243
138 159
138 175
138 180
138 203
138 207
138 211
138 217
138 246
139 161
139 184
139 186
139 188
139 210
139 227
139 228
139 235
140 152
140 170
140 180
140 181
140 205
140 220
140 222
140 231
141 144
141 158
141 184
141 206
141 222
141 238
141 247
141 248
142 143
142 155
142 158
142 175
142 183
142 196
142 198
143 144
143 151
143 177
143 185
143 186
143 191
143 193
143 210
143 212
143 216
143 218
143 236
143 245
143 247
144 150
144 153
144 165
144 191
144 202
144 224
144 225
144 227
144 231
145 158
145 162
145 167
145 175
145 178
145 182
145 187
145 202
145 219
145 221
145 228
145 231
145 235
145 238
145 243
145 247
145 249
146 149
146 161
146 175
146 180
146 186
146 189
146 194
146 214
146 222
147 154
147 164
147 174
147 202
147 204
147 208
147 212
147 233
147 237
147 245
148 181
148 199
148 247
149 226
149 233
149 235
150 169
150 170
150 178
150 203
150 229
150 235
150 249
151 162
151 165
151 212
151 218
151 230
151 235
151 239
152 180
152 199
152 201
152 208
152 219
152 224
152 229
152 235
153 173
153 179
153 211
153 243
154 180
154 222
154 241
155 166
155 203
155 221
155 222
155 232
155 237
155 240
156 164
156 166
156 176
156 179
156 192
156 200
156 234
157 167
157 182
157 187
157 216
157 246
157 247
157 248
158 172
158 186
158 190
158 208
158 227
158 239
158 241
158 246
159 160
159 162
159 165
159 167
159 170
159 180
159 222
159 227
160 177
160 205
160 206
160 210
160 211
160 212
160 226
160 233
160 242
160 249
161 192
161 195
161 203
161 205
161 217
161 225
161 226
161 230
161 241
162 227
162 232
163 199
163 207
163 208
163 212
163 228
163 229
163 231
164 166
164 194
164 242
165 171
165 194
166 167
166 188
166 189
166 194
166 200
166 217
166 240
167 183
167 237
167 238
168 177
168 180
168 186
168 188
168 195
168 199
168 213
168 232
168 246
169 170
169 190
169 206
169 215
169 221
170 173
170 188
170 196
170 217
170 234
170 247
171 203
171 205
171 211
171 214
171 226
171 243
172 209
172 231
173 185
173 201
173 205
173 233
173 237
174 195
174 204
174 211
174 231
175 195
175 201
175 202
175 204
175 241
176 178
176 183
176 190
176 218
176 219
176 225
176 238
176 246
177 180
177 181
177 182
177 186
177 189
177 199
177 212
177 228
177 232
177 234
177 238
177 239
177 248
178 206
178 210
178 246
178 248
179 205
179 227
179 249
180 182
180 187
180 209
180 217
180 238
180 242
181 206
181 215
181 237
181 242
182 185
182 191
182 194
182 205
182 221
182 230
183 184
183 197
183 216
183 218
183 242
183 244
184 194
184 200
184 224
184 230
184 245
185 199
185 217
185 228
185 240
186 192
186 213
186 219
186 222
186 227
186 243
187 188
187 203
187 206
187 237
187 242
187 248
188 194
188 196
189 192
189 215
189 218
189 227
190 206
190 212
190 215
190 219
191 202
191 220
191 226
191 229
191 238
191 240
192 193
192 196
192 213
192 215
192 216
192 232
192 246
193 198
194 197
194 202
194 204
194 233
195 214
196 209
196 220
196 237
197 203
197 212
197 226
197 242
198 209
198 214
198 215
198 233
199 218
199 241
199 242
200 206
200 225
201 208
201 212
201 236
201 238
201 241
202 210
202 222
202 242
203 204
204 232
205 207
205 235
206 222
206 239
207 217
207 220
207 233
208 220
208 227
208 238
208 242
208 244
208 245
208 249
209 211
209 214
209 245
210 220
210 225
210 231
211 238
211 240
212 215
212 219
212 220
212 229
212 240
212 245
213 215
213 217
213 241
215 221
215 227
215 230
215 242
215 244
216 217
216 227
217 236
217 243
219 223
219 230
219 232
219 241
220 231
220 245
222 225
222 243
224 233
225 229
225 230
225 237
225 244
227 236
230 236
230 242
230 247
231 238
232 237
232 248
233 242
235 243
236 239
238 248
