0 24
0 33
0 34
0 35
0 41
0 45
0 62
0 74
0 77
0 78
0 85
0 101
0 144
0 167
0 196
0 202
0 204
0 222
0 226
0 245
0 246
1 31
1 89
1 92
1 110
1 124
1 129
1 145
1 149
1 155
1 175
1 188
1 192
1 213
1 222
1 235
1 247
2 10
2 13
2 16
2 24
2 37
2 40
2 48
2 65
2 75
2 79
2 108
2 111
2 119
2 125
2 126
2 141
2 150
2 164
2 165
2 168
2 171
2 183
2 205
2 227
3 19
3 23
3 37
3 41
3 48
3 58
3 81
3 128
3 131
3 149
3 156
3 173
3 175
3 193
3 205
3 206
3 210
3 211
3 241
4 12
4 22
4 47
4 69
4 88
4 101
4 105
4 111
4 122
4 146
4 159
4 160
4 180
4 203
4 207
4 210
4 221
4 224
4 230
4 233
4 248
5 11
5 15
5 19
5 33
5 42
5 52
5 74
5 91
5 94
5 129
5 154
5 165
5 169
5 173
5 197
5 213
5 215
5 219
5 249
6 64
6 106
6 129
6 147
6 155
6 158
6 159
6 161
6 174
6 177
6 191
6 207
6 218
6 220
6 229
6 231
6 233
6 241
6 242
7 12
7 22
7 31
7 43
7 47
7 65
7 77
7 110
7 118
7 129
7 133
7 147
7 158
7 179
7 182
7 188
7 194
7 196
7 248
8 16
8 40
8 88
8 89
8 139
8 142
8 163
8 174
8 192
8 202
8 249
9 17
9 21
9 25
9 31
9 39
9 42
9 44
9 58
9 73
9 75
9 83
9 103
9 109
9 116
9 132
9 145
9 165
9 175
9 186
9 215
9 219
9 227
10 59
10 61
10 79
10 84
10 93
10 140
10 159
10 166
10 206
10 219
10 221
10 230
10 232
10 247
11 55
11 57
11 103
11 171
11 174
11 197
11 207
11 217
12 14
12 37
12 42
12 57
12 59
12 67
12 68
12 74
12 77
12 105
12 107
12 108
12 112
12 122
12 140
12 145
12 154
12 185
12 188
12 225
12 234
12 241
13 42
13 71
13 90
13 91
13 96
13 131
13 139
13 142
13 155
13 156
13 166
13 174
13 211
13 241
13 242
14 22
14 33
14 52
14 56
14 57
14 58
14 68
14 79
14 87
14 97
14 112
14 116
14 183
14 187
14 191
14 195
14 219
14 222
14 248
15 19
15 22
15 27
15 30
15 37
15 38
15 45
15 57
15 101
15 110
15 111
15 116
15 172
15 177
15 178
15 179
15 182
15 187
15 195
15 228
15 248
16 41
16 62
16 66
16 85
16 94
16 99
16 126
16 142
16 146
16 152
16 188
16 189
16 202
16 220
16 226
17 23
17 32
17 46
17 48
17 63
17 70
17 122
17 123
17 125
17 140
17 160
17 161
17 168
17 169
17 185
17 232
17 235
17 245
18 28
18 30
18 32
18 33
18 39
18 44
18 66
18 75
18 100
18 166
18 171
18 174
18 182
18 186
18 195
18 222
18 226
18 249
19 43
19 45
19 46
19 47
19 57
19 77
19 91
19 93
19 94
19 102
19 104
19 127
19 139
19 151
19 186
19 197
19 199
19 227
19 235
19 239
20 24
20 75
20 89
20 103
20 106
20 110
20 116
20 119
20 126
20 136
20 146
20 148
20 155
20 175
20 182
20 187
20 205
20 208
20 218
21 33
21 45
21 56
21 63
21 73
21 82
21 109
21 130
21 144
21 147
21 150
21 160
21 170
21 185
21 195
21 208
21 219
21 224
21 236
21 238
22 27
22 76
22 82
22 110
22 111
22 129
22 137
22 184
22 191
22 207
22 232
22 242
23 36
23 46
23 50
23 53
23 55
23 59
23 82
23 100
23 105
23 118
23 133
23 160
23 163
23 170
23 172
23 175
23 183
23 187
23 192
23 205
23 213
23 221
23 225
23 228
23 233
23 236
23 246
24 49
24 56
24 64
24 78
24 80
24 88
24 89
24 104
24 111
24 116
24 128
24 138
24 162
24 226
24 244
25 31
25 35
25 68
25 70
25 88
25 93
25 113
25 154
25 159
25 175
25 181
25 208
25 212
26 56
26 61
26 65
26 72
26 73
26 82
26 85
26 94
26 106
26 112
26 117
26 130
26 137
26 145
26 166
26 183
26 196
26 230
26 234
26 237
26 244
26 247
27 44
27 45
27 63
27 69
27 71
27 72
27 84
27 86
27 89
27 140
27 155
27 160
27 206
27 210
27 215
27 222
27 235
27 238
27 242
28 36
28 61
28 62
28 67
28 74
28 89
28 90
28 94
28 97
28 106
28 112
28 141
28 151
28 165
28 174
28 183
28 190
28 193
28 202
28 218
28 242
28 244
29 71
29 80
29 101
29 116
29 117
29 134
29 157
29 171
29 193
29 210
30 42
30 63
30 69
30 77
30 104
30 111
30 114
30 130
30 145
30 147
30 162
30 198
30 208
30 221
30 242
31 37
31 48
31 56
31 60
31 131
31 136
31 157
31 161
31 214
31 218
31 220
31 227
32 35
32 38
32 56
32 58
32 59
32 84
32 112
32 116
32 150
32 193
32 197
32 200
32 225
32 230
32 232
32 238
33 67
33 68
33 74
33 76
33 90
33 92
33 100
33 110
33 117
33 125
33 127
33 145
33 156
33 226
34 37
34 93
34 111
34 136
34 177
34 208
34 221
34 242
34 247
35 38
35 40
35 44
35 60
35 77
35 79
35 108
35 136
35 144
35 156
35 173
35 177
35 193
35 201
35 204
35 214
35 228
35 240
36 110
36 119
36 140
36 161
36 205
36 210
36 212
36 219
36 224
36 231
36 236
37 42
37 48
37 59
37 64
37 77
37 94
37 96
37 150
37 163
37 190
37 194
37 205
37 206
37 231
37 248
38 51
38 70
38 74
38 76
38 88
38 143
38 150
38 167
38 186
38 191
38 202
38 233
38 242
39 51
39 63
39 97
39 143
39 190
39 206
39 209
39 212
39 223
39 231
39 246
40 52
40 55
40 58
40 88
40 104
40 125
40 148
40 149
40 151
40 178
40 179
40 201
40 202
40 204
40 237
41 77
41 82
41 103
41 104
41 115
41 118
41 121
41 122
41 156
41 171
41 181
41 183
41 214
41 215
41 222
42 69
42 73
42 85
42 99
42 116
42 137
42 144
42 167
42 168
42 177
42 195
42 220
42 236
42 242
43 53
43 60
43 68
43 83
43 86
43 93
43 121
43 123
43 126
43 137
43 154
43 161
43 187
43 204
43 226
43 229
44 64
44 78
44 82
44 84
44 91
44 101
44 109
44 115
44 117
44 149
44 158
44 183
44 186
44 209
44 212
44 216
44 221
44 237
44 239
45 56
45 60
45 77
45 104
45 108
45 113
45 135
45 150
45 179
45 202
45 207
45 212
46 49
46 80
46 106
46 142
46 147
46 173
46 183
46 184
46 192
46 203
46 212
46 215
47 55
47 65
47 68
47 75
47 78
47 92
47 93
47 94
47 126
47 132
47 138
47 159
47 164
47 173
47 176
47 196
47 234
47 248
47 249
48 63
48 77
48 78
48 88
48 94
48 106
48 174
48 183
48 191
48 194
48 205
48 218
48 222
48 231
48 242
48 246
48 248
48 249
49 98
49 108
49 128
49 159
49 179
49 181
49 220
49 240
50 59
50 63
50 67
50 87
50 115
50 127
50 149
50 152
50 156
50 175
50 182
50 187
50 190
50 197
50 207
50 217
50 220
50 228
50 233
51 52
51 62
51 67
51 84
51 91
51 97
51 121
51 169
51 181
51 186
51 191
51 198
51 201
51 205
51 215
52 62
52 77
52 82
52 94
52 121
52 147
52 155
52 158
52 168
52 209
52 216
52 249
53 56
53 59
53 75
53 142
53 195
53 208
53 215
54 67
54 78
54 95
54 98
54 157
54 177
54 207
54 212
54 226
54 241
54 242
54 246
54 247
55 83
55 111
55 124
55 127
55 132
55 158
55 176
55 214
56 60
56 139
56 149
56 171
56 175
56 181
56 194
56 216
56 221
57 63
57 77
57 92
57 101
57 139
57 159
57 169
57 176
57 186
57 213
57 214
57 239
58 70
58 72
58 74
58 98
58 101
58 110
58 121
58 123
58 142
58 146
58 188
58 189
58 216
58 240
59 66
59 116
59 131
59 143
59 229
59 240
60 84
60 88
60 89
60 90
60 109
60 111
60 125
60 134
60 138
60 145
60 152
60 178
60 184
60 204
60 217
60 234
61 86
61 101
61 121
61 130
61 135
61 142
61 170
61 182
61 189
61 210
61 247
62 71
62 76
62 81
62 103
62 169
62 176
62 191
62 198
62 226
62 242
63 72
63 73
63 81
63 91
63 93
63 106
63 115
63 151
63 157
63 167
63 174
63 189
63 202
63 203
63 221
63 231
63 238
63 247
64 80
64 88
64 92
64 132
64 134
64 196
64 227
65 66
65 93
65 98
65 100
65 102
65 109
65 131
65 137
65 159
65 203
65 220
65 232
66 72
66 86
66 93
66 100
66 111
66 113
66 115
66 136
66 143
66 152
66 165
66 173
66 183
66 186
66 200
66 212
66 213
67 78
67 95
67 99
67 163
67 197
67 198
67 199
67 205
67 212
67 226
68 142
68 143
68 160
68 161
68 169
68 175
68 197
68 220
68 248
69 90
69 107
69 112
69 124
69 125
69 161
69 166
69 169
69 193
69 196
69 198
69 217
69 218
69 222
69 224
69 236
69 242
69 245
70 89
70 149
70 158
70 163
70 197
70 246
71 83
71 104
71 111
71 121
71 133
71 156
71 166
71 169
71 182
71 196
71 242
72 119
72 132
72 139
72 148
72 156
72 165
72 172
72 183
72 200
72 203
72 239
73 103
73 150
73 168
73 169
73 174
73 192
73 195
73 208
73 240
73 241
74 102
74 104
74 106
74 115
74 120
74 124
74 127
74 139
74 146
74 149
74 161
74 193
74 200
74 203
74 207
74 212
74 216
74 227
74 239
74 241
75 77
75 98
75 103
75 109
75 146
75 152
75 157
75 163
75 172
75 188
75 201
76 91
76 96
76 109
76 131
76 136
76 147
76 156
76 163
76 169
76 192
76 193
76 196
76 222
76 226
77 107
77 111
77 115
77 117
77 120
77 128
77 130
77 134
77 190
77 209
77 214
77 221
77 223
77 233
77 237
77 249
78 81
78 85
78 97
78 121
78 210
78 217
78 245
79 82
79 86
79 103
79 128
79 141
79 162
79 167
79 177
79 188
79 217
79 220
79 225
79 226
79 231
79 244
80 85
80 96
80 108
80 109
80 112
80 115
80 137
80 142
80 186
80 205
80 222
80 246
81 82
81 86
81 94
81 118
81 153
81 171
81 179
81 180
81 185
81 200
81 212
81 215
81 222
81 229
82 86
82 91
82 103
82 109
82 110
82 126
82 144
82 151
82 160
82 177
82 187
82 193
82 205
82 207
82 225
82 226
82 238
82 244
82 248
83 91
83 132
83 134
83 136
83 162
83 171
83 174
83 191
83 200
83 208
83 215
83 226
83 237
83 238
84 89
84 123
84 124
84 132
84 144
84 148
84 150
84 153
84 155
84 160
84 178
84 212
84 222
84 225
85 98
85 101
85 102
85 111
85 121
85 167
85 230
85 241
86 114
86 129
86 132
86 137
86 155
86 174
86 186
86 187
86 197
86 201
86 212
87 95
87 96
87 102
87 111
87 121
87 131
87 136
87 137
87 140
87 164
87 176
87 190
87 215
87 230
87 232
88 112
88 119
88 142
88 148
88 149
88 154
88 158
88 204
88 214
88 228
88 234
88 240
89 102
89 105
89 131
89 146
89 150
89 157
89 166
89 177
89 215
89 233
90 111
90 113
90 141
90 148
90 175
90 195
90 201
90 203
90 207
90 212
90 226
91 92
91 93
91 109
91 112
91 124
91 148
91 153
91 154
91 167
91 192
91 201
91 203
91 204
91 212
91 222
91 237
92 102
92 111
92 121
92 124
92 129
92 150
92 152
92 173
92 177
92 188
92 191
92 197
92 239
92 249
93 102
93 106
93 110
93 115
93 116
93 117
93 120
93 171
93 188
93 192
93 199
93 202
93 226
94 99
94 107
94 111
94 120
94 151
94 164
94 178
94 204
94 215
94 225
94 243
95 105
95 129
95 131
95 135
95 136
95 149
95 182
95 207
95 220
95 222
96 131
96 171
96 199
96 207
96 215
96 246
96 247
96 249
97 99
97 108
97 116
97 123
97 125
97 156
97 164
97 169
97 170
97 171
97 172
97 186
97 187
97 189
97 217
97 219
97 224
98 99
98 102
98 104
98 105
98 146
98 185
98 233
98 238
98 242
99 120
99 138
99 171
99 186
99 202
99 220
99 228
100 105
100 112
100 130
100 143
100 156
100 157
100 211
100 221
100 230
100 234
101 143
101 153
101 170
101 173
101 192
101 223
101 226
101 230
101 234
101 240
101 248
102 105
102 109
102 145
102 165
102 166
102 172
102 175
102 195
102 206
102 214
102 237
103 104
103 109
103 132
103 133
103 137
103 144
103 145
103 153
103 158
103 203
103 232
103 236
103 241
104 110
104 123
104 129
104 158
104 164
104 182
104 205
104 218
104 225
104 235
105 109
105 113
105 132
105 133
105 138
105 164
105 171
105 177
105 178
105 215
105 226
105 229
105 231
105 233
105 245
106 145
106 150
106 175
106 197
106 212
106 217
106 230
106 234
107 130
107 145
107 174
107 225
107 227
107 241
107 248
108 129
108 139
108 198
108 216
108 231
108 232
109 120
109 150
109 156
109 164
109 205
109 226
110 138
110 140
110 151
110 170
110 172
110 191
110 202
110 235
110 239
111 137
111 143
111 153
111 163
111 180
111 181
111 196
111 198
111 204
111 212
111 213
111 216
111 240
112 113
112 137
112 149
112 159
112 198
112 201
112 224
113 119
113 161
113 182
113 189
113 211
113 218
113 235
113 242
113 244
114 128
114 131
114 160
114 173
114 194
114 195
114 206
114 217
114 220
114 225
114 235
115 126
115 127
115 146
115 155
115 186
115 187
115 194
115 203
115 209
115 235
116 144
116 174
116 184
116 190
116 205
116 216
116 231
116 232
116 234
116 239
116 244
117 121
117 126
117 182
117 185
117 192
117 197
117 198
117 210
118 150
118 153
118 154
118 195
118 215
118 229
119 133
119 165
119 166
119 175
119 180
119 187
119 191
119 192
119 196
119 199
119 217
119 221
119 230
119 241
120 125
120 129
120 141
120 142
120 162
120 167
120 169
120 193
120 195
120 214
120 228
120 230
120 245
120 249
121 144
121 172
121 174
121 180
121 186
121 189
121 201
121 216
121 243
121 245
122 129
122 163
122 165
122 179
122 182
122 194
122 196
122 224
122 248
123 124
123 131
123 135
123 144
123 165
123 188
123 197
123 201
123 206
123 227
123 237
124 144
124 147
124 157
124 171
124 199
124 205
124 209
125 133
125 142
125 143
125 150
125 155
125 171
125 175
125 177
125 184
125 185
125 245
126 129
126 134
126 176
126 205
126 222
126 225
126 226
126 227
126 249
127 129
127 136
127 165
127 198
127 199
127 201
127 204
128 130
128 134
128 153
128 172
128 185
128 188
128 203
128 207
128 239
128 243
128 249
129 132
129 170
129 173
129 200
129 220
129 229
129 234
129 235
130 132
130 164
130 169
130 171
130 212
130 219
130 223
130 248
131 159
131 187
131 203
131 205
131 241
132 140
132 143
132 174
132 193
132 197
132 215
132 218
132 238
132 241
133 159
133 166
133 170
133 172
133 191
133 195
133 231
133 234
133 237
133 245
133 246
134 147
134 148
134 160
134 162
134 171
134 204
135 136
135 137
135 139
135 158
135 166
135 171
135 197
135 206
135 234
136 149
136 159
136 166
136 170
136 185
136 216
137 146
137 150
137 163
137 177
137 198
137 207
137 208
137 221
137 229
137 239
137 243
138 146
138 190
138 199
138 208
138 225
138 245
139 156
139 169
139 173
139 176
139 205
139 224
139 230
139 233
140 151
140 159
140 174
140 187
140 190
140 195
140 202
140 208
140 217
140 229
140 239
141 198
141 206
141 216
141 248
142 182
142 216
142 236
142 238
142 242
142 247
143 153
143 156
143 172
143 176
143 185
143 192
143 205
143 214
143 222
143 232
144 145
144 149
144 161
144 168
144 169
144 173
144 188
144 192
144 206
144 228
144 239
144 243
144 246
145 164
145 167
145 173
145 175
145 185
145 223
145 228
145 243
146 155
146 166
146 170
146 175
146 201
146 206
146 239
146 245
147 152
147 160
147 166
147 188
147 198
147 206
147 215
147 225
147 230
147 242
147 244
147 247
148 164
148 165
148 174
148 198
148 204
148 217
148 225
148 226
148 234
149 151
149 158
149 191
149 193
149 200
149 208
149 222
149 243
150 160
150 161
150 163
150 167
150 206
150 210
150 224
150 225
151 165
151 168
151 217
151 225
152 156
152 169
152 181
152 183
152 192
152 216
152 222
152 223
152 229
152 233
153 164
153 175
153 189
153 224
154 176
154 189
154 198
155 157
155 170
155 172
155 179
155 186
155 188
155 193
155 210
155 215
155 216
155 232
155 234
155 243
155 245
156 170
156 176
156 181
156 189
156 210
156 241
157 161
157 173
157 178
157 186
157 189
157 197
157 208
157 222
158 164
158 181
158 183
158 195
158 206
158 219
158 224
159 187
159 220
159 240
159 243
160 189
160 215
160 218
160 225
160 236
161 162
161 165
161 183
161 209
161 226
161 236
161 247
162 167
162 176
162 187
162 191
162 197
162 207
162 210
162 211
162 224
162 234
162 246
163 188
163 203
163 239
163 240
164 219
164 228
165 184
165 198
165 204
165 209
165 211
165 215
165 234
165 235
165 239
166 175
166 178
166 179
166 180
166 191
166 193
166 238
167 176
167 191
167 197
167 223
167 224
167 231
167 242
167 246
168 180
168 187
168 205
168 210
168 221
169 195
169 203
169 207
169 215
169 230
169 238
170 177
170 199
170 216
170 234
170 245
170 249
171 184
171 210
171 229
171 236
171 239
171 244
172 176
172 211
172 219
172 222
172 225
172 231
173 184
173 230
173 240
173 242
173 244
173 246
174 222
174 243
175 181
175 188
175 199
175 202
175 203
175 204
176 180
176 197
176 216
176 240
177 178
177 200
177 204
177 213
177 215
177 223
177 226
177 242
177 244
177 249
178 217
178 237
179 182
179 211
179 224
179 237
179 246
180 193
180 201
180 206
180 223
181 196
181 198
181 219
181 227
181 238
182 185
182 198
182 200
182 207
182 209
182 213
182 230
183 197
183 220
183 225
183 232
183 239
184 192
184 201
184 215
184 225
184 226
184 249
185 198
185 204
185 238
185 245
186 198
186 211
186 218
186 222
186 226
186 227
186 242
187 195
187 210
188 190
188 206
188 213
188 215
188 222
188 244
189 191
189 202
189 204
189 239
190 196
190 198
190 225
190 243
191 199
191 213
191 235
191 238
191 239
191 241
192 236
192 238
192 239
193 194
193 208
193 224
194 208
194 233
194 247
194 249
195 215
195 224
195 228
195 234
195 235
196 217
196 219
196 223
196 226
196 236
197 201
197 203
197 209
198 217
198 225
198 227
198 238
199 202
199 229
199 248
200 210
201 218
201 230
201 236
201 240
202 210
202 211
202 214
202 230
202 248
202 249
203 218
203 224
203 232
203 247
204 206
204 211
204 224
204 229
205 220
205 227
205 233
205 234
205 238
205 247
206 227
206 238
207 216
207 221
207 230
207 236
208 229
208 230
208 234
208 245
209 224
209 229
209 247
209 249
210 236
211 215
211 221
211 227
211 245
212 216
212 224
212 238
213 223
213 231
214 248
214 249
215 219
215 224
215 228
216 220
216 230
216 233
216 235
216 236
216 244
216 246
216 247
217 220
217 229
217 235
217 239
217 242
218 219
219 228
219 229
219 231
220 231
220 237
221 247
222 229
222 231
222 233
222 240
223 238
224 244
225 227
225 239
225 248
226 229
227 230
230 231
233 240
233 244
233 246
235 239
235 245
236 242
236 244
237 242
237 244
238 244
239 240
241 248
244 247
246 248
