0 5
0 6
0 43
0 56
0 66
0 82
0 97
0 98
0 103
0 110
0 131
0 151
0 163
0 197
0 234
0 240
0 246
1 5
1 6
1 53
1 54
1 62
1 78
1 84
1 87
1 98
1 107
1 108
1 113
1 114
1 134
1 174
1 213
2 11
2 33
2 58
2 62
2 114
2 116
2 122
2 163
2 193
2 215
2 222
2 225
2 240
3 8
3 10
3 17
3 47
3 98
3 104
3 114
3 121
3 125
3 134
3 139
3 160
3 167
3 178
3 185
3 206
3 215
3 223
4 40
4 58
4 64
4 105
4 128
4 137
4 141
4 147
4 159
4 182
4 226
5 7
5 25
5 28
5 34
5 35
5 37
5 63
5 77
5 83
5 102
5 126
5 147
5 189
5 209
5 221
5 237
6 10
6 15
6 27
6 39
6 42
6 62
6 70
6 80
6 93
6 118
6 137
6 153
6 159
6 188
6 192
7 10
7 17
7 20
7 37
7 38
7 44
7 62
7 81
7 82
7 85
7 104
7 110
7 135
7 152
7 194
7 198
8 15
8 29
8 37
8 63
8 82
8 86
8 98
8 128
8 129
8 131
8 142
8 143
8 151
8 152
8 162
8 178
8 181
8 187
8 209
8 221
8 223
9 33
9 45
9 47
9 57
9 94
9 105
9 139
9 171
9 207
9 216
9 234
9 235
9 239
9 240
10 20
10 22
10 23
10 27
10 33
10 36
10 55
10 68
10 139
10 140
10 178
10 205
10 236
10 240
11 17
11 40
11 57
11 61
11 78
11 89
11 143
11 154
11 171
11 208
11 212
11 222
11 232
11 249
12 16
12 17
12 27
12 105
12 107
12 115
12 142
12 182
12 185
12 193
12 217
12 221
12 226
13 28
13 41
13 44
13 46
13 60
13 66
13 95
13 115
13 138
13 164
13 172
13 198
13 203
13 205
13 209
13 232
14 21
14 25
14 53
14 59
14 61
14 93
14 101
14 113
14 149
14 161
14 179
14 185
14 197
14 209
14 226
14 227
14 233
14 234
14 243
14 247
15 29
15 32
15 50
15 66
15 80
15 91
15 101
15 103
15 130
15 133
15 153
15 160
15 163
15 172
15 205
15 232
16 20
16 33
16 59
16 62
16 74
16 101
16 105
16 117
16 123
16 147
16 153
16 176
16 184
16 194
16 209
16 246
17 33
17 34
17 66
17 67
17 75
17 108
17 111
17 126
17 154
17 178
17 219
17 225
17 228
17 246
18 82
18 85
18 114
18 156
18 174
18 175
18 184
18 199
18 238
19 45
19 72
19 94
19 108
19 124
19 127
19 134
19 140
19 147
19 149
19 151
19 158
19 208
19 211
19 224
19 227
19 242
19 243
20 31
20 45
20 56
20 63
20 73
20 81
20 92
20 94
20 113
20 129
20 138
20 172
20 174
20 175
20 185
20 187
20 193
20 204
20 220
20 229
20 231
20 232
21 26
21 46
21 59
21 76
21 80
21 98
21 109
21 113
21 117
21 122
21 133
21 150
21 158
21 161
21 168
21 205
21 241
22 47
22 53
22 57
22 89
22 92
22 103
22 105
22 153
22 159
22 166
22 188
22 240
23 24
23 39
23 58
23 69
23 70
23 81
23 87
23 98
23 104
23 110
23 120
23 124
23 134
23 166
23 171
23 193
23 201
23 211
23 221
23 226
23 228
23 241
23 245
24 26
24 59
24 80
24 92
24 106
24 119
24 133
24 173
24 189
24 204
24 206
24 208
25 29
25 40
25 50
25 76
25 78
25 80
25 87
25 96
25 118
25 123
25 130
25 131
25 148
25 163
25 180
25 203
25 204
25 230
25 238
25 244
26 58
26 79
26 80
26 99
26 106
26 114
26 134
26 155
26 166
26 205
26 216
27 45
27 67
27 80
27 114
27 125
27 135
27 184
27 194
27 199
27 200
27 209
27 215
27 217
27 219
27 225
27 244
28 62
28 78
28 87
28 101
28 118
28 130
28 143
28 154
28 161
28 170
28 172
28 179
28 208
28 218
28 222
28 241
29 53
29 56
29 58
29 113
29 116
29 128
29 141
29 153
29 168
29 169
29 173
29 191
30 48
30 49
30 112
30 131
30 132
30 149
30 183
30 210
30 215
30 220
30 225
30 234
30 243
31 34
31 53
31 56
31 81
31 85
31 89
31 94
31 108
31 122
31 136
31 142
31 148
31 173
31 196
31 207
31 210
32 34
32 54
32 59
32 97
32 117
32 133
32 141
32 169
32 185
33 45
33 49
33 57
33 61
33 64
33 73
33 74
33 86
33 99
33 119
33 133
33 141
33 164
33 185
33 190
33 194
33 203
33 227
33 232
33 234
33 235
34 63
34 89
34 109
34 112
34 140
34 148
34 157
34 161
34 189
34 206
34 238
35 55
35 62
35 68
35 72
35 79
35 91
35 93
35 99
35 153
35 156
35 170
35 181
35 187
35 216
36 47
36 58
36 65
36 74
36 75
36 127
36 128
36 129
36 140
36 143
36 153
36 166
36 170
36 191
37 54
37 78
37 81
37 117
37 158
37 222
38 40
38 44
38 77
38 105
38 128
38 142
38 144
38 150
38 158
38 162
38 196
38 214
38 224
38 246
39 49
39 66
39 72
39 79
39 98
39 101
39 104
39 131
39 150
39 161
39 162
39 175
39 177
39 191
39 193
39 201
39 229
39 234
40 117
40 126
40 128
40 136
40 143
40 148
40 187
40 195
40 199
40 202
40 240
41 58
41 82
41 85
41 87
41 98
41 104
41 116
41 130
41 150
41 156
41 162
41 169
41 175
41 197
41 223
42 49
42 58
42 72
42 82
42 115
42 116
42 149
42 164
42 168
42 201
42 211
42 220
42 239
42 245
43 58
43 72
43 83
43 96
43 108
43 110
43 150
43 166
43 172
43 184
43 204
43 233
43 236
43 238
43 240
43 241
44 59
44 68
44 124
44 133
44 136
44 148
44 165
44 188
44 213
44 246
45 59
45 75
45 89
45 96
45 126
45 170
45 186
45 211
45 229
45 236
45 244
46 132
46 137
46 144
46 160
46 167
46 169
46 174
46 189
46 196
46 211
46 215
47 70
47 76
47 85
47 101
47 109
47 123
47 134
47 136
47 142
47 152
47 163
47 173
47 182
47 183
47 195
47 216
47 237
48 50
48 89
48 91
48 112
48 127
48 143
48 158
48 186
48 189
48 195
48 199
48 203
48 204
48 241
49 53
49 58
49 65
49 78
49 83
49 92
49 101
49 102
49 122
49 138
49 148
49 152
49 193
49 216
50 69
50 78
50 86
50 112
50 118
50 146
50 174
50 175
50 189
50 196
50 199
50 236
50 237
50 238
50 239
51 52
51 54
51 112
51 120
51 163
51 198
51 209
51 217
51 221
51 238
51 244
52 66
52 67
52 96
52 100
52 101
52 104
52 122
52 141
52 150
52 158
52 160
52 169
52 190
52 209
52 212
52 225
52 241
52 248
53 64
53 74
53 95
53 123
53 139
53 156
53 188
54 83
54 156
54 177
54 189
54 206
54 215
55 57
55 61
55 75
55 82
55 85
55 112
55 121
55 129
55 132
55 160
55 196
55 201
55 212
55 224
55 225
55 233
56 62
56 69
56 70
56 117
56 118
56 131
56 132
56 135
56 148
56 156
56 177
56 197
56 226
57 64
57 70
57 144
57 152
57 184
57 185
57 192
57 209
57 210
57 217
57 227
57 229
57 232
57 236
57 249
58 83
58 102
58 109
58 147
58 156
58 165
58 198
58 209
58 211
59 76
59 77
59 83
59 91
59 106
59 111
59 125
59 140
59 141
59 197
59 198
59 209
59 221
59 245
59 247
60 65
60 66
60 71
60 91
60 95
60 114
60 137
60 151
60 196
60 198
60 220
60 229
61 90
61 96
61 103
61 115
61 123
61 190
61 206
61 215
61 217
61 219
61 243
61 247
62 98
62 107
62 125
62 132
62 158
62 185
62 186
62 199
62 216
62 223
62 237
62 239
63 77
63 86
63 94
63 162
63 164
63 175
63 186
63 213
64 76
64 80
64 96
64 150
64 167
64 172
64 176
64 188
64 189
64 198
64 210
64 212
64 214
64 243
65 66
65 68
65 73
65 79
65 98
65 131
65 139
65 163
65 228
65 248
66 81
66 102
66 112
66 113
66 135
66 160
66 164
66 179
66 198
66 199
66 211
66 216
66 230
66 232
66 235
66 238
66 241
66 248
67 85
67 107
67 131
67 157
67 167
67 180
67 192
67 196
67 208
67 221
67 230
68 76
68 77
68 82
68 90
68 121
68 122
68 143
68 179
68 192
68 204
68 212
68 226
68 228
69 79
69 104
69 125
69 137
69 139
69 141
69 178
69 200
69 247
69 248
70 78
70 91
70 104
70 122
70 209
70 227
70 247
71 76
71 91
71 104
71 107
71 112
71 129
71 147
71 162
71 232
72 84
72 109
72 150
72 161
72 185
72 192
72 198
72 217
72 218
72 234
73 77
73 91
73 106
73 115
73 135
73 170
73 192
73 222
74 80
74 87
74 96
74 113
74 117
74 124
74 133
74 143
74 145
74 170
74 188
74 214
74 226
74 236
74 239
75 82
75 92
75 101
75 102
75 118
75 147
75 181
75 210
75 230
75 232
75 238
75 243
76 83
76 85
76 117
76 129
76 144
76 151
76 159
76 164
76 168
76 173
76 179
76 185
76 200
76 213
76 232
77 100
77 119
77 141
77 150
77 187
77 226
77 234
77 243
78 92
78 103
78 131
78 132
78 145
78 169
78 174
78 236
79 148
79 154
79 155
79 162
79 169
79 174
79 194
79 207
79 208
79 211
79 213
79 233
80 87
80 98
80 110
80 125
80 130
80 131
80 136
80 152
80 168
80 169
80 171
80 177
80 183
80 203
80 229
80 230
81 104
81 123
81 138
81 142
81 153
81 160
81 166
81 189
81 209
81 211
81 233
81 249
82 117
82 123
82 134
82 142
82 161
82 177
82 185
82 193
82 232
82 238
82 241
83 87
83 104
83 107
83 118
83 121
83 127
83 132
83 136
83 140
83 167
83 179
83 191
83 210
83 233
83 238
84 87
84 101
84 111
84 129
84 137
84 174
84 206
84 210
84 219
84 247
85 94
85 101
85 115
85 121
85 130
85 136
85 138
85 149
85 150
85 173
85 188
85 213
85 234
85 249
86 90
86 91
86 92
86 95
86 124
86 129
86 143
86 148
86 155
86 166
86 211
86 239
87 105
87 120
87 134
87 140
87 180
87 233
87 249
88 104
88 119
88 124
88 129
88 141
88 142
88 161
88 162
88 167
88 177
88 199
88 201
88 245
89 101
89 135
89 147
89 204
89 207
89 215
89 235
90 91
90 103
90 116
90 129
90 150
90 160
90 184
90 208
90 213
90 234
91 96
91 126
91 137
91 148
91 175
91 210
91 212
91 225
91 248
92 97
92 103
92 113
92 150
92 153
92 169
92 170
92 195
92 207
92 209
92 211
92 215
92 220
92 249
93 95
93 112
93 121
93 137
93 140
93 165
93 176
93 197
93 199
93 216
94 103
94 123
94 135
94 192
94 232
95 104
95 140
95 147
95 165
95 172
95 174
95 176
95 179
95 192
95 203
95 221
95 228
95 236
96 108
96 128
96 146
96 148
96 149
96 153
96 176
96 182
96 196
96 197
96 200
96 202
96 212
96 213
97 129
97 150
97 152
97 167
97 204
97 206
98 103
98 135
98 139
98 149
98 194
99 104
99 117
99 120
99 147
99 151
99 178
99 180
99 189
99 193
99 208
99 213
99 228
99 230
99 238
99 241
100 138
100 139
100 150
100 158
100 173
100 199
100 213
100 216
100 221
100 228
100 232
101 128
101 143
101 146
101 165
101 194
101 244
101 246
101 249
102 104
102 134
102 201
102 213
102 216
102 229
102 234
102 235
102 240
102 245
102 247
103 110
103 131
103 137
103 143
103 149
103 161
103 176
103 178
103 183
103 199
103 218
104 120
104 150
104 209
104 210
105 106
105 122
105 146
105 157
105 161
105 164
105 168
105 169
105 175
105 224
105 227
105 229
105 234
105 242
106 111
106 120
106 126
106 134
106 145
106 166
106 187
106 192
106 201
106 207
106 209
106 218
106 237
107 115
107 119
107 150
107 155
107 234
107 236
108 147
108 209
108 215
108 245
109 123
109 131
109 156
109 159
109 184
109 191
109 195
109 232
109 233
110 190
110 227
110 240
111 122
111 126
111 129
111 140
111 156
111 208
111 234
111 241
112 123
112 137
112 139
112 140
112 142
112 146
112 147
112 166
112 225
112 244
112 247
113 127
113 147
113 157
113 165
113 177
113 190
113 197
113 202
113 206
113 230
114 130
114 131
114 139
114 154
114 160
114 168
114 201
114 214
114 234
114 242
115 143
115 148
115 149
115 158
115 160
115 161
115 166
115 171
115 175
115 185
115 193
115 194
115 224
115 232
115 240
116 141
116 144
116 151
116 216
116 221
116 243
117 120
117 129
117 141
117 177
117 178
117 187
117 191
117 200
117 214
117 217
118 124
118 139
118 177
118 200
119 131
119 145
119 169
119 176
119 182
119 196
119 205
119 226
119 245
120 121
120 133
120 148
120 164
120 166
120 169
120 175
120 184
120 203
120 211
120 230
121 144
121 156
121 196
121 197
121 200
121 219
121 220
122 124
122 156
122 158
122 169
122 181
122 207
122 224
122 228
122 238
122 245
123 137
123 157
123 159
123 165
123 170
123 199
123 234
124 148
124 163
124 173
124 181
124 186
124 193
124 200
124 212
124 217
124 228
125 129
125 137
125 152
125 174
125 195
125 211
125 246
126 129
126 161
126 172
127 146
127 157
127 180
127 198
127 249
128 131
128 133
128 134
128 141
128 170
128 189
128 191
128 193
128 223
129 139
129 142
129 171
129 174
129 183
129 184
129 189
129 196
129 208
129 211
129 212
129 230
129 243
130 134
130 145
130 158
130 219
130 222
130 228
131 133
131 140
131 201
131 207
131 224
132 156
132 167
132 185
132 187
132 211
133 135
133 166
133 182
133 184
133 201
133 247
134 145
134 162
134 188
134 192
135 145
135 198
135 200
135 207
135 209
135 231
135 245
136 151
136 153
136 169
136 170
136 196
136 230
137 138
137 150
137 166
137 175
137 201
137 215
137 247
138 147
138 188
138 189
138 195
138 229
138 233
139 150
139 161
139 174
139 181
139 184
139 224
139 229
140 163
140 164
140 182
140 194
140 198
140 202
140 233
141 145
141 159
141 179
141 217
141 226
141 228
141 242
142 152
142 178
142 199
142 213
142 241
143 149
143 170
144 179
144 202
144 210
144 212
144 221
144 229
144 246
145 203
145 235
146 150
146 159
146 185
146 215
146 221
146 248
147 162
147 183
147 194
147 210
147 220
147 227
147 234
148 156
148 159
148 190
148 226
148 242
149 156
149 171
149 173
149 176
149 188
149 205
149 217
149 227
150 171
150 182
150 183
151 165
151 168
151 179
151 190
151 200
151 233
151 236
152 154
152 159
152 162
152 167
152 169
152 207
152 244
152 248
153 181
153 185
153 204
154 158
154 161
154 170
154 211
154 215
154 219
154 236
154 242
155 195
155 210
155 236
155 239
155 245
156 158
156 174
156 179
156 203
156 206
156 226
156 243
156 244
156 247
157 169
157 170
157 174
157 209
157 235
157 238
158 164
158 215
158 238
158 242
158 246
159 181
159 186
159 213
159 216
159 218
159 236
159 244
160 161
160 174
160 182
160 187
160 196
160 197
160 214
160 223
160 226
160 228
160 244
161 194
161 208
161 209
161 211
162 176
162 179
162 188
162 196
162 212
162 223
162 233
162 235
163 171
163 186
163 201
163 202
164 167
164 194
164 209
164 215
164 237
165 175
165 189
165 224
165 225
165 233
165 234
166 175
166 191
166 214
166 228
166 231
166 244
166 248
167 186
167 207
167 208
167 219
167 227
167 228
167 236
167 245
168 182
168 201
168 217
168 224
169 197
169 198
169 214
169 247
170 172
170 187
170 198
170 210
170 217
170 219
170 225
171 177
171 201
171 226
171 227
171 232
172 175
172 185
172 214
172 233
173 187
173 199
173 220
173 244
174 180
174 186
174 202
174 219
174 233
174 239
174 247
175 203
175 205
175 212
175 221
176 214
176 224
176 234
177 203
177 213
177 241
178 217
178 221
178 240
178 246
179 238
179 242
180 213
180 222
180 243
181 191
181 199
181 241
182 188
182 217
182 232
183 188
183 218
183 239
183 241
183 247
185 226
185 230
185 233
186 200
186 203
186 216
186 246
186 249
187 217
187 230
187 242
187 244
188 193
188 204
188 210
189 196
189 206
189 214
189 225
189 242
190 191
190 204
190 208
190 235
191 203
191 209
191 211
191 239
192 214
192 216
192 227
192 229
193 235
194 220
194 223
194 246
195 201
195 210
195 217
195 231
195 241
196 202
196 222
196 232
197 202
197 222
197 233
198 204
198 246
199 215
199 236
199 243
199 246
200 206
200 226
200 232
200 249
201 231
201 236
201 237
201 244
201 249
202 203
202 207
202 239
202 242
202 248
203 212
203 229
203 244
204 212
204 227
204 239
205 207
205 212
205 234
205 236
206 207
206 208
208 213
208 230
208 232
208 244
209 219
210 237
210 241
210 244
211 221
212 234
213 215
213 228
213 235
214 225
216 225
216 228
217 222
218 245
219 242
221 243
221 245
221 249
222 225
224 226
224 229
224 230
224 237
225 234
227 233
227 246
228 232
228 236
229 233
229 248
230 238
231 244
232 233
232 240
233 236
235 237
235 240
235 242
236 246
237 246
247 249
