0 20
0 29
0 126
0 165
0 169
0 212
0 221
1 25
1 42
1 44
1 74
1 144
1 204
2 5
2 45
2 81
2 106
2 119
2 145
2 171
2 175
2 216
3 67
3 70
3 116
3 121
3 141
3 147
3 173
4 31
4 42
4 55
4 89
4 90
4 98
4 141
4 178
4 217
4 235
5 20
5 96
5 121
5 150
5 180
5 194
5 247
6 10
6 45
6 82
6 110
6 119
6 136
6 139
6 145
6 176
6 233
6 241
6 249
7 44
7 59
7 76
7 93
7 154
7 214
7 217
8 19
8 90
8 99
8 103
8 135
8 161
8 173
8 219
8 229
8 249
9 32
9 62
9 72
9 114
9 121
9 220
9 232
10 79
10 111
10 123
10 178
10 214
11 60
11 61
11 82
11 92
11 145
11 149
11 219
11 234
12 45
12 57
12 171
12 180
12 191
12 237
12 239
13 25
13 42
13 58
13 103
13 106
13 193
13 211
14 25
14 26
14 51
14 91
14 108
14 114
14 124
14 151
14 179
14 210
14 217
14 240
15 54
15 72
15 80
15 138
15 157
15 228
16 22
16 43
16 57
16 82
16 181
17 67
17 111
17 112
17 173
17 184
17 186
17 228
18 19
18 33
18 70
18 72
18 85
18 102
18 113
18 140
18 142
18 167
18 191
19 123
19 175
19 199
19 227
19 235
20 61
20 94
20 95
20 98
20 112
20 146
20 169
20 178
20 229
21 65
21 109
21 125
21 148
21 219
22 31
22 48
22 101
22 159
22 210
23 62
23 164
23 171
23 184
23 242
24 30
24 42
24 106
24 210
24 243
24 248
25 32
25 59
25 60
25 71
25 76
25 96
25 118
25 136
25 147
25 150
25 156
25 186
26 65
26 79
26 87
26 179
26 194
27 55
27 77
27 90
27 108
27 109
27 246
27 247
28 130
28 141
28 145
28 146
28 149
28 175
28 210
28 231
28 237
29 66
29 88
29 123
29 131
29 178
29 187
29 188
29 213
29 230
30 31
30 86
30 150
30 188
30 195
30 224
31 32
31 87
31 89
31 116
31 132
31 143
31 155
31 177
31 188
31 194
31 206
31 231
31 238
31 239
32 100
32 162
32 165
32 174
32 184
32 249
33 52
33 78
33 88
33 99
33 200
33 232
34 45
34 58
34 102
34 121
34 165
34 180
35 57
35 93
35 141
35 198
35 205
36 70
36 166
36 206
37 86
37 127
37 138
37 140
37 158
37 177
37 209
37 217
37 239
38 159
39 53
39 141
39 148
39 179
39 199
39 217
39 225
39 226
40 99
40 130
41 60
41 86
41 110
41 112
41 141
41 211
41 241
42 67
42 160
42 207
42 209
42 212
43 90
43 142
43 149
43 158
43 160
43 167
43 211
43 222
44 54
44 170
45 76
45 143
45 155
45 178
45 194
45 246
46 53
46 78
46 98
46 105
46 109
46 123
46 126
46 149
46 152
47 101
47 230
48 122
48 161
49 62
49 151
49 155
49 202
49 210
49 219
49 237
50 120
50 152
50 187
51 77
51 91
51 92
51 102
51 140
51 152
51 158
51 188
52 58
52 73
52 96
52 131
52 169
52 195
52 226
52 233
53 107
53 139
53 149
53 181
53 218
54 76
54 78
54 84
54 88
54 92
54 100
54 117
54 135
54 172
54 184
54 223
54 227
54 246
55 78
55 97
55 172
55 175
55 181
56 61
56 79
56 103
56 139
56 166
56 196
57 112
57 191
57 218
58 118
58 180
59 63
59 119
59 156
59 158
59 180
60 153
60 159
60 169
60 172
60 193
60 230
60 245
61 84
61 87
61 122
61 147
61 171
61 248
62 81
62 109
62 156
62 170
62 175
62 209
62 212
63 106
63 116
63 176
63 210
63 217
63 226
64 76
64 153
64 157
65 104
65 127
65 144
65 189
65 221
65 241
65 247
66 79
66 92
66 94
66 126
66 161
66 182
66 239
67 84
67 90
67 103
67 129
67 138
67 188
67 208
67 231
68 97
68 108
68 142
68 185
68 194
69 79
69 169
70 139
70 140
70 144
70 183
70 210
70 231
71 74
71 78
71 132
71 173
71 190
71 206
71 219
72 150
72 158
72 160
72 169
72 178
73 120
73 140
73 162
73 232
74 85
74 93
74 165
74 181
74 188
74 203
74 216
75 97
75 123
75 157
75 216
75 218
75 229
76 81
76 84
76 99
76 102
76 162
76 181
76 214
77 91
77 102
77 144
77 169
77 173
77 190
77 193
77 207
78 92
78 116
78 150
78 164
79 122
79 128
79 134
79 162
79 175
79 218
79 239
80 112
80 166
80 186
80 209
81 85
81 199
81 210
82 113
82 177
83 88
83 89
83 103
83 207
83 222
83 229
83 246
84 91
84 95
84 106
84 142
84 154
84 188
84 215
84 224
85 148
85 180
85 236
86 111
86 146
86 247
87 96
87 122
87 143
87 155
87 188
87 224
88 118
88 120
88 213
89 96
89 97
89 119
89 153
89 179
89 229
89 247
90 95
90 212
90 226
91 97
91 98
91 106
91 119
91 120
91 200
92 114
92 138
92 154
92 209
92 244
93 94
93 150
93 178
93 194
94 96
94 102
94 241
95 144
95 154
95 169
95 192
95 229
95 230
95 246
96 103
96 122
96 123
96 124
96 126
96 164
96 219
96 241
97 144
98 130
98 167
98 205
98 227
99 123
99 135
99 159
99 160
99 224
100 134
100 148
100 168
100 189
100 207
100 208
100 211
100 240
101 129
101 137
101 203
101 207
101 226
101 228
102 164
102 192
102 211
103 105
103 215
103 246
104 124
104 237
104 245
105 167
105 168
105 187
105 204
105 205
105 230
106 131
106 218
106 225
107 109
107 143
107 161
107 174
107 176
107 180
107 217
107 222
107 223
108 144
108 151
108 220
108 228
109 116
109 145
110 119
110 124
110 132
110 138
110 204
111 170
111 182
111 217
112 143
112 152
112 160
112 216
113 135
113 139
113 233
113 240
114 149
114 193
114 227
114 228
115 131
115 145
115 155
115 208
116 135
116 144
116 193
116 207
116 211
116 246
117 169
117 203
117 207
118 119
118 127
119 126
119 157
119 163
119 169
119 238
120 134
120 189
120 229
121 148
121 167
121 171
121 195
121 212
121 227
122 194
122 244
123 154
123 156
123 191
123 226
123 227
123 229
123 239
124 130
124 157
124 162
124 176
124 177
124 178
124 234
124 243
125 201
125 203
125 210
126 128
126 152
126 172
126 213
127 167
127 176
127 180
127 184
127 189
127 234
128 139
128 150
128 196
129 131
129 158
129 164
129 219
129 237
130 163
130 168
130 170
130 182
132 201
132 216
133 153
133 181
133 190
133 198
133 233
134 143
134 192
134 205
134 219
135 141
135 154
135 169
135 202
135 214
135 241
135 248
136 148
136 187
136 196
136 233
137 153
137 218
138 224
139 151
139 205
139 215
139 234
140 178
140 186
140 228
140 248
141 217
141 219
141 225
141 226
142 148
142 238
143 158
143 169
143 174
143 210
143 220
144 202
144 209
144 225
144 240
145 168
145 173
145 191
145 210
145 234
146 157
147 233
148 162
148 168
148 190
149 155
149 171
149 174
149 186
149 211
150 169
150 195
150 226
152 190
152 228
152 237
153 187
153 193
153 195
153 235
154 183
154 186
154 210
154 211
155 157
155 161
155 197
155 202
155 215
155 226
156 165
156 215
157 183
157 204
157 219
158 168
158 185
159 177
159 186
159 190
159 201
160 189
160 196
161 165
161 185
161 223
162 220
162 245
163 206
163 207
163 218
163 222
164 177
164 193
165 197
166 210
166 211
166 228
166 248
168 189
168 237
169 181
169 215
169 230
169 234
170 173
170 222
170 243
171 184
171 249
172 211
172 249
173 177
173 187
173 201
173 202
173 235
174 195
174 198
174 245
175 221
176 225
177 215
177 224
177 247
178 221
179 209
179 235
179 237
180 191
180 192
180 197
182 212
183 202
183 205
184 205
184 224
184 229
184 246
185 202
185 227
185 236
186 226
187 208
187 216
188 205
188 216
188 221
188 231
188 233
189 208
189 211
190 194
190 204
190 240
192 222
193 218
193 227
193 229
194 234
196 198
196 218
196 244
197 198
197 247
198 206
199 219
199 228
200 209
200 239
201 214
201 221
202 230
202 232
203 204
203 206
203 225
204 217
204 243
205 227
205 241
205 242
206 223
207 227
208 218
208 223
209 216
209 236
210 215
210 234
211 222
212 214
214 227
214 237
214 243
215 247
216 244
217 221
219 234
220 222
223 230
223 239
225 237
225 244
225 248
226 233
227 230
228 241
228 242
229 230
231 245
240 242
