0 249
0 2
0 248
0 3
0 247
0 93
1 2
1 3
1 249
1 4
1 248
2 3
2 4
2 5
2 249
3 4
3 5
3 6
4 5
4 6
4 7
5 7
5 8
5 29
6 7
6 8
6 9
7 8
7 9
7 10
8 9
8 10
8 36
8 156
9 10
9 11
9 12
9 206
10 11
10 12
10 13
11 12
11 13
11 14
12 13
12 127
12 104
12 209
13 14
13 15
13 16
14 16
14 17
14 98
15 16
15 17
15 18
16 17
16 18
16 19
17 18
17 19
17 20
18 19
18 20
18 21
18 24
19 20
19 21
19 114
20 22
20 23
20 249
21 22
21 23
21 24
22 23
22 24
22 25
22 123
23 24
23 25
23 26
24 26
24 27
25 27
25 28
25 38
26 27
26 28
26 29
27 28
27 30
27 71
28 31
28 99
28 118
28 81
29 30
29 31
29 32
30 31
30 32
30 33
30 63
31 32
31 34
31 162
32 33
32 34
32 35
33 34
33 35
33 36
33 179
34 35
34 36
34 37
34 245
35 36
35 37
35 38
36 38
36 39
37 38
37 39
37 40
38 39
38 40
38 149
39 41
39 234
39 136
39 147
40 41
40 43
40 133
40 218
41 42
41 43
41 44
42 43
42 45
42 229
43 44
43 45
43 46
44 45
44 46
44 172
45 46
45 47
45 48
46 48
46 49
46 67
46 177
47 48
47 49
47 50
48 49
48 50
48 51
49 50
49 51
49 52
50 51
50 52
50 53
51 52
51 53
51 54
52 53
52 55
52 71
53 54
53 55
53 56
54 55
54 56
54 57
55 56
55 57
55 58
56 58
56 59
56 139
56 198
57 58
57 59
57 60
58 59
58 60
58 61
59 60
59 61
59 62
59 193
59 126
60 61
60 62
60 63
61 62
61 63
61 64
62 63
62 65
62 150
63 64
63 66
63 224
64 65
64 66
64 67
65 66
65 67
65 68
66 67
66 69
66 197
67 68
67 69
67 70
68 69
68 70
68 71
69 70
69 71
69 72
70 71
70 72
70 73
71 72
71 73
71 74
72 73
72 75
72 180
73 74
73 75
73 76
74 75
74 76
74 77
75 76
75 78
75 184
76 77
76 78
76 79
77 78
77 79
77 80
78 79
78 80
78 81
78 180
78 238
79 80
79 81
79 82
79 208
80 81
80 82
80 83
81 82
81 83
81 84
82 85
82 194
82 232
83 84
83 85
83 86
84 85
84 86
84 87
85 86
85 87
85 88
86 87
86 88
86 89
87 88
87 89
87 191
88 89
88 90
88 91
89 90
89 91
89 92
89 178
90 91
90 92
90 93
91 92
91 93
91 94
92 93
92 94
92 95
93 94
93 95
93 96
94 95
94 96
94 97
95 96
95 97
95 98
96 97
96 98
96 99
97 98
97 99
97 100
98 99
98 100
98 101
99 100
99 101
99 102
100 101
100 102
100 103
100 204
101 102
101 103
101 104
102 103
102 104
102 105
102 190
103 104
103 105
103 106
104 105
104 106
104 107
105 106
105 107
105 108
106 107
106 108
106 109
107 108
107 109
107 110
108 109
108 110
108 111
109 110
109 111
109 112
109 217
109 161
110 111
110 112
110 113
111 112
111 113
111 114
111 237
112 113
112 115
112 176
113 114
113 115
113 116
114 115
114 116
114 117
115 116
115 117
115 159
116 117
116 118
116 119
117 118
117 119
117 120
118 120
118 121
119 120
119 121
119 122
120 121
120 122
120 123
121 122
121 123
121 124
122 123
122 124
122 125
123 124
123 125
123 205
124 125
124 126
124 127
125 126
125 127
125 128
126 127
126 128
127 128
127 129
127 130
128 129
128 130
128 131
129 130
129 131
129 132
130 131
130 132
130 133
131 132
131 133
131 134
132 133
132 134
132 135
133 135
133 136
134 136
134 143
134 144
135 136
135 137
135 138
136 138
136 139
137 138
137 139
137 140
138 139
138 140
138 141
139 140
139 167
139 143
140 141
140 142
140 143
141 142
141 143
141 144
142 143
142 144
142 145
143 144
143 145
143 146
144 145
144 146
144 147
145 146
145 147
145 148
146 147
146 148
146 149
147 148
147 149
147 150
148 149
148 150
148 151
149 150
149 151
149 152
150 151
150 152
150 153
150 247
151 152
151 153
151 154
152 153
152 154
152 155
153 154
153 155
153 156
154 155
154 156
154 157
155 156
155 157
155 158
156 157
156 158
156 159
157 158
157 159
157 160
158 159
158 160
158 161
159 160
159 161
159 162
160 161
160 162
160 163
161 162
161 163
162 163
162 164
162 165
163 164
163 165
163 166
164 165
164 166
164 167
165 166
165 167
165 195
166 167
166 168
166 169
167 169
167 170
167 176
168 169
168 170
168 171
169 170
169 171
169 172
170 171
170 172
170 173
171 172
171 173
171 174
172 173
172 174
172 175
172 190
173 174
173 175
173 176
174 176
174 177
174 238
175 176
175 177
175 178
176 177
176 178
176 179
177 179
177 180
177 219
178 181
178 231
179 181
179 182
180 181
180 183
181 182
181 183
181 184
182 183
182 184
182 185
183 184
183 185
183 186
184 185
184 186
184 212
185 186
185 187
185 188
186 187
186 188
186 189
187 188
187 189
187 190
188 189
188 190
188 191
189 191
189 192
189 220
190 193
191 192
191 193
191 194
192 193
192 194
192 195
193 195
193 196
194 195
194 197
194 230
195 196
195 197
195 198
196 197
196 198
196 199
197 198
197 199
197 200
198 199
198 200
199 200
199 201
199 202
200 201
200 202
200 203
201 202
201 203
201 204
202 204
202 205
202 207
203 204
203 205
203 206
204 205
204 206
205 206
205 207
206 207
206 208
207 208
207 209
207 210
208 210
208 211
209 210
209 211
210 211
210 212
210 213
211 212
211 213
211 214
212 213
212 215
212 249
212 237
213 214
213 215
213 216
213 217
214 215
214 216
214 217
215 216
215 217
215 218
216 217
216 218
216 219
217 218
218 219
218 220
218 221
218 230
219 220
219 222
220 221
220 222
220 223
221 222
221 223
221 224
222 223
222 224
222 225
223 224
223 225
223 226
224 226
224 227
225 226
225 227
225 228
226 227
226 228
226 229
227 228
227 229
227 230
228 229
228 230
228 231
229 230
229 231
229 232
230 232
230 233
231 232
231 233
231 234
232 233
232 234
232 235
233 234
233 235
233 236
234 235
234 236
234 237
235 236
235 237
235 238
236 237
236 238
236 239
237 238
238 239
238 240
239 240
239 241
239 242
240 241
240 242
240 243
241 242
241 244
241 246
242 243
242 244
242 245
243 244
243 245
243 246
244 245
244 246
244 247
245 246
245 248
246 247
246 248
246 249
247 249
248 249
