0 1
0 249
0 3
0 246
0 5
0 245
0 6
0 244
0 80
0 74
1 2
1 3
1 249
1 4
1 248
1 5
1 247
1 6
1 246
1 7
1 245
2 3
2 4
2 5
2 249
2 248
2 7
2 247
2 8
2 246
2 118
3 4
3 5
3 6
3 7
3 249
3 8
3 248
3 9
3 195
3 67
4 5
4 6
4 7
4 8
4 9
4 249
4 10
4 248
4 24
5 6
5 7
5 8
5 9
5 10
5 11
5 249
6 7
6 8
6 9
6 10
6 11
6 12
6 35
7 8
7 10
7 12
7 13
7 47
7 14
8 9
8 10
8 11
8 12
8 13
8 14
8 159
9 10
9 11
9 12
9 13
9 15
9 113
10 11
10 12
10 14
10 15
10 16
10 184
11 12
11 13
11 14
11 16
11 17
11 144
11 248
12 13
12 14
12 15
12 16
12 17
12 18
13 14
13 15
13 16
13 17
13 18
13 19
13 142
13 109
14 16
14 17
14 18
14 19
14 20
14 184
15 16
15 17
15 18
15 19
15 20
15 21
15 240
15 64
16 17
16 18
16 19
16 20
16 21
16 22
17 18
17 19
17 20
17 21
17 23
17 158
17 210
17 57
18 19
18 20
18 21
18 22
18 23
18 24
18 50
19 20
19 23
19 25
19 71
19 113
19 216
19 120
20 21
20 22
20 25
20 26
20 191
20 62
20 102
21 22
21 23
21 24
21 25
21 26
21 27
21 221
22 23
22 24
22 25
22 26
22 28
22 59
23 24
23 26
23 27
23 28
23 29
23 248
23 247
24 25
24 27
24 29
24 30
24 92
24 225
24 153
25 26
25 27
25 28
25 29
25 30
25 31
25 164
26 27
26 28
26 29
26 30
26 31
26 32
27 28
27 29
27 30
27 31
27 32
27 33
27 157
28 29
28 30
28 31
28 33
28 34
28 90
29 30
29 31
29 32
29 33
29 34
29 35
29 82
29 43
30 31
30 32
30 33
30 34
30 35
30 36
31 32
31 33
31 34
31 35
31 36
31 37
32 33
32 34
32 35
32 36
32 37
32 38
33 34
33 36
33 37
33 38
33 39
33 238
33 175
33 69
33 160
34 35
34 36
34 37
34 38
34 39
34 40
35 36
35 38
35 39
35 40
35 41
35 157
35 150
36 37
36 38
36 39
36 41
36 42
36 132
36 101
36 108
37 38
37 39
37 40
37 41
37 42
37 43
37 142
38 39
38 40
38 41
38 42
38 43
38 44
39 40
39 42
39 43
39 45
39 166
39 99
40 41
40 42
40 43
40 44
40 45
40 46
41 42
41 43
41 44
41 45
41 46
41 47
41 230
42 43
42 44
42 45
42 46
42 47
42 48
43 44
43 45
43 46
43 47
43 48
44 45
44 46
44 48
44 49
44 50
44 73
44 208
45 46
45 48
45 49
45 50
45 51
45 111
45 172
45 113
46 47
46 48
46 49
46 50
46 51
46 52
46 103
47 49
47 50
47 51
47 53
47 243
47 179
48 49
48 51
48 52
48 53
48 54
48 242
49 50
49 51
49 52
49 53
49 54
49 173
49 185
49 99
50 51
50 52
50 53
50 54
50 56
51 52
51 53
51 54
51 56
51 57
51 217
52 53
52 54
52 55
52 56
52 57
52 58
53 54
53 55
53 56
53 57
53 58
53 59
53 192
53 90
54 55
54 56
54 57
54 59
54 60
54 215
54 71
55 56
55 57
55 58
55 59
55 60
55 142
56 57
56 58
56 59
56 60
56 61
56 62
57 58
57 59
57 60
57 61
57 62
57 63
57 223
58 59
58 60
58 61
58 62
58 63
58 64
58 241
59 60
59 61
59 62
59 63
59 64
59 65
59 214
60 61
60 63
60 64
60 65
60 66
60 110
60 171
60 244
61 62
61 63
61 64
61 65
61 66
61 67
61 194
62 63
62 64
62 65
62 66
62 67
62 68
62 113
62 159
63 64
63 65
63 66
63 67
63 69
63 126
64 65
64 66
64 68
64 70
64 241
64 139
65 66
65 67
65 68
65 69
65 70
65 71
65 236
66 67
66 68
66 69
66 70
66 71
66 72
66 119
67 69
67 70
67 71
67 72
67 142
68 69
68 70
68 71
68 72
68 73
68 74
68 221
69 70
69 71
69 72
69 73
69 74
70 71
70 72
70 73
70 75
70 76
70 168
71 72
71 73
71 74
71 75
71 76
71 77
72 73
72 74
72 75
72 76
72 77
72 78
72 97
72 92
73 75
73 76
73 77
73 78
73 79
74 77
74 78
74 79
74 152
74 156
74 198
74 185
75 76
75 77
75 78
75 79
75 80
75 81
75 169
76 77
76 78
76 79
76 80
76 81
76 82
77 78
77 79
77 80
77 81
77 82
77 83
77 222
78 79
78 80
78 81
78 82
78 83
78 84
79 80
79 81
79 82
79 83
79 84
79 85
79 138
79 132
80 81
80 82
80 84
80 85
80 86
80 198
81 82
81 83
81 84
81 85
81 86
81 87
82 83
82 84
82 85
82 86
82 88
83 84
83 85
83 86
83 87
83 88
83 143
84 85
84 86
84 87
84 88
84 89
84 90
84 202
85 86
85 87
85 88
85 89
85 90
85 91
86 87
86 88
86 89
86 90
86 91
86 92
87 89
87 90
87 91
87 92
87 93
87 114
88 89
88 90
88 91
88 92
88 93
88 94
89 90
89 91
89 92
89 93
89 94
89 174
89 144
90 91
90 92
90 93
90 94
90 96
90 185
91 92
91 94
91 95
91 96
91 97
91 129
92 93
92 95
92 98
92 103
92 210
93 94
93 95
93 96
93 97
93 98
93 99
94 95
94 96
94 97
94 98
94 99
94 100
95 96
95 97
95 98
95 99
95 101
95 245
96 97
96 98
96 99
96 100
96 101
96 102
97 98
97 100
97 101
97 102
97 103
98 99
98 100
98 101
98 102
98 103
98 104
99 101
99 102
99 103
99 142
99 245
99 224
100 101
100 102
100 103
100 104
100 105
100 106
100 238
101 102
101 104
101 105
101 106
101 107
101 152
102 103
102 104
102 105
102 106
102 107
102 108
103 104
103 105
103 106
103 108
103 109
104 105
104 106
104 107
104 108
104 109
104 110
105 106
105 108
105 109
105 110
105 111
105 188
106 107
106 108
106 109
106 110
106 111
106 112
107 108
107 109
107 110
107 111
107 112
107 113
108 109
108 111
108 112
108 113
108 114
108 224
109 110
109 111
109 113
109 114
109 115
110 111
110 112
110 114
110 115
110 129
110 163
110 141
111 112
111 113
111 114
111 115
111 116
111 117
112 113
112 114
112 115
112 116
112 117
112 118
113 114
113 116
113 118
113 119
113 229
113 240
114 115
114 116
114 117
114 118
114 119
114 120
114 130
115 116
115 117
115 118
115 119
115 120
115 121
116 117
116 118
116 119
116 120
116 121
116 122
116 244
116 242
117 118
117 119
117 120
117 122
117 123
117 181
117 193
118 119
118 120
118 121
118 122
118 123
118 124
119 120
119 121
119 122
119 123
119 124
120 121
120 122
120 123
120 124
120 125
120 204
120 136
121 122
121 124
121 125
121 127
121 216
121 190
121 146
122 123
122 124
122 125
122 126
122 127
122 128
123 124
123 125
123 126
123 127
123 128
123 129
123 182
124 125
124 126
124 127
124 128
124 129
124 130
125 126
125 127
125 128
125 129
125 130
125 131
126 127
126 128
126 129
126 130
126 131
126 132
127 128
127 129
127 130
127 131
127 132
127 133
128 129
128 130
128 131
128 132
128 133
128 134
129 130
129 131
129 132
129 134
129 135
129 247
129 202
130 131
130 133
130 134
130 135
130 136
131 132
131 133
131 134
131 135
131 136
131 137
131 179
132 134
132 135
132 136
132 138
132 165
133 134
133 135
133 136
133 137
133 138
133 139
134 135
134 136
134 137
134 138
134 139
134 140
135 136
135 137
135 138
135 139
135 140
135 141
136 137
136 138
136 140
136 141
136 142
137 138
137 139
137 140
137 141
137 142
137 143
138 139
138 140
138 141
138 143
138 144
139 140
139 141
139 142
139 143
139 144
140 141
140 143
140 144
140 145
140 146
140 234
141 142
141 143
141 144
141 145
141 146
141 147
142 144
142 145
142 146
142 147
142 245
142 185
143 144
143 145
143 146
143 147
143 149
143 199
144 145
144 147
144 148
144 149
144 150
145 146
145 147
145 148
145 149
145 150
145 151
146 147
146 148
146 149
146 150
146 151
146 152
147 148
147 149
147 150
147 151
147 152
147 157
148 149
148 150
148 151
148 152
148 153
148 154
148 164
149 150
149 151
149 152
149 153
149 154
149 229
150 151
150 152
150 153
150 154
150 156
150 248
151 152
151 153
151 154
151 155
151 156
151 157
152 153
152 154
152 156
152 157
152 158
153 155
153 156
153 158
153 159
153 210
154 155
154 156
154 157
154 158
154 159
154 160
155 156
155 157
155 158
155 159
155 160
155 161
156 157
156 158
156 159
156 161
156 162
156 196
157 159
157 160
157 162
157 163
158 159
158 161
158 162
158 163
158 164
159 160
159 161
159 163
159 165
160 161
160 163
160 164
160 165
160 216
161 162
161 163
161 164
161 165
161 166
161 167
162 163
162 164
162 165
162 166
162 167
162 168
162 178
163 164
163 165
163 166
163 167
163 169
164 165
164 168
164 170
164 226
165 167
165 168
165 169
165 170
165 171
166 167
166 168
166 169
166 171
166 172
166 237
167 168
167 169
167 170
167 171
167 172
167 173
168 169
168 170
168 171
168 172
168 173
168 174
169 170
169 171
169 172
169 173
169 174
170 171
170 172
170 174
170 175
170 176
170 178
171 172
171 174
171 175
171 176
171 177
172 173
172 175
172 176
172 177
172 178
173 174
173 175
173 177
173 178
173 179
174 175
174 176
174 177
174 178
174 180
174 247
175 176
175 177
175 179
175 180
175 181
176 177
176 178
176 179
176 180
176 181
176 182
177 178
177 179
177 180
177 181
177 182
177 183
178 179
178 181
178 182
178 183
178 184
179 180
179 182
179 183
179 184
179 185
180 181
180 182
180 183
180 184
180 185
180 186
181 182
181 183
181 185
181 186
181 187
182 183
182 184
182 186
182 187
182 188
183 184
183 185
183 186
183 187
183 188
183 189
183 245
184 185
184 186
184 187
184 188
184 189
184 190
185 186
185 187
185 188
185 190
186 187
186 188
186 189
186 190
186 191
186 192
187 188
187 189
187 190
187 191
187 192
187 193
188 189
188 190
188 191
188 192
188 193
188 194
189 190
189 191
189 192
189 193
189 194
189 195
190 191
190 192
190 193
190 194
190 195
190 196
191 192
191 194
191 195
191 196
191 198
192 194
192 195
192 196
192 197
192 198
193 194
193 196
193 197
193 198
193 199
193 230
193 200
194 195
194 196
194 198
194 199
194 200
195 196
195 197
195 198
195 199
195 201
195 208
196 197
196 198
196 199
196 200
196 201
196 202
197 198
197 199
197 200
197 201
197 202
197 203
198 199
198 201
198 202
198 203
198 204
198 232
199 200
199 201
199 202
199 203
199 204
199 205
200 201
200 203
200 204
200 205
200 206
201 202
201 203
201 204
201 205
201 206
201 207
202 203
202 204
202 205
202 206
202 207
203 204
203 205
203 206
203 207
203 208
203 209
204 206
204 207
204 208
204 209
204 210
205 206
205 207
205 208
205 209
205 210
205 211
206 207
206 208
206 209
206 210
206 211
206 212
207 208
207 209
207 210
207 211
207 212
207 213
208 210
208 211
208 212
208 213
208 214
209 210
209 211
209 212
209 213
209 214
209 215
210 211
210 212
210 214
210 215
210 216
211 212
211 213
211 214
211 215
211 216
211 217
212 213
212 214
212 215
212 216
212 217
212 218
213 214
213 215
213 216
213 217
213 218
213 219
214 216
214 217
214 218
214 219
214 220
215 217
215 218
215 219
215 220
215 221
216 218
216 219
216 220
216 221
216 222
217 218
217 219
217 220
217 221
217 222
217 223
218 219
218 220
218 221
218 222
218 223
218 224
219 220
219 221
219 222
219 223
219 224
219 225
220 221
220 222
220 223
220 224
220 225
220 226
221 222
221 224
221 227
221 231
222 224
222 225
222 226
222 227
222 228
223 224
223 225
223 226
223 228
223 229
224 225
224 226
224 227
224 228
224 230
224 241
225 226
225 228
225 229
225 230
225 231
226 227
226 228
226 229
226 230
226 231
226 232
227 228
227 229
227 230
227 231
227 232
227 233
228 229
228 230
228 231
228 232
228 233
228 234
229 230
229 231
229 233
229 234
229 235
230 231
230 233
230 234
230 235
230 236
231 232
231 233
231 234
231 235
231 236
231 237
232 233
232 234
232 236
232 237
232 238
233 234
233 235
233 236
233 237
233 238
233 239
234 235
234 236
234 237
234 238
234 239
234 240
235 236
235 237
235 238
235 239
235 240
235 241
236 237
236 238
236 239
236 240
236 242
237 238
237 239
237 240
237 241
237 242
237 243
238 239
238 241
238 242
238 243
238 244
239 240
239 241
239 242
239 243
239 244
239 245
240 241
240 243
240 244
240 246
241 242
241 243
241 244
241 246
241 247
242 243
242 245
242 246
242 247
242 248
243 244
243 245
243 246
243 247
243 248
243 249
244 247
244 248
244 249
245 248
246 247
246 248
246 249
247 249
248 249
