0 249
0 2
0 3
0 247
0 4
0 246
0 245
0 156
0 187
0 154
1 2
1 3
1 249
1 4
1 248
1 5
1 247
1 6
2 3
2 4
2 5
2 249
2 6
2 248
2 7
2 247
2 161
3 5
3 6
3 7
3 249
3 8
3 248
3 206
4 5
4 6
4 8
4 9
4 249
4 146
4 63
4 238
5 6
5 7
5 8
5 9
5 10
6 7
6 8
6 9
6 10
6 11
6 122
7 8
7 9
7 10
7 11
7 12
8 9
8 10
8 11
8 12
8 13
9 10
9 11
9 12
9 13
9 152
9 36
10 11
10 12
10 13
10 14
10 15
11 13
11 14
11 15
11 103
11 105
11 127
11 231
11 121
12 13
12 14
12 15
12 16
12 17
13 14
13 15
13 16
13 17
13 18
14 15
14 16
14 17
14 18
14 175
15 16
15 17
15 18
15 20
15 46
16 17
16 18
16 19
16 20
16 21
16 162
17 18
17 19
17 20
17 21
17 239
17 197
18 19
18 20
18 21
18 22
18 23
18 66
19 20
19 21
19 22
19 23
19 24
19 228
20 21
20 22
20 23
20 24
20 25
21 22
21 23
21 24
21 25
21 26
21 194
21 130
22 23
22 24
22 25
22 26
22 27
23 24
23 25
23 26
23 208
23 58
24 25
24 26
24 27
24 28
24 29
25 26
25 28
25 29
25 30
25 60
26 27
26 28
26 29
26 30
26 31
26 126
26 124
27 28
27 30
27 31
27 32
27 200
28 29
28 30
28 31
28 32
28 33
28 165
29 30
29 31
29 32
29 33
29 34
30 32
30 33
30 34
30 35
30 181
30 100
31 32
31 33
31 34
31 35
31 36
32 33
32 34
32 35
32 36
32 37
33 34
33 35
33 36
33 37
33 38
34 35
34 36
34 37
34 38
34 39
34 157
34 50
34 77
35 36
35 37
35 38
35 39
35 40
36 37
36 38
36 39
36 40
36 41
37 38
37 39
37 40
37 41
37 42
38 39
38 40
38 41
38 42
38 43
39 40
39 41
39 42
39 43
39 44
40 41
40 42
40 43
40 45
40 93
40 91
41 42
41 43
41 44
41 45
41 46
42 43
42 45
42 46
42 47
42 72
42 174
42 235
43 44
43 45
43 46
43 47
43 48
43 142
43 161
43 115
44 45
44 46
44 47
44 48
44 49
45 46
45 47
45 48
45 49
45 50
46 47
46 48
46 49
46 50
46 51
47 48
47 50
47 51
47 52
47 57
48 49
48 50
48 51
48 52
48 53
49 50
49 52
49 54
49 92
49 140
50 51
50 52
50 53
50 55
51 52
51 53
51 54
51 55
51 56
52 53
52 54
52 55
52 56
52 57
53 54
53 55
53 56
53 57
53 58
54 55
54 56
54 57
54 58
54 59
54 121
55 56
55 57
55 58
55 59
55 60
55 248
56 58
56 59
56 60
56 61
56 86
56 224
57 58
57 60
57 62
57 235
57 130
57 88
58 59
58 60
58 61
58 63
58 86
59 60
59 61
59 62
59 63
59 64
60 61
60 62
60 63
60 64
60 65
60 247
61 62
61 63
61 64
61 65
61 66
62 63
62 64
62 65
62 66
62 67
63 64
63 65
63 66
63 67
63 68
64 65
64 66
64 68
64 69
64 199
64 119
65 66
65 67
65 68
65 69
65 70
66 68
66 69
66 70
66 71
67 68
67 69
67 70
67 71
67 72
68 69
68 70
68 71
68 72
68 73
69 70
69 71
69 72
69 73
69 74
70 71
70 72
70 73
70 74
70 75
70 117
71 72
71 73
71 74
71 75
71 76
71 102
72 73
72 74
72 75
72 76
72 77
72 233
73 74
73 75
73 76
73 77
73 78
74 75
74 76
74 77
74 78
74 169
74 156
75 76
75 77
75 78
75 79
75 80
76 77
76 78
76 79
76 80
76 81
76 194
77 78
77 79
77 80
77 82
78 79
78 80
78 81
78 82
78 83
78 125
79 80
79 81
79 82
79 83
79 84
80 81
80 82
80 83
80 84
80 85
80 153
81 82
81 83
81 84
81 85
81 86
82 83
82 84
82 85
82 86
82 216
83 84
83 85
83 86
83 87
83 88
84 85
84 86
84 87
84 88
84 89
84 221
85 87
85 88
85 89
85 90
85 110
85 100
86 87
86 88
86 89
86 90
86 91
87 88
87 89
87 91
87 92
87 155
88 89
88 90
88 91
88 93
89 90
89 91
89 92
89 93
89 94
90 91
90 92
90 93
90 94
90 95
91 93
91 95
91 96
91 211
91 233
92 94
92 95
92 96
92 97
92 116
93 94
93 96
93 97
93 98
94 95
94 96
94 97
94 99
94 224
95 96
95 97
95 98
95 99
95 100
95 161
95 237
96 97
96 98
96 99
96 100
96 101
96 224
97 98
97 99
97 101
97 102
97 234
98 100
98 101
98 102
98 103
98 198
99 100
99 101
99 102
99 103
99 104
99 143
100 102
100 103
100 104
100 227
100 147
101 102
101 103
101 104
101 106
101 210
102 103
102 105
102 106
102 107
102 162
103 104
103 105
103 106
103 107
103 108
104 105
104 106
104 107
104 108
104 109
104 191
105 107
105 108
105 109
105 110
106 107
106 108
106 109
106 110
106 111
107 108
107 109
107 110
107 111
107 112
108 109
108 110
108 111
108 112
108 113
109 110
109 111
109 112
109 113
109 114
110 111
110 112
110 113
110 114
110 116
111 112
111 113
111 114
111 115
111 116
112 113
112 114
112 115
112 116
112 117
113 114
113 115
113 116
113 117
113 118
113 246
114 115
114 116
114 117
114 118
114 119
115 116
115 119
115 120
115 242
115 168
115 118
116 117
116 118
116 119
116 120
116 121
117 119
117 120
117 122
117 209
117 197
118 119
118 120
118 121
118 122
119 120
119 121
119 122
119 123
119 124
120 121
120 122
120 123
120 124
120 125
121 122
121 123
121 124
121 125
122 124
122 125
122 126
122 229
123 124
123 125
123 126
123 127
123 128
124 125
124 126
124 128
124 129
124 157
125 126
125 128
125 129
125 130
126 128
126 129
126 130
126 131
126 248
127 128
127 130
127 131
127 132
127 201
128 130
128 131
128 132
128 133
128 214
129 130
129 131
129 132
129 133
129 134
130 131
130 132
130 133
130 134
130 173
130 214
131 132
131 133
131 134
131 135
131 136
132 133
132 134
132 135
132 136
132 137
133 134
133 135
133 136
133 137
133 138
134 135
134 136
134 137
134 138
134 139
135 136
135 137
135 138
135 139
135 140
136 137
136 138
136 139
136 140
136 141
136 223
137 138
137 139
137 140
137 141
137 142
138 139
138 140
138 141
138 142
138 143
139 140
139 141
139 142
139 143
139 144
140 141
140 142
140 143
140 144
140 145
140 191
141 142
141 143
141 144
141 145
141 146
142 144
142 145
142 146
142 147
142 168
143 144
143 145
143 146
143 148
144 145
144 146
144 147
144 148
144 149
145 146
145 147
145 148
145 149
145 150
146 147
146 150
146 151
146 220
147 148
147 149
147 150
147 151
148 149
148 150
148 151
148 152
148 153
149 150
149 151
149 152
149 153
149 154
150 151
150 154
150 155
150 177
150 199
151 152
151 153
151 154
151 155
151 156
152 154
152 155
152 156
152 157
153 154
153 155
153 156
153 157
154 155
154 156
154 158
154 239
154 195
154 246
154 177
155 156
155 157
155 158
155 159
155 160
156 157
156 158
156 159
156 160
156 161
156 174
157 158
157 161
157 162
158 159
158 160
158 161
158 162
158 163
159 161
159 162
159 163
159 164
159 219
160 161
160 162
160 163
160 164
160 165
160 171
161 163
161 165
162 164
162 166
162 167
163 164
163 165
163 166
163 167
163 168
164 165
164 166
164 167
164 168
164 169
164 183
165 166
165 167
165 170
165 184
166 167
166 168
166 169
166 170
166 171
167 168
167 169
167 170
167 171
167 172
168 170
168 171
168 172
168 230
168 248
169 170
169 171
169 173
169 174
170 171
170 173
170 174
170 175
170 219
171 172
171 174
171 175
171 176
172 173
172 174
172 175
172 239
172 176
173 174
173 176
173 177
173 178
174 175
174 176
174 178
175 176
175 177
175 178
175 179
175 180
175 201
176 177
176 178
176 179
176 180
176 181
176 185
177 178
177 179
177 180
177 181
178 179
178 180
178 181
178 182
178 183
179 180
179 181
179 182
179 183
179 184
180 181
180 182
180 183
180 184
180 185
180 219
181 182
181 183
181 184
181 185
181 186
182 183
182 184
182 185
182 186
182 187
183 184
183 186
183 187
183 188
184 185
184 186
184 187
184 188
184 189
184 203
185 186
185 187
185 189
185 190
185 200
186 187
186 189
186 190
186 191
186 194
187 188
187 190
187 191
187 192
188 189
188 190
188 191
188 192
188 193
189 190
189 191
189 192
189 193
189 194
190 191
190 192
190 193
190 194
190 195
190 210
191 193
191 195
191 196
192 193
192 194
192 195
192 196
192 197
193 194
193 195
193 196
193 197
193 198
194 196
194 198
194 199
195 196
195 198
195 200
195 231
196 197
196 198
196 199
196 201
196 217
197 198
197 199
197 200
197 228
198 199
198 200
198 201
198 202
198 203
199 200
199 202
199 203
199 204
199 206
200 201
200 202
200 204
200 205
201 203
201 204
201 205
201 219
202 203
202 204
202 205
202 206
202 207
202 210
203 205
203 206
203 208
203 232
204 205
204 206
204 207
204 208
204 209
205 206
205 207
205 208
205 209
205 210
206 207
206 209
206 210
206 211
207 208
207 209
207 210
207 211
207 212
207 214
208 209
208 210
208 211
208 212
208 213
209 210
209 211
209 212
209 213
209 214
210 211
210 212
210 213
211 212
211 213
211 214
211 215
211 216
212 213
212 214
212 215
212 216
212 217
213 214
213 215
213 216
213 217
213 218
214 215
214 216
214 219
215 216
215 217
215 218
215 219
215 220
216 217
216 218
216 219
216 220
216 221
216 246
217 218
217 219
217 220
217 221
217 222
218 219
218 220
218 221
218 222
218 223
219 221
219 223
219 224
220 221
220 223
220 224
220 225
220 233
221 222
221 225
221 226
221 246
222 223
222 224
222 225
222 226
222 227
223 224
223 225
223 226
223 227
224 225
224 226
224 229
225 226
225 227
225 228
225 229
225 230
226 227
226 228
226 229
226 230
226 231
227 229
227 230
227 231
227 232
228 229
228 230
228 232
228 233
229 230
229 232
229 233
229 234
229 239
230 232
230 233
230 234
230 235
231 232
231 234
231 235
231 236
232 233
232 234
232 235
232 236
232 237
233 234
233 235
233 237
233 238
234 235
234 236
234 237
234 238
234 239
235 236
235 237
235 238
235 240
236 237
236 238
236 239
236 240
236 241
237 238
237 239
237 240
237 241
238 239
238 240
238 241
238 243
239 240
239 241
239 243
239 244
240 241
240 242
240 243
240 244
240 245
241 242
241 243
241 244
241 245
241 246
242 244
242 245
242 246
242 247
243 244
243 245
243 246
243 247
243 248
244 245
244 246
244 247
244 248
244 249
245 246
245 247
245 248
245 249
246 248
246 249
247 248
