0 1
0 249
0 2
0 248
0 3
0 247
0 4
0 246
0 5
0 245
0 6
0 244
0 7
0 243
0 8
0 242
0 194
1 2
1 3
1 249
1 248
1 5
1 247
1 6
1 246
1 7
1 245
1 8
1 244
1 9
1 243
1 216
1 178
2 3
2 4
2 249
2 6
2 248
2 7
2 247
2 8
2 246
2 9
2 245
2 10
2 244
2 213
2 201
3 4
3 5
3 6
3 7
3 249
3 8
3 10
3 246
3 11
3 245
3 108
4 6
4 7
4 8
4 9
4 249
4 10
4 248
4 12
4 246
4 85
4 130
5 6
5 8
5 9
5 10
5 11
5 249
5 248
5 13
5 218
5 143
5 14
6 7
6 8
6 9
6 10
6 11
6 12
6 13
6 249
6 14
6 248
6 156
7 8
7 9
7 10
7 11
7 12
7 13
7 14
7 15
7 249
8 9
8 10
8 11
8 12
8 14
8 15
8 16
8 89
8 82
8 247
8 222
9 10
9 11
9 12
9 13
9 14
9 15
9 16
9 17
9 213
10 11
10 12
10 14
10 15
10 17
10 18
10 182
10 178
10 59
10 159
11 13
11 14
11 15
11 16
11 17
11 19
11 221
11 109
11 200
12 13
12 14
12 15
12 17
12 19
12 20
12 80
12 78
13 14
13 15
13 16
13 17
13 18
13 19
13 20
13 21
13 57
13 60
14 16
14 17
14 18
14 19
14 20
14 22
14 207
14 237
15 16
15 17
15 18
15 20
15 21
15 22
15 23
15 117
16 19
16 20
16 21
16 22
16 23
16 24
16 54
16 28
16 131
16 73
17 18
17 19
17 21
17 22
17 23
17 24
17 25
17 147
18 20
18 21
18 22
18 23
18 24
18 25
18 198
18 132
19 20
19 21
19 22
19 23
19 24
19 25
19 26
19 27
20 21
20 22
20 23
20 24
20 25
20 26
20 27
20 28
20 100
20 90
21 22
21 23
21 24
21 25
21 26
21 28
21 29
21 169
21 183
21 117
22 23
22 24
22 25
22 26
22 27
22 28
22 29
22 30
23 24
23 25
23 26
23 27
23 28
23 29
23 30
23 31
24 26
24 28
24 29
24 30
24 31
24 32
24 74
24 53
25 26
25 27
25 28
25 29
25 30
25 31
25 32
25 218
26 27
26 28
26 29
26 30
26 31
26 32
26 33
26 34
27 28
27 30
27 31
27 32
27 33
27 34
27 35
27 195
28 30
28 31
28 32
28 33
28 34
28 35
28 36
29 30
29 31
29 32
29 34
29 35
29 36
29 37
29 221
29 139
30 31
30 33
30 35
30 36
30 37
30 38
30 208
30 93
30 89
30 119
31 32
31 33
31 34
31 35
31 36
31 37
31 38
31 39
32 33
32 34
32 36
32 37
32 38
32 39
32 40
32 139
32 219
33 34
33 35
33 36
33 37
33 39
33 40
33 41
33 185
33 170
34 35
34 36
34 37
34 38
34 39
34 40
34 41
34 42
35 36
35 37
35 38
35 41
35 42
35 43
35 57
35 116
35 105
36 37
36 38
36 39
36 40
36 41
36 42
36 43
36 44
36 138
37 38
37 39
37 40
37 41
37 42
37 43
37 44
37 155
38 39
38 40
38 41
38 42
38 43
38 44
38 45
38 46
39 40
39 41
39 42
39 43
39 44
39 45
39 46
39 90
39 106
40 41
40 42
40 43
40 44
40 45
40 46
40 47
40 48
40 225
41 42
41 45
41 46
41 47
41 48
41 49
41 187
41 148
42 43
42 44
42 45
42 46
42 47
42 48
42 49
42 50
43 44
43 45
43 46
43 47
43 50
43 51
43 96
43 205
43 177
43 68
44 45
44 46
44 47
44 48
44 49
44 50
44 51
44 52
45 46
45 47
45 48
45 49
45 51
45 52
45 53
45 127
45 73
46 47
46 48
46 49
46 50
46 52
46 53
46 54
46 217
47 48
47 49
47 50
47 51
47 52
47 53
47 54
47 55
48 49
48 50
48 52
48 53
48 54
48 55
48 56
48 232
49 50
49 51
49 52
49 53
49 54
49 55
49 56
49 57
49 173
49 142
50 51
50 53
50 55
50 56
50 57
50 58
50 193
50 237
50 190
51 52
51 53
51 54
51 55
51 56
51 57
51 58
51 59
52 53
52 54
52 55
52 56
52 57
52 58
52 59
52 147
52 160
53 54
53 55
53 56
53 57
53 58
53 59
53 60
53 61
53 82
53 207
54 55
54 56
54 57
54 58
54 59
54 60
54 61
54 62
54 67
54 116
55 56
55 57
55 58
55 59
55 60
55 61
55 62
55 189
55 89
56 58
56 59
56 60
56 61
56 62
56 63
56 64
56 121
56 193
57 59
57 60
57 61
57 62
57 63
57 64
57 65
57 223
58 59
58 60
58 61
58 63
58 64
58 65
58 66
58 90
58 243
59 60
59 61
59 63
59 65
59 66
59 67
59 130
60 61
60 62
60 64
60 65
60 66
60 67
60 68
61 63
61 64
61 65
61 66
61 67
61 68
61 69
61 74
61 216
62 63
62 64
62 65
62 66
62 67
62 69
62 70
62 162
62 215
63 64
63 65
63 66
63 67
63 68
63 69
63 70
63 71
63 215
64 65
64 66
64 67
64 68
64 70
64 71
64 72
64 178
65 66
65 67
65 68
65 69
65 70
65 71
65 72
65 73
65 243
66 67
66 68
66 69
66 70
66 71
66 72
66 73
66 74
66 203
67 68
67 69
67 71
67 72
67 73
67 74
67 75
67 198
68 69
68 70
68 71
68 72
68 73
68 74
68 75
68 76
69 70
69 71
69 72
69 74
69 75
69 76
69 77
69 145
69 236
70 71
70 73
70 74
70 75
70 76
70 77
70 78
70 107
71 72
71 73
71 74
71 75
71 76
71 77
71 78
71 79
72 73
72 74
72 75
72 76
72 77
72 78
72 79
72 183
72 118
73 74
73 75
73 76
73 77
73 80
73 81
73 98
73 88
74 75
74 76
74 77
74 78
74 79
74 80
74 81
74 82
74 178
74 174
75 76
75 77
75 78
75 79
75 80
75 81
75 83
75 91
76 77
76 78
76 79
76 80
76 81
76 82
76 83
76 84
77 78
77 79
77 80
77 81
77 82
77 83
77 84
77 85
77 153
78 79
78 80
78 81
78 82
78 83
78 84
78 85
78 97
79 80
79 81
79 82
79 83
79 84
79 85
79 86
79 87
79 231
80 81
80 82
80 84
80 85
80 86
80 87
80 88
80 239
80 198
80 236
80 228
81 82
81 83
81 84
81 85
81 86
81 87
81 88
81 89
81 132
82 83
82 84
82 86
82 87
82 88
82 89
82 90
82 92
82 97
83 84
83 85
83 86
83 87
83 88
83 89
83 91
83 118
84 85
84 86
84 87
84 88
84 90
84 91
84 92
84 200
85 86
85 87
85 88
85 89
85 90
85 91
85 92
85 93
85 200
86 87
86 88
86 89
86 91
86 92
86 93
86 94
86 111
86 165
87 88
87 89
87 90
87 91
87 92
87 93
87 94
87 235
88 89
88 90
88 91
88 93
88 94
88 95
88 96
88 199
88 242
88 238
89 91
89 92
89 94
89 95
89 96
89 97
90 92
90 93
90 94
90 95
90 96
91 92
91 93
91 94
91 96
91 97
91 98
91 99
91 161
92 93
92 94
92 95
92 96
92 97
92 99
92 100
93 94
93 95
93 96
93 97
93 98
93 99
93 100
93 101
94 95
94 96
94 97
94 98
94 99
94 100
94 101
94 102
95 96
95 97
95 98
95 99
95 100
95 101
95 102
95 103
96 98
96 99
96 100
96 101
96 102
96 103
96 104
97 98
97 99
97 100
97 101
97 105
97 129
97 147
97 201
97 187
98 99
98 100
98 101
98 102
98 104
98 105
98 106
99 100
99 101
99 102
99 103
99 104
99 106
99 107
99 109
100 101
100 102
100 103
100 104
100 105
100 107
100 108
100 180
100 213
101 102
101 103
101 105
101 106
101 107
101 108
101 109
101 236
102 103
102 104
102 105
102 106
102 107
102 108
102 109
102 206
103 105
103 106
103 107
103 108
103 109
103 110
103 111
103 184
104 105
104 106
104 107
104 108
104 109
104 110
104 111
104 112
104 146
105 106
105 107
105 108
105 109
105 111
105 112
105 113
105 162
106 107
106 108
106 109
106 110
106 112
106 113
106 114
106 140
107 108
107 109
107 110
107 111
107 112
107 113
107 114
107 115
108 109
108 110
108 111
108 112
108 113
108 114
108 115
108 116
108 139
109 110
109 111
109 112
109 113
109 114
109 116
109 117
109 204
109 187
110 111
110 112
110 114
110 115
110 116
110 117
110 118
110 232
110 210
111 113
111 114
111 115
111 116
111 117
111 118
111 119
112 114
112 115
112 116
112 117
112 118
112 119
112 120
112 133
112 163
113 114
113 115
113 116
113 117
113 118
113 119
113 120
113 121
114 115
114 116
114 117
114 118
114 119
114 121
114 122
114 208
115 116
115 117
115 118
115 119
115 120
115 122
115 209
115 189
116 117
116 118
116 120
116 121
116 122
116 123
116 124
116 212
117 118
117 119
117 120
117 121
117 122
117 124
117 125
117 129
117 147
118 119
118 120
118 121
118 122
118 123
118 124
118 125
118 126
119 120
119 122
119 125
119 126
119 127
119 248
119 220
119 204
120 121
120 122
120 124
120 125
120 126
120 127
120 128
120 230
121 122
121 123
121 124
121 125
121 126
121 127
121 128
121 129
122 123
122 124
122 125
122 127
122 128
122 129
122 130
122 145
122 206
123 124
123 125
123 126
123 127
123 128
123 129
123 130
123 131
124 125
124 126
124 127
124 128
124 129
124 130
124 131
124 132
124 232
125 126
125 127
125 128
125 129
125 131
125 132
125 133
125 191
126 127
126 128
126 129
126 130
126 131
126 132
126 133
126 134
126 247
126 205
126 227
127 128
127 129
127 131
127 132
127 133
127 134
127 135
127 237
128 130
128 131
128 132
128 134
128 135
128 136
128 143
128 149
129 132
129 134
129 135
129 136
129 137
129 247
130 131
130 132
130 133
130 134
130 135
130 136
130 137
130 138
130 230
130 193
130 229
131 132
131 133
131 134
131 135
131 136
131 137
131 138
131 139
132 133
132 134
132 135
132 136
132 137
132 138
132 140
132 247
133 134
133 135
133 136
133 137
133 138
133 139
133 140
133 141
133 144
134 135
134 136
134 137
134 138
134 139
134 140
134 141
134 142
135 136
135 137
135 138
135 139
135 140
135 141
135 142
135 143
136 137
136 138
136 139
136 140
136 141
136 142
136 143
136 144
136 209
137 138
137 139
137 140
137 141
137 142
137 143
137 144
137 145
137 232
138 139
138 140
138 142
138 143
138 144
138 145
138 146
138 200
139 140
139 141
139 142
139 143
139 145
139 147
140 141
140 142
140 143
140 144
140 145
140 146
140 147
140 148
140 158
141 142
141 143
141 144
141 145
141 146
141 147
141 148
141 149
142 143
142 144
142 145
142 146
142 148
142 149
142 249
143 144
143 145
143 146
143 147
143 148
143 149
143 150
143 151
143 213
144 145
144 146
144 147
144 148
144 150
144 151
144 152
145 146
145 148
145 149
145 150
145 151
145 152
145 153
145 239
146 148
146 149
146 150
146 152
146 153
146 154
146 232
147 149
147 150
147 151
147 152
147 154
147 155
148 149
148 150
148 151
148 152
148 153
148 154
148 155
148 156
149 150
149 151
149 152
149 153
149 154
149 155
149 156
149 157
150 151
150 152
150 153
150 154
150 155
150 156
150 157
150 158
151 152
151 153
151 154
151 155
151 156
151 157
151 158
151 159
151 248
152 153
152 154
152 155
152 156
152 157
152 158
152 159
152 160
153 154
153 155
153 157
153 158
153 159
153 160
153 161
154 155
154 157
154 158
154 159
154 160
154 161
154 162
154 174
154 190
154 218
154 171
155 156
155 157
155 158
155 159
155 160
155 161
155 162
155 163
155 202
156 157
156 158
156 159
156 160
156 162
156 163
156 164
157 158
157 159
157 160
157 161
157 162
157 164
157 165
157 210
158 160
158 161
158 162
158 163
158 164
158 165
158 166
159 160
159 162
159 163
159 164
159 165
159 166
159 167
159 188
159 215
160 161
160 162
160 163
160 164
160 165
160 166
160 167
160 168
161 162
161 163
161 164
161 165
161 166
161 167
161 168
161 169
161 176
162 164
162 165
162 166
162 167
162 169
162 170
162 244
163 164
163 165
163 166
163 167
163 168
163 169
163 171
164 165
164 166
164 168
164 169
164 170
164 171
164 172
164 237
165 166
165 167
165 168
165 169
165 170
165 171
165 172
165 173
166 167
166 168
166 169
166 170
166 171
166 172
166 173
166 174
167 168
167 169
167 170
167 171
167 172
167 173
167 174
167 175
168 169
168 170
168 171
168 172
168 173
168 174
168 175
168 176
168 247
169 171
169 172
169 173
169 174
169 175
169 176
169 177
169 217
170 172
170 173
170 174
170 175
170 176
170 177
170 178
170 182
171 172
171 173
171 174
171 175
171 176
171 177
171 179
172 173
172 174
172 176
172 177
172 178
172 180
172 244
172 193
173 174
173 175
173 176
173 178
173 179
173 181
173 233
174 175
174 176
174 177
174 178
174 179
174 180
174 181
174 227
175 176
175 177
175 178
175 180
175 181
175 182
175 183
175 214
176 177
176 179
176 180
176 181
176 182
176 183
176 184
177 178
177 179
177 180
177 181
177 182
177 183
177 184
177 185
177 212
178 180
178 181
178 182
178 183
178 184
178 185
178 186
179 180
179 181
179 182
179 183
179 184
179 185
179 186
179 187
180 181
180 183
180 184
180 185
180 186
180 187
180 188
180 195
181 182
181 183
181 184
181 185
181 186
181 187
181 188
181 189
182 183
182 185
182 186
182 187
182 188
182 189
182 190
183 184
183 185
183 187
183 188
183 189
183 190
183 191
184 185
184 186
184 187
184 188
184 189
184 190
184 191
184 192
185 187
185 188
185 189
185 190
185 191
185 192
185 193
186 188
186 189
186 190
186 191
186 192
186 193
186 194
186 233
187 188
187 189
187 190
187 191
187 192
187 194
187 195
187 214
188 189
188 190
188 191
188 192
188 193
188 194
188 195
188 196
189 190
189 191
189 192
189 193
189 196
189 197
189 205
190 191
190 192
190 193
190 195
190 196
190 198
191 192
191 193
191 194
191 195
191 196
191 197
191 198
191 199
192 193
192 195
192 196
192 197
192 198
192 199
192 200
192 212
193 194
193 195
193 196
193 197
193 199
193 200
194 195
194 196
194 197
194 198
194 200
194 201
194 202
195 196
195 197
195 198
195 199
195 200
195 201
195 203
196 197
196 198
196 199
196 200
196 201
196 202
196 203
196 204
197 198
197 199
197 200
197 201
197 202
197 203
197 204
197 205
197 206
198 200
198 201
198 202
198 203
198 205
198 206
198 247
199 200
199 202
199 203
199 204
199 205
199 206
199 207
200 202
200 203
200 204
200 205
200 206
200 207
200 214
201 202
201 203
201 204
201 205
201 206
201 209
202 203
202 204
202 206
202 207
202 208
202 209
202 210
203 204
203 205
203 207
203 208
203 209
203 210
203 211
204 205
204 206
204 208
204 210
204 211
204 212
205 206
205 209
205 210
205 211
205 212
205 213
206 207
206 208
206 209
206 210
206 212
206 213
207 208
207 209
207 210
207 211
207 212
207 213
207 214
207 220
208 209
208 210
208 211
208 212
208 213
208 214
208 215
208 216
209 210
209 211
209 213
209 214
209 215
209 216
209 217
209 240
210 211
210 212
210 213
210 214
210 215
210 216
210 218
210 228
211 212
211 213
211 214
211 215
211 216
211 217
211 218
211 219
212 213
212 214
212 215
212 216
212 218
212 220
212 229
213 214
213 215
213 216
213 217
213 218
214 215
214 217
214 218
214 219
214 220
214 221
215 216
215 219
215 220
215 221
215 222
215 223
216 218
216 220
216 221
216 222
216 223
216 224
217 218
217 219
217 221
217 222
217 223
217 224
217 225
218 219
218 220
218 221
218 222
218 223
218 225
218 226
219 220
219 221
219 222
219 224
219 225
219 226
219 227
220 221
220 222
220 223
220 224
220 225
220 226
220 228
221 222
221 223
221 224
221 225
221 226
221 227
221 228
221 229
222 223
222 224
222 225
222 226
222 227
222 228
222 229
222 245
223 224
223 225
223 227
223 228
223 229
223 230
223 231
224 225
224 226
224 227
224 228
224 229
224 230
224 231
224 232
225 226
225 227
225 228
225 229
225 230
225 231
225 232
226 227
226 228
226 229
226 230
226 231
226 232
226 233
226 234
227 228
227 229
227 230
227 232
227 233
227 234
228 230
228 232
228 234
228 235
228 236
228 238
229 230
229 231
229 232
229 233
229 234
229 236
230 231
230 232
230 233
230 234
230 235
230 237
230 238
231 232
231 233
231 234
231 235
231 236
231 237
231 238
232 233
232 234
232 235
232 236
232 238
232 240
233 234
233 235
233 236
233 237
233 238
233 239
233 240
233 241
234 235
234 236
234 237
234 238
234 239
234 240
234 241
234 242
235 236
235 237
235 238
235 239
235 240
235 241
235 242
235 243
236 237
236 238
236 240
236 241
236 242
236 243
236 244
237 238
237 239
237 240
237 242
237 244
237 245
238 239
238 240
238 241
238 242
238 243
238 244
238 246
239 242
239 243
239 244
239 245
239 246
239 247
240 242
240 243
240 244
240 245
240 246
240 247
240 248
241 242
241 243
241 244
241 245
241 246
241 247
241 248
241 249
242 243
242 244
242 245
242 246
242 247
242 248
242 249
243 244
243 245
243 246
243 247
243 249
244 245
244 246
244 247
244 248
245 246
245 247
245 248
246 247
246 248
246 249
247 249
248 249
