0 249
0 2
0 248
0 3
0 247
0 217
0 170
1 2
1 3
1 249
1 4
1 248
2 3
2 4
2 5
2 249
2 105
3 4
3 5
3 6
4 5
4 6
4 7
4 9
5 6
5 7
5 8
5 169
6 7
6 8
6 9
6 77
7 8
7 9
7 10
8 9
8 10
8 11
9 12
9 140
10 11
10 12
10 13
10 194
11 12
11 14
11 150
12 13
12 14
12 107
13 14
13 15
13 16
13 147
14 15
14 16
14 17
14 106
15 16
15 18
15 220
16 17
16 18
16 19
17 18
17 19
17 20
18 20
18 21
18 123
19 20
19 21
19 22
20 21
20 22
20 23
20 73
21 23
21 24
21 62
22 23
22 24
22 25
22 63
23 24
23 25
23 26
24 25
24 26
24 27
25 26
25 27
25 28
26 27
26 28
26 29
27 28
27 29
27 30
28 29
28 30
28 31
29 30
29 31
29 32
30 31
30 32
30 33
30 81
31 32
31 33
31 34
31 87
32 33
32 34
32 35
33 34
33 35
33 36
34 35
34 36
34 37
35 36
35 38
35 40
36 37
36 38
36 39
37 38
37 39
37 168
38 39
38 40
38 41
39 41
39 42
39 115
39 227
40 41
40 42
40 43
41 43
41 44
41 54
42 43
42 44
42 45
43 44
43 45
43 46
44 45
44 46
44 47
45 46
45 47
45 61
46 47
46 48
46 49
47 48
47 49
47 50
47 141
48 49
48 50
48 51
49 50
49 51
49 52
50 51
50 52
50 53
50 65
51 53
51 54
51 154
52 53
52 54
52 55
52 172
53 54
53 55
53 56
54 55
54 56
54 57
55 56
55 58
55 170
56 57
56 58
56 59
57 59
57 60
57 85
57 149
58 59
58 60
58 61
58 92
59 60
59 61
59 62
60 61
60 62
60 63
61 62
61 63
61 108
62 63
62 64
62 65
63 66
63 108
64 65
64 66
64 67
65 66
65 68
66 67
66 68
66 69
67 68
67 69
67 70
68 69
68 70
68 214
69 70
69 71
69 72
70 71
70 72
70 73
71 72
71 73
71 74
72 73
72 75
72 94
73 74
73 76
74 75
74 77
74 176
75 76
75 78
75 127
76 77
76 78
76 79
77 78
77 80
78 79
78 80
78 81
79 80
79 81
79 82
80 81
80 82
80 83
80 243
81 82
81 83
82 83
82 84
82 85
83 85
83 86
83 189
84 85
84 86
84 87
85 86
85 87
85 88
86 87
86 88
86 89
87 88
87 90
88 89
88 90
88 91
88 229
88 142
89 90
89 91
89 92
89 233
90 91
90 92
90 93
91 92
91 93
91 94
91 99
92 93
92 94
93 94
93 95
93 96
94 95
94 96
94 97
95 96
95 97
95 98
96 97
96 98
96 99
96 188
96 190
97 98
97 99
97 100
98 99
98 100
98 101
99 100
99 101
100 101
100 102
100 103
100 234
100 174
101 102
101 103
101 236
102 103
102 104
102 105
103 104
103 106
103 218
104 105
104 106
104 107
105 107
105 108
106 107
106 109
106 143
107 108
107 109
107 110
108 109
108 110
108 111
109 111
109 112
109 166
110 111
110 112
110 113
111 112
111 113
111 114
112 114
112 115
112 119
113 114
113 115
113 116
114 115
114 116
114 117
114 180
114 120
115 116
115 117
115 118
116 117
116 119
116 157
117 118
117 120
117 192
118 119
118 120
118 206
119 120
119 121
119 122
120 121
120 122
121 122
121 123
121 124
122 123
122 124
122 125
123 124
123 125
123 126
124 125
124 126
124 127
125 126
125 127
125 128
126 127
126 128
126 129
127 128
127 129
127 130
127 152
128 130
128 131
128 221
129 130
129 131
129 132
130 131
130 132
130 133
131 132
131 133
131 134
132 133
132 134
132 135
132 239
133 134
133 136
133 194
134 135
134 136
134 137
134 204
134 224
135 136
135 137
135 138
136 137
136 138
136 139
137 138
137 139
137 200
138 139
138 140
138 141
139 140
139 141
139 142
140 141
140 142
140 143
141 142
141 143
141 153
142 143
142 145
142 216
143 144
143 145
144 145
144 146
144 147
144 192
145 146
145 147
145 148
146 147
146 148
146 149
147 148
147 149
148 149
148 150
148 151
148 210
149 151
149 152
150 151
150 153
150 194
151 152
151 153
151 154
152 154
152 203
153 154
153 156
154 155
154 156
154 157
155 156
155 157
155 158
155 191
156 157
156 158
156 159
157 158
157 159
157 160
158 159
158 160
158 200
159 160
159 162
159 232
160 161
160 162
160 163
160 179
161 162
161 163
161 164
162 163
162 164
162 165
163 164
163 165
163 166
164 165
164 166
164 188
165 166
165 167
165 168
166 167
166 168
166 169
167 168
167 169
167 170
168 169
168 170
168 171
169 170
169 171
170 171
170 173
171 172
171 173
171 174
172 173
172 174
173 174
173 175
173 176
173 242
174 175
174 176
175 176
175 177
175 178
176 177
176 178
176 179
177 178
177 179
177 180
178 179
178 180
178 181
179 180
179 182
180 181
180 183
181 182
181 183
181 184
182 183
182 184
182 185
183 184
183 185
183 224
184 185
184 186
184 187
184 240
185 186
185 187
185 188
186 187
186 188
186 189
187 188
187 189
187 190
188 189
188 190
189 190
189 191
189 192
190 191
190 192
191 192
191 193
192 193
192 195
193 194
193 195
193 196
194 196
194 197
195 196
195 197
195 198
196 197
196 198
196 199
197 198
197 199
197 200
197 236
198 199
198 200
198 245
199 200
199 201
199 202
200 201
200 202
200 203
201 202
201 203
201 204
201 225
202 203
202 204
202 205
203 204
203 205
203 206
204 206
204 207
205 206
205 207
205 208
206 207
206 208
206 209
207 208
207 209
207 210
208 209
208 210
208 211
209 210
209 211
209 212
210 211
210 213
211 212
211 213
211 214
212 213
212 214
212 215
213 214
213 215
213 216
214 215
214 216
214 217
215 216
215 217
215 218
216 217
216 218
217 218
217 219
217 220
217 222
218 219
218 220
218 221
219 220
219 221
219 222
220 221
220 222
220 223
221 222
221 223
221 224
222 223
222 224
223 224
223 225
223 226
224 225
224 226
225 227
225 228
226 227
226 228
226 229
227 228
227 229
228 229
228 230
228 231
229 231
229 232
230 231
230 232
230 233
231 232
231 233
231 234
232 233
232 234
232 235
233 235
233 236
234 236
234 237
235 236
235 237
235 238
236 237
236 239
237 238
237 239
237 240
238 239
238 240
238 241
239 241
239 242
240 241
240 243
241 242
241 243
241 244
242 243
242 244
243 244
243 246
244 245
244 246
244 247
245 246
245 247
245 248
246 247
246 248
246 249
247 248
247 249
248 249
