0 1
0 249
0 2
0 248
0 3
0 4
0 246
1 2
1 3
1 249
1 4
1 248
1 5
1 247
2 4
2 5
2 249
2 6
2 248
2 7
2 240
2 178
3 4
3 5
3 6
3 7
3 249
4 5
4 6
4 7
4 8
5 6
5 7
5 9
5 16
6 7
6 9
6 10
6 193
7 8
7 10
7 11
7 68
8 9
8 10
8 11
8 12
8 18
9 10
9 11
9 12
9 13
9 180
10 12
10 13
10 14
10 103
10 114
11 12
11 13
11 14
11 15
12 13
12 15
12 16
12 26
13 14
13 15
13 16
13 17
14 15
14 16
14 17
14 18
15 17
15 18
15 19
15 32
16 18
16 20
16 172
16 206
17 18
17 19
17 20
17 21
18 20
18 21
18 22
18 210
19 21
19 22
19 166
19 242
19 91
20 21
20 22
20 23
20 24
21 22
21 23
21 24
21 25
21 233
22 23
22 24
22 25
22 26
23 24
23 25
23 26
23 27
24 25
24 26
24 27
24 28
25 26
25 27
25 28
25 29
25 133
26 27
26 28
26 29
26 30
27 29
27 30
27 31
27 191
28 29
28 31
28 32
28 124
29 30
29 31
29 32
29 33
30 32
30 33
30 34
30 176
31 32
31 33
31 35
31 188
31 200
31 130
32 33
32 35
32 36
32 167
33 34
33 35
33 36
33 37
33 149
33 77
34 35
34 36
34 37
34 38
34 69
35 37
35 38
35 39
35 212
35 195
35 97
36 37
36 38
36 39
36 40
37 38
37 39
37 40
37 41
38 39
38 41
38 42
38 162
39 40
39 41
39 42
39 43
39 161
40 41
40 42
40 43
40 44
41 42
41 43
41 44
41 45
41 247
42 43
42 45
42 46
42 232
43 44
43 45
43 46
43 47
43 112
44 45
44 46
44 47
44 48
44 101
45 47
45 48
45 49
45 80
46 47
46 48
46 49
46 50
46 65
46 135
47 48
47 49
47 50
47 138
47 59
47 70
48 49
48 50
48 51
48 52
49 50
49 51
49 52
49 53
49 247
50 51
50 52
50 53
50 54
51 52
51 53
51 54
51 169
52 53
52 54
52 55
52 56
52 187
52 117
53 54
53 55
53 56
53 57
54 55
54 56
54 57
54 58
55 56
55 58
55 59
55 224
55 74
56 57
56 58
56 59
56 60
57 59
57 60
57 61
57 86
58 59
58 61
58 62
58 203
59 60
59 61
59 63
59 183
60 61
60 62
60 63
60 64
61 62
61 63
61 64
61 102
62 63
62 64
62 66
62 150
63 64
63 65
63 66
63 67
64 65
64 66
64 67
64 68
65 66
65 68
65 69
65 141
66 67
66 68
66 69
66 70
67 68
67 69
67 70
67 71
67 117
68 69
68 72
68 126
68 140
69 70
69 72
69 223
70 71
70 72
70 73
70 74
71 72
71 73
71 75
71 112
72 73
72 74
72 75
72 76
72 204
73 74
73 75
73 76
73 77
74 75
74 76
74 77
75 76
75 77
75 78
75 79
76 77
76 78
76 79
76 80
77 78
77 79
77 80
78 79
78 80
78 81
78 82
79 80
79 81
79 82
79 83
79 248
79 115
79 243
80 81
80 82
80 83
80 84
81 82
81 83
81 84
81 85
81 89
82 83
82 84
82 85
82 86
83 84
83 85
83 86
83 87
83 246
84 85
84 86
84 87
84 88
85 86
85 89
85 115
85 155
86 87
86 88
86 89
86 90
86 230
87 88
87 89
87 90
87 91
88 89
88 90
88 91
88 92
89 91
89 92
89 93
89 175
90 91
90 92
90 94
90 187
91 92
91 93
91 94
91 103
92 93
92 94
92 95
92 96
93 95
93 96
93 97
93 182
93 120
94 95
94 96
94 97
94 98
95 96
95 97
95 98
95 99
96 97
96 98
96 99
96 100
97 98
97 99
97 100
98 99
98 100
98 101
98 102
99 100
99 101
99 102
99 103
100 101
100 103
100 104
100 214
101 102
101 103
101 105
102 103
102 104
102 105
102 106
103 105
103 106
103 107
103 112
104 105
104 106
104 107
104 108
105 106
105 107
105 108
105 109
105 129
106 107
106 108
106 109
106 110
107 108
107 109
107 110
107 111
108 109
108 110
108 111
108 112
109 110
109 111
109 112
109 113
110 111
110 112
110 113
110 114
111 112
111 113
111 114
111 115
112 113
112 116
112 121
113 114
113 115
113 116
113 117
114 116
114 118
114 204
115 116
115 117
115 119
116 117
116 118
116 119
116 120
117 118
117 119
118 119
118 120
118 121
118 122
118 191
119 120
119 121
119 122
119 123
120 121
120 122
120 124
121 122
121 123
121 124
121 125
122 123
122 124
122 125
122 126
123 124
123 125
123 126
123 127
124 125
124 126
124 127
124 128
125 126
125 127
125 128
125 129
125 160
125 190
126 127
126 128
126 129
126 130
127 128
127 129
127 130
127 131
128 129
128 130
128 131
128 171
129 131
129 132
129 133
130 131
130 132
130 133
130 134
130 140
131 132
131 133
131 134
131 135
132 133
132 134
132 135
132 136
133 134
133 135
133 137
134 135
134 136
134 137
134 138
135 136
135 137
135 244
136 137
136 138
136 139
136 140
137 138
137 139
137 140
137 141
138 140
138 141
138 142
139 140
139 141
139 142
139 143
139 167
140 141
140 142
140 143
140 164
141 142
141 144
141 145
142 143
142 144
142 145
142 146
143 144
143 145
143 146
143 147
144 145
144 146
144 147
144 148
145 146
145 147
145 148
145 149
146 147
146 148
146 149
146 150
147 148
147 149
147 150
147 166
148 149
148 150
148 151
148 152
149 150
149 152
149 153
150 151
150 152
150 153
150 154
151 152
151 153
151 154
151 155
152 153
152 154
152 155
152 198
153 154
153 155
153 156
153 157
154 155
154 156
154 157
154 158
154 174
155 156
155 157
155 158
155 159
156 157
156 158
156 159
156 160
157 158
157 159
157 160
157 161
158 160
158 161
158 162
158 174
159 160
159 161
159 162
159 163
160 161
160 162
160 164
161 162
161 163
161 165
162 163
162 164
162 165
162 166
163 164
163 165
163 166
163 167
164 165
164 166
164 168
165 166
165 167
165 168
165 169
166 167
166 168
166 169
166 170
166 246
167 169
167 170
167 171
168 169
168 170
168 171
168 172
169 170
169 171
169 172
169 173
169 230
170 171
170 172
170 173
170 174
171 172
171 173
171 174
171 175
172 173
172 174
172 175
172 176
173 174
173 175
173 176
173 177
174 176
174 177
174 178
175 176
175 177
175 179
176 177
176 178
176 179
176 180
177 178
177 179
177 180
177 181
178 179
178 180
178 181
179 180
179 181
179 182
179 183
180 181
180 182
180 183
181 182
181 183
181 184
181 185
182 183
182 184
182 185
182 186
183 184
183 185
183 187
184 185
184 186
184 187
184 188
185 186
185 187
185 188
185 189
186 187
186 188
186 189
186 190
187 188
187 190
187 191
187 221
188 190
188 191
188 192
189 190
189 191
189 192
189 193
189 211
190 191
190 192
190 194
191 193
191 194
191 195
191 221
192 193
192 194
192 195
192 196
193 194
193 195
193 196
193 197
194 195
194 196
194 197
194 198
195 196
195 197
195 199
196 197
196 198
196 199
196 200
197 198
197 199
197 200
197 201
198 199
198 200
198 201
198 202
199 200
199 201
199 202
199 203
200 202
200 203
200 204
201 202
201 203
201 204
201 205
202 203
202 204
202 205
202 206
203 204
203 205
203 206
203 207
204 205
204 206
204 208
205 206
205 207
205 208
205 209
206 207
206 208
206 209
206 210
207 208
207 209
207 210
207 211
208 209
208 210
208 211
208 212
209 210
209 211
209 212
209 213
210 211
210 213
210 214
211 213
211 214
211 215
212 213
212 214
212 215
212 216
213 214
213 215
213 216
213 217
214 215
214 216
214 217
214 218
215 216
215 217
215 218
215 219
216 217
216 218
216 219
216 220
217 218
217 219
217 220
217 221
218 219
218 220
218 221
218 222
219 220
219 221
219 222
219 223
220 221
220 222
220 223
220 224
221 224
221 225
222 223
222 224
222 225
222 226
223 224
223 225
223 226
223 227
224 225
224 226
224 227
224 228
225 226
225 227
225 228
225 229
226 227
226 228
226 229
226 230
227 228
227 229
227 230
227 231
228 229
228 230
228 231
228 232
229 230
229 231
229 232
229 233
230 232
230 233
231 232
231 233
231 234
231 235
232 233
232 234
232 235
232 236
233 234
233 235
233 237
234 235
234 236
234 237
234 238
235 236
235 237
235 238
235 239
236 237
236 238
236 239
236 240
237 238
237 239
237 240
237 241
238 239
238 240
238 241
238 242
239 240
239 241
239 242
239 243
240 242
240 243
240 244
241 242
241 243
241 244
241 245
242 244
242 245
242 246
243 244
243 245
243 246
244 245
244 246
244 247
244 248
245 246
245 247
245 248
245 249
246 249
247 249
