0 1
0 249
0 2
0 248
0 3
0 247
0 4
0 246
0 5
0 245
0 6
0 244
0 7
0 243
0 8
0 242
0 9
0 10
0 240
0 13
0 149
0 197
1 2
1 3
1 249
1 4
1 248
1 5
1 6
1 246
1 7
1 245
1 8
1 244
1 243
1 10
1 242
1 11
1 241
1 225
1 62
2 3
2 4
2 5
2 249
2 6
2 7
2 247
2 8
2 246
2 9
2 245
2 10
2 244
2 243
2 12
2 242
2 154
2 37
2 27
2 65
3 4
3 5
3 6
3 7
3 249
3 8
3 248
3 9
3 247
3 10
3 246
3 11
3 245
3 12
3 244
3 13
3 132
4 6
4 7
4 8
4 9
4 249
4 10
4 248
4 11
4 247
4 12
4 246
4 13
4 245
4 14
4 244
4 213
4 183
5 6
5 7
5 8
5 9
5 10
5 11
5 249
5 12
5 248
5 13
5 247
5 14
5 15
5 245
5 87
6 7
6 8
6 9
6 10
6 11
6 12
6 13
6 249
6 14
6 248
6 15
6 247
6 246
6 190
6 217
7 10
7 11
7 12
7 13
7 14
7 15
7 16
7 248
7 17
7 247
7 240
7 150
7 51
8 9
8 10
8 11
8 12
8 13
8 14
8 15
8 249
8 18
8 248
8 213
8 228
9 10
9 12
9 13
9 14
9 15
9 16
9 17
9 18
9 19
9 249
9 124
9 224
10 11
10 12
10 14
10 15
10 16
10 17
10 18
10 19
10 20
10 186
10 246
11 12
11 13
11 14
11 15
11 16
11 17
11 18
11 19
11 20
11 21
11 246
12 13
12 14
12 15
12 16
12 18
12 19
12 20
12 21
12 22
12 141
12 71
13 14
13 15
13 16
13 17
13 18
13 19
13 20
13 21
13 176
13 44
14 15
14 16
14 17
14 18
14 20
14 21
14 22
14 23
14 135
14 110
15 16
15 17
15 18
15 19
15 20
15 21
15 22
15 23
15 24
15 25
16 18
16 19
16 20
16 21
16 22
16 23
16 24
16 25
16 26
16 129
16 221
17 18
17 19
17 20
17 21
17 22
17 23
17 24
17 25
17 26
17 27
17 52
17 96
18 21
18 23
18 25
18 27
18 28
18 210
18 51
18 181
18 207
18 175
18 61
18 38
18 238
19 20
19 21
19 22
19 23
19 24
19 25
19 26
19 27
19 29
19 124
20 22
20 23
20 24
20 25
20 26
20 27
20 28
20 29
20 30
20 38
21 23
21 24
21 25
21 26
21 27
21 28
21 29
21 30
21 31
21 104
21 177
21 235
22 23
22 25
22 26
22 27
22 28
22 29
22 30
22 31
22 32
22 102
22 127
23 24
23 25
23 27
23 28
23 30
23 31
23 32
23 33
23 116
23 140
23 135
23 109
24 25
24 26
24 27
24 28
24 29
24 30
24 31
24 32
24 33
24 104
24 226
24 151
24 213
25 26
25 27
25 28
25 29
25 30
25 31
25 32
25 33
25 34
25 35
25 143
26 27
26 28
26 31
26 32
26 33
26 34
26 35
26 36
26 151
26 132
26 180
27 28
27 29
27 30
27 31
27 33
27 34
27 35
27 36
27 37
28 29
28 30
28 31
28 33
28 34
28 35
28 36
28 37
28 38
28 187
29 30
29 31
29 32
29 33
29 34
29 35
29 36
29 37
29 38
29 208
29 84
30 31
30 33
30 34
30 35
30 36
30 37
30 38
30 40
30 233
30 239
30 83
31 33
31 34
31 35
31 36
31 37
31 38
31 39
31 40
31 41
31 188
31 82
31 142
32 33
32 34
32 35
32 36
32 37
32 38
32 39
32 40
32 41
32 42
32 75
32 210
33 34
33 35
33 37
33 38
33 39
33 40
33 41
33 43
33 223
33 72
33 79
33 90
34 35
34 36
34 37
34 38
34 39
34 40
34 41
34 42
34 43
34 44
34 164
34 176
35 36
35 37
35 38
35 39
35 40
35 41
35 42
35 43
35 44
35 45
35 205
36 37
36 38
36 39
36 40
36 41
36 42
36 43
36 44
36 45
36 46
37 38
37 39
37 41
37 42
37 44
37 45
37 46
37 47
37 210
37 71
37 213
38 39
38 40
38 41
38 42
38 43
38 44
38 45
38 46
38 47
38 48
38 152
38 134
38 198
38 192
38 75
39 40
39 41
39 42
39 43
39 44
39 45
39 46
39 47
39 48
39 49
39 203
40 41
40 43
40 44
40 45
40 46
40 47
40 48
40 50
40 180
40 109
40 130
41 44
41 45
41 46
41 47
41 48
41 49
41 50
41 51
41 85
41 71
41 123
42 43
42 44
42 45
42 46
42 48
42 49
42 50
42 51
42 52
42 148
42 56
42 129
43 45
43 46
43 47
43 48
43 49
43 50
43 51
43 52
43 82
43 149
44 45
44 46
44 47
44 48
44 49
44 50
44 51
44 52
44 53
44 54
45 46
45 47
45 48
45 49
45 50
45 51
45 52
45 53
45 54
45 55
46 47
46 48
46 50
46 52
46 53
46 54
46 56
46 164
46 89
46 85
47 48
47 49
47 50
47 51
47 52
47 53
47 55
47 56
47 57
47 159
47 221
48 49
48 50
48 51
48 52
48 54
48 55
48 56
48 58
48 78
48 84
48 243
49 50
49 51
49 53
49 54
49 55
49 56
49 57
49 58
49 59
49 94
49 162
50 51
50 52
50 53
50 54
50 55
50 56
50 57
50 58
50 59
50 60
51 53
51 54
51 55
51 56
51 57
51 59
51 60
51 61
51 190
51 73
51 218
52 54
52 55
52 57
52 59
52 60
52 61
52 98
52 149
52 219
53 54
53 55
53 56
53 57
53 59
53 60
53 61
53 62
53 63
53 215
54 55
54 56
54 57
54 58
54 59
54 60
54 61
54 62
54 63
54 64
55 56
55 57
55 58
55 60
55 61
55 62
55 63
55 64
55 65
55 87
56 57
56 58
56 59
56 60
56 61
56 62
56 65
56 66
56 97
57 58
57 60
57 61
57 63
57 64
57 65
57 66
57 204
57 122
57 109
57 244
58 59
58 60
58 62
58 63
58 64
58 65
58 66
58 67
58 68
58 217
59 60
59 61
59 62
59 63
59 64
59 65
59 67
59 68
59 69
59 186
59 125
59 241
60 61
60 63
60 64
60 66
60 67
60 69
60 70
60 228
60 137
60 135
60 183
61 62
61 63
61 64
61 66
61 67
61 68
61 69
61 70
61 71
61 218
61 136
61 216
62 63
62 64
62 65
62 66
62 67
62 68
62 69
62 72
62 139
62 197
62 154
63 65
63 66
63 67
63 68
63 69
63 70
63 71
63 72
63 73
63 178
63 95
64 65
64 66
64 67
64 68
64 69
64 70
64 71
64 72
64 73
64 74
64 105
65 66
65 67
65 68
65 69
65 71
65 72
65 74
65 75
65 77
65 119
66 67
66 68
66 69
66 70
66 72
66 73
66 74
66 75
66 76
66 113
66 98
66 240
67 68
67 69
67 70
67 71
67 73
67 74
67 75
67 76
67 77
67 203
68 69
68 70
68 71
68 72
68 73
68 74
68 75
68 76
68 77
68 78
69 70
69 71
69 72
69 74
69 75
69 76
69 77
69 78
69 79
69 245
70 71
70 72
70 74
70 75
70 76
70 77
70 78
70 80
70 83
70 110
71 72
71 73
71 74
71 75
71 76
71 77
71 78
71 80
71 81
72 73
72 74
72 75
72 76
72 77
72 78
72 79
72 80
72 81
72 82
73 75
73 76
73 77
73 78
73 80
73 82
73 190
73 151
73 242
74 75
74 78
74 79
74 80
74 81
74 82
74 84
74 157
74 145
74 181
74 188
74 203
75 76
75 77
75 79
75 81
75 82
75 84
75 85
75 231
75 235
76 77
76 78
76 79
76 80
76 81
76 82
76 83
76 84
76 85
76 86
76 117
77 78
77 79
77 80
77 81
77 82
77 83
77 84
77 85
77 86
77 87
78 79
78 80
78 81
78 82
78 83
78 84
78 85
78 86
78 87
78 88
78 202
78 230
79 80
79 81
79 82
79 83
79 85
79 86
79 87
79 88
79 89
79 228
80 81
80 82
80 83
80 84
80 85
80 86
80 87
80 88
80 89
80 90
81 82
81 83
81 84
81 85
81 87
81 88
81 90
81 91
81 201
81 171
82 83
82 85
82 86
82 87
82 88
82 89
82 91
82 92
82 95
82 237
82 188
83 84
83 85
83 86
83 87
83 88
83 89
83 90
83 91
83 92
83 93
84 85
84 86
84 87
84 88
84 89
84 90
84 91
84 93
84 94
84 229
85 86
85 87
85 88
85 89
85 90
85 91
85 92
85 93
85 94
85 95
85 198
86 87
86 88
86 90
86 91
86 92
86 93
86 94
86 96
86 201
86 246
87 88
87 89
87 91
87 92
87 93
87 94
87 96
87 97
87 247
87 217
88 89
88 90
88 91
88 92
88 93
88 94
88 95
88 96
88 97
88 98
89 91
89 92
89 93
89 94
89 95
89 96
89 97
89 98
89 99
89 243
90 91
90 92
90 93
90 94
90 95
90 96
90 97
90 245
90 180
91 93
91 94
91 96
91 97
91 98
91 99
91 100
91 101
91 210
91 153
91 193
92 93
92 94
92 95
92 96
92 97
92 100
92 101
92 102
92 179
92 244
92 152
93 94
93 95
93 96
93 97
93 98
93 99
93 100
93 101
93 102
93 103
93 247
93 167
94 95
94 96
94 97
94 98
94 99
94 100
94 101
94 102
94 103
94 104
94 115
95 96
95 97
95 99
95 102
95 103
95 104
95 105
95 197
96 97
96 98
96 99
96 100
96 101
96 102
96 103
96 104
96 106
97 98
97 99
97 100
97 101
97 102
97 103
97 104
97 106
97 107
97 155
98 99
98 100
98 101
98 102
98 103
98 104
98 105
98 106
98 107
98 108
99 100
99 101
99 102
99 103
99 104
99 105
99 107
99 108
99 109
99 240
100 101
100 102
100 103
100 105
100 106
100 107
100 109
100 110
100 152
100 151
100 149
100 133
101 102
101 103
101 104
101 105
101 106
101 107
101 108
101 109
101 110
101 111
102 103
102 104
102 105
102 106
102 107
102 108
102 110
102 111
102 112
102 228
102 143
103 104
103 105
103 106
103 107
103 109
103 110
103 111
103 112
103 113
103 178
103 143
104 108
104 109
104 110
104 111
104 112
104 113
104 114
104 175
104 217
105 106
105 108
105 109
105 110
105 111
105 112
105 113
105 114
105 138
106 107
106 108
106 109
106 110
106 111
106 112
106 113
106 114
106 115
106 116
106 185
107 108
107 109
107 110
107 111
107 112
107 113
107 114
107 115
107 116
107 117
108 109
108 111
108 112
108 113
108 114
108 115
108 116
108 117
108 118
108 227
108 168
108 179
109 110
109 111
109 112
109 113
109 115
109 116
109 118
109 119
109 168
110 111
110 112
110 113
110 114
110 115
110 116
110 117
110 118
110 120
110 127
111 112
111 113
111 114
111 115
111 116
111 117
111 118
111 119
111 121
111 124
112 113
112 114
112 115
112 116
112 117
112 118
112 119
112 120
112 121
112 122
112 189
113 114
113 116
113 117
113 118
113 119
113 120
113 121
113 122
113 123
114 115
114 116
114 117
114 118
114 119
114 120
114 121
114 122
114 124
114 221
115 116
115 117
115 118
115 119
115 120
115 121
115 122
115 123
115 125
116 117
116 119
116 120
116 121
116 122
116 123
116 124
116 125
116 126
117 118
117 120
117 121
117 122
117 123
117 124
117 127
117 215
117 221
117 189
117 134
118 119
118 120
118 121
118 122
118 123
118 124
118 125
118 126
118 127
118 128
118 161
119 120
119 121
119 122
119 123
119 124
119 125
119 126
119 127
119 128
119 129
120 121
120 122
120 123
120 124
120 125
120 126
120 127
120 128
120 129
120 130
120 241
121 122
121 123
121 124
121 125
121 126
121 127
121 128
121 129
121 130
121 131
121 218
122 123
122 124
122 125
122 126
122 127
122 128
122 129
122 130
122 131
122 132
122 231
122 165
123 124
123 126
123 127
123 128
123 129
123 130
123 131
123 132
123 133
124 125
124 126
124 127
124 128
124 129
124 130
124 131
124 132
124 133
124 134
125 126
125 127
125 128
125 129
125 130
125 131
125 132
125 133
125 134
125 135
126 127
126 128
126 129
126 130
126 131
126 132
126 133
126 134
126 135
126 136
127 128
127 129
127 130
127 131
127 132
127 133
127 134
127 135
127 137
128 130
128 131
128 132
128 133
128 134
128 135
128 136
128 137
128 138
128 244
128 164
129 130
129 131
129 132
129 133
129 134
129 135
129 136
129 138
129 139
130 131
130 132
130 133
130 134
130 135
130 136
130 137
130 138
130 139
130 140
130 219
130 147
131 132
131 133
131 134
131 135
131 136
131 137
131 138
131 139
131 140
131 141
132 133
132 134
132 135
132 136
132 137
132 138
132 139
132 140
132 142
133 134
133 135
133 136
133 137
133 138
133 140
133 141
133 143
133 233
133 151
134 135
134 136
134 137
134 138
134 140
134 141
134 142
134 143
134 144
135 136
135 137
135 139
135 141
135 142
135 143
135 144
135 145
135 178
136 137
136 138
136 139
136 140
136 141
136 142
136 144
136 145
136 146
136 217
137 138
137 139
137 140
137 141
137 142
137 143
137 144
137 145
137 146
137 147
138 139
138 140
138 141
138 142
138 143
138 144
138 146
138 147
138 148
138 240
139 140
139 141
139 142
139 143
139 144
139 145
139 147
139 148
139 149
140 141
140 142
140 143
140 144
140 145
140 146
140 148
140 149
140 150
140 180
140 192
141 142
141 143
141 144
141 146
141 147
141 148
141 149
141 150
141 151
141 209
142 143
142 144
142 145
142 148
142 149
142 150
142 151
142 152
142 156
143 144
143 145
143 147
143 148
143 149
143 150
143 151
143 153
144 145
144 146
144 147
144 148
144 149
144 150
144 151
144 152
144 153
144 154
145 146
145 147
145 148
145 149
145 150
145 151
145 152
145 153
145 154
145 155
145 167
146 147
146 148
146 149
146 150
146 151
146 152
146 153
146 154
146 155
146 156
146 207
146 165
147 148
147 149
147 150
147 152
147 153
147 154
147 155
147 157
147 165
147 186
148 149
148 150
148 151
148 152
148 153
148 154
148 155
148 156
148 157
148 158
149 150
149 151
149 152
149 153
149 154
149 155
149 156
149 159
149 187
150 151
150 152
150 153
150 155
150 156
150 157
150 158
150 159
150 160
150 203
151 152
151 153
151 154
151 155
151 156
151 157
151 158
151 159
151 212
151 248
152 153
152 154
152 157
152 158
152 161
152 162
152 202
152 249
153 154
153 155
153 157
153 158
153 159
153 160
153 161
153 162
153 163
154 156
154 158
154 159
154 160
154 161
154 162
154 163
154 164
154 247
155 156
155 157
155 158
155 159
155 160
155 161
155 162
155 163
155 164
155 165
156 157
156 158
156 159
156 160
156 161
156 162
156 163
156 164
156 165
156 166
157 159
157 160
157 162
157 163
157 164
157 165
157 166
157 167
157 179
158 159
158 160
158 161
158 162
158 163
158 164
158 165
158 166
158 167
158 168
159 161
159 162
159 163
159 164
159 165
159 166
159 167
159 168
159 169
160 161
160 162
160 163
160 164
160 165
160 166
160 167
160 168
160 169
160 170
161 163
161 164
161 166
161 167
161 168
161 169
161 170
161 171
161 247
161 222
162 163
162 164
162 165
162 166
162 167
162 168
162 169
162 170
162 171
162 222
163 164
163 165
163 166
163 167
163 168
163 169
163 171
163 172
163 173
163 178
164 165
164 166
164 168
164 170
164 171
164 173
164 174
164 235
165 167
165 168
165 169
165 170
165 172
165 174
165 235
166 167
166 168
166 169
166 170
166 171
166 172
166 173
166 174
166 175
166 176
167 168
167 169
167 170
167 171
167 172
167 173
167 174
167 176
168 169
168 170
168 172
168 173
168 174
168 175
168 176
168 178
168 228
169 170
169 171
169 172
169 173
169 174
169 175
169 176
169 177
169 178
169 179
170 172
170 173
170 174
170 175
170 176
170 177
170 179
170 180
170 217
170 202
171 172
171 173
171 174
171 175
171 176
171 177
171 178
171 179
171 180
171 181
171 204
172 173
172 174
172 175
172 176
172 177
172 178
172 179
172 180
172 181
172 222
173 174
173 175
173 176
173 177
173 178
173 179
173 180
173 181
173 182
173 183
174 175
174 176
174 177
174 178
174 179
174 180
174 181
174 182
174 183
174 184
175 176
175 177
175 178
175 179
175 180
175 181
175 182
175 183
175 184
175 185
176 177
176 178
176 179
176 180
176 182
176 183
176 184
176 186
177 178
177 180
177 181
177 182
177 183
177 184
177 185
177 186
177 187
178 179
178 180
178 181
178 183
178 184
178 185
178 186
178 187
178 188
179 180
179 181
179 182
179 183
179 184
179 185
179 186
179 187
179 188
180 181
180 182
180 183
180 185
180 187
180 188
180 189
180 190
181 183
181 184
181 185
181 186
181 187
181 188
181 189
181 190
181 191
181 208
182 183
182 184
182 185
182 186
182 187
182 188
182 189
182 190
182 191
182 192
183 184
183 185
183 187
183 188
183 189
183 190
183 191
183 193
184 186
184 187
184 189
184 190
184 191
184 192
184 193
184 194
184 207
184 223
185 187
185 188
185 189
185 190
185 191
185 192
185 193
185 194
185 195
186 187
186 188
186 189
186 190
186 192
186 193
186 194
186 195
186 196
186 241
187 188
187 189
187 190
187 191
187 192
187 193
187 194
187 195
187 196
187 197
188 189
188 190
188 191
188 192
188 193
188 194
188 197
188 198
188 241
189 190
189 191
189 192
189 193
189 194
189 195
189 197
189 198
189 199
190 191
190 192
190 194
190 195
190 196
190 197
190 199
190 219
190 222
191 192
191 193
191 194
191 195
191 196
191 197
191 198
191 199
191 200
191 201
192 194
192 195
192 196
192 197
192 198
192 200
192 201
192 202
192 239
193 194
193 195
193 196
193 197
193 198
193 199
193 200
193 201
193 202
193 203
194 195
194 196
194 197
194 198
194 199
194 200
194 201
194 202
194 203
194 204
194 222
195 196
195 197
195 198
195 199
195 200
195 201
195 202
195 203
195 204
195 205
196 197
196 198
196 199
196 200
196 201
196 202
196 203
196 204
196 205
196 206
196 241
197 198
197 199
197 200
197 201
197 202
197 203
197 204
197 205
197 206
198 199
198 200
198 201
198 202
198 203
198 205
198 206
198 207
199 200
199 201
199 202
199 203
199 204
199 205
199 206
199 207
199 208
199 209
200 201
200 202
200 203
200 204
200 205
200 206
200 207
200 208
200 209
200 210
201 202
201 203
201 204
201 205
201 206
201 207
201 208
201 209
201 210
201 211
202 203
202 204
202 205
202 206
202 207
202 208
202 209
202 211
202 212
203 205
203 206
203 207
203 208
203 209
203 210
203 211
203 212
203 213
203 221
204 206
204 207
204 208
204 209
204 210
204 211
204 212
204 213
204 214
205 206
205 207
205 208
205 209
205 211
205 212
205 213
205 214
205 215
206 207
206 208
206 209
206 210
206 211
206 212
206 213
206 214
206 215
206 216
207 208
207 209
207 210
207 211
207 212
207 213
207 215
207 216
207 217
208 209
208 211
208 212
208 214
208 215
208 216
208 217
208 218
209 210
209 211
209 212
209 213
209 214
209 215
209 216
209 217
209 219
210 211
210 212
210 213
210 214
210 215
210 216
210 217
210 219
210 220
210 224
211 212
211 213
211 214
211 215
211 216
211 217
211 218
211 219
211 220
211 221
212 213
212 214
212 216
212 217
212 218
212 219
212 220
212 221
212 222
213 214
213 215
213 216
213 217
213 218
213 219
213 220
213 221
213 223
214 215
214 216
214 217
214 218
214 219
214 220
214 221
214 222
214 223
214 224
215 216
215 217
215 218
215 219
215 221
215 222
215 223
215 224
215 225
216 217
216 218
216 219
216 220
216 221
216 222
216 224
216 225
216 226
217 218
217 219
217 220
217 221
217 222
217 223
217 224
217 225
217 226
218 219
218 220
218 221
218 222
218 223
218 224
218 226
218 228
219 221
219 222
219 223
219 224
219 225
219 226
219 227
219 229
220 221
220 222
220 223
220 224
220 225
220 226
220 227
220 228
220 229
220 230
221 222
221 223
221 225
221 226
221 228
221 229
221 230
222 223
222 225
222 227
222 228
222 229
222 230
222 232
223 224
223 226
223 227
223 228
223 229
223 230
223 231
223 232
223 233
224 225
224 226
224 227
224 229
224 230
224 231
224 232
224 234
225 227
225 228
225 229
225 230
225 231
225 232
225 233
225 234
225 235
226 227
226 229
226 231
226 232
226 233
226 235
226 236
226 242
226 240
227 228
227 229
227 230
227 231
227 232
227 233
227 234
227 235
227 236
227 237
228 229
228 230
228 231
228 232
228 234
228 235
228 236
228 237
228 245
229 230
229 231
229 232
229 233
229 234
229 235
229 236
229 237
229 238
229 239
230 231
230 232
230 233
230 234
230 235
230 236
230 237
230 239
230 240
231 232
231 233
231 235
231 236
231 237
231 239
231 240
231 241
232 233
232 234
232 235
232 236
232 237
232 238
232 239
232 240
232 241
232 242
233 234
233 235
233 236
233 237
233 238
233 239
233 240
233 241
233 242
233 243
234 235
234 236
234 237
234 238
234 239
234 240
234 241
234 242
234 243
234 244
235 236
235 237
235 238
235 240
235 241
235 242
235 243
235 244
235 245
236 237
236 238
236 239
236 240
236 241
236 242
236 243
236 244
236 245
236 246
237 238
237 239
237 240
237 241
237 242
237 243
237 244
237 245
237 246
237 247
238 239
238 240
238 241
238 242
238 243
238 244
238 245
238 247
238 248
239 240
239 241
239 242
239 243
239 245
239 246
239 247
239 248
239 249
240 241
240 242
240 243
240 244
240 245
240 246
240 248
240 249
241 243
241 244
241 245
241 248
242 243
242 244
242 245
242 246
242 247
242 248
242 249
243 244
243 245
243 246
243 247
243 248
243 249
244 245
244 246
244 247
244 248
244 249
245 246
245 247
245 248
245 249
246 248
246 249
247 249
248 249
