0 1
0 249
0 2
0 248
0 3
0 247
0 4
0 246
0 245
0 6
0 244
0 7
0 243
0 8
0 242
0 9
0 241
0 10
0 240
0 35
1 2
1 3
1 249
1 4
1 248
1 5
1 247
1 6
1 246
1 245
1 8
1 9
1 243
1 10
1 242
1 11
1 241
1 215
1 212
2 3
2 4
2 5
2 249
2 6
2 248
2 7
2 247
2 8
2 246
2 9
2 245
2 10
2 244
2 11
2 243
2 12
2 242
2 81
3 4
3 5
3 6
3 7
3 249
3 8
3 248
3 247
3 10
3 246
3 11
3 245
3 12
3 244
3 13
3 243
3 50
3 98
4 5
4 6
4 7
4 8
4 9
4 249
4 10
4 248
4 11
4 247
4 12
4 246
4 13
4 245
4 14
4 244
5 6
5 7
5 8
5 9
5 10
5 11
5 249
5 12
5 248
5 13
5 247
5 14
5 246
5 245
5 65
6 7
6 8
6 9
6 10
6 12
6 13
6 249
6 14
6 248
6 15
6 247
6 16
6 246
6 63
7 8
7 9
7 10
7 11
7 12
7 13
7 14
7 15
7 249
7 16
7 247
7 36
7 205
7 222
8 9
8 10
8 11
8 12
8 13
8 14
8 15
8 16
8 17
8 249
8 18
8 248
8 60
8 245
9 10
9 12
9 14
9 15
9 16
9 17
9 18
9 19
9 249
9 69
9 167
9 133
9 174
10 11
10 12
10 13
10 14
10 15
10 16
10 17
10 18
10 19
10 20
10 217
10 104
11 12
11 13
11 14
11 16
11 17
11 18
11 19
11 20
11 21
11 154
11 85
12 13
12 14
12 15
12 16
12 17
12 18
12 19
12 20
12 21
12 22
13 14
13 15
13 16
13 17
13 18
13 19
13 20
13 21
13 22
13 23
13 151
13 54
13 37
14 15
14 16
14 17
14 18
14 19
14 20
14 21
14 22
14 23
14 24
15 16
15 17
15 18
15 19
15 20
15 21
15 22
15 23
15 25
15 27
16 17
16 18
16 20
16 21
16 22
16 24
16 25
16 26
16 195
16 150
17 18
17 19
17 20
17 21
17 22
17 24
17 25
17 26
17 55
17 183
17 246
18 19
18 23
18 25
18 26
18 27
18 28
18 52
18 223
18 64
18 105
18 122
19 20
19 21
19 22
19 24
19 25
19 26
19 28
19 29
19 43
19 142
19 119
20 21
20 22
20 23
20 24
20 25
20 26
20 27
20 28
20 29
20 30
20 48
20 81
20 139
21 22
21 23
21 24
21 25
21 26
21 28
21 29
21 30
21 31
21 101
22 23
22 24
22 25
22 26
22 27
22 28
22 29
22 30
22 31
22 179
23 24
23 25
23 26
23 27
23 28
23 29
23 30
23 33
23 179
23 60
23 126
24 26
24 27
24 29
24 30
24 31
24 32
24 33
24 34
24 224
24 97
25 26
25 27
25 28
25 29
25 30
25 31
25 32
25 33
25 34
25 35
25 206
26 27
26 28
26 29
26 30
26 31
26 32
26 34
26 36
26 134
26 138
27 28
27 29
27 30
27 31
27 32
27 33
27 35
27 36
27 37
27 181
27 80
28 29
28 30
28 31
28 32
28 33
28 34
28 35
28 36
28 37
28 38
29 30
29 31
29 32
29 33
29 34
29 35
29 36
29 37
29 38
29 39
30 31
30 33
30 34
30 35
30 36
30 37
30 38
30 40
30 229
30 249
30 156
30 193
30 160
31 32
31 33
31 34
31 35
31 36
31 37
31 38
31 39
31 40
31 41
31 164
31 80
31 147
32 33
32 34
32 35
32 37
32 38
32 39
32 40
32 41
32 42
32 73
33 34
33 35
33 36
33 37
33 38
33 39
33 40
33 41
33 42
33 43
33 70
33 185
34 35
34 36
34 37
34 38
34 39
34 40
34 41
34 42
34 43
34 44
34 59
34 88
35 37
35 38
35 39
35 40
35 41
35 42
35 43
35 45
35 219
35 112
35 198
36 38
36 39
36 40
36 41
36 42
36 44
36 45
36 46
36 159
37 38
37 40
37 41
37 42
37 43
37 44
37 45
37 46
37 144
38 39
38 41
38 42
38 43
38 45
38 46
38 47
38 48
38 70
38 195
38 179
38 140
39 40
39 41
39 42
39 44
39 45
39 46
39 47
39 48
39 49
39 88
40 41
40 42
40 43
40 44
40 45
40 46
40 47
40 49
40 50
40 132
40 236
41 42
41 44
41 45
41 46
41 47
41 48
41 49
41 50
41 51
41 182
41 156
42 43
42 44
42 45
42 46
42 47
42 48
42 49
42 50
42 51
42 52
43 44
43 45
43 46
43 47
43 48
43 49
43 50
43 51
43 52
43 53
44 45
44 46
44 47
44 48
44 49
44 50
44 51
44 52
44 53
44 54
44 240
45 46
45 47
45 48
45 49
45 50
45 51
45 52
45 53
45 54
45 55
46 48
46 49
46 50
46 51
46 52
46 53
46 54
46 55
46 56
46 109
47 48
47 49
47 51
47 52
47 53
47 54
47 55
47 56
47 57
47 234
47 163
48 50
48 52
48 53
48 54
48 55
48 56
48 57
48 58
48 196
49 50
49 51
49 52
49 53
49 54
49 55
49 56
49 57
49 58
49 59
49 178
49 165
50 51
50 52
50 54
50 55
50 56
50 57
50 58
50 59
50 60
50 92
50 218
51 52
51 54
51 55
51 56
51 57
51 58
51 59
51 60
51 61
51 233
51 218
52 55
52 56
52 57
52 58
52 59
52 60
52 62
52 190
52 179
52 98
53 54
53 55
53 56
53 57
53 58
53 59
53 60
53 61
53 62
53 63
54 55
54 56
54 57
54 58
54 59
54 60
54 62
54 63
54 132
55 56
55 57
55 58
55 59
55 60
55 61
55 62
55 63
55 64
55 67
55 185
55 79
56 57
56 58
56 59
56 60
56 61
56 62
56 63
56 65
56 66
56 82
57 58
57 59
57 61
57 62
57 63
57 64
57 65
57 66
57 67
57 198
58 59
58 60
58 61
58 62
58 63
58 65
58 66
58 67
58 68
58 103
59 61
59 62
59 63
59 66
59 67
59 68
59 69
59 92
59 137
59 246
60 61
60 62
60 64
60 65
60 66
60 67
60 68
60 69
60 70
61 62
61 63
61 64
61 65
61 66
61 67
61 68
61 69
61 70
61 71
61 151
62 63
62 65
62 66
62 67
62 68
62 70
62 71
62 72
62 214
62 137
63 64
63 65
63 66
63 67
63 68
63 69
63 70
63 71
63 72
63 73
63 86
63 106
63 224
64 65
64 66
64 67
64 68
64 69
64 70
64 71
64 73
64 74
64 118
64 214
65 66
65 67
65 69
65 70
65 71
65 72
65 73
65 74
65 75
65 134
65 207
66 67
66 68
66 69
66 71
66 72
66 73
66 74
66 75
66 76
66 85
67 68
67 70
67 71
67 72
67 73
67 75
67 76
67 77
67 207
68 69
68 70
68 71
68 72
68 73
68 75
68 76
68 78
68 133
68 155
68 170
69 70
69 71
69 72
69 74
69 75
69 76
69 77
69 78
69 79
69 161
69 162
70 72
70 73
70 74
70 75
70 77
70 78
70 79
70 80
70 103
71 72
71 74
71 75
71 76
71 77
71 78
71 79
71 80
71 81
71 190
72 73
72 74
72 75
72 76
72 77
72 78
72 79
72 81
72 82
72 93
73 74
73 75
73 77
73 78
73 79
73 80
73 81
73 82
73 83
73 187
74 75
74 76
74 77
74 79
74 80
74 81
74 82
74 83
74 84
74 177
74 236
74 230
75 76
75 77
75 78
75 79
75 80
75 81
75 82
75 83
75 84
75 85
76 77
76 78
76 79
76 80
76 81
76 83
76 85
76 86
76 246
76 237
77 78
77 79
77 80
77 81
77 82
77 83
77 84
77 85
77 86
77 87
78 81
78 82
78 83
78 84
78 85
78 86
78 87
78 88
78 142
78 115
78 132
78 160
78 238
78 93
78 141
79 80
79 81
79 82
79 83
79 84
79 85
79 86
79 88
79 89
79 212
80 81
80 82
80 83
80 84
80 86
80 87
80 88
80 89
80 90
81 84
81 85
81 86
81 87
81 89
81 90
81 91
81 112
81 170
81 217
82 83
82 84
82 85
82 86
82 88
82 89
82 90
82 91
82 92
82 114
83 84
83 85
83 86
83 87
83 88
83 90
83 91
83 92
83 93
83 137
84 85
84 86
84 87
84 88
84 89
84 90
84 91
84 92
84 93
84 94
85 86
85 87
85 88
85 89
85 90
85 91
85 92
85 93
85 94
85 95
86 87
86 90
86 91
86 92
86 93
86 94
86 95
86 96
86 107
87 88
87 90
87 91
87 92
87 94
87 95
87 96
87 97
87 135
87 104
88 89
88 90
88 91
88 92
88 93
88 94
88 95
88 96
88 209
89 90
89 91
89 92
89 93
89 94
89 95
89 96
89 97
89 98
89 99
90 92
90 93
90 94
90 95
90 96
90 97
90 98
90 99
90 100
90 234
90 158
90 186
91 92
91 94
91 95
91 96
91 98
91 99
91 100
91 101
91 111
91 107
91 219
92 93
92 95
92 96
92 97
92 98
92 99
92 100
92 101
92 102
92 106
92 168
93 94
93 95
93 96
93 97
93 98
93 99
93 101
93 102
93 103
94 95
94 96
94 97
94 98
94 99
94 100
94 101
94 103
94 104
94 219
95 96
95 97
95 98
95 99
95 100
95 101
95 102
95 103
95 104
95 105
95 206
96 98
96 99
96 100
96 101
96 102
96 104
96 105
96 219
96 206
96 120
97 98
97 99
97 100
97 101
97 102
97 103
97 104
97 105
97 106
97 107
98 99
98 100
98 101
98 102
98 103
98 104
98 105
98 106
98 107
98 108
98 192
99 100
99 101
99 102
99 103
99 104
99 105
99 106
99 107
99 108
99 109
100 101
100 102
100 103
100 104
100 105
100 106
100 107
100 108
100 109
100 110
101 102
101 103
101 104
101 105
101 106
101 107
101 108
101 109
101 110
101 111
101 175
102 103
102 104
102 105
102 106
102 107
102 108
102 109
102 110
102 111
102 188
103 104
103 105
103 106
103 107
103 108
103 109
103 110
103 111
103 113
103 216
104 105
104 106
104 107
104 108
104 109
104 112
104 113
104 114
104 170
105 106
105 107
105 108
105 109
105 110
105 111
105 112
105 113
105 114
105 115
106 107
106 109
106 112
106 113
106 115
106 116
106 136
106 207
107 108
107 109
107 110
107 111
107 112
107 113
107 114
107 115
107 116
107 117
108 109
108 110
108 111
108 113
108 114
108 115
108 116
108 117
108 118
108 150
109 110
109 111
109 112
109 113
109 114
109 115
109 116
109 117
109 118
109 119
109 139
110 111
110 113
110 114
110 115
110 116
110 117
110 118
110 119
110 120
110 206
110 201
111 112
111 113
111 114
111 115
111 116
111 117
111 118
111 119
111 120
111 121
112 113
112 114
112 115
112 117
112 119
112 120
112 121
112 122
112 209
112 213
113 114
113 115
113 116
113 117
113 118
113 120
113 121
113 122
113 160
113 178
113 148
114 115
114 116
114 117
114 118
114 119
114 120
114 121
114 122
114 123
114 124
114 191
115 116
115 117
115 118
115 119
115 121
115 122
115 123
115 124
115 125
115 200
115 186
115 157
116 117
116 118
116 119
116 120
116 121
116 122
116 123
116 124
116 125
116 126
117 118
117 119
117 120
117 121
117 122
117 123
117 124
117 125
117 126
117 127
118 119
118 120
118 122
118 123
118 124
118 125
118 126
118 127
118 128
118 152
118 216
119 120
119 121
119 123
119 124
119 128
119 129
119 212
119 162
119 152
119 199
119 163
120 121
120 122
120 123
120 124
120 125
120 126
120 127
120 128
120 129
120 130
121 122
121 123
121 124
121 125
121 126
121 127
121 128
121 129
121 130
121 195
122 124
122 125
122 126
122 127
122 128
122 129
122 130
122 131
122 132
122 223
123 124
123 125
123 126
123 128
123 130
123 131
123 133
123 179
123 196
123 186
124 125
124 126
124 127
124 128
124 129
124 130
124 131
124 132
124 133
124 134
124 165
125 126
125 127
125 129
125 130
125 131
125 132
125 133
125 134
125 135
125 229
125 153
126 127
126 128
126 130
126 131
126 132
126 133
126 134
126 135
126 136
126 170
126 168
127 128
127 129
127 130
127 131
127 132
127 133
127 134
127 135
127 136
127 137
128 129
128 130
128 132
128 133
128 134
128 135
128 136
128 137
128 138
128 160
128 221
128 165
129 130
129 131
129 132
129 133
129 134
129 135
129 136
129 137
129 138
129 139
130 131
130 132
130 133
130 134
130 135
130 136
130 137
130 138
130 139
130 140
131 132
131 133
131 134
131 135
131 136
131 137
131 138
131 139
131 140
131 141
132 133
132 135
132 138
132 139
132 140
132 141
132 142
132 248
132 189
132 184
133 134
133 136
133 137
133 138
133 140
133 141
133 142
133 143
133 228
133 199
133 200
134 136
134 137
134 138
134 139
134 140
134 141
134 142
134 143
134 144
134 152
135 136
135 137
135 138
135 139
135 140
135 141
135 142
135 143
135 144
135 145
136 137
136 138
136 139
136 140
136 141
136 142
136 143
136 144
136 145
136 146
136 217
137 139
137 140
137 141
137 143
137 144
137 145
137 146
137 147
137 217
138 139
138 140
138 141
138 143
138 144
138 145
138 146
138 147
138 148
138 210
139 140
139 141
139 142
139 144
139 146
139 147
139 149
139 211
140 141
140 142
140 143
140 144
140 145
140 147
140 148
140 149
140 150
141 142
141 143
141 144
141 145
141 147
141 148
141 149
141 151
141 191
141 192
142 143
142 144
142 145
142 146
142 147
142 149
142 150
142 151
142 152
142 169
143 144
143 145
143 146
143 147
143 148
143 149
143 152
143 153
143 165
143 231
143 239
143 215
143 157
143 197
144 145
144 146
144 147
144 148
144 149
144 150
144 151
144 152
144 153
144 154
144 215
145 146
145 147
145 148
145 149
145 150
145 152
145 153
145 154
145 155
145 222
146 147
146 148
146 149
146 150
146 151
146 152
146 153
146 154
146 155
146 156
147 148
147 149
147 150
147 151
147 152
147 153
147 154
147 155
147 157
147 220
148 149
148 150
148 151
148 152
148 153
148 154
148 155
148 156
148 157
148 203
149 151
149 152
149 153
149 154
149 155
149 156
149 157
149 158
149 159
149 246
149 173
150 151
150 152
150 153
150 154
150 156
150 157
150 158
150 159
150 160
150 168
151 153
151 155
151 156
151 157
151 158
151 160
151 161
151 226
152 153
152 154
152 156
152 157
152 158
152 159
152 160
152 161
152 162
152 215
153 154
153 155
153 156
153 157
153 158
153 159
153 160
153 161
153 163
153 169
154 156
154 157
154 158
154 159
154 160
154 161
154 162
154 163
154 165
154 168
155 156
155 157
155 158
155 159
155 160
155 161
155 162
155 163
155 164
155 165
156 157
156 158
156 159
156 160
156 163
156 164
156 165
156 166
157 158
157 159
157 160
157 161
157 162
157 163
157 164
157 165
157 167
158 159
158 160
158 162
158 163
158 164
158 165
158 166
158 167
158 168
159 160
159 161
159 162
159 163
159 164
159 165
159 166
159 167
159 168
159 169
160 161
160 163
160 164
160 165
160 166
160 168
160 169
160 181
161 162
161 163
161 164
161 165
161 166
161 167
161 168
161 169
161 170
161 171
161 183
162 163
162 165
162 166
162 167
162 168
162 170
162 171
162 172
162 182
163 164
163 165
163 166
163 167
163 168
163 169
163 170
163 172
163 173
164 166
164 167
164 168
164 169
164 170
164 171
164 172
164 173
164 174
164 232
165 168
165 169
165 170
165 174
165 175
166 167
166 168
166 169
166 170
166 171
166 172
166 173
166 174
166 175
166 176
167 168
167 169
167 170
167 171
167 172
167 173
167 174
167 175
167 176
167 177
168 169
168 172
168 173
168 174
168 175
168 177
168 178
168 185
169 170
169 171
169 172
169 174
169 175
169 176
169 177
169 178
169 179
170 171
170 172
170 173
170 175
170 176
170 177
170 178
170 179
171 172
171 173
171 174
171 175
171 176
171 177
171 178
171 179
171 180
171 181
172 173
172 174
172 175
172 176
172 177
172 178
172 179
172 180
172 181
172 182
173 174
173 175
173 176
173 178
173 179
173 180
173 181
173 182
173 183
174 175
174 176
174 177
174 178
174 179
174 181
174 182
174 183
174 184
174 211
175 176
175 177
175 178
175 179
175 180
175 181
175 182
175 183
175 185
175 203
176 177
176 178
176 179
176 180
176 181
176 182
176 183
176 184
176 185
176 186
177 179
177 180
177 181
177 182
177 184
177 185
177 186
177 187
177 245
178 179
178 181
178 182
178 183
178 184
178 185
178 186
178 187
178 188
178 209
179 180
179 181
179 182
179 183
179 185
179 187
179 188
179 189
180 181
180 182
180 183
180 184
180 185
180 186
180 187
180 188
180 189
180 190
181 182
181 183
181 184
181 185
181 187
181 188
181 189
181 190
181 191
181 220
182 183
182 184
182 185
182 186
182 187
182 188
182 189
182 190
182 191
182 192
183 184
183 185
183 188
183 189
183 191
183 192
183 193
183 248
184 185
184 186
184 187
184 188
184 189
184 190
184 191
184 193
184 194
185 186
185 187
185 188
185 189
185 190
185 191
185 194
185 195
186 187
186 188
186 190
186 191
186 192
186 193
186 194
186 195
186 196
186 248
187 188
187 189
187 190
187 191
187 192
187 193
187 194
187 195
187 196
187 197
188 189
188 190
188 191
188 192
188 193
188 194
188 195
188 196
188 197
188 198
189 190
189 191
189 192
189 193
189 195
189 196
189 197
189 198
189 199
189 205
190 191
190 192
190 193
190 194
190 195
190 196
190 197
190 198
190 199
190 200
190 230
191 193
191 194
191 195
191 196
191 198
191 199
191 200
191 201
192 193
192 194
192 195
192 196
192 197
192 199
192 200
192 201
192 202
192 217
193 194
193 195
193 196
193 197
193 198
193 199
193 200
193 201
193 202
193 203
194 195
194 197
194 198
194 199
194 200
194 201
194 202
194 203
194 204
194 235
195 196
195 197
195 198
195 199
195 201
195 202
195 203
195 204
195 205
196 197
196 198
196 199
196 200
196 201
196 202
196 203
196 204
196 205
196 206
196 210
197 198
197 199
197 200
197 201
197 202
197 203
197 204
197 205
197 206
198 199
198 200
198 201
198 202
198 203
198 204
198 205
198 206
198 207
198 208
199 200
199 201
199 202
199 203
199 205
199 206
199 207
199 208
199 209
199 232
200 201
200 202
200 203
200 205
200 206
200 207
200 208
200 209
201 202
201 204
201 205
201 206
201 207
201 208
201 209
201 210
201 211
202 203
202 204
202 205
202 206
202 207
202 208
202 209
202 210
202 211
202 212
203 205
203 206
203 207
203 208
203 209
203 210
203 211
203 212
204 205
204 206
204 207
204 208
204 209
204 210
204 211
204 212
204 213
204 214
205 206
205 208
205 209
205 210
205 211
205 212
205 213
205 214
205 215
206 208
206 209
206 210
206 212
206 213
206 214
206 215
206 216
206 226
206 225
207 208
207 209
207 210
207 211
207 212
207 213
207 214
207 216
207 217
208 209
208 210
208 211
208 212
208 213
208 214
208 215
208 216
208 217
208 218
209 210
209 211
209 212
209 213
209 214
209 215
209 216
209 217
209 219
209 230
210 211
210 212
210 214
210 215
210 216
210 217
210 218
210 219
210 220
211 212
211 214
211 215
211 216
211 217
211 218
211 219
211 220
211 221
211 244
212 214
212 215
212 216
212 217
212 218
212 219
212 220
212 221
212 222
212 227
213 214
213 215
213 216
213 217
213 218
213 219
213 220
213 222
213 223
213 232
214 215
214 216
214 217
214 218
214 219
214 220
214 221
214 223
214 224
215 216
215 217
215 218
215 220
215 222
215 223
215 224
215 225
216 217
216 218
216 219
216 221
216 222
216 223
216 224
216 225
216 226
216 229
217 218
217 220
217 221
217 222
217 224
217 226
218 219
218 220
218 221
218 222
218 224
218 226
218 227
218 228
219 220
219 221
219 222
219 223
219 224
219 225
219 226
219 227
219 229
219 244
220 221
220 223
220 224
220 226
220 227
220 228
220 229
220 230
221 222
221 223
221 224
221 226
221 227
221 228
221 229
221 230
221 231
222 223
222 224
222 225
222 226
222 227
222 228
222 229
222 230
222 231
222 232
223 224
223 225
223 226
223 227
223 228
223 229
223 230
223 231
223 232
223 233
224 225
224 226
224 227
224 228
224 229
224 230
224 232
224 233
224 234
225 226
225 227
225 228
225 229
225 230
225 231
225 233
225 234
225 235
226 227
226 228
226 229
226 230
226 232
226 233
226 234
226 235
226 236
226 237
227 228
227 229
227 230
227 231
227 232
227 233
227 234
227 235
227 237
228 229
228 230
228 231
228 232
228 233
228 234
228 235
228 236
228 237
228 238
229 232
229 233
229 235
229 236
229 237
229 238
229 239
230 231
230 232
230 233
230 236
230 237
230 239
230 240
231 232
231 233
231 234
231 235
231 236
231 238
231 239
231 240
231 241
232 233
232 234
232 236
232 239
232 241
232 242
232 237
233 234
233 235
233 236
233 237
233 238
233 239
233 240
233 241
233 242
233 243
234 235
234 236
234 237
234 238
234 239
234 240
234 241
234 242
234 243
234 244
235 236
235 237
235 238
235 239
235 240
235 241
235 242
235 243
235 244
235 245
236 237
236 238
236 239
236 240
236 241
236 242
236 243
236 244
236 245
236 246
237 238
237 239
237 240
237 241
237 242
237 243
237 244
237 246
237 247
238 239
238 240
238 241
238 242
238 244
238 245
238 246
238 247
238 248
239 240
239 241
239 242
239 243
239 244
239 246
239 247
239 248
239 249
240 241
240 242
240 243
240 244
240 245
240 246
240 247
240 248
241 242
241 243
241 244
241 245
241 246
241 247
241 248
241 249
242 243
242 244
242 245
242 246
242 247
242 248
242 249
243 244
243 245
243 246
243 247
243 248
243 249
244 246
244 247
244 248
244 249
245 246
245 247
245 249
246 247
246 248
246 249
247 248
247 249
