0 1
0 249
0 2
0 248
0 3
0 247
0 4
0 246
0 5
0 245
0 6
0 244
0 91
1 2
1 3
1 249
1 4
1 247
1 6
1 246
1 7
1 245
1 227
1 196
2 3
2 4
2 5
2 249
2 6
2 248
2 7
2 247
2 8
2 246
2 26
3 4
3 5
3 6
3 7
3 249
3 8
3 248
3 9
3 247
3 17
3 58
4 5
4 6
4 7
4 8
4 9
4 249
4 10
4 248
5 6
5 7
5 8
5 9
5 10
5 11
6 7
6 8
6 9
6 10
6 11
6 12
7 8
7 9
7 10
7 11
7 12
7 13
7 181
7 82
7 169
8 9
8 10
8 11
8 12
8 13
8 14
8 158
8 73
9 10
9 11
9 12
9 14
9 15
9 29
10 11
10 12
10 13
10 14
10 15
10 16
10 60
11 12
11 14
11 15
11 16
11 17
11 83
11 174
12 13
12 14
12 15
12 16
12 17
12 18
13 14
13 15
13 16
13 17
13 18
13 19
14 15
14 16
14 17
14 18
14 19
14 20
14 87
15 16
15 17
15 18
15 19
15 20
15 21
15 106
16 17
16 18
16 19
16 20
16 21
16 22
16 230
17 18
17 19
17 21
17 22
17 23
18 19
18 20
18 21
18 22
18 23
18 24
18 161
18 167
19 20
19 21
19 22
19 23
19 24
19 25
19 235
20 21
20 22
20 24
20 25
20 26
20 122
20 229
20 92
21 22
21 23
21 24
21 25
21 26
21 27
21 213
21 180
22 23
22 24
22 25
22 26
22 27
22 28
22 169
23 24
23 25
23 27
23 28
23 29
23 225
23 161
24 25
24 26
24 27
24 28
24 29
24 30
25 26
25 27
25 28
25 29
25 30
25 31
26 27
26 30
26 31
26 32
26 191
27 28
27 29
27 30
27 31
27 32
27 33
28 29
28 30
28 31
28 32
28 33
28 34
28 236
28 101
29 30
29 32
29 33
29 34
29 35
29 237
29 178
29 93
30 31
30 32
30 33
30 34
30 35
30 36
31 32
31 33
31 35
31 36
31 37
31 116
31 98
32 33
32 34
32 35
32 36
32 37
32 38
33 34
33 35
33 36
33 37
33 38
33 39
34 35
34 36
34 37
34 38
34 39
34 40
35 36
35 37
35 38
35 39
35 41
35 177
35 107
36 37
36 38
36 39
36 41
36 42
36 77
37 39
37 40
37 41
37 42
37 239
37 225
38 39
38 40
38 41
38 42
38 43
38 44
39 41
39 42
39 44
39 45
39 88
39 204
39 127
40 41
40 42
40 43
40 44
40 45
40 46
41 42
41 43
41 44
41 45
41 46
41 47
41 164
42 43
42 44
42 45
42 46
42 47
42 48
43 44
43 45
43 46
43 48
43 49
43 179
44 45
44 47
44 48
44 49
44 235
44 134
45 46
45 47
45 48
45 49
45 50
45 51
46 47
46 48
46 49
46 50
46 51
46 52
47 48
47 49
47 50
47 51
47 52
47 53
48 49
48 50
48 51
48 52
48 53
48 54
48 176
49 50
49 51
49 52
49 53
49 54
49 55
49 131
50 51
50 52
50 53
50 55
50 56
50 94
51 52
51 53
51 54
51 55
51 56
51 243
51 190
51 232
51 249
52 53
52 55
52 58
52 70
52 80
52 248
52 212
53 54
53 55
53 57
53 58
53 59
53 105
54 55
54 56
54 58
54 59
54 60
54 71
54 214
55 56
55 57
55 58
55 59
55 60
55 61
56 57
56 58
56 59
56 61
56 208
56 80
57 58
57 59
57 60
57 61
57 62
57 114
57 226
58 59
58 60
58 61
58 62
58 63
58 172
59 60
59 61
59 62
59 64
59 65
59 112
60 62
60 63
60 64
60 65
60 66
61 62
61 63
61 65
61 66
61 67
61 177
61 99
62 63
62 64
62 65
62 66
62 67
62 68
63 64
63 65
63 66
63 67
63 68
63 69
64 65
64 66
64 67
64 68
64 69
64 70
65 66
65 67
65 68
65 69
65 70
65 71
66 67
66 68
66 70
66 71
66 72
66 151
66 232
67 68
67 69
67 70
67 71
67 72
67 73
67 229
68 69
68 71
68 72
68 73
68 74
68 81
69 70
69 71
69 72
69 73
69 74
69 223
69 133
69 183
70 71
70 72
70 73
70 74
70 75
70 76
70 90
71 72
71 73
71 74
71 75
71 76
71 77
71 164
71 173
71 215
72 73
72 74
72 75
72 76
72 77
72 78
72 229
73 74
73 75
73 78
73 79
73 114
73 221
74 75
74 76
74 77
74 78
74 79
74 80
75 76
75 77
75 78
75 79
75 166
75 162
75 151
76 77
76 79
76 80
76 81
76 82
76 239
77 78
77 79
77 80
77 81
77 82
77 83
78 79
78 80
78 81
78 82
78 83
78 84
79 80
79 81
79 82
79 83
79 84
79 85
80 81
80 82
80 84
80 85
80 86
80 118
81 82
81 84
81 85
81 86
81 87
81 170
82 84
82 87
82 88
82 165
82 203
82 127
83 84
83 85
83 86
83 87
83 88
83 89
84 85
84 86
84 87
84 89
84 90
84 145
84 172
84 224
85 86
85 87
85 88
85 89
85 90
85 91
86 87
86 88
86 90
86 91
86 92
86 172
87 89
87 90
87 91
87 92
87 93
88 89
88 90
88 91
88 92
88 93
88 94
88 248
89 90
89 91
89 92
89 93
89 94
89 95
90 92
90 93
90 94
90 95
90 96
91 93
91 94
91 95
91 96
91 97
92 93
92 94
92 95
92 96
92 97
92 131
93 94
93 95
93 96
93 97
93 99
93 194
93 236
94 96
94 97
94 98
94 99
94 100
94 212
94 141
95 97
95 98
95 99
95 101
95 225
95 159
96 97
96 98
96 99
96 100
96 101
96 102
97 98
97 99
97 100
97 101
97 102
97 103
97 132
98 99
98 100
98 101
98 102
98 164
98 226
99 100
99 101
99 102
99 103
99 104
100 101
100 103
100 104
100 105
100 106
100 227
101 102
101 103
101 104
101 106
101 107
101 125
101 115
102 103
102 104
102 105
102 106
102 107
102 108
103 104
103 105
103 106
103 107
103 108
103 109
104 105
104 106
104 107
104 108
104 109
104 110
105 107
105 108
105 109
105 110
105 111
105 153
106 107
106 108
106 109
106 110
106 111
107 108
107 109
107 110
107 111
107 112
107 113
108 109
108 110
108 111
108 112
108 113
108 114
108 135
109 110
109 111
109 112
109 113
109 114
109 115
110 112
110 113
110 114
110 115
110 116
110 223
111 112
111 113
111 115
111 116
111 117
111 224
112 113
112 114
112 115
112 116
112 117
112 118
113 114
113 115
113 116
113 117
113 118
113 119
114 116
114 117
114 119
114 120
114 166
115 116
115 117
115 118
115 120
115 121
116 117
116 118
116 119
116 120
116 121
116 122
117 118
117 119
117 120
117 121
117 122
117 123
118 119
118 120
118 121
118 122
118 124
119 120
119 121
119 122
119 123
119 124
119 125
120 121
120 122
120 124
120 125
120 126
120 181
121 122
121 123
121 124
121 125
121 126
121 143
122 124
122 125
122 126
122 127
122 128
122 203
123 124
123 125
123 126
123 127
123 128
123 129
124 125
124 126
124 127
124 128
124 129
124 130
125 126
125 127
125 129
125 130
125 196
126 127
126 128
126 129
126 130
126 131
126 132
127 128
127 129
127 130
127 131
127 132
127 133
127 135
128 129
128 130
128 131
128 133
128 134
128 142
129 130
129 131
129 132
129 133
129 134
129 135
130 131
130 132
130 133
130 134
130 135
130 136
131 132
131 133
131 135
131 136
132 133
132 135
132 136
132 137
132 146
132 199
133 134
133 135
133 137
133 138
133 139
134 135
134 136
134 137
134 138
134 139
134 140
135 136
135 138
135 139
135 140
136 137
136 138
136 139
136 140
136 142
136 234
137 138
137 139
137 140
137 141
137 142
137 143
138 139
138 140
138 141
138 142
138 143
138 144
139 140
139 141
139 142
139 143
139 144
139 145
140 141
140 142
140 143
140 144
140 145
140 146
140 207
141 143
141 144
141 145
141 146
141 147
142 143
142 144
142 145
142 146
142 147
142 148
143 144
143 145
143 146
143 147
143 148
143 149
144 145
144 146
144 148
144 149
144 150
144 195
145 147
145 148
145 149
145 150
145 151
146 147
146 148
146 149
146 150
146 151
146 152
147 148
147 149
147 150
147 151
147 152
147 153
148 149
148 150
148 151
148 152
148 153
148 154
149 150
149 151
149 152
149 153
149 154
149 155
149 221
150 151
150 152
150 153
150 154
150 155
150 156
151 152
151 153
151 154
151 155
151 156
151 157
152 153
152 154
152 155
152 156
152 157
152 158
153 154
153 155
153 156
153 157
153 158
153 159
154 155
154 156
154 157
154 158
154 159
154 160
154 210
155 156
155 157
155 158
155 159
155 160
155 161
155 232
156 157
156 158
156 159
156 160
156 161
156 162
157 158
157 160
157 161
157 162
157 163
157 242
158 159
158 161
158 162
158 163
158 164
159 160
159 161
159 162
159 163
159 164
159 165
160 161
160 162
160 163
160 164
160 165
160 166
161 162
161 163
161 166
161 167
162 163
162 164
162 165
162 166
162 167
162 168
163 164
163 165
163 167
163 168
163 169
163 249
164 166
164 168
164 169
165 167
165 168
165 169
165 170
165 171
165 190
166 168
166 170
166 171
166 172
166 195
167 168
167 169
167 171
167 172
167 173
168 169
168 170
168 171
168 172
168 173
168 203
169 171
169 172
169 173
169 174
170 171
170 173
170 174
170 175
170 176
170 195
171 172
171 173
171 174
171 175
171 176
171 177
172 174
172 176
172 177
172 178
173 174
173 176
173 177
173 178
173 179
174 175
174 177
174 178
174 179
174 180
175 176
175 177
175 178
175 179
175 180
175 181
176 177
176 178
176 180
176 181
176 182
177 178
177 179
177 182
177 241
177 181
178 179
178 180
178 181
178 182
178 183
178 184
179 180
179 181
179 182
179 183
179 184
179 185
180 181
180 182
180 183
180 185
180 186
181 182
181 184
181 185
181 186
181 187
182 183
182 184
182 185
182 186
182 187
182 188
183 184
183 185
183 186
183 187
183 188
183 189
183 198
184 185
184 186
184 187
184 188
184 189
184 190
185 186
185 187
185 188
185 189
185 190
185 191
186 187
186 188
186 189
186 190
186 191
186 192
187 188
187 189
187 190
187 191
187 192
187 193
188 189
188 190
188 192
188 193
188 194
188 248
189 190
189 191
189 192
189 193
189 194
189 195
190 191
190 192
190 194
190 195
190 196
191 192
191 193
191 194
191 195
191 196
191 197
192 193
192 194
192 195
192 196
192 197
192 198
193 194
193 195
193 196
193 197
193 198
193 199
194 195
194 196
194 197
194 199
194 200
195 196
195 198
195 199
195 200
195 201
195 238
196 197
196 198
196 199
196 201
196 202
197 198
197 199
197 200
197 201
197 202
197 203
198 199
198 200
198 201
198 202
198 204
199 200
199 201
199 203
199 204
199 205
200 201
200 202
200 203
200 204
200 205
200 206
201 202
201 203
201 204
201 205
201 206
201 207
202 203
202 204
202 205
202 206
202 207
202 217
203 204
203 206
203 208
203 209
203 241
204 206
204 207
204 208
204 209
204 210
205 206
205 207
205 208
205 209
205 210
205 211
206 207
206 208
206 209
206 210
206 211
206 212
207 208
207 210
207 213
207 230
207 240
208 209
208 210
208 211
208 212
208 213
208 214
209 210
209 211
209 212
209 213
209 214
209 215
210 211
210 212
210 214
210 215
210 216
211 212
211 213
211 214
211 215
211 216
211 217
212 213
212 214
212 215
212 216
212 217
212 218
213 214
213 215
213 217
213 218
213 219
214 215
214 216
214 218
214 219
214 220
215 216
215 217
215 218
215 220
215 221
216 217
216 218
216 219
216 220
216 221
216 222
217 218
217 219
217 220
217 221
217 222
217 223
218 219
218 220
218 221
218 222
218 223
218 224
219 220
219 221
219 222
219 223
219 224
219 225
220 221
220 222
220 223
220 224
220 225
220 226
221 222
221 223
221 224
221 226
221 227
222 223
222 224
222 225
222 226
222 227
222 228
223 224
223 226
223 227
223 228
223 229
224 226
224 227
224 228
224 229
224 230
224 232
225 226
225 227
225 228
225 229
225 230
225 231
226 227
226 228
226 229
226 230
226 231
227 228
227 229
227 230
227 231
227 232
227 233
228 229
228 230
228 231
228 232
228 233
228 234
229 230
229 231
229 232
229 234
230 231
230 232
230 233
230 235
230 236
231 232
231 233
231 234
231 235
231 236
231 237
232 233
232 235
232 237
232 238
233 234
233 235
233 236
233 237
233 238
233 239
234 235
234 236
234 237
234 238
234 239
234 240
235 236
235 237
235 238
235 239
235 240
236 237
236 238
236 241
236 242
237 239
237 240
237 241
237 242
237 243
238 239
238 240
238 241
238 242
238 243
238 244
239 240
239 241
239 242
239 243
239 244
239 245
240 241
240 242
240 243
240 244
240 245
240 246
241 242
241 243
241 245
241 246
241 247
242 243
242 244
242 245
242 246
242 247
242 248
243 245
243 246
243 247
243 248
243 249
244 245
244 246
244 247
244 248
244 249
245 246
245 247
245 248
245 249
246 247
246 248
246 249
247 248
247 249
248 249
