0 1
0 249
0 2
0 248
0 3
0 247
0 4
0 246
0 5
0 245
0 6
0 244
0 7
0 242
0 9
0 241
0 10
0 240
0 121
1 2
1 249
1 4
1 248
1 5
1 247
1 6
1 246
1 245
1 8
1 244
1 243
1 10
1 242
1 11
1 241
1 54
1 60
1 129
1 233
2 3
2 4
2 5
2 249
2 6
2 248
2 7
2 247
2 8
2 246
2 9
2 245
2 10
2 244
2 11
2 243
2 12
2 242
2 137
3 4
3 5
3 6
3 7
3 249
3 8
3 248
3 247
3 10
3 246
3 11
3 245
3 12
3 244
3 13
3 243
3 60
3 176
4 7
4 8
4 9
4 249
4 10
4 247
4 12
4 246
4 13
4 245
4 14
4 244
4 233
4 187
4 18
4 42
4 103
4 126
4 107
5 6
5 7
5 8
5 10
5 11
5 249
5 248
5 13
5 247
5 14
5 246
5 15
5 245
5 36
5 118
5 180
6 7
6 8
6 9
6 10
6 12
6 13
6 249
6 14
6 248
6 15
6 247
6 16
6 246
6 179
6 110
7 10
7 11
7 12
7 13
7 14
7 15
7 249
7 16
7 248
7 17
7 60
7 113
8 9
8 10
8 11
8 12
8 13
8 249
8 18
8 248
8 148
8 168
8 154
8 74
8 216
9 10
9 12
9 13
9 14
9 15
9 16
9 17
9 19
9 249
9 129
9 117
10 11
10 12
10 13
10 14
10 15
10 16
10 17
10 18
10 19
10 20
10 226
10 236
11 12
11 13
11 15
11 16
11 17
11 18
11 19
11 20
11 21
11 152
11 57
11 91
12 13
12 14
12 15
12 16
12 17
12 18
12 19
12 20
12 21
12 22
13 14
13 15
13 16
13 19
13 20
13 21
13 22
13 23
13 152
13 137
13 100
13 77
14 16
14 17
14 19
14 20
14 21
14 22
14 24
14 134
14 160
14 149
14 136
15 16
15 17
15 18
15 20
15 21
15 22
15 140
15 117
15 91
15 64
16 17
16 18
16 19
16 20
16 21
16 22
16 23
16 24
16 25
16 26
17 18
17 19
17 20
17 21
17 22
17 23
17 24
17 25
17 26
17 27
18 20
18 21
18 23
18 25
18 27
18 28
18 188
18 40
18 113
19 20
19 22
19 23
19 24
19 25
19 26
19 27
19 28
19 98
19 189
20 21
20 22
20 23
20 24
20 25
20 26
20 27
20 28
20 29
20 203
21 22
21 23
21 24
21 25
21 27
21 28
21 29
21 30
21 31
21 78
21 103
22 23
22 24
22 25
22 26
22 29
22 30
22 32
22 151
22 185
22 68
22 231
23 24
23 25
23 26
23 27
23 28
23 30
23 31
23 217
23 134
23 167
23 129
23 95
24 25
24 26
24 27
24 28
24 29
24 30
24 31
24 33
24 121
24 51
24 146
24 212
24 94
25 26
25 27
25 28
25 29
25 30
25 31
25 32
25 33
25 34
25 67
25 129
25 207
26 27
26 28
26 30
26 31
26 32
26 33
26 34
26 35
26 36
26 236
27 28
27 29
27 30
27 31
27 32
27 33
27 34
27 35
27 36
27 37
28 29
28 31
28 32
28 33
28 34
28 35
28 36
28 37
28 38
28 159
28 116
29 30
29 31
29 32
29 33
29 34
29 35
29 36
29 37
29 38
29 39
29 72
29 191
30 31
30 33
30 34
30 35
30 36
30 37
30 40
30 64
30 245
30 163
30 120
31 32
31 33
31 34
31 35
31 36
31 37
31 38
31 39
31 40
31 41
32 33
32 34
32 35
32 36
32 37
32 38
32 39
32 40
32 42
32 192
33 34
33 35
33 36
33 37
33 38
33 39
33 40
33 41
33 42
33 43
33 63
34 35
34 36
34 37
34 38
34 39
34 40
34 41
34 42
34 43
34 180
35 36
35 37
35 38
35 39
35 40
35 41
35 42
35 43
35 44
35 45
35 98
35 206
35 103
36 37
36 38
36 39
36 40
36 41
36 42
36 43
36 44
36 45
36 46
36 117
36 179
37 38
37 39
37 40
37 41
37 42
37 43
37 45
37 46
37 53
37 185
38 39
38 40
38 41
38 42
38 43
38 44
38 45
38 46
38 47
38 48
39 41
39 42
39 43
39 44
39 45
39 46
39 47
39 48
39 49
39 190
40 41
40 42
40 44
40 45
40 46
40 47
40 48
40 49
40 50
40 108
41 42
41 43
41 44
41 46
41 47
41 48
41 49
41 50
41 51
41 186
42 43
42 44
42 45
42 47
42 48
42 49
42 50
42 51
42 52
42 88
43 44
43 45
43 46
43 47
43 48
43 49
43 50
43 51
43 52
43 53
43 94
44 45
44 47
44 48
44 49
44 52
44 53
44 54
44 209
44 89
44 138
44 225
45 46
45 47
45 48
45 49
45 51
45 53
45 54
45 55
45 201
45 118
45 248
46 49
46 50
46 51
46 52
46 53
46 55
46 56
46 200
46 180
46 227
46 223
46 203
47 48
47 49
47 50
47 51
47 53
47 54
47 55
47 56
47 57
47 62
48 49
48 50
48 51
48 52
48 53
48 54
48 55
48 56
48 57
48 58
49 50
49 51
49 52
49 53
49 54
49 55
49 56
49 57
49 58
49 59
50 51
50 52
50 53
50 54
50 55
50 56
50 57
50 59
50 60
50 71
50 174
51 52
51 53
51 54
51 56
51 57
51 58
51 59
51 60
51 61
52 53
52 54
52 55
52 56
52 57
52 59
52 60
52 61
52 62
52 166
53 54
53 55
53 57
53 58
53 59
53 60
53 61
53 62
53 63
53 110
54 55
54 56
54 57
54 58
54 59
54 60
54 61
54 62
54 63
54 64
55 56
55 57
55 58
55 59
55 61
55 63
55 64
55 98
55 197
55 146
56 57
56 58
56 59
56 60
56 61
56 62
56 63
56 64
56 65
56 66
56 247
57 58
57 59
57 60
57 62
57 63
57 65
57 67
57 234
57 185
57 168
57 159
58 59
58 60
58 61
58 62
58 63
58 64
58 65
58 66
58 68
58 245
59 60
59 63
59 64
59 65
59 66
59 67
59 69
59 143
59 150
59 216
59 85
59 181
60 61
60 62
60 63
60 66
60 67
60 68
60 69
60 70
60 117
61 62
61 63
61 64
61 65
61 66
61 67
61 68
61 69
61 70
61 71
61 160
62 63
62 64
62 65
62 66
62 67
62 68
62 69
62 70
62 72
62 103
63 64
63 66
63 67
63 68
63 69
63 70
63 71
63 72
63 179
64 65
64 66
64 67
64 68
64 69
64 70
64 71
64 73
64 74
64 227
65 66
65 67
65 68
65 69
65 70
65 71
65 72
65 73
65 74
65 75
65 104
65 172
66 68
66 69
66 70
66 71
66 72
66 73
66 74
66 75
66 121
66 85
66 112
66 187
67 68
67 69
67 70
67 71
67 72
67 73
67 74
67 75
67 77
68 69
68 70
68 71
68 72
68 74
68 75
68 76
68 78
68 149
68 207
69 70
69 71
69 72
69 73
69 74
69 75
69 76
69 77
69 78
69 79
69 248
70 71
70 72
70 73
70 74
70 75
70 76
70 77
70 78
70 79
70 80
71 72
71 73
71 75
71 76
71 77
71 78
71 79
71 80
71 81
72 73
72 74
72 75
72 76
72 77
72 78
72 80
72 81
72 82
72 97
72 148
72 90
73 74
73 75
73 76
73 78
73 79
73 80
73 81
73 82
73 83
73 230
73 95
73 169
74 75
74 76
74 78
74 79
74 80
74 81
74 82
74 83
74 84
74 242
75 77
75 78
75 79
75 81
75 82
75 84
75 85
75 127
75 88
75 247
76 77
76 78
76 79
76 80
76 81
76 82
76 83
76 84
76 85
76 86
76 147
77 78
77 79
77 80
77 81
77 83
77 84
77 85
77 86
77 87
77 93
78 79
78 80
78 81
78 84
78 85
78 86
78 87
78 88
78 206
79 80
79 81
79 82
79 83
79 85
79 86
79 87
79 88
79 89
79 128
79 213
80 81
80 82
80 83
80 84
80 85
80 86
80 87
80 88
80 89
80 90
80 183
81 82
81 84
81 85
81 86
81 87
81 88
81 90
81 91
81 154
81 155
81 193
82 83
82 84
82 86
82 87
82 88
82 89
82 90
82 91
82 92
82 198
83 85
83 86
83 87
83 88
83 89
83 90
83 91
83 92
83 93
83 117
84 85
84 86
84 87
84 88
84 89
84 90
84 91
84 92
84 94
84 96
85 86
85 87
85 88
85 89
85 90
85 91
85 93
85 94
85 95
86 87
86 88
86 89
86 90
86 91
86 92
86 93
86 94
86 95
86 96
86 137
87 88
87 89
87 90
87 91
87 92
87 93
87 94
87 95
87 96
87 97
87 216
87 111
88 89
88 90
88 91
88 92
88 93
88 94
88 95
88 96
88 98
88 202
89 90
89 91
89 92
89 93
89 94
89 95
89 96
89 97
89 98
89 99
90 91
90 92
90 93
90 94
90 95
90 96
90 97
90 99
90 190
91 92
91 93
91 94
91 95
91 96
91 97
91 98
91 100
91 101
91 109
92 93
92 94
92 96
92 97
92 98
92 99
92 100
92 101
92 102
92 120
92 198
93 94
93 95
93 96
93 97
93 99
93 100
93 101
93 102
93 103
93 125
93 198
94 95
94 96
94 98
94 99
94 100
94 101
94 102
94 169
95 96
95 97
95 98
95 99
95 100
95 101
95 102
95 103
95 104
95 138
96 97
96 98
96 99
96 100
96 101
96 102
96 103
96 104
96 105
96 106
96 155
97 98
97 99
97 100
97 101
97 103
97 104
97 106
97 107
97 169
97 153
98 99
98 100
98 102
98 103
98 104
98 105
98 106
98 107
98 108
98 239
99 100
99 101
99 102
99 103
99 104
99 105
99 106
99 107
99 108
99 109
99 203
99 132
100 101
100 102
100 103
100 104
100 105
100 106
100 107
100 108
100 109
100 110
101 103
101 104
101 105
101 106
101 107
101 108
101 109
101 110
101 234
101 195
101 150
102 103
102 104
102 105
102 106
102 108
102 109
102 110
102 111
102 173
102 151
102 196
103 104
103 105
103 106
103 107
103 108
103 109
103 112
103 113
103 200
104 105
104 106
104 108
104 109
104 110
104 111
104 113
104 114
104 214
105 106
105 107
105 108
105 109
105 110
105 111
105 112
105 113
105 114
105 115
106 107
106 108
106 109
106 110
106 111
106 112
106 113
106 114
106 115
106 116
107 108
107 109
107 110
107 111
107 112
107 113
107 114
107 115
107 117
108 109
108 110
108 111
108 112
108 113
108 114
108 115
108 116
108 117
108 118
109 110
109 111
109 112
109 113
109 114
109 116
109 117
109 118
109 119
110 111
110 112
110 113
110 115
110 116
110 117
110 119
110 120
110 224
111 112
111 113
111 114
111 115
111 116
111 117
111 120
111 121
111 234
112 113
112 115
112 116
112 117
112 118
112 119
112 120
112 121
112 140
112 202
113 114
113 115
113 116
113 117
113 118
113 119
113 120
113 121
113 122
113 123
113 171
114 115
114 116
114 117
114 118
114 119
114 120
114 121
114 122
114 123
114 124
114 165
115 116
115 117
115 118
115 119
115 120
115 121
115 122
115 124
115 125
115 177
115 145
116 117
116 118
116 119
116 121
116 122
116 123
116 124
116 125
116 126
116 174
117 118
117 121
117 122
117 123
117 124
117 125
117 126
117 127
117 193
118 119
118 120
118 121
118 122
118 125
118 127
118 200
118 204
118 216
118 248
118 159
119 120
119 121
119 122
119 123
119 125
119 126
119 127
119 128
119 129
119 230
119 192
120 121
120 123
120 124
120 125
120 126
120 127
120 128
120 130
121 122
121 124
121 126
121 127
121 128
121 129
121 130
121 131
121 165
122 123
122 124
122 125
122 126
122 127
122 128
122 129
122 130
122 131
122 132
122 179
123 124
123 125
123 126
123 127
123 128
123 129
123 130
123 131
123 132
123 133
124 126
124 127
124 128
124 129
124 130
124 131
124 132
124 133
124 134
124 198
125 126
125 127
125 128
125 129
125 131
125 132
125 134
125 135
125 208
126 127
126 128
126 129
126 130
126 131
126 132
126 134
126 135
126 136
127 128
127 130
127 131
127 132
127 133
127 134
127 135
127 137
127 177
127 219
127 237
128 129
128 130
128 133
128 134
128 136
128 137
128 138
128 159
128 249
129 130
129 131
129 132
129 133
129 134
129 135
129 136
129 137
129 139
130 131
130 132
130 133
130 134
130 135
130 136
130 137
130 138
130 139
130 140
130 228
131 132
131 133
131 134
131 135
131 136
131 137
131 138
131 140
131 141
131 204
131 221
132 133
132 134
132 135
132 137
132 138
132 139
132 140
132 141
132 142
133 134
133 135
133 136
133 137
133 138
133 139
133 140
133 141
133 142
133 143
134 135
134 136
134 137
134 138
134 139
134 140
134 141
134 143
134 144
135 136
135 137
135 138
135 139
135 140
135 141
135 142
135 143
135 144
135 145
135 146
136 137
136 138
136 139
136 140
136 141
136 142
136 143
136 144
136 146
137 138
137 140
137 142
137 143
137 144
137 145
137 146
137 147
138 139
138 140
138 141
138 143
138 144
138 145
138 146
138 147
138 148
139 140
139 141
139 142
139 143
139 144
139 145
139 146
139 147
139 148
139 149
140 141
140 142
140 143
140 144
140 145
140 146
140 147
140 148
140 149
140 150
141 142
141 143
141 144
141 145
141 146
141 147
141 148
141 149
141 150
141 151
142 144
142 145
142 146
142 147
142 148
142 149
142 150
142 151
142 152
142 186
142 209
143 144
143 145
143 146
143 147
143 148
143 150
143 151
143 152
143 153
143 192
144 145
144 146
144 147
144 148
144 149
144 150
144 151
144 152
144 153
144 154
144 189
145 146
145 147
145 149
145 150
145 151
145 152
145 154
145 155
145 175
145 223
146 147
146 148
146 149
146 150
146 151
146 152
146 153
146 154
146 156
147 148
147 150
147 151
147 152
147 153
147 154
147 156
147 244
147 224
148 150
148 151
148 154
148 155
148 156
148 157
148 158
148 222
148 183
149 150
149 151
149 152
149 153
149 154
149 155
149 157
149 158
149 159
149 193
150 151
150 152
150 153
150 154
150 155
150 156
150 157
150 158
150 159
150 160
151 153
151 154
151 155
151 156
151 157
151 158
151 159
151 160
151 161
151 214
152 153
152 154
152 156
152 157
152 158
152 160
152 161
152 162
152 227
153 154
153 155
153 156
153 157
153 158
153 160
153 161
153 162
153 163
153 176
153 223
153 174
154 155
154 156
154 157
154 158
154 159
154 160
154 161
154 162
154 163
154 164
154 216
155 157
155 158
155 159
155 160
155 161
155 162
155 163
155 164
155 165
155 226
156 157
156 158
156 159
156 160
156 161
156 162
156 163
156 164
156 165
156 166
157 158
157 159
157 160
157 161
157 162
157 163
157 164
157 165
157 166
157 167
158 159
158 160
158 161
158 162
158 163
158 164
158 165
158 166
158 167
158 168
158 243
159 160
159 161
159 162
159 163
159 164
159 165
159 166
159 167
159 168
160 161
160 162
160 163
160 164
160 165
160 166
160 167
160 168
160 169
161 162
161 163
161 164
161 165
161 166
161 167
161 168
161 169
161 170
161 171
162 163
162 164
162 165
162 166
162 167
162 168
162 169
162 170
162 171
162 172
162 208
163 164
163 165
163 166
163 167
163 168
163 169
163 170
163 171
163 172
163 173
164 165
164 166
164 167
164 168
164 171
164 172
164 173
164 174
164 181
164 244
165 166
165 169
165 170
165 171
165 173
165 174
165 175
165 222
165 215
166 167
166 168
166 169
166 170
166 171
166 172
166 173
166 174
166 175
166 176
167 168
167 169
167 170
167 171
167 172
167 173
167 174
167 175
167 176
167 177
167 188
167 221
168 169
168 171
168 172
168 173
168 174
168 175
168 176
168 178
168 247
169 170
169 172
169 173
169 174
169 175
169 177
169 178
169 179
170 171
170 172
170 173
170 174
170 175
170 176
170 177
170 178
170 179
170 180
171 172
171 173
171 174
171 175
171 176
171 178
171 179
171 180
171 241
171 218
172 173
172 174
172 175
172 176
172 178
172 179
172 180
172 181
172 182
172 244
173 174
173 175
173 176
173 177
173 178
173 179
173 180
173 181
173 182
173 183
174 175
174 177
174 178
174 179
174 180
174 181
174 182
174 183
175 176
175 177
175 178
175 179
175 180
175 181
175 182
175 183
175 184
175 185
175 235
176 177
176 178
176 179
176 180
176 182
176 183
176 184
176 185
176 239
177 178
177 179
177 180
177 181
177 182
177 183
177 184
177 185
177 186
177 187
177 217
178 179
178 180
178 181
178 182
178 183
178 184
178 185
178 186
178 187
178 188
179 180
179 181
179 183
179 184
179 185
179 186
179 187
179 189
180 182
180 183
180 184
180 185
180 186
180 187
180 188
180 190
180 219
180 202
181 182
181 183
181 184
181 185
181 186
181 187
181 188
181 189
181 190
181 191
182 183
182 184
182 185
182 186
182 187
182 188
182 189
182 190
182 191
182 192
183 184
183 186
183 187
183 188
183 189
183 192
183 193
183 211
184 185
184 186
184 187
184 188
184 189
184 190
184 191
184 192
184 193
184 194
185 186
185 187
185 188
185 189
185 190
185 191
185 192
185 193
185 194
185 195
186 187
186 188
186 189
186 190
186 191
186 192
186 193
186 194
186 195
186 196
187 189
187 190
187 191
187 192
187 193
187 194
187 195
187 196
187 218
188 190
188 191
188 192
188 193
188 194
188 195
188 196
188 198
188 245
189 190
189 191
189 192
189 193
189 195
189 196
189 197
189 198
189 199
190 191
190 192
190 193
190 194
190 195
190 196
190 197
190 198
190 200
190 217
191 192
191 193
191 194
191 195
191 196
191 197
191 199
191 200
191 201
192 193
192 194
192 195
192 196
192 197
192 198
192 199
192 200
192 201
192 202
192 210
192 211
193 194
193 195
193 196
193 197
193 198
193 199
193 200
193 202
193 203
194 195
194 196
194 197
194 198
194 199
194 200
194 201
194 202
194 203
194 204
195 196
195 197
195 198
195 200
195 201
195 202
195 203
195 204
195 205
196 197
196 198
196 199
196 200
196 201
196 202
196 203
196 204
196 205
196 216
197 198
197 199
197 200
197 201
197 202
197 203
197 204
197 205
197 206
197 207
198 199
198 200
198 201
198 202
198 203
198 204
198 205
198 206
198 208
199 200
199 201
199 202
199 203
199 204
199 205
199 206
199 207
199 208
199 209
200 201
200 202
200 204
200 205
200 206
200 207
200 208
200 209
200 210
200 229
201 202
201 203
201 204
201 206
201 207
201 208
201 209
201 210
201 211
201 205
202 204
202 205
202 206
202 207
202 208
202 210
202 211
203 204
203 205
203 207
203 208
203 209
203 210
203 211
203 212
203 222
204 205
204 206
204 207
204 208
204 210
204 212
204 213
204 214
204 237
205 206
205 207
205 208
205 209
205 210
205 211
205 212
205 213
205 215
206 207
206 208
206 209
206 210
206 211
206 213
206 214
206 215
206 216
207 208
207 209
207 210
207 211
207 212
207 213
207 214
207 215
207 216
207 217
208 209
208 210
208 211
208 212
208 213
208 214
208 215
208 216
208 217
208 243
209 210
209 211
209 213
209 214
209 215
209 216
209 217
209 218
209 219
210 211
210 212
210 213
210 215
210 216
210 217
210 218
210 219
210 220
211 212
211 213
211 214
211 216
211 217
211 218
211 219
211 220
211 221
212 213
212 214
212 215
212 216
212 217
212 218
212 219
212 220
212 221
212 222
213 214
213 215
213 216
213 217
213 218
213 219
213 220
213 221
213 222
213 223
214 215
214 216
214 217
214 218
214 219
214 220
214 221
214 222
214 224
215 216
215 217
215 218
215 219
215 220
215 221
215 222
215 223
215 224
215 225
216 217
216 218
216 223
216 224
216 226
216 247
217 218
217 219
217 221
217 222
217 223
217 224
217 226
217 227
217 239
218 219
218 220
218 221
218 222
218 223
218 224
218 225
218 226
218 227
218 228
219 220
219 222
219 223
219 224
219 225
219 226
219 227
219 228
219 229
220 221
220 222
220 223
220 224
220 225
220 226
220 227
220 228
220 229
220 230
220 234
221 222
221 223
221 224
221 225
221 226
221 227
221 228
221 229
221 231
222 223
222 224
222 226
222 227
222 228
222 229
222 230
222 231
222 232
223 224
223 225
223 226
223 228
223 229
223 230
223 231
223 232
223 233
224 225
224 226
224 227
224 228
224 229
224 230
224 231
224 232
224 233
224 234
225 226
225 227
225 229
225 230
225 231
225 232
225 234
225 235
225 245
226 227
226 228
226 229
226 231
226 232
226 233
226 235
226 236
227 228
227 229
227 231
227 232
227 233
227 234
227 235
227 236
227 237
228 229
228 230
228 231
228 232
228 233
228 234
228 235
228 236
228 238
229 230
229 231
229 232
229 233
229 234
229 235
229 236
229 237
229 238
229 239
230 233
230 234
230 235
230 236
230 237
230 238
230 239
230 240
231 232
231 233
231 234
231 235
231 236
231 237
231 238
231 239
231 240
231 241
232 233
232 234
232 235
232 236
232 237
232 238
232 239
232 240
232 241
232 242
233 234
233 235
233 236
233 237
233 238
233 239
233 240
233 241
233 242
233 243
234 235
234 236
234 237
234 238
234 240
234 241
234 242
234 243
234 244
235 237
235 238
235 239
235 240
235 241
235 242
235 243
235 244
235 245
236 237
236 238
236 239
236 240
236 241
236 242
236 243
236 244
236 245
237 238
237 239
237 240
237 241
237 243
237 244
237 245
237 246
237 247
238 239
238 240
238 241
238 242
238 243
238 244
238 245
238 246
238 247
238 248
239 240
239 241
239 242
239 244
239 245
239 246
239 247
239 249
240 241
240 242
240 243
240 244
240 245
240 246
240 247
240 248
240 249
241 242
241 243
241 245
241 246
241 247
241 248
241 249
242 243
242 244
242 245
242 246
242 247
242 248
242 249
243 245
243 246
243 247
243 248
243 249
244 245
244 246
244 247
244 249
245 246
245 247
245 248
245 249
246 247
246 248
246 249
247 248
247 249
248 249
