0 1
0 249
0 2
0 248
0 3
0 247
0 4
0 5
0 245
0 6
0 244
0 7
0 243
0 8
0 242
0 9
0 241
0 42
0 231
1 3
1 249
1 4
1 248
1 5
1 247
1 6
1 246
1 7
1 8
1 244
1 9
1 243
1 10
1 242
1 172
1 176
2 4
2 5
2 249
2 6
2 248
2 8
2 246
2 9
2 245
2 10
2 11
2 243
2 94
2 49
2 170
3 5
3 6
3 7
3 249
3 8
3 9
3 247
3 246
3 11
3 245
3 244
3 65
3 110
3 158
3 107
3 64
3 85
4 5
4 6
4 7
4 9
4 10
4 248
4 11
4 247
4 12
4 246
4 13
4 245
4 68
4 215
5 6
5 7
5 8
5 9
5 10
5 11
5 249
5 12
5 248
5 13
5 14
5 246
5 85
6 7
6 8
6 9
6 10
6 12
6 249
6 248
6 15
6 247
6 127
6 64
6 131
7 8
7 9
7 10
7 12
7 13
7 14
7 15
7 249
7 248
7 97
7 232
8 9
8 10
8 11
8 12
8 13
8 14
8 15
8 16
8 249
8 240
8 157
8 246
9 10
9 11
9 12
9 14
9 15
9 16
9 17
9 188
9 139
9 93
10 11
10 12
10 13
10 14
10 15
10 16
10 18
10 19
10 44
11 12
11 13
11 14
11 15
11 16
11 17
11 18
11 19
11 145
11 127
11 122
12 13
12 14
12 16
12 17
12 18
12 19
12 20
12 21
12 221
13 14
13 15
13 16
13 17
13 18
13 19
13 20
13 21
13 22
14 15
14 16
14 17
14 18
14 19
14 20
14 21
14 23
14 216
14 86
15 16
15 17
15 18
15 20
15 21
15 22
15 23
15 24
15 107
16 17
16 18
16 19
16 20
16 21
16 22
16 23
16 24
16 25
17 18
17 19
17 20
17 22
17 24
17 25
17 58
17 248
17 91
17 184
18 19
18 20
18 21
18 22
18 23
18 24
18 25
18 27
18 201
18 247
19 20
19 21
19 22
19 23
19 24
19 25
19 26
19 27
19 28
20 21
20 22
20 23
20 24
20 25
20 27
20 28
20 29
20 249
21 22
21 23
21 24
21 25
21 26
21 28
21 29
21 30
21 241
21 174
22 24
22 25
22 26
22 28
22 29
22 30
22 31
22 38
22 182
22 145
22 247
23 24
23 25
23 26
23 27
23 28
23 29
23 31
23 32
23 86
23 177
24 25
24 26
24 27
24 30
24 31
24 32
24 33
24 84
24 158
24 241
25 26
25 27
25 28
25 29
25 30
25 31
25 32
25 33
25 34
25 115
26 27
26 28
26 29
26 30
26 31
26 32
26 33
26 34
26 35
26 40
27 28
27 29
27 30
27 31
27 32
27 33
27 34
27 35
27 36
28 29
28 30
28 31
28 32
28 33
28 34
28 35
28 37
28 73
29 30
29 32
29 33
29 34
29 35
29 36
29 37
29 38
29 39
29 59
30 31
30 33
30 34
30 35
30 36
30 37
30 39
30 91
30 162
31 33
31 34
31 35
31 36
31 37
31 38
31 39
31 40
31 101
31 211
31 130
32 34
32 35
32 36
32 37
32 38
32 39
32 41
32 95
32 140
33 34
33 35
33 36
33 37
33 38
33 39
33 40
33 41
33 42
34 35
34 36
34 37
34 38
34 39
34 40
34 41
34 42
34 43
34 203
34 175
34 222
35 36
35 37
35 38
35 39
35 40
35 41
35 42
35 43
35 44
35 154
35 75
36 37
36 38
36 39
36 40
36 41
36 42
36 43
36 44
36 45
36 167
37 38
37 39
37 40
37 42
37 43
37 44
37 45
37 46
37 119
37 108
37 169
38 39
38 40
38 41
38 42
38 43
38 44
38 45
38 46
38 47
38 81
39 40
39 41
39 42
39 43
39 44
39 45
39 46
39 48
39 89
39 125
40 42
40 43
40 44
40 46
40 47
40 48
40 106
40 195
40 75
41 42
41 43
41 44
41 46
41 47
41 48
41 49
41 50
41 72
42 43
42 45
42 46
42 47
42 48
42 50
42 51
42 170
43 44
43 45
43 46
43 47
43 48
43 49
43 50
43 51
43 52
44 45
44 46
44 47
44 48
44 49
44 50
44 51
44 52
44 53
45 46
45 47
45 48
45 49
45 52
45 53
45 54
45 161
45 221
45 154
46 47
46 48
46 49
46 50
46 51
46 52
46 53
46 54
46 55
46 159
46 68
46 130
47 48
47 49
47 50
47 51
47 52
47 53
47 54
47 55
47 56
48 49
48 50
48 51
48 52
48 53
48 54
48 55
48 56
48 148
48 225
49 50
49 51
49 52
49 53
49 54
49 55
49 56
49 57
49 58
49 83
50 51
50 52
50 53
50 54
50 55
50 56
50 57
50 58
50 59
50 189
51 52
51 53
51 54
51 55
51 56
51 57
51 58
51 59
51 60
51 75
51 102
52 53
52 54
52 55
52 56
52 57
52 58
52 59
52 60
52 61
53 54
53 55
53 56
53 57
53 58
53 59
53 60
53 61
53 62
54 55
54 56
54 57
54 60
54 61
54 62
54 63
54 111
54 127
54 103
55 56
55 57
55 58
55 59
55 60
55 61
55 62
55 63
55 64
55 125
56 57
56 59
56 60
56 62
56 63
56 64
56 65
56 148
56 156
57 58
57 61
57 62
57 63
57 64
57 65
57 66
57 238
57 121
58 59
58 60
58 61
58 62
58 63
58 64
58 65
58 66
58 67
59 60
59 61
59 62
59 64
59 65
59 66
59 67
59 68
59 233
59 122
59 204
60 61
60 62
60 63
60 64
60 65
60 66
60 67
60 68
60 69
61 62
61 63
61 64
61 65
61 66
61 67
61 68
61 69
61 78
62 63
62 64
62 65
62 66
62 67
62 68
62 69
62 71
62 234
62 227
63 64
63 65
63 66
63 69
63 70
63 71
63 72
63 200
63 218
63 174
63 191
64 65
64 66
64 67
64 68
64 69
64 70
64 71
64 72
64 73
65 66
65 67
65 68
65 69
65 71
65 73
65 74
65 95
65 123
66 67
66 68
66 70
66 71
66 72
66 73
66 74
66 75
66 218
67 68
67 70
67 71
67 72
67 73
67 75
67 76
67 200
67 158
67 176
67 187
68 70
68 71
68 72
68 73
68 74
68 75
68 77
69 70
69 71
69 72
69 73
69 74
69 75
69 76
69 77
69 78
69 104
69 150
70 71
70 72
70 73
70 74
70 76
70 77
70 79
70 99
70 176
71 72
71 73
71 74
71 75
71 76
71 77
71 78
71 79
71 80
72 73
72 74
72 75
72 76
72 77
72 78
72 79
72 80
72 81
73 74
73 75
73 76
73 77
73 78
73 79
73 80
73 81
73 82
74 75
74 76
74 77
74 78
74 79
74 81
74 82
74 179
74 185
75 76
75 77
75 79
75 80
75 83
75 84
75 225
75 216
75 86
76 77
76 78
76 79
76 80
76 81
76 82
76 83
76 84
76 85
76 176
77 78
77 79
77 80
77 81
77 82
77 83
77 84
77 85
77 86
77 107
78 79
78 80
78 81
78 82
78 83
78 84
78 85
78 86
78 87
79 80
79 81
79 82
79 83
79 84
79 85
79 86
79 87
79 88
79 223
79 230
80 81
80 82
80 83
80 85
80 86
80 87
80 88
80 89
80 183
81 83
81 84
81 86
81 87
81 88
81 89
81 90
81 237
81 249
82 83
82 84
82 85
82 86
82 87
82 88
82 89
82 90
82 91
82 114
83 84
83 85
83 88
83 90
83 91
83 92
83 176
83 123
83 137
83 238
84 85
84 86
84 87
84 88
84 89
84 90
84 91
84 92
84 158
85 87
85 88
85 89
85 90
85 91
85 92
85 93
85 193
86 88
86 89
86 90
86 91
86 92
86 93
86 228
86 245
86 108
87 88
87 89
87 90
87 91
87 92
87 93
87 95
87 96
87 183
88 89
88 90
88 91
88 92
88 93
88 94
88 95
88 96
88 97
89 90
89 91
89 92
89 93
89 96
89 97
89 98
89 182
90 91
90 92
90 94
90 95
90 97
90 98
90 99
90 199
90 196
91 93
91 94
91 95
91 96
91 98
91 99
91 100
91 157
91 207
91 246
91 217
92 93
92 94
92 95
92 96
92 97
92 98
92 99
92 100
92 101
93 94
93 96
93 97
93 98
93 99
93 101
93 102
93 115
93 127
93 211
94 95
94 96
94 97
94 98
94 99
94 100
94 101
94 102
94 103
95 96
95 97
95 98
95 99
95 100
95 101
95 102
95 103
95 104
95 169
96 97
96 98
96 99
96 100
96 101
96 102
96 103
96 104
96 105
97 98
97 99
97 100
97 101
97 102
97 103
97 104
97 105
97 106
97 150
98 99
98 100
98 101
98 102
98 103
98 104
98 105
98 106
98 107
99 100
99 101
99 102
99 104
99 106
99 107
99 108
99 144
99 249
100 101
100 102
100 103
100 104
100 105
100 106
100 107
100 108
100 109
100 145
101 102
101 103
101 104
101 105
101 106
101 107
101 108
101 109
101 110
102 103
102 104
102 105
102 106
102 107
102 108
102 110
102 111
102 157
103 104
103 105
103 106
103 107
103 108
103 111
103 112
103 113
104 106
104 107
104 108
104 109
104 110
104 111
104 112
104 113
104 132
105 108
105 109
105 110
105 111
105 112
105 113
105 114
105 213
105 140
106 107
106 108
106 110
106 111
106 112
106 113
106 114
106 115
106 207
106 129
107 108
107 109
107 110
107 111
107 113
107 115
107 116
108 109
108 110
108 111
108 113
108 114
108 115
108 116
108 194
109 110
109 111
109 112
109 113
109 114
109 116
109 117
109 118
109 172
110 111
110 113
110 115
110 117
110 118
110 119
110 196
110 133
111 112
111 113
111 114
111 115
111 117
111 118
111 119
111 120
111 225
112 114
112 115
112 116
112 117
112 119
112 120
112 210
112 208
112 163
113 114
113 115
113 116
113 117
113 118
113 119
113 120
113 121
113 122
114 115
114 117
114 118
114 119
114 120
114 121
114 122
114 123
115 116
115 117
115 118
115 119
115 120
115 122
115 124
115 216
116 118
116 119
116 120
116 121
116 122
116 123
116 124
116 125
116 176
116 209
117 119
117 120
117 121
117 122
117 123
117 124
117 125
117 126
117 236
118 119
118 120
118 121
118 122
118 123
118 124
118 125
118 126
118 220
119 120
119 121
119 122
119 123
119 124
119 125
119 126
119 127
119 128
119 187
120 121
120 122
120 123
120 124
120 125
120 126
120 127
120 129
120 188
121 122
121 123
121 124
121 125
121 126
121 128
121 129
121 130
121 202
122 123
122 124
122 125
122 127
122 128
122 129
122 131
122 149
123 124
123 125
123 126
123 127
123 128
123 129
123 130
123 131
123 132
124 125
124 126
124 127
124 128
124 129
124 130
124 132
124 133
124 240
125 126
125 128
125 129
125 130
125 131
125 132
125 133
125 134
126 127
126 128
126 129
126 130
126 131
126 132
126 133
126 134
126 135
126 144
127 128
127 129
127 130
127 132
127 133
127 134
127 135
127 136
127 236
128 129
128 130
128 132
128 134
128 135
128 136
128 137
128 179
128 200
129 130
129 131
129 132
129 133
129 137
129 138
129 170
129 246
130 131
130 132
130 133
130 134
130 135
130 136
130 138
130 191
131 132
131 133
131 134
131 135
131 136
131 137
131 138
131 139
131 140
132 133
132 134
132 136
132 137
132 138
132 139
132 140
132 141
133 134
133 135
133 136
133 137
133 138
133 139
133 140
133 141
133 142
133 205
134 135
134 137
134 138
134 139
134 140
134 141
134 142
134 143
134 211
134 144
135 136
135 137
135 138
135 139
135 140
135 141
135 142
135 143
135 144
136 137
136 138
136 139
136 140
136 141
136 142
136 143
136 144
136 145
136 230
137 138
137 139
137 140
137 141
137 143
137 144
137 145
137 146
137 162
138 139
138 140
138 141
138 142
138 143
138 144
138 145
138 147
138 177
138 166
139 140
139 141
139 142
139 144
139 145
139 146
139 147
139 148
140 141
140 142
140 143
140 144
140 145
140 146
140 147
140 148
140 149
141 143
141 144
141 145
141 146
141 147
141 148
141 149
141 150
141 183
142 143
142 144
142 145
142 146
142 147
142 148
142 149
142 150
142 232
143 144
143 145
143 146
143 147
143 148
143 150
143 151
143 152
143 225
144 145
144 146
144 147
144 148
144 150
144 151
144 152
145 146
145 147
145 150
145 151
145 152
145 153
145 154
146 147
146 148
146 149
146 150
146 151
146 152
146 153
146 154
146 155
146 185
146 159
147 148
147 149
147 150
147 152
147 153
147 154
147 155
147 156
147 238
148 149
148 150
148 151
148 152
148 153
148 155
148 156
148 157
148 159
149 150
149 151
149 152
149 153
149 154
149 155
149 156
149 157
149 158
150 151
150 152
150 154
150 155
150 157
150 158
150 159
151 152
151 153
151 154
151 155
151 156
151 157
151 158
151 159
151 160
151 177
152 153
152 154
152 155
152 156
152 157
152 158
152 159
152 160
152 161
153 154
153 155
153 156
153 157
153 158
153 159
153 160
153 161
153 162
154 156
154 157
154 158
154 159
154 160
154 161
154 162
155 156
155 157
155 158
155 159
155 160
155 161
155 162
155 163
155 164
155 171
156 157
156 158
156 159
156 160
156 161
156 162
156 163
156 164
156 165
157 160
157 161
157 163
157 164
157 165
157 166
157 179
158 159
158 160
158 161
158 162
158 163
158 165
158 166
158 167
159 160
159 162
159 164
159 165
159 166
159 167
160 161
160 162
160 163
160 164
160 165
160 166
160 167
160 168
160 169
161 162
161 163
161 164
161 165
161 166
161 167
161 168
161 169
161 170
162 163
162 164
162 166
162 167
162 168
162 169
162 170
162 171
163 164
163 165
163 166
163 167
163 168
163 169
163 170
163 171
163 172
164 165
164 166
164 167
164 168
164 169
164 170
164 171
164 172
164 173
165 166
165 167
165 168
165 169
165 170
165 171
165 172
165 173
165 174
166 167
166 168
166 169
166 170
166 171
166 172
166 173
166 174
166 175
167 168
167 169
167 170
167 171
167 173
167 174
167 175
167 176
168 169
168 170
168 171
168 172
168 173
168 174
168 175
168 176
168 177
169 170
169 171
169 172
169 173
169 174
169 175
169 176
169 190
170 171
170 172
170 174
170 175
170 176
170 178
170 179
170 198
171 172
171 173
171 174
171 175
171 176
171 177
171 178
171 179
172 173
172 174
172 175
172 176
172 177
172 178
172 179
172 180
172 181
173 174
173 175
173 176
173 177
173 178
173 179
173 180
173 181
173 182
174 175
174 176
174 177
174 178
174 179
174 180
174 182
174 183
174 241
175 176
175 177
175 178
175 179
175 180
175 182
175 184
175 185
176 177
176 178
176 179
176 180
176 181
176 184
176 185
177 178
177 179
177 181
177 183
177 184
177 185
177 186
178 179
178 180
178 181
178 182
178 183
178 184
178 185
178 186
178 187
179 180
179 181
179 182
179 183
179 184
179 185
179 186
179 187
179 188
180 181
180 182
180 183
180 184
180 185
180 186
180 187
180 188
180 189
181 182
181 183
181 184
181 185
181 186
181 187
181 188
181 189
181 190
181 200
182 183
182 184
182 185
182 187
182 188
182 189
182 190
182 191
183 184
183 185
183 186
183 187
183 188
183 189
183 190
183 191
183 192
183 199
184 185
184 186
184 188
184 189
184 190
184 191
184 192
184 193
184 219
185 186
185 187
185 188
185 189
185 190
185 192
185 193
185 194
186 187
186 188
186 189
186 190
186 191
186 192
186 193
186 194
186 195
187 188
187 189
187 190
187 191
187 193
187 194
187 195
188 189
188 190
188 192
188 193
188 194
188 195
188 196
188 197
188 246
189 190
189 191
189 192
189 193
189 195
189 196
189 197
189 198
190 191
190 192
190 193
190 194
190 195
190 197
190 198
190 199
190 237
191 192
191 193
191 194
191 195
191 197
191 198
191 199
192 193
192 194
192 195
192 196
192 197
192 198
192 199
192 200
192 201
192 213
193 194
193 195
193 196
193 197
193 198
193 199
193 201
193 202
193 235
194 195
194 196
194 197
194 198
194 200
194 201
194 202
194 203
194 223
195 196
195 197
195 198
195 199
195 200
195 201
195 202
195 203
195 204
196 197
196 198
196 199
196 200
196 201
196 202
196 203
196 204
196 205
197 198
197 199
197 200
197 201
197 202
197 203
197 204
197 206
197 222
198 199
198 200
198 201
198 202
198 203
198 204
198 205
198 206
198 207
198 229
199 200
199 201
199 202
199 204
199 205
199 206
199 207
199 208
200 201
200 202
200 205
200 206
200 207
200 208
200 209
200 225
201 202
201 203
201 205
201 206
201 207
201 208
201 209
201 210
202 203
202 205
202 206
202 207
202 208
202 209
202 210
202 211
202 233
203 204
203 206
203 207
203 208
203 209
203 210
203 211
203 212
204 205
204 206
204 207
204 209
204 210
204 211
204 212
204 213
205 206
205 207
205 208
205 209
205 210
205 211
205 212
205 213
206 207
206 208
206 209
206 210
206 211
206 212
206 213
206 214
206 215
207 208
207 209
207 210
207 212
207 213
207 214
207 215
207 216
208 209
208 210
208 211
208 212
208 213
208 214
208 215
208 216
208 217
209 210
209 211
209 213
209 214
209 215
209 216
209 217
209 218
209 228
209 221
210 211
210 212
210 213
210 214
210 215
210 216
210 217
210 218
210 219
211 213
211 214
211 215
211 216
211 217
211 218
211 220
212 213
212 214
212 215
212 216
212 217
212 218
212 219
212 220
212 221
213 215
213 216
213 217
213 218
213 219
213 220
213 221
213 222
214 215
214 216
214 217
214 218
214 219
214 220
214 221
214 222
214 223
214 242
215 216
215 217
215 218
215 219
215 220
215 221
215 222
215 223
215 224
216 217
216 218
216 219
216 220
216 222
216 223
216 224
216 225
216 244
217 218
217 219
217 220
217 221
217 222
217 223
217 224
217 226
217 240
218 219
218 220
218 221
218 222
218 223
218 224
218 225
218 226
218 227
219 220
219 221
219 222
219 223
219 224
219 225
219 226
219 227
219 228
220 221
220 222
220 223
220 224
220 225
220 226
220 227
220 228
220 229
220 232
221 222
221 224
221 225
221 226
221 227
221 228
221 229
221 230
222 223
222 224
222 225
222 226
222 227
222 228
222 229
222 231
223 224
223 226
223 227
223 228
223 231
223 232
223 245
224 225
224 226
224 227
224 228
224 229
224 230
224 231
224 232
224 233
225 226
225 227
225 228
225 230
225 231
225 232
225 233
225 234
226 227
226 228
226 229
226 230
226 231
226 232
226 233
226 234
226 235
227 228
227 229
227 230
227 231
227 232
227 233
227 234
227 235
227 236
227 245
228 230
228 232
228 233
228 234
228 235
228 236
228 237
229 230
229 231
229 233
229 234
229 235
229 236
229 237
229 238
230 231
230 232
230 233
230 236
230 237
230 238
230 239
231 232
231 233
231 234
231 235
231 236
231 237
231 239
231 240
232 233
232 234
232 235
232 236
232 237
232 238
232 240
232 241
233 234
233 236
233 237
233 238
233 239
233 240
233 241
233 242
234 235
234 237
234 238
234 239
234 240
234 241
234 242
234 243
235 236
235 237
235 238
235 239
235 240
235 241
235 242
235 243
236 237
236 238
236 239
236 241
236 242
236 243
236 244
236 245
237 238
237 240
237 241
237 242
237 243
237 244
237 245
237 246
237 247
238 239
238 240
238 241
238 242
238 243
238 245
238 246
238 247
239 240
239 241
239 242
239 243
239 244
239 245
239 246
239 247
239 248
240 241
240 242
240 243
240 245
240 246
240 247
240 248
240 249
241 243
241 245
241 246
241 248
241 249
242 243
242 244
242 245
242 247
242 248
242 249
243 244
243 245
243 246
243 247
243 248
243 249
244 245
244 246
244 247
244 248
244 249
245 247
245 248
245 249
246 247
246 248
246 249
247 248
247 249
248 249
