0 1
0 2
0 248
0 3
0 247
1 3
1 249
1 4
1 248
1 212
1 170
2 3
2 4
2 5
2 249
3 4
3 5
3 6
4 5
4 6
4 7
5 6
5 7
5 8
6 7
6 8
6 9
7 8
7 9
7 10
8 10
8 11
8 54
9 10
9 11
9 12
10 11
10 12
10 13
11 12
11 13
11 14
11 239
12 13
12 14
12 15
13 14
13 15
13 190
14 15
14 16
14 17
15 16
15 17
15 18
16 17
16 18
16 19
17 18
17 20
17 77
17 200
18 19
18 20
18 202
19 20
19 21
19 22
20 21
20 22
20 23
20 137
21 22
21 23
21 24
21 197
21 243
22 23
22 24
22 25
23 24
23 25
23 26
24 25
24 26
24 27
25 26
25 27
25 28
26 27
26 28
26 29
26 87
27 28
27 29
27 30
28 29
28 30
28 31
28 43
29 30
29 31
29 32
30 31
30 32
30 33
31 32
31 33
31 34
32 33
32 34
32 35
33 34
33 35
33 36
34 35
34 36
34 37
35 37
35 38
35 147
35 210
36 37
36 38
36 39
37 38
37 39
37 40
38 39
38 40
38 41
39 40
39 41
39 42
39 59
40 41
40 42
40 43
41 42
41 43
41 44
42 43
42 44
42 45
43 45
43 46
43 158
43 180
44 45
44 46
44 47
45 46
45 47
45 48
46 47
46 48
46 49
47 48
47 49
47 50
48 49
48 50
48 51
49 50
49 51
49 52
49 172
50 51
50 52
50 53
51 52
51 53
51 54
51 73
52 53
52 54
52 55
53 54
53 55
53 56
54 55
54 56
54 57
55 56
55 57
55 58
56 57
56 58
56 59
57 58
57 59
57 217
57 82
58 59
58 60
58 61
59 60
59 62
59 207
60 61
60 62
60 63
61 62
61 63
61 64
62 63
62 64
62 65
62 189
63 64
63 65
63 66
64 65
64 66
64 67
65 66
65 67
65 68
66 69
66 213
66 241
67 68
67 69
67 70
68 69
68 70
68 71
68 196
69 70
69 71
69 72
70 72
70 73
70 221
71 72
71 73
71 74
72 73
72 74
72 75
73 75
73 76
74 75
74 76
74 77
74 158
75 76
75 77
75 78
76 77
76 78
76 79
77 79
77 80
77 120
78 79
78 80
78 81
79 80
79 81
79 82
80 81
80 82
80 83
81 82
81 83
81 84
81 126
82 83
82 84
82 85
82 174
83 84
83 85
83 86
84 85
84 86
84 87
85 86
85 87
85 88
86 88
86 89
86 156
86 179
87 89
87 90
87 94
88 89
88 90
88 91
89 90
89 91
89 92
90 91
90 92
90 93
91 92
91 93
91 94
91 98
92 93
92 94
92 95
93 94
93 95
93 96
93 210
94 95
94 198
95 97
95 114
95 222
96 97
96 98
96 99
97 98
97 99
97 100
98 99
98 100
99 100
99 101
99 102
100 102
100 103
100 233
101 102
101 103
101 104
102 103
102 104
102 105
103 104
103 105
103 184
104 105
104 106
104 107
105 106
105 107
105 108
106 107
106 109
106 140
106 245
107 108
107 109
107 110
108 109
108 110
108 111
109 110
109 111
109 112
110 111
110 112
110 113
111 112
111 113
111 114
112 113
112 114
112 115
113 114
113 115
113 116
114 115
114 116
114 117
115 116
115 117
115 118
115 233
116 117
116 118
116 119
117 118
117 119
117 120
118 119
118 121
118 142
119 120
119 121
119 122
120 122
120 123
121 122
121 123
121 124
122 123
122 124
122 125
123 124
123 125
123 126
124 125
124 126
124 127
124 216
125 126
125 127
125 128
126 127
126 129
127 128
127 129
127 130
127 234
128 129
128 130
128 131
129 130
129 131
129 132
130 131
130 132
130 133
131 132
131 133
131 134
132 133
132 134
132 135
133 134
133 135
133 136
134 135
134 136
134 137
135 136
135 137
135 138
136 137
136 138
136 139
137 139
137 140
138 139
138 140
138 141
139 140
139 141
139 142
140 141
140 142
140 143
141 142
141 143
141 144
142 143
142 144
142 145
142 198
143 144
143 145
143 146
144 145
144 146
144 147
145 146
145 147
145 148
145 178
146 147
146 148
146 149
147 148
147 149
147 150
148 150
148 151
148 209
149 150
149 151
149 152
150 151
150 152
150 153
151 152
151 154
151 174
152 153
152 154
152 155
153 154
153 155
153 156
154 155
154 156
154 157
155 156
155 157
155 158
155 249
156 158
156 159
156 168
156 206
157 158
157 159
157 160
158 161
159 160
159 161
159 162
160 161
160 162
160 214
160 175
161 162
161 163
161 164
162 163
162 164
162 165
163 164
163 165
163 166
164 165
164 166
164 167
165 166
165 167
165 168
166 167
166 168
166 169
167 168
167 169
167 170
168 169
168 170
168 171
169 170
169 172
169 237
170 171
170 173
171 172
171 173
171 174
172 173
172 174
172 200
173 175
173 176
173 179
174 175
174 176
175 176
175 177
176 177
176 178
176 179
177 178
177 179
177 180
178 179
178 180
179 180
179 181
179 214
180 181
180 183
181 182
181 183
181 184
182 183
182 184
182 222
183 184
183 185
183 186
184 185
184 186
184 187
185 186
185 187
185 188
186 187
186 188
186 189
187 189
187 190
187 223
188 189
188 190
188 191
189 190
189 192
190 191
190 192
190 193
191 192
191 193
191 194
192 193
192 194
192 195
193 194
193 195
193 196
194 195
194 196
194 197
195 196
195 197
195 198
196 197
196 199
197 199
197 200
198 200
198 201
199 200
199 201
199 202
200 201
200 202
201 202
201 203
201 204
202 203
202 204
202 205
203 204
203 205
203 206
204 205
204 206
204 207
205 206
205 207
205 208
206 207
206 209
207 209
207 210
208 209
208 210
208 211
209 210
209 211
209 212
210 213
211 213
211 214
211 218
212 213
212 214
212 215
213 214
213 215
213 216
214 216
214 217
215 216
215 217
215 218
216 217
216 218
217 219
217 220
218 219
218 220
218 221
219 220
219 221
219 222
220 221
220 222
220 223
221 222
221 223
221 224
222 223
222 224
222 225
223 224
223 225
223 226
224 225
224 226
224 227
225 226
225 227
225 228
226 227
226 228
226 229
227 228
227 229
227 249
228 229
228 230
228 231
229 230
229 231
229 232
230 231
230 232
230 233
231 232
231 233
231 234
232 233
232 234
232 235
233 235
233 236
234 236
234 237
235 236
235 237
235 238
236 237
236 238
236 239
237 238
237 239
237 240
238 239
238 240
238 241
239 241
239 242
240 241
240 242
240 243
241 242
241 243
241 244
242 243
242 244
242 245
243 244
243 246
244 245
244 246
244 247
245 246
245 248
246 247
246 248
246 249
247 248
247 249
248 249
