0 1
0 249
0 248
0 151
1 2
1 3
1 249
2 3
2 4
3 4
3 5
3 175
4 5
4 6
5 6
5 7
5 128
6 7
6 8
7 8
7 9
8 9
8 10
8 100
9 10
9 11
10 11
10 175
11 13
11 52
11 230
12 13
12 14
13 14
13 15
14 15
14 16
14 235
15 16
15 17
16 17
16 157
17 18
17 19
18 19
18 20
19 20
19 21
20 21
20 22
21 22
21 23
22 23
22 24
23 24
23 25
24 25
24 26
25 26
25 27
26 27
26 28
27 29
27 218
28 29
28 30
29 30
29 31
30 31
30 32
31 32
31 33
32 34
32 232
33 34
33 35
34 35
34 36
35 36
35 37
36 37
36 38
37 38
37 39
37 194
38 39
38 142
38 92
39 40
39 41
40 41
40 42
40 227
41 42
41 43
42 43
42 44
43 44
43 45
44 45
44 46
45 46
45 47
45 145
46 47
46 48
47 48
47 49
48 49
48 192
49 145
49 88
50 51
50 52
51 52
51 124
52 53
52 54
53 54
53 55
54 55
54 56
55 56
55 57
56 57
56 58
57 58
57 59
57 60
57 151
58 59
58 60
59 61
59 123
60 186
61 63
61 204
62 63
62 64
63 64
63 65
64 65
64 66
65 66
65 67
66 67
66 68
67 68
67 69
68 69
68 70
69 70
69 123
70 71
70 72
71 72
71 73
72 73
72 74
72 216
73 74
73 75
74 75
74 76
75 76
75 77
76 77
76 150
77 78
77 79
78 79
78 80
79 80
79 81
80 81
80 82
81 82
81 83
82 83
82 84
82 134
83 84
83 85
84 85
84 86
84 198
85 86
85 87
86 87
86 88
86 106
86 126
87 88
87 89
88 89
88 90
89 90
89 91
89 172
90 91
90 92
90 190
91 92
91 93
91 160
92 93
93 94
93 95
94 95
94 96
95 96
95 97
96 97
96 184
97 98
97 99
98 99
98 100
99 100
99 101
100 101
101 102
101 103
102 103
102 104
103 104
103 105
104 105
104 106
105 106
105 107
106 107
106 223
107 227
107 200
108 109
108 110
109 110
109 111
110 111
110 112
111 112
111 117
112 113
112 114
113 114
113 115
114 115
114 116
115 116
115 117
116 117
116 118
117 118
117 119
118 119
118 218
118 184
119 120
119 121
120 121
120 122
121 122
121 177
122 123
122 124
123 124
123 125
124 125
124 137
125 126
125 127
126 127
127 128
127 129
128 130
129 130
129 131
130 131
130 132
131 132
131 133
132 133
132 134
133 134
133 135
134 135
135 136
135 137
136 137
136 138
137 138
137 139
138 139
138 140
138 244
139 140
139 141
140 141
140 142
141 142
141 143
142 143
142 144
143 144
143 145
144 145
144 146
145 146
146 147
146 148
147 148
147 149
148 149
148 150
149 150
149 151
150 151
150 152
151 152
152 153
152 154
153 154
153 155
154 155
154 156
154 228
155 156
155 157
156 157
156 158
157 158
157 159
158 159
158 160
159 160
159 161
160 161
161 162
161 163
162 163
162 164
163 164
163 165
164 165
164 166
164 247
165 166
165 167
166 167
166 168
167 168
167 169
168 169
168 170
169 170
169 171
169 231
170 172
170 188
171 172
171 173
172 174
173 174
173 175
174 175
174 176
175 231
176 177
176 178
177 178
177 179
178 179
178 180
179 180
179 181
180 181
180 182
181 182
181 183
182 183
182 184
183 184
183 185
184 185
184 186
185 186
185 187
186 187
186 188
187 188
187 189
188 189
188 190
189 190
189 191
190 191
191 192
191 193
192 193
192 194
193 194
193 195
194 236
195 196
195 197
196 197
196 198
197 198
197 212
198 200
199 200
199 201
200 201
200 202
201 202
201 203
202 203
202 204
203 204
203 205
204 205
204 206
205 207
205 212
206 207
206 208
207 208
207 209
208 209
208 210
209 210
209 211
210 211
210 212
211 212
211 213
212 213
212 214
213 214
213 215
214 215
214 216
215 216
215 217
216 217
217 218
217 219
218 220
219 220
219 221
220 221
220 222
221 222
221 223
222 223
222 224
223 224
224 225
224 226
225 226
225 227
226 228
226 239
227 228
228 229
229 230
229 231
230 231
231 232
232 233
232 234
233 234
233 235
234 235
234 236
234 245
235 237
236 237
236 238
237 238
237 239
238 239
238 240
239 240
239 241
240 241
240 242
241 242
241 243
242 243
242 244
243 244
243 245
244 245
245 247
246 247
246 248
247 248
248 249
