2687
2074
3677
3690
3731
1218
2291
2080
1219
713
877
2981
2812
732
528
205
494
1571
1539
1259
3442
3069
1210
3441
818
1105
1563
845
1191
2945
1900
1223
1568
531
1562
3129
860
3183
733
3244
857
201
1111
2813
1112
873
1233
1192
788
839
1661
214
1232
2600
1561
1196
2073
2220
2353
820
1198
209
2033
2811
844
1122
2561
2082
3150
213
2036
1132
1199
1195
1207
834
2069
1221
3463
2148
2032
3490
2067
1094
1205
1609
1229
883
2611
726
2335
2938
1540
2814
1228
1537
789
1208
1213
1237
1806
1226
1542
2072
1543
425
219
1212
1545
2222
882
1541
468
1922
2859
725
2394
2869
2035
2897
2025
2068
2792
1102
2079
427
412
2302
1807
2408
493
486
249
3333
867
786
855
1019
1853
1538
1099
110
802
832
861
2816
843
1255
784
227
1236
3071
2090
697
1201
1353
869
872
1664
3662
878
111
218
2496
2042
1127
1220
513
1124
104
1830
2081
1107
526
2985
175
634
1926
885
3767
495
714
829
1225
1468
488
409
2944
1121
1238
3916
2027
852
2076
1204
1547
734
2041
2698
354
1572
643
1731
1715
2791
2087
492
114
1574
543
1216
3200
229
3028
79
2234
1570
118
2103
1453
1194
1268
1742
1390
551
783
2147
970
1091
1663
1197
84
837
1257
821
863
1888
1599
1095
2043
1746
2831
97
1224
876
77
547
864
1566
1234
418
2590
1377
414
1834
423
1395
86
3396
747
1452
561
102
130
3240
1672
161
529
2075
2100
548
228
1181
351
608
338
1573
1378
2759
2376
2761
1509
225
889
1923
81
3736
512
305
2031
1235
1924
3479
2093
108
699
1337
3641
858
847
345
347
1925
2377
1597
3128
478
2511
1190
1733
848
482
1726
2070
100
1256
2435
3045
1222
1211
22
402
833
1523
1200
866
298
105
416
647
904
39
3182
917
3830
112
1100
76
581
549
419
2966
1145
2870
2330
2497
1996
582
1396
589
485
2339
556
415
1389
553
3492
2091
1103
2984
2095
220
348
1732
1722
333
1386
2242
3475
514
1393
3722
2914
916
3161
245
969
106
171
1744
2711
1757
2393
90
1157
1598
282
221
1662
424
646
2599
448
334
663
2077
276
107
413
180
1536
539
2407
146
2096
2015
1329
3334
644
1592
154
977
1701
376
342
2226
1514
676
3424
1927
115
3444
778
2114
1125
1565
1917
2318
1671
3686
1325
537
3093
511
1560
761
3754
510
753
3710
3514
3735
546
1646
1271
1921
2277
976
906
1723
222
859
12
474
1928
1306
1564
562
173
1387
2324
914
787
277
2461
2913
1097
530
280
940
1512
702
871
2536
65
816
216
3064
1581
1805
1317
1426
428
283
3037
1388
842
331
936
1168
557
250
101
1930
93
675
902
1169
153
1530
2919
177
299
2625
2049
3728
380
632
388
2348
3364
721
937
532
1838
2538
71
2071
1209
773
2907
29
1009
24
720
3021
799
1798
1241
908
1546
1915
247
16
462
2993
1596
2046
19
913
426
850
176
2414
5
377
3
1912
3791
1128
1918
1821
38
3216
2358
1600
682
3687
3918
1058
1081
2134
1330
349
453
2341
901
1141
2269
3751
835
2151
1167
3536
1743
899
275
1635
540
73
3147
484
3151
954
1133
580
973
686
1425
3024
52
749
1637
375
545
99
346
1410
145
975
1057
337
1857
1258
1507
1929
910
1595
378
1851
1593
1496
2852
200
2319
1060
2099
1833
2438
372
2518
1185
3353
184
673
656
1504
469
840
645
724
1784
974
420
1527
1385
1988
897
1215
3917
1787
357
770
343
2313
481
3242
1462
620
1872
479
1951
856
126
865
302
25
236
367
1959
1863
3691
57
1305
2052
2309
256
3249
199
2098
1526
968
2337
1981
182
394
681
2582
800
1464
1011
11
195
1148
1002
356
41
2249
1110
1919
3447
3175
868
1649
684
312
928
2088
895
945
2863
109
322
2055
862
579
760
586
46
491
797
1588
2763
971
3467
391
1160
2317
3189
2916
2334
243
340
2241
2017
701
75
179
890
49
2552
2558
239
417
1606
3221
1441
884
1864
2062
2289
410
1756
2172
1369
692
1392
1796
237
411
1364
578
1336
1559
332
66
1677
1515
155
612
253
371
1911
1601
1644
1335
460
2764
3041
353
252
1630
1973
1825
1762
920
1206
242
841
2568
2855
1414
400
2526
1184
303
95
2503
1855
1544
2563
894
1686
289
291
324
592
233
2815
293
1292
3678
689
1135
1077
776
1977
2064
10
1056
874
1491
2425
2893
3822
2260
1265
4
3054
664
1008
151
1384
1412
1607
2381
1362
1619
286
1322
2395
907
2977
1920
476
1152
1691
3621
358
1724
982
1134
269
696
1333
2707
1628
1477
2901
1074
2406
336
958
1070
310
1517
2008
921
538
1435
1174
2512
1814
1871
156
665
1532
609
1266
846
1580
301
3048
1040
629
2325
2523
1910
2900
1522
688
2963
471
7
53
385
2349
3524
139
487
3008
2691
496
1584
13
1149
1397
1893
3113
1946
2658
3796
2794
125
944
128
939
1693
2996
50
181
455
3373
660
717
978
3563
1382
1
368
2023
2
715
997
3241
919
3350
3043
1155
1771
748
26
1042
722
1795
1217
2783
2111
1104
1303
257
2132
70
1578
2624
3706
85
823
1288
1505
69
2557
912
1017
3860
123
1640
3586
1285
2218
988
2879
399
1039
730
2400
2701
23
1351
2872
43
790
1431
3049
3708
3766
2243
777
62
1172
2016
3357
870
1129
507
1059
2056
781
1764
1045
1151
2767
2802
3610
1202
1430
959
1383
1307
2403
2591
2747
986
2745
619
782
458
774
996
2896
1488
2182
2513
2537
255
679
887
983
1242
2135
2571
2891
779
1641
1687
1346
2078
2762
3220
278
1116
1892
2065
422
1332
631
655
690
1503
775
1115
1439
1702
807
2398
938
3604
72
1328
2165
2333
3451
2363
28
341
565
942
1159
3321
1231
3114
3265
254
1604
2472
0
294
457
2440
2740
3832
91
941
1287
2336
881
648
3682
323
3512
1069
1082
1380
1429
3031
3573
801
1291
1680
2138
2465
2546
1005
2522
1161
1692
88
165
1518
1986
1187
1882
584
2390
1391
1792
3248
3611
162
2104
6
134
2544
2755
3542
3556
687
791
819
2198
3528
178
381
398
2569
2962
3391
3833
240
268
1319
2037
1818
2598
64
456
1021
2011
685
796
1976
2012
2038
2781
3143
1327
879
1313
1622
2137
2239
167
251
617
707
780
1331
1476
1587
1819
2833
317
2405
2515
3320
32
48
174
389
438
446
464
618
808
1036
1891
2514
2583
3025
390
44
127
135
849
1448
1776
1808
2614
3517
74
87
183
230
360
395
396
401
669
1013
1227
1267
2293
2678
2793
3034
3286
56
366
636
640
1006
1131
1246
1682
1934
2387
635
670
815
892
987
1244
1516
1582
1611
2030
2410
2486
3042
3516
140
163
393
439
566
671
694
1293
1423
1763
1937
2024
3501
3943
263
447
605
1049
1079
1158
1203
1243
1245
1502
1642
1670
1676
2112
2175
2385
3420
3521
270
436
708
792
1001
1136
1264
1358
1437
1445
1620
1632
1752
2800
3588
3709
226
241
362
470
704
952
1047
1083
1262
1458
1758
1846
1931
2210
2964
3125
3527
3821
27
45
54
122
329
363
374
443
449
642
668
738
762
785
836
981
1147
1253
1279
1286
1309
1359
1586
1695
1766
1820
1850
1886
1889
1898
2213
2231
2237
2322
2542
2668
2672
2676
2677
2680
2681
2682
2684
2685
2851
2880
2973
3103
3123
3354
3359
3443
3458
3737
3785
3932
234
266
397
430
465
483
588
658
880
1030
1032
1146
1166
1186
1247
1248
1250
1254
1277
1280
1281
1284
1289
1290
1294
1296
1297
1299
1300
1301
1302
1324
1363
1455
1471
1524
1579
1638
1842
1852
1896
1908
2181
2196
2197
2251
2323
2420
2565
2588
2628
2653
2656
2667
2671
2674
2686
2756
2785
2786
2790
2868
2877
2961
2965
3131
3194
3279
3284
3292
3327
3403
3421
3427
3491
3507
3510
3555
3644
3839
3853
3941
51
288
407
440
463
831
838
851
875
918
1153
1165
1230
1295
1338
1500
2122
2307
2380
2646
2661
2679
2969
2980
3038
3040
3149
3168
3199
3209
3243
3305
3502
3566
3797
3879
47
60
61
67
68
82
94
129
131
141
147
148
157
158
1117
1989
3431
1118
1138
500
3901
2101
3725
3812
1810
502
3581
3818
2188
2343
2344
80
1534
3336
3642
2585
915
2248
812
217
2371
3759
3343
712
1725
89
34
2150
2268
3363
92
542
2092
3583
3568
552
116
117
477
533
103
2899
480
2245
159
1126
2060
2171
3346
98
623
541
2308
2262
3755
3756
2570
563
1276
698
37
1551
594
2149
1513
113
281
993
36
1549
576
577
1822
1719
535
3740
3075
3547
2432
3137
534
595
1381
1120
2848
593
3899
509
2338
2925
2712
2714
21
3462
1085
2448
473
3557
3252
3253
2509
2158
3539
3010
31
2436
1014
3180
1269
1508
3869
3582
2434
2989
2259
2718
2051
1490
1770
2729
3562
17
3774
3085
3086
2097
3554
3739
1785
1053
3903
42
3780
1811
591
2086
119
3294
3450
2843
3679
8
2726
1740
2244
2574
2659
2776
3589
3933
2342
2638
3827
3065
1411
9
30
387
911
3267
2727
3448
2895
339
1730
1940
2850
3537
335
2997
3177
3178
3235
3411
1366
3749
508
544
560
2252
2639
33
3792
536
2572
3624
1647
1717
1913
2760
3345
927
3406
741
15
575
2265
144
3355
2383
2567
2950
3750
2089
40
459
1419
2133
2232
1654
2713
2127
2404
3117
2878
603
2288
2347
2728
1418
1461
1772
2892
3223
350
1420
1529
3084
984
1914
1747
3211
757
979
1681
2143
2535
2823
2825
2827
2906
2715
18
1650
1318
1531
2311
2481
2719
554
2915
2956
739
1406
309
1123
1939
2355
2553
2822
2824
2894
3254
295
1188
2053
3480
3834
2153
2873
2902
600
1486
2752
2935
3176
3711
1408
2045
2084
2409
3009
3154
3349
3559
3625
3775
680
1027
3337
3835
1413
1995
2326
2351
2421
2525
2990
3068
905
1777
2113
2663
2754
662
1954
2272
2437
3067
3369
3806
248
1139
1311
1427
1594
2844
3623
3676
1716
2185
614
765
1041
1409
1899
2094
2784
3036
3489
3622
3692
83
383
613
633
674
695
706
1176
1177
1178
1180
1727
1804
1943
2575
3885
78
555
596
611
998
1239
1365
2102
2160
2254
2284
2447
2724
2908
2951
3138
3144
3207
3428
3675
3726
3874
452
570
1016
1316
1497
1856
2967
3214
3632
168
344
771
896
1399
1656
1982
2191
2246
2413
2949
3158
3227
3375
3410
3634
3771
379
382
630
1310
1735
1839
1987
2007
2013
2022
2159
2256
2286
2356
2369
2730
2847
2988
3188
3203
3325
3329
3488
3765
3875
3921
260
373
405
406
559
573
814
1314
1315
1321
1404
1417
1421
1473
1474
1734
2109
2131
2310
2846
3330
3379
3658
3824
150
321
461
515
574
909
1020
1334
1401
1415
1460
1605
1700
1781
2154
2157
2187
2201
2258
2441
2500
2717
3225
3770
3807
3922
35
169
264
292
499
616
683
703
893
900
943
961
962
989
1004
1012
1038
1326
1356
1357
1360
1361
1416
1446
1475
1533
1636
1748
1749
1753
1775
1845
1879
1984
1985
2061
2164
2211
2267
2314
2386
2389
2527
2547
2690
2845
3013
3020
3023
3035
3133
3164
3170
3172
3435
3591
3606
3698
3715
3733
3810
3811
3876
3923
3925
3945
132
185
189
238
271
285
287
297
300
307
311
326
355
392
691
891
1007
1080
1130
1304
1308
1312
1374
1403
1484
1639
1673
1683
1712
1718
1741
1750
1761
1780
1782
1789
1815
1849
1916
1947
1952
1972
1990
2006
2066
2119
2126
2129
2192
2208
2227
2257
2312
2320
2321
2365
2374
2396
2430
2439
2445
2491
2495
2516
2579
2594
2595
2608
2618
2635
2703
2706
2731
2853
2952
3082
3152
3205
3255
3264
3281
3282
3285
3313
3362
3449
3460
3483
3497
3511
3594
3633
3651
3685
3707
3727
3773
3881
3886
3912
133
235
284
290
361
384
518
693
805
806
810
1109
1240
1249
1275
1373
1428
1472
1483
1492
1501
1614
1621
1631
1633
1669
1697
1745
1817
1854
1862
1867
1883
1884
1890
1909
1999
2161
2296
2362
2378
2702
2716
2720
2917
2960
3027
3155
3208
3309
3318
3322
3417
3538
3569
3570
3650
3652
3653
3712
3744
3825
14
20
55
58
59
63
96
120
121
124
136
137
138
142
143
149
152
160
164
166
170
172
186
187
188
190
191
192
193
194
196
197
198
202
203
204
206
207
208
210
211
212
215
223
224
231
232
244
246
258
259
261
262
265
267
272
273
274
279
296
304
306
308
313
314
315
316
318
319
320
325
327
328
330
352
359
364
365
369
370
386
403
404
408
421
429
431
432
433
434
435
437
441
442
444
445
450
451
454
466
467
472
475
489
490
497
498
501
503
504
505
506
516
517
519
520
521
522
523
524
525
527
550
558
564
567
568
569
571
572
583
585
587
590
597
598
599
601
602
604
606
607
610
615
621
622
624
625
626
627
628
637
638
639
641
649
650
651
652
653
654
657
659
661
666
667
672
677
678
700
705
709
710
711
716
718
719
723
727
728
729
731
735
736
737
740
742
743
744
745
746
750
751
752
754
755
756
758
759
763
764
766
767
768
769
772
793
794
795
798
803
804
809
811
813
817
822
824
825
826
827
828
830
853
854
886
888
898
903
922
923
924
925
926
929
930
931
932
933
934
935
946
947
948
949
950
951
953
955
956
957
960
963
964
965
966
967
972
980
985
990
991
992
994
995
999
1000
1003
1010
1015
1018
1022
1023
1024
1025
1026
1028
1029
1031
1033
1034
1035
1037
1043
1044
1046
1048
1050
1051
1052
1054
1055
1061
1062
1063
1064
1065
1066
1067
1068
1071
1072
1073
1075
1076
1078
1084
1086
1087
1088
1089
1090
1092
1093
1096
1098
1101
1106
1108
1113
1114
1119
1137
1140
1142
1143
1144
1150
1154
1156
1162
1163
1164
1170
1171
1173
1175
1179
1182
1183
1189
1193
1214
1251
1252
1260
1261
1263
1270
1272
1273
1274
1278
1282
1283
1298
1320
1323
1339
1340
1341
1342
1343
1344
1345
1347
1348
1349
1350
1352
1354
1355
1367
1368
1370
1371
1372
1375
1376
1379
1394
1398
1400
1402
1405
1407
1422
1424
1432
1433
1434
1436
1438
1440
1442
1443
1444
1447
1449
1450
1451
1454
1456
1457
1459
1463
1465
1466
1467
1469
1470
1478
1479
1480
1481
1482
1485
1487
1489
1493
1494
1495
1498
1499
1506
1510
1511
1519
1520
1521
1525
1528
1535
1548
1550
1552
1553
1554
1555
1556
1557
1558
1567
1569
1575
1576
1577
1583
1585
1589
1590
1591
1602
1603
1608
1610
1612
1613
1615
1616
1617
1618
1623
1624
1625
1626
1627
1629
1634
1643
1645
1648
1651
1652
1653
1655
1657
1658
1659
1660
1665
1666
1667
1668
1674
1675
1678
1679
1684
1685
1688
1689
1690
1694
1696
1698
1699
1703
1704
1705
1706
1707
1708
1709
1710
1711
1713
1714
1720
1721
1728
1729
1736
1737
1738
1739
1751
1754
1755
1759
1760
1765
1767
1768
1769
1773
1774
1778
1779
1783
1786
1788
1790
1791
1793
1794
1797
1799
1800
1801
1802
1803
1809
1812
1813
1816
1823
1824
1826
1827
1828
1829
1831
1832
1835
1836
1837
1840
1841
1843
1844
1847
1848
1858
1859
1860
1861
1865
1866
1868
1869
1870
1873
1874
1875
1876
1877
1878
1880
1881
1885
1887
1894
1895
1897
1901
1902
1903
1904
1905
1906
1907
1932
1933
1935
1936
1938
1941
1942
1944
1945
1948
1949
1950
1953
1955
1956
1957
1958
1960
1961
1962
1963
1964
1965
1966
1967
1968
1969
1970
1971
1974
1975
1978
1979
1980
1983
1991
1992
1993
1994
1997
1998
2000
2001
2002
2003
2004
2005
2009
2010
2014
2018
2019
2020
2021
2026
2028
2029
2034
2039
2040
2044
2047
2048
2050
2054
2057
2058
2059
2063
2083
2085
2105
2106
2107
2108
2110
2115
2116
2117
2118
2120
2121
2123
2124
2125
2128
2130
2136
2139
2140
2141
2142
2144
2145
2146
2152
2155
2156
2162
2163
2166
2167
2168
2169
2170
2173
2174
2176
2177
2178
2179
2180
2183
2184
2186
2189
2190
2193
2194
2195
2199
2200
2202
2203
2204
2205
2206
2207
2209
2212
2214
2215
2216
2217
2219
2221
2223
2224
2225
2228
2229
2230
2233
2235
2236
2238
2240
2247
2250
2253
2255
2261
2263
2264
2266
2270
2271
2273
2274
2275
2276
2278
2279
2280
2281
2282
2283
2285
2287
2290
2292
2294
2295
2297
2298
2299
2300
2301
2303
2304
2305
2306
2315
2316
2327
2328
2329
2331
2332
2340
2345
2346
2350
2352
2354
2357
2359
2360
2361
2364
2366
2367
2368
2370
2372
2373
2375
2379
2382
2384
2388
2391
2392
2397
2399
2401
2402
2411
2412
2415
2416
2417
2418
2419
2422
2423
2424
2426
2427
2428
2429
2431
2433
2442
2443
2444
2446
2449
2450
2451
2452
2453
2454
2455
2456
2457
2458
2459
2460
2462
2463
2464
2466
2467
2468
2469
2470
2471
2473
2474
2475
2476
2477
2478
2479
2480
2482
2483
2484
2485
2487
2488
2489
2490
2492
2493
2494
2498
2499
2501
2502
2504
2505
2506
2507
2508
2510
2517
2519
2520
2521
2524
2528
2529
2530
2531
2532
2533
2534
2539
2540
2541
2543
2545
2548
2549
2550
2551
2554
2555
2556
2559
2560
2562
2564
2566
2573
2576
2577
2578
2580
2581
2584
2586
2587
2589
2592
2593
2596
2597
2601
2602
2603
2604
2605
2606
2607
2609
2610
2612
2613
2615
2616
2617
2619
2620
2621
2622
2623
2626
2627
2629
2630
2631
2632
2633
2634
2636
2637
2640
2641
2642
2643
2644
2645
2647
2648
2649
2650
2651
2652
2654
2655
2657
2660
2662
2664
2665
2666
2669
2670
2673
2675
2683
2688
2689
2692
2693
2694
2695
2696
2697
2699
2700
2704
2705
2708
2709
2710
2721
2722
2723
2725
2732
2733
2734
2735
2736
2737
2738
2739
2741
2742
2743
2744
2746
2748
2749
2750
2751
2753
2757
2758
2765
2766
2768
2769
2770
2771
2772
2773
2774
2775
2777
2778
2779
2780
2782
2787
2788
2789
2795
2796
2797
2798
2799
2801
2803
2804
2805
2806
2807
2808
2809
2810
2817
2818
2819
2820
2821
2826
2828
2829
2830
2832
2834
2835
2836
2837
2838
2839
2840
2841
2842
2849
2854
2856
2857
2858
2860
2861
2862
2864
2865
2866
2867
2871
2874
2875
2876
2881
2882
2883
2884
2885
2886
2887
2888
2889
2890
2898
2903
2904
2905
2909
2910
2911
2912
2918
2920
2921
2922
2923
2924
2926
2927
2928
2929
2930
2931
2932
2933
2934
2936
2937
2939
2940
2941
2942
2943
2946
2947
2948
2953
2954
2955
2957
2958
2959
2968
2970
2971
2972
2974
2975
2976
2978
2979
2982
2983
2986
2987
2991
2992
2994
2995
2998
2999
3000
3001
3002
3003
3004
3005
3006
3007
3011
3012
3014
3015
3016
3017
3018
3019
3022
3026
3029
3030
3032
3033
3039
3044
3046
3047
3050
3051
3052
3053
3055
3056
3057
3058
3059
3060
3061
3062
3063
3066
3070
3072
3073
3074
3076
3077
3078
3079
3080
3081
3083
3087
3088
3089
3090
3091
3092
3094
3095
3096
3097
3098
3099
3100
3101
3102
3104
3105
3106
3107
3108
3109
3110
3111
3112
3115
3116
3118
3119
3120
3121
3122
3124
3126
3127
3130
3132
3134
3135
3136
3139
3140
3141
3142
3145
3146
3148
3153
3156
3157
3159
3160
3162
3163
3165
3166
3167
3169
3171
3173
3174
3179
3181
3184
3185
3186
3187
3190
3191
3192
3193
3195
3196
3197
3198
3201
3202
3204
3206
3210
3212
3213
3215
3217
3218
3219
3222
3224
3226
3228
3229
3230
3231
3232
3233
3234
3236
3237
3238
3239
3245
3246
3247
3250
3251
3256
3257
3258
3259
3260
3261
3262
3263
3266
3268
3269
3270
3271
3272
3273
3274
3275
3276
3277
3278
3280
3283
3287
3288
3289
3290
3291
3293
3295
3296
3297
3298
3299
3300
3301
3302
3303
3304
3306
3307
3308
3310
3311
3312
3314
3315
3316
3317
3319
3323
3324
3326
3328
3331
3332
3335
3338
3339
3340
3341
3342
3344
3347
3348
3351
3352
3356
3358
3360
3361
3365
3366
3367
3368
3370
3371
3372
3374
3376
3377
3378
3380
3381
3382
3383
3384
3385
3386
3387
3388
3389
3390
3392
3393
3394
3395
3397
3398
3399
3400
3401
3402
3404
3405
3407
3408
3409
3412
3413
3414
3415
3416
3418
3419
3422
3423
3425
3426
3429
3430
3432
3433
3434
3436
3437
3438
3439
3440
3445
3446
3452
3453
3454
3455
3456
3457
3459
3461
3464
3465
3466
3468
3469
3470
3471
3472
3473
3474
3476
3477
3478
3481
3482
3484
3485
3486
3487
3493
3494
3495
3496
3498
3499
3500
3503
3504
3505
3506
3508
3509
3513
3515
3518
3519
3520
3522
3523
3525
3526
3529
3530
3531
3532
3533
3534
3535
3540
3541
3543
3544
3545
3546
3548
3549
3550
3551
3552
3553
3558
3560
3561
3564
3565
3567
3571
3572
3574
3575
3576
3577
3578
3579
3580
3584
3585
3587
3590
3592
3593
3595
3596
3597
3598
3599
3600
3601
3602
3603
3605
3607
3608
3609
3612
3613
3614
3615
3616
3617
3618
3619
3620
3626
3627
3628
3629
3630
3631
3635
3636
3637
3638
3639
3640
3643
3645
3646
3647
3648
3649
3654
3655
3656
3657
3659
3660
3661
3663
3664
3665
3666
3667
3668
3669
3670
3671
3672
3673
3674
3680
3681
3683
3684
3688
3689
3693
3694
3695
3696
3697
3699
3700
3701
3702
3703
3704
3705
3713
3714
3716
3717
3718
3719
3720
3721
3723
3724
3729
3730
3732
3734
3738
3741
3742
3743
3745
3746
3747
3748
3752
3753
3757
3758
3760
3761
3762
3763
3764
3768
3769
3772
3776
3777
3778
3779
3781
3782
3783
3784
3786
3787
3788
3789
3790
3793
3794
3795
3798
3799
3800
3801
3802
3803
3804
3805
3808
3809
3813
3814
3815
3816
3817
3819
3820
3823
3826
3828
3829
3831
3836
3837
3838
3840
3841
3842
3843
3844
3845
3846
3847
3848
3849
3850
3851
3852
3854
3855
3856
3857
3858
3859
3861
3862
3863
3864
3865
3866
3867
3868
3870
3871
3872
3873
3877
3878
3880
3882
3883
3884
3887
3888
3889
3890
3891
3892
3893
3894
3895
3896
3897
3898
3900
3902
3904
3905
3906
3907
3908
3909
3910
3911
3913
3914
3915
3919
3920
3924
3926
3927
3928
3929
3930
3931
3934
3935
3936
3937
3938
3939
3940
3942
3944
3946
3947
3948
