2531
1312
731
1943
1667
523
1618
1697
87
71
2702
82
2101
675
1883
1314
86
1872
1893
90
65
1128
1124
1173
525
1696
1288
260
435
1239
1944
1894
2020
1074
520
1094
1086
1093
2364
1091
889
885
2252
537
1226
1945
1085
658
766
2393
1088
501
1280
1078
1295
1865
1092
514
1410
530
494
67
1296
1077
1506
1180
1867
2508
59
524
492
49
215
498
205
212
2721
1277
2386
923
1946
947
1083
1293
1884
490
901
903
2488
908
1415
2548
203
888
665
304
540
1412
403
2174
489
522
1826
1080
1766
1563
224
521
476
1076
704
663
539
1660
1400
909
301
2178
1073
519
910
674
529
76
1409
201
507
1540
302
765
477
2507
2251
515
1120
499
307
153
1096
438
2583
497
196
213
1098
1185
1079
508
202
1179
702
1765
495
88
195
1181
513
1408
542
2022
2329
1121
1227
2249
377
801
661
2385
204
1084
1682
502
1049
1891
1099
1663
785
475
659
485
506
300
474
927
95
1287
221
1947
75
2040
81
1289
92
101
218
512
783
219
732
1320
1090
479
913
220
1887
957
1143
2177
1100
1016
944
1182
906
568
907
1881
503
165
533
504
308
169
613
538
900
898
1095
2328
1933
2387
1631
141
1965
886
905
912
811
791
2297
528
1862
1879
222
787
855
2391
419
2172
2285
2182
66
1058
209
1876
61
206
1087
2357
363
1097
784
2464
404
1869
74
1223
1047
1082
1222
703
851
1243
958
850
1238
1619
207
534
1315
1877
338
1285
89
552
306
2709
339
2650
246
648
439
472
1279
2392
2487
1020
2365
175
480
2724
337
2318
1294
166
660
319
616
1414
496
788
2330
1527
720
776
779
877
556
1283
433
2253
1148
2595
324
2017
1326
553
1184
1135
797
105
312
918
1229
117
378
210
841
189
1142
778
1726
2568
83
1761
2726
431
73
821
2190
1313
700
429
555
1759
315
2366
43
1132
672
775
133
509
473
777
44
1406
1240
78
1237
840
1137
264
2293
683
2140
280
626
1122
771
1775
126
1251
2676
774
115
2278
2703
60
998
1632
320
229
77
163
554
902
1123
251
1736
2479
1000
269
994
358
2381
176
2332
2266
558
430
317
1780
2176
154
621
325
915
817
311
963
121
836
1633
1734
128
1783
615
2294
2612
1413
2376
1211
217
1971
2018
608
2705
1484
845
1060
1784
842
2506
318
252
1557
1558
1654
1247
1266
310
1007
340
1014
550
16
869
2394
1972
1440
2063
2279
1548
625
2204
2363
199
2200
961
1245
1999
571
233
137
1612
2275
543
268
336
1299
899
132
914
1149
1370
316
569
1760
597
887
15
314
839
1647
2377
1725
681
767
1310
1472
595
130
1228
1292
1482
1529
541
2014
5
1671
244
373
682
2076
614
63
1070
1129
1395
1308
6
803
1059
1921
182
188
432
612
786
1210
1446
729
2359
370
1556
1990
1017
2132
444
2380
239
1235
1306
884
999
1649
2542
313
1051
1691
134
1748
1951
2019
2012
2419
2058
1150
1263
1803
1630
1624
1232
572
725
2013
392
997
2064
669
1919
2725
22
80
123
211
263
402
746
805
1072
1276
2541
505
551
1207
1264
1447
1779
2170
227
1384
1480
2446
2512
282
376
679
1541
1931
259
265
500
2205
1542
2100
236
414
651
1138
1282
1284
1298
1674
1889
1964
2401
2509
2669
254
334
470
719
967
971
1213
1960
2230
69
878
1111
716
795
936
1646
2209
2309
2338
389
781
1156
1244
2296
72
1183
2222
97
289
518
1236
950
1425
27
39
55
693
790
1254
1388
1520
1655
2016
2267
138
789
84
447
462
596
667
800
847
1249
423
455
972
1365
1730
2050
2151
2714
32
798
818
1015
1471
2534
718
814
1233
1609
1648
1698
2400
710
892
1019
1479
2550
2651
18
186
364
445
664
666
951
970
1081
1307
1481
1492
1617
1735
1871
1873
1882
2126
2431
2510
2526
2652
2163
25
110
388
437
559
649
715
879
1009
1268
1270
1290
1339
1940
1941
2029
2099
2227
2305
2596
2642
2733
12
136
230
288
352
424
491
670
737
810
920
1030
1442
1553
1643
1666
1742
1771
2041
2238
2620
2664
26
400
487
526
536
677
796
926
1057
1230
1274
1302
1404
1629
1664
1870
1885
1890
1897
1963
2169
2271
2514
17
436
686
712
831
978
1167
1419
1430
1536
1790
2109
2256
2295
2349
2352
2591
2675
2691
274
452
531
535
549
578
714
979
1190
1206
1316
1317
1353
1929
2051
2067
2130
2146
2433
2449
2480
2593
2663
2689
8
9
30
33
35
173
413
461
653
689
1066
1253
1267
1271
1503
1505
1586
1597
1669
1683
1755
1857
1953
2134
2203
2268
2375
2489
2513
2533
2618
2671
108
159
231
241
255
478
562
605
699
711
864
894
965
989
1032
1037
1110
1201
1257
1501
1585
1772
1924
1939
1980
1989
2093
2108
2123
2124
2353
2575
2623
2649
2659
2665
2668
2717
273
275
330
331
346
564
705
717
741
747
762
824
928
929
931
960
966
1012
1013
1018
1154
1168
1261
1303
1335
1602
1719
1741
1808
1812
1813
1814
1815
1817
1863
1942
1975
2327
2472
2627
2673
7
21
184
256
258
278
351
399
410
458
610
629
633
742
748
829
954
1004
1005
1065
1108
1199
1246
1248
1252
1301
1350
1377
1378
1407
1509
1645
1657
1675
1753
1792
1892
2080
2081
2082
2085
2086
2087
2090
2111
2112
2133
2137
2138
2143
2145
2147
2242
2427
2430
2434
2528
2546
2587
2692
2701
0
14
41
98
120
148
162
164
190
238
362
385
453
460
481
486
532
574
583
600
603
647
668
678
770
827
853
883
911
924
925
938
955
1045
1050
1071
1113
1114
1170
1171
1200
1260
1275
1286
1291
1366
1375
1394
1474
1571
1587
1699
1864
1878
1896
2070
2089
2135
2136
2139
2141
2144
2154
2486
2498
2687
160
161
287
394
580
37
348
1464
349
1937
982
2104
2237
2710
1499
754
167
2354
1973
852
305
2597
375
1219
170
2273
1052
1985
484
857
245
371
1134
1677
2286
1221
2077
412
135
2360
617
234
2197
983
2079
1399
773
859
119
1403
127
2254
2255
1106
2179
1723
1854
1103
172
216
1467
769
1401
1785
1133
844
846
1993
2562
1856
398
782
1554
2342
2451
2667
1218
2213
2321
772
2188
103
140
1555
2162
118
139
761
1623
1721
2580
2635
2640
168
1661
253
2175
2248
2250
1178
1382
2706
197
309
347
359
456
593
650
856
1130
1381
1151
1319
1437
1962
2694
208
228
837
1393
1599
1979
2272
2637
267
890
1186
1497
1961
2599
2189
374
446
454
464
465
804
806
807
809
1036
1432
1463
1495
1652
2263
2264
2335
2450
684
694
815
816
1304
1372
1441
1445
1522
1530
1694
1758
1900
2171
2356
31
360
434
457
607
730
739
780
792
940
1309
1336
1487
1570
1603
1720
1952
2166
2187
2207
2361
2453
2456
2457
2458
2460
2462
2525
2566
2607
2653
2679
104
152
187
467
692
738
812
834
860
891
917
1126
1402
1546
1574
1608
1659
1673
1754
1757
1778
1781
1922
2011
2047
2247
2304
2444
2466
171
181
214
279
332
379
427
466
548
570
584
588
602
609
627
638
639
685
688
698
726
727
734
743
759
793
808
820
870
871
874
880
893
921
932
974
986
1021
1022
1027
1029
1031
1038
1046
1053
1067
1101
1127
1131
1147
1155
1158
1159
1161
1163
1166
1175
1322
1324
1327
1330
1418
1428
1470
1476
1477
1500
1507
1508
1515
1524
1547
1552
1581
1584
1593
1600
1625
1640
1644
1651
1653
1656
1670
1686
1689
1773
1776
1791
1822
1825
1833
1834
1835
1836
1840
1842
1843
1845
1850
1899
1903
1906
1970
1992
2002
2015
2062
2091
2095
2117
2120
2167
2196
2239
2243
2257
2258
2351
2382
2432
2435
2447
2461
2463
2465
2469
2515
2517
2535
2543
2558
2559
2565
2571
2574
2578
2585
2598
2604
2605
2613
2619
2625
2648
2693
2720
2722
2730
109
149
157
271
290
327
420
469
560
687
690
768
794
822
823
828
854
933
934
977
990
991
1040
1107
1125
1255
1258
1259
1262
1376
1426
1433
1455
1504
1513
1610
1614
1635
1672
1680
1687
1746
1756
1804
1809
1905
1934
1935
1955
2059
2324
2374
2408
2412
2440
2442
2485
2532
2577
2588
2609
2610
2611
2628
2670
2672
2715
1
2
3
4
10
11
13
19
20
23
24
28
29
34
36
38
40
42
45
46
47
48
50
51
52
53
54
56
57
58
62
64
68
70
79
85
91
93
94
96
99
100
102
106
107
111
112
113
114
116
122
124
125
129
131
142
143
144
145
146
147
150
151
155
156
158
174
177
178
179
180
183
185
191
192
193
194
198
200
223
225
226
232
235
237
240
242
243
247
248
249
250
257
261
262
266
270
272
276
277
281
283
284
285
286
291
292
293
294
295
296
297
298
299
303
321
322
323
326
328
329
333
335
341
342
343
344
345
350
353
354
355
356
357
361
365
366
367
368
369
372
380
381
382
383
384
386
387
390
391
393
395
396
397
401
405
406
407
408
409
411
415
416
417
418
421
422
425
426
428
440
441
442
443
448
449
450
451
459
463
468
471
482
483
488
493
510
511
516
517
527
544
545
546
547
557
561
563
565
566
567
573
575
576
577
579
581
582
585
586
587
589
590
591
592
594
598
599
601
604
606
611
618
619
620
622
623
624
628
630
631
632
634
635
636
637
640
641
642
643
644
645
646
652
654
655
656
657
662
671
673
676
680
691
695
696
697
701
706
707
708
709
713
721
722
723
724
728
733
735
736
740
744
745
749
750
751
752
753
755
756
757
758
760
763
764
799
802
813
819
825
826
830
832
833
835
838
843
848
849
858
861
862
863
865
866
867
868
872
873
875
876
881
882
895
896
897
904
916
919
922
930
935
937
939
941
942
943
945
946
948
949
952
953
956
959
962
964
968
969
973
975
976
980
981
984
985
987
988
992
993
995
996
1001
1002
1003
1006
1008
1010
1011
1023
1024
1025
1026
1028
1033
1034
1035
1039
1041
1042
1043
1044
1048
1054
1055
1056
1061
1062
1063
1064
1068
1069
1075
1089
1102
1104
1105
1109
1112
1115
1116
1117
1118
1119
1136
1139
1140
1141
1144
1145
1146
1152
1153
1157
1160
1162
1164
1165
1169
1172
1174
1176
1177
1187
1188
1189
1191
1192
1193
1194
1195
1196
1197
1198
1202
1203
1204
1205
1208
1209
1212
1214
1215
1216
1217
1220
1224
1225
1231
1234
1241
1242
1250
1256
1265
1269
1272
1273
1278
1281
1297
1300
1305
1311
1318
1321
1323
1325
1328
1329
1331
1332
1333
1334
1337
1338
1340
1341
1342
1343
1344
1345
1346
1347
1348
1349
1351
1352
1354
1355
1356
1357
1358
1359
1360
1361
1362
1363
1364
1367
1368
1369
1371
1373
1374
1379
1380
1383
1385
1386
1387
1389
1390
1391
1392
1396
1397
1398
1405
1411
1416
1417
1420
1421
1422
1423
1424
1427
1429
1431
1434
1435
1436
1438
1439
1443
1444
1448
1449
1450
1451
1452
1453
1454
1456
1457
1458
1459
1460
1461
1462
1465
1466
1468
1469
1473
1475
1478
1483
1485
1486
1488
1489
1490
1491
1493
1494
1496
1498
1502
1510
1511
1512
1514
1516
1517
1518
1519
1521
1523
1525
1526
1528
1531
1532
1533
1534
1535
1537
1538
1539
1543
1544
1545
1549
1550
1551
1559
1560
1561
1562
1564
1565
1566
1567
1568
1569
1572
1573
1575
1576
1577
1578
1579
1580
1582
1583
1588
1589
1590
1591
1592
1594
1595
1596
1598
1601
1604
1605
1606
1607
1611
1613
1615
1616
1620
1621
1622
1626
1627
1628
1634
1636
1637
1638
1639
1641
1642
1650
1658
1662
1665
1668
1676
1678
1679
1681
1684
1685
1688
1690
1692
1693
1695
1700
1701
1702
1703
1704
1705
1706
1707
1708
1709
1710
1711
1712
1713
1714
1715
1716
1717
1718
1722
1724
1727
1728
1729
1731
1732
1733
1737
1738
1739
1740
1743
1744
1745
1747
1749
1750
1751
1752
1762
1763
1764
1767
1768
1769
1770
1774
1777
1782
1786
1787
1788
1789
1793
1794
1795
1796
1797
1798
1799
1800
1801
1802
1805
1806
1807
1810
1811
1816
1818
1819
1820
1821
1823
1824
1827
1828
1829
1830
1831
1832
1837
1838
1839
1841
1844
1846
1847
1848
1849
1851
1852
1853
1855
1858
1859
1860
1861
1866
1868
1874
1875
1880
1886
1888
1895
1898
1901
1902
1904
1907
1908
1909
1910
1911
1912
1913
1914
1915
1916
1917
1918
1920
1923
1925
1926
1927
1928
1930
1932
1936
1938
1948
1949
1950
1954
1956
1957
1958
1959
1966
1967
1968
1969
1974
1976
1977
1978
1981
1982
1983
1984
1986
1987
1988
1991
1994
1995
1996
1997
1998
2000
2001
2003
2004
2005
2006
2007
2008
2009
2010
2021
2023
2024
2025
2026
2027
2028
2030
2031
2032
2033
2034
2035
2036
2037
2038
2039
2042
2043
2044
2045
2046
2048
2049
2052
2053
2054
2055
2056
2057
2060
2061
2065
2066
2068
2069
2071
2072
2073
2074
2075
2078
2083
2084
2088
2092
2094
2096
2097
2098
2102
2103
2105
2106
2107
2110
2113
2114
2115
2116
2118
2119
2121
2122
2125
2127
2128
2129
2131
2142
2148
2149
2150
2152
2153
2155
2156
2157
2158
2159
2160
2161
2164
2165
2168
2173
2180
2181
2183
2184
2185
2186
2191
2192
2193
2194
2195
2198
2199
2201
2202
2206
2208
2210
2211
2212
2214
2215
2216
2217
2218
2219
2220
2221
2223
2224
2225
2226
2228
2229
2231
2232
2233
2234
2235
2236
2240
2241
2244
2245
2246
2259
2260
2261
2262
2265
2269
2270
2274
2276
2277
2280
2281
2282
2283
2284
2287
2288
2289
2290
2291
2292
2298
2299
2300
2301
2302
2303
2306
2307
2308
2310
2311
2312
2313
2314
2315
2316
2317
2319
2320
2322
2323
2325
2326
2331
2333
2334
2336
2337
2339
2340
2341
2343
2344
2345
2346
2347
2348
2350
2355
2358
2362
2367
2368
2369
2370
2371
2372
2373
2378
2379
2383
2384
2388
2389
2390
2395
2396
2397
2398
2399
2402
2403
2404
2405
2406
2407
2409
2410
2411
2413
2414
2415
2416
2417
2418
2420
2421
2422
2423
2424
2425
2426
2428
2429
2436
2437
2438
2439
2441
2443
2445
2448
2452
2454
2455
2459
2467
2468
2470
2471
2473
2474
2475
2476
2477
2478
2481
2482
2483
2484
2490
2491
2492
2493
2494
2495
2496
2497
2499
2500
2501
2502
2503
2504
2505
2511
2516
2518
2519
2520
2521
2522
2523
2524
2527
2529
2530
2536
2537
2538
2539
2540
2544
2545
2547
2549
2551
2552
2553
2554
2555
2556
2557
2560
2561
2563
2564
2567
2569
2570
2572
2573
2576
2579
2581
2582
2584
2586
2589
2590
2592
2594
2600
2601
2602
2603
2606
2608
2614
2615
2616
2617
2621
2622
2624
2626
2629
2630
2631
2632
2633
2634
2636
2638
2639
2641
2643
2644
2645
2646
2647
2654
2655
2656
2657
2658
2660
2661
2662
2666
2674
2677
2678
2680
2681
2682
2683
2684
2685
2686
2688
2690
2695
2696
2697
2698
2699
2700
2704
2707
2708
2711
2712
2713
2716
2718
2719
2723
2727
2728
2729
2731
2732
2734
