1711
895
1284
2535
2120
1026
2550
904
1282
1029
760
331
175
765
1067
1415
902
1068
236
2909
1078
1079
1073
222
75
186
759
229
227
372
2957
1025
1053
235
679
1032
734
1491
1100
890
750
983
190
1038
982
764
238
749
2964
1576
1101
2583
2201
1684
210
1082
1027
720
621
1670
991
2625
220
1035
2242
893
1062
2960
899
737
232
1064
1076
1075
1024
3214
979
1197
882
1685
1049
680
192
218
740
739
1182
422
1046
716
2932
767
2886
3194
1063
1072
237
2962
758
1081
1429
471
1489
167
1588
742
1074
1058
425
423
240
1191
1172
618
1300
564
1071
424
1033
1037
2858
468
990
757
1080
1211
741
747
632
2109
185
1812
1036
1183
1031
1159
3178
231
1181
2536
1061
2159
569
1170
984
624
157
719
225
1178
330
1180
1157
1055
1196
184
1590
1976
2324
766
198
748
1179
3054
568
2158
1589
1593
763
219
3039
617
1682
1154
1043
717
477
3015
1184
625
475
756
371
202
567
1210
762
1023
1173
241
1316
470
2167
1030
1152
182
217
224
889
1422
2108
2966
1945
751
294
3372
1192
1044
676
2121
163
205
338
3172
1174
194
1004
2859
472
981
215
179
1185
2411
1188
999
1494
2412
2959
2077
735
1294
898
1189
2780
1493
570
2861
1045
2127
1028
476
559
903
233
1175
373
3017
1186
212
3053
1051
164
203
1047
1515
2160
200
630
1874
1187
174
335
1050
201
1488
1003
1059
753
239
2862
1054
1490
3291
2974
1285
1113
771
170
2227
3462
204
181
563
3041
2155
1301
171
180
985
1811
469
337
1070
969
746
2961
2565
2492
772
333
1348
188
1065
213
10
891
473
774
1523
228
549
761
242
2965
341
527
211
3174
2491
2117
340
1005
754
2519
196
416
1649
1349
199
1592
1650
1208
2900
2815
1569
34
2760
1041
728
2817
3014
334
1866
2876
2945
3282
1099
206
695
2781
223
582
3052
197
1194
2789
0
2791
7
102
1177
967
207
2346
2128
3479
732
1679
987
1683
339
63
2708
187
2251
745
1155
1220
2509
3348
2875
566
1693
2133
637
1457
309
1634
696
489
176
579
265
2772
336
2156
304
295
168
2751
161
687
2012
2104
493
1408
118
474
2176
819
1286
1969
824
994
787
1039
191
3402
1022
189
3219
781
1698
1452
1297
1298
586
1389
1001
2816
1514
1138
1952
1953
2596
672
1195
1442
1190
693
1746
953
1275
5
2010
1352
302
135
571
1060
2738
2860
978
169
965
603
216
258
1925
314
158
324
1272
565
13
30
1648
587
281
1675
1269
1146
1040
214
3047
794
776
37
49
1456
308
793
310
1469
1833
259
857
234
853
101
4
1629
801
2118
3029
289
1669
482
2684
2129
1518
2046
883
1458
86
1887
704
2014
1507
2462
311
2624
124
322
550
2205
711
806
865
173
277
365
3
581
22
1127
1647
1153
662
2429
2696
770
32
383
138
1888
897
1756
307
300
2604
1151
1248
494
712
1651
3206
651
800
3111
1273
319
1042
429
832
1977
1989
2674
3171
1193
2794
2672
585
1383
497
46
1898
490
41
557
859
1594
2157
2125
395
1545
399
2097
226
673
66
1468
2608
1125
1524
2863
779
863
591
1212
1591
2078
3218
1676
2971
433
2038
141
388
504
2363
98
2069
193
786
1010
496
1630
100
1218
692
1726
410
503
1115
1128
1276
51
11
85
305
992
2105
2517
17
486
743
1492
1526
2899
1107
3031
272
796
1350
2907
59
430
1103
1501
2362
1351
3347
137
278
6
143
862
901
1813
2316
3082
3133
2664
595
1622
1832
1767
2640
461
1881
23
1244
2673
19
593
1986
2469
543
1123
1358
1465
2076
2149
2150
775
2805
3231
28
514
918
1129
1754
1016
1171
2091
914
82
103
952
2268
797
790
368
1299
2572
2884
443
1274
3449
961
1149
697
306
1359
1595
1
264
791
1631
2067
887
1878
1794
15
485
1302
2470
487
674
1860
2532
84
553
825
1466
1841
495
530
1462
1255
822
1114
1246
1656
1668
2851
964
1245
858
1387
1441
1844
320
350
386
664
678
1126
1667
3435
279
807
1950
1439
1585
3318
159
488
602
671
1263
1744
2784
3274
24
799
861
91
663
872
1066
3433
3474
491
588
733
873
951
2027
2396
2610
2982
3011
83
736
1406
3289
686
44
262
273
394
1519
12
370
544
1240
1303
1960
1459
2367
3193
1521
2309
282
321
484
780
854
1401
1467
1958
2068
2079
2626
2808
3169
3283
701
2606
594
1687
1934
391
870
962
963
1434
1659
2355
2483
2677
2831
3450
52
89
381
479
660
730
1310
2502
21
129
245
369
492
653
752
1599
1614
1706
2269
2276
2559
2952
509
809
855
1145
1247
1613
2166
2963
347
813
1243
1317
1440
1652
3040
452
592
1130
1306
1612
1936
1995
2496
2883
3160
3225
20
407
541
552
868
986
1483
1487
2575
2621
3374
483
510
555
688
1344
1372
1662
2096
2947
3217
3378
3484
316
462
561
917
1584
1788
2148
3028
18
53
139
542
611
700
713
744
788
827
860
947
957
1057
1373
1397
1541
1985
1987
3344
1380
2375
3215
14
62
455
521
613
1089
1094
1102
1314
1464
1598
2353
2607
2720
2843
3183
35
87
382
412
948
958
1069
1085
1093
1225
1242
1304
1485
1618
1906
2477
2667
3107
3179
3430
3461
374
480
546
589
614
706
1098
1109
1156
1291
1292
1363
1399
1520
1617
1621
1842
1894
2016
2075
2215
2241
2360
2555
2713
2905
3273
3340
346
354
436
583
694
784
826
871
955
1011
1330
1420
1431
1445
1882
1903
2072
2147
2258
2315
2803
2950
3094
25
126
303
313
481
578
1307
1308
1479
1500
1645
1718
1763
1806
2071
2111
2140
2218
2254
2471
2512
2530
2694
2710
2887
3023
3076
3341
36
38
55
290
392
401
439
691
729
911
1135
1410
1416
1504
1586
1665
1672
1745
1962
2066
2336
2466
2533
2564
2906
3064
3209
3275
3301
3376
3444
3489
16
92
96
376
377
441
619
768
769
833
878
886
913
972
1048
1087
1120
1345
1366
1405
1533
1544
1657
1663
1671
1778
1883
1908
1918
1968
2139
2250
2314
2337
2497
2577
3065
29
40
43
45
97
115
116
332
352
417
650
773
798
876
945
954
1091
1096
1289
1402
1407
1529
1758
1768
1810
1921
1926
2052
2112
2114
2138
2154
2255
2279
2298
2302
2451
2531
2617
2646
2758
3109
3216
3226
3336
389
393
413
508
520
533
535
658
709
710
888
915
936
950
988
1009
1090
1111
1168
1238
1270
1325
1361
1370
1424
1444
1455
1463
1655
1701
1751
1776
1786
1787
1845
1868
1900
1956
1988
2074
2098
2110
2124
2264
2364
2393
2445
2487
2510
2548
2647
2726
2732
2734
2735
2755
2786
2807
2809
2829
2882
2938
3116
3130
3213
3287
3298
3459
3488
50
65
269
271
293
312
536
554
575
681
703
718
866
966
989
1086
1095
1110
1112
1124
1133
1216
1227
1241
1278
1290
1346
1360
1382
1548
1570
1610
1619
1646
1658
1661
1695
1735
1764
1871
1879
1904
1965
2019
2086
2137
2143
2146
2261
2262
2280
2281
2282
2283
2285
2292
2296
2297
2301
2303
2304
2305
2307
2312
2317
2368
2370
2408
2472
2489
2578
2580
2609
2627
2668
2679
2680
2699
2737
2787
2828
2830
2832
2850
2881
2999
3006
3074
3101
3110
3127
3141
3184
3185
3269
3288
3346
3373
3384
3398
3403
3406
3441
42
57
298
396
685
838
884
916
1164
1266
1379
1392
1409
1499
1528
1531
1642
1674
1914
1917
1970
2288
2308
2313
2379
2399
2444
2488
2539
2785
2800
2833
2908
2924
3104
3460
58
79
80
1012
2216
3016
342
1775
2252
623
2494
558
247
622
820
2430
2438
2173
3260
641
1200
851
646
70
634
2880
644
1847
1839
3175
633
647
1201
2260
2493
2011
2230
2574
415
551
1260
2584
1461
3176
1607
1849
792
1804
3314
1205
2413
1207
1000
3370
823
1214
645
635
1204
642
783
3243
626
2022
2023
249
3089
1209
1886
627
3320
636
2345
1385
2037
2557
2665
2983
144
27
1202
2174
2877
3270
1206
1975
3030
3032
1353
1262
1566
2378
3337
2558
1213
3308
531
864
869
1623
2605
2620
431
1137
1388
1470
3229
556
3302
9
910
2229
2231
2836
3132
3246
1932
3163
81
125
1309
1850
1916
1984
2021
3253
3309
867
970
974
1161
1700
1755
1757
1889
3035
3037
142
432
515
518
1443
2490
2976
3000
789
2189
715
2484
47
260
287
648
1773
2454
2814
3095
3428
931
2090
2523
2729
109
1013
1313
1893
2192
2256
2321
2478
2593
2632
2864
2874
3259
3371
459
516
517
656
1162
3416
250
323
1644
1865
2047
2144
2439
2611
2690
2703
2704
2770
2790
248
275
276
629
971
995
1703
1729
1922
2048
2145
2171
2190
2675
2701
2970
2972
2973
3228
3377
3429
427
782
1329
1615
1826
1875
1897
1927
2094
2320
2467
54
64
274
327
649
659
669
684
821
856
1436
1498
1527
1560
1587
1828
2029
2330
2365
2453
2942
2968
3153
3199
3268
3334
3465
39
56
69
251
267
328
576
601
628
638
808
980
1117
1158
1305
1322
1356
1435
1460
1478
1635
1680
1694
1714
1791
1793
1880
1885
1929
1948
2054
2153
2228
2369
2615
2654
2658
2666
2678
2681
2706
2842
2869
2910
2919
2943
3112
3135
3136
3170
3188
3190
3196
3240
3242
3332
3375
3413
3423
3481
3483
33
60
90
94
128
150
266
280
356
367
375
378
380
398
400
406
442
445
464
598
599
604
612
640
675
690
727
810
828
874
892
912
1088
1139
1148
1166
1167
1249
1256
1279
1320
1342
1505
1557
1567
1628
1636
1639
1696
1707
1750
1762
1792
1795
1797
1805
1818
1928
1957
1978
2034
2040
2041
2049
2070
2095
2182
2183
2187
2188
2196
2207
2223
2253
2263
2331
2332
2334
2335
2339
2380
2433
2434
2435
2566
2579
2691
2733
2739
2741
2746
2747
2748
2777
2778
2779
2811
2813
2819
2852
2865
2871
2891
2946
2953
2956
3024
3066
3137
3142
3144
3146
3147
3148
3149
3150
3159
3177
3180
3200
3201
3247
3271
3286
3383
3391
3394
3396
3397
3401
88
318
345
411
457
574
652
666
795
802
839
852
877
959
960
1002
1020
1106
1169
1176
1198
1199
1267
1287
1323
1480
1506
1546
1568
1572
1578
1616
1781
1789
1790
1827
1843
1884
1895
1901
1954
1983
1992
2003
2039
2152
2414
2416
2418
2421
2422
2424
2425
2443
2450
2475
2503
2506
2547
2556
2630
2634
2656
2688
2730
2756
2765
2792
2798
2898
3012
3033
3051
3093
3100
3105
3125
3128
3139
3152
3285
3303
3304
3305
3315
3379
3431
3470
2
8
26
31
48
61
67
68
71
72
73
74
76
77
78
93
95
99
104
105
106
107
108
110
111
112
113
114
117
119
120
121
122
123
127
130
131
132
133
134
136
140
145
146
147
148
149
151
152
153
154
155
156
160
162
165
166
172
177
178
183
195
208
209
221
230
243
244
246
252
253
254
255
256
257
261
263
268
270
283
284
285
286
288
291
292
296
297
299
301
315
317
325
326
329
343
344
348
349
351
353
355
357
358
359
360
361
362
363
364
366
379
384
385
387
390
397
402
403
404
405
408
409
414
418
419
420
421
426
428
434
435
437
438
440
444
446
447
448
449
450
451
453
454
456
458
460
463
465
466
467
478
498
499
500
501
502
505
506
507
511
512
513
519
522
523
524
525
526
528
529
532
534
537
538
539
540
545
547
548
560
562
572
573
577
580
584
590
596
597
600
605
606
607
608
609
610
615
616
620
631
639
643
654
655
657
661
665
667
668
670
677
682
683
689
698
699
702
705
707
708
714
721
722
723
724
725
726
731
738
755
777
778
785
803
804
805
811
812
814
815
816
817
818
829
830
831
834
835
836
837
840
841
842
843
844
845
846
847
848
849
850
875
879
880
881
885
894
896
900
905
906
907
908
909
919
920
921
922
923
924
925
926
927
928
929
930
932
933
934
935
937
938
939
940
941
942
943
944
946
949
956
968
973
975
976
977
993
996
997
998
1006
1007
1008
1014
1015
1017
1018
1019
1021
1034
1052
1056
1077
1083
1084
1092
1097
1104
1105
1108
1116
1118
1119
1121
1122
1131
1132
1134
1136
1140
1141
1142
1143
1144
1147
1150
1160
1163
1165
1203
1215
1217
1219
1221
1222
1223
1224
1226
1228
1229
1230
1231
1232
1233
1234
1235
1236
1237
1239
1250
1251
1252
1253
1254
1257
1258
1259
1261
1264
1265
1268
1271
1277
1280
1281
1283
1288
1293
1295
1296
1311
1312
1315
1318
1319
1321
1324
1326
1327
1328
1331
1332
1333
1334
1335
1336
1337
1338
1339
1340
1341
1343
1347
1354
1355
1357
1362
1364
1365
1367
1368
1369
1371
1374
1375
1376
1377
1378
1381
1384
1386
1390
1391
1393
1394
1395
1396
1398
1400
1403
1404
1411
1412
1413
1414
1417
1418
1419
1421
1423
1425
1426
1427
1428
1430
1432
1433
1437
1438
1446
1447
1448
1449
1450
1451
1453
1454
1471
1472
1473
1474
1475
1476
1477
1481
1482
1484
1486
1495
1496
1497
1502
1503
1508
1509
1510
1511
1512
1513
1516
1517
1522
1525
1530
1532
1534
1535
1536
1537
1538
1539
1540
1542
1543
1547
1549
1550
1551
1552
1553
1554
1555
1556
1558
1559
1561
1562
1563
1564
1565
1571
1573
1574
1575
1577
1579
1580
1581
1582
1583
1596
1597
1600
1601
1602
1603
1604
1605
1606
1608
1609
1611
1620
1624
1625
1626
1627
1632
1633
1637
1638
1640
1641
1643
1653
1654
1660
1664
1666
1673
1677
1678
1681
1686
1688
1689
1690
1691
1692
1697
1699
1702
1704
1705
1708
1709
1710
1712
1713
1715
1716
1717
1719
1720
1721
1722
1723
1724
1725
1727
1728
1730
1731
1732
1733
1734
1736
1737
1738
1739
1740
1741
1742
1743
1747
1748
1749
1752
1753
1759
1760
1761
1765
1766
1769
1770
1771
1772
1774
1777
1779
1780
1782
1783
1784
1785
1796
1798
1799
1800
1801
1802
1803
1807
1808
1809
1814
1815
1816
1817
1819
1820
1821
1822
1823
1824
1825
1829
1830
1831
1834
1835
1836
1837
1838
1840
1846
1848
1851
1852
1853
1854
1855
1856
1857
1858
1859
1861
1862
1863
1864
1867
1869
1870
1872
1873
1876
1877
1890
1891
1892
1896
1899
1902
1905
1907
1909
1910
1911
1912
1913
1915
1919
1920
1923
1924
1930
1931
1933
1935
1937
1938
1939
1940
1941
1942
1943
1944
1946
1947
1949
1951
1955
1959
1961
1963
1964
1966
1967
1971
1972
1973
1974
1979
1980
1981
1982
1990
1991
1993
1994
1996
1997
1998
1999
2000
2001
2002
2004
2005
2006
2007
2008
2009
2013
2015
2017
2018
2020
2024
2025
2026
2028
2030
2031
2032
2033
2035
2036
2042
2043
2044
2045
2050
2051
2053
2055
2056
2057
2058
2059
2060
2061
2062
2063
2064
2065
2073
2080
2081
2082
2083
2084
2085
2087
2088
2089
2092
2093
2099
2100
2101
2102
2103
2106
2107
2113
2115
2116
2119
2122
2123
2126
2130
2131
2132
2134
2135
2136
2141
2142
2151
2161
2162
2163
2164
2165
2168
2169
2170
2172
2175
2177
2178
2179
2180
2181
2184
2185
2186
2191
2193
2194
2195
2197
2198
2199
2200
2202
2203
2204
2206
2208
2209
2210
2211
2212
2213
2214
2217
2219
2220
2221
2222
2224
2225
2226
2232
2233
2234
2235
2236
2237
2238
2239
2240
2243
2244
2245
2246
2247
2248
2249
2257
2259
2265
2266
2267
2270
2271
2272
2273
2274
2275
2277
2278
2284
2286
2287
2289
2290
2291
2293
2294
2295
2299
2300
2306
2310
2311
2318
2319
2322
2323
2325
2326
2327
2328
2329
2333
2338
2340
2341
2342
2343
2344
2347
2348
2349
2350
2351
2352
2354
2356
2357
2358
2359
2361
2366
2371
2372
2373
2374
2376
2377
2381
2382
2383
2384
2385
2386
2387
2388
2389
2390
2391
2392
2394
2395
2397
2398
2400
2401
2402
2403
2404
2405
2406
2407
2409
2410
2415
2417
2419
2420
2423
2426
2427
2428
2431
2432
2436
2437
2440
2441
2442
2446
2447
2448
2449
2452
2455
2456
2457
2458
2459
2460
2461
2463
2464
2465
2468
2473
2474
2476
2479
2480
2481
2482
2485
2486
2495
2498
2499
2500
2501
2504
2505
2507
2508
2511
2513
2514
2515
2516
2518
2520
2521
2522
2524
2525
2526
2527
2528
2529
2534
2537
2538
2540
2541
2542
2543
2544
2545
2546
2549
2551
2552
2553
2554
2560
2561
2562
2563
2567
2568
2569
2570
2571
2573
2576
2581
2582
2585
2586
2587
2588
2589
2590
2591
2592
2594
2595
2597
2598
2599
2600
2601
2602
2603
2612
2613
2614
2616
2618
2619
2622
2623
2628
2629
2631
2633
2635
2636
2637
2638
2639
2641
2642
2643
2644
2645
2648
2649
2650
2651
2652
2653
2655
2657
2659
2660
2661
2662
2663
2669
2670
2671
2676
2682
2683
2685
2686
2687
2689
2692
2693
2695
2697
2698
2700
2702
2705
2707
2709
2711
2712
2714
2715
2716
2717
2718
2719
2721
2722
2723
2724
2725
2727
2728
2731
2736
2740
2742
2743
2744
2745
2749
2750
2752
2753
2754
2757
2759
2761
2762
2763
2764
2766
2767
2768
2769
2771
2773
2774
2775
2776
2782
2783
2788
2793
2795
2796
2797
2799
2801
2802
2804
2806
2810
2812
2818
2820
2821
2822
2823
2824
2825
2826
2827
2834
2835
2837
2838
2839
2840
2841
2844
2845
2846
2847
2848
2849
2853
2854
2855
2856
2857
2866
2867
2868
2870
2872
2873
2878
2879
2885
2888
2889
2890
2892
2893
2894
2895
2896
2897
2901
2902
2903
2904
2911
2912
2913
2914
2915
2916
2917
2918
2920
2921
2922
2923
2925
2926
2927
2928
2929
2930
2931
2933
2934
2935
2936
2937
2939
2940
2941
2944
2948
2949
2951
2954
2955
2958
2967
2969
2975
2977
2978
2979
2980
2981
2984
2985
2986
2987
2988
2989
2990
2991
2992
2993
2994
2995
2996
2997
2998
3001
3002
3003
3004
3005
3007
3008
3009
3010
3013
3018
3019
3020
3021
3022
3025
3026
3027
3034
3036
3038
3042
3043
3044
3045
3046
3048
3049
3050
3055
3056
3057
3058
3059
3060
3061
3062
3063
3067
3068
3069
3070
3071
3072
3073
3075
3077
3078
3079
3080
3081
3083
3084
3085
3086
3087
3088
3090
3091
3092
3096
3097
3098
3099
3102
3103
3106
3108
3113
3114
3115
3117
3118
3119
3120
3121
3122
3123
3124
3126
3129
3131
3134
3138
3140
3143
3145
3151
3154
3155
3156
3157
3158
3161
3162
3164
3165
3166
3167
3168
3173
3181
3182
3186
3187
3189
3191
3192
3195
3197
3198
3202
3203
3204
3205
3207
3208
3210
3211
3212
3220
3221
3222
3223
3224
3227
3230
3232
3233
3234
3235
3236
3237
3238
3239
3241
3244
3245
3248
3249
3250
3251
3252
3254
3255
3256
3257
3258
3261
3262
3263
3264
3265
3266
3267
3272
3276
3277
3278
3279
3280
3281
3284
3290
3292
3293
3294
3295
3296
3297
3299
3300
3306
3307
3310
3311
3312
3313
3316
3317
3319
3321
3322
3323
3324
3325
3326
3327
3328
3329
3330
3331
3333
3335
3338
3339
3342
3343
3345
3349
3350
3351
3352
3353
3354
3355
3356
3357
3358
3359
3360
3361
3362
3363
3364
3365
3366
3367
3368
3369
3380
3381
3382
3385
3386
3387
3388
3389
3390
3392
3393
3395
3399
3400
3404
3405
3407
3408
3409
3410
3411
3412
3414
3415
3417
3418
3419
3420
3421
3422
3424
3425
3426
3427
3432
3434
3436
3437
3438
3439
3440
3442
3443
3445
3446
3447
3448
3451
3452
3453
3454
3455
3456
3457
3458
3463
3464
3466
3467
3468
3469
3471
3472
3473
3475
3476
3477
3478
3480
3482
3485
3486
3487
