2560
4473
3137
1759
1975
1985
1762
1782
761
1161
1781
2016
1763
854
2493
701
2420
4268
2217
4184
1252
513
1551
8
1779
508
1990
615
4591
1757
143
1267
507
1576
768
1317
1289
364
1555
766
375
373
4266
2401
1129
1299
420
1121
1318
29
374
1710
777
1778
653
952
2294
694
1538
2009
1119
984
1547
986
1620
1623
308
1274
1979
1273
353
2006
1411
1764
326
1780
1268
342
689
312
66
1588
2013
4404
778
1315
1131
1127
1628
322
1566
1554
365
1548
19
354
2043
2233
1319
1785
2298
1617
1787
1255
2821
1302
1545
2279
1250
316
1760
2017
3466
1669
1969
2282
3265
1995
1977
1550
1296
1562
693
1312
1991
1556
1569
352
2008
4267
2283
1981
3
1672
2284
690
1622
0
50
1668
93
2300
95
987
617
28
32
62
1986
1546
2694
2232
3963
1561
13
2526
1132
3013
1715
49
3236
510
3373
2938
796
549
955
1269
1263
2234
307
1756
1788
344
1313
781
1625
61
1457
1898
3654
485
372
1307
2405
1711
368
696
1629
1971
1791
2187
638
2295
779
652
306
1030
691
139
1543
1259
1128
1790
1673
1761
2400
2084
1634
4319
6
2010
688
957
228
1792
363
948
1310
10
2239
954
2068
2007
2512
25
360
2296
200
1976
1786
151
128
2297
4157
700
2012
786
553
1983
956
619
17
1712
1503
1627
377
48
2786
1251
1878
698
1125
369
1234
509
1265
3537
1292
1468
3217
247
1671
1303
1624
1294
550
4209
309
1258
581
1077
3584
795
983
3266
2964
1042
2015
1993
1899
970
1635
982
1670
1270
1631
2036
1
1565
1794
1328
5
609
769
1297
34
2037
1567
4357
1321
1293
327
1714
52
1827
1130
1291
901
2817
985
4269
15
1261
1449
27
695
1558
1632
2011
1793
319
2917
1541
614
878
1275
2411
1295
1568
362
798
1308
498
961
22
94
4725
116
924
371
1182
209
554
859
1184
1777
1795
1257
78
2230
1982
204
1433
1427
1773
1578
822
321
2231
2409
21
610
4360
142
2867
361
1122
461
1262
514
552
2319
2951
791
1510
951
1288
1186
11
82
169
1254
46
3252
4561
1034
1713
4156
30
2109
2228
555
813
4136
1774
269
51
1062
203
3498
881
81
332
692
1023
1021
199
1508
1260
1039
4426
1040
799
106
4169
189
3855
2514
782
135
3195
546
1621
18
2918
953
2134
3500
871
165
946
1305
2244
2403
793
1633
3372
1284
1618
2147
1989
618
2975
499
969
16
3507
2
885
2072
4185
2749
620
4237
4709
560
1271
685
12
1549
248
1183
820
229
1347
713
1336
1784
3234
3832
2788
1316
2868
4446
3117
3384
1277
103
502
1222
1401
1978
1908
33
35
438
877
205
1024
547
2969
1033
3814
404
314
936
1073
439
57
827
1120
857
979
2404
1290
1311
999
3258
802
1405
3627
1104
1572
378
1314
443
1564
1804
4325
1432
865
2091
783
623
678
1835
190
67
2014
559
702
1972
1049
133
1575
141
206
1050
1973
259
2144
1264
699
83
4606
2243
60
780
1335
1075
2352
613
7
38
39
2446
421
297
2280
1306
856
1614
616
4114
3669
2107
1428
4742
1439
2202
72
1903
1108
1507
125
776
1571
2578
148
9
1010
2599
947
3583
98
2961
2688
573
711
792
788
186
1395
1883
155
351
1249
3024
934
1225
3609
3003
1300
1191
805
1419
1884
1084
1758
4133
997
1447
2575
2848
1984
1041
2489
71
2756
2415
3481
462
4
1103
806
1462
401
3552
68
1014
1065
1124
892
925
1818
2810
621
386
4403
500
1396
1446
452
4186
1156
3322
1559
211
1032
4303
90
2855
1018
518
2491
3845
3904
1278
2579
972
883
1361
410
1841
3780
1592
2496
583
601
1054
2085
198
1683
1379
146
284
99
329
1423
76
230
208
3256
41
3750
1210
1766
2278
1691
2714
3865
1630
403
1880
1454
2106
3844
2509
2922
1987
263
1734
4747
2143
260
1162
2589
2312
256
1123
3468
346
4498
841
876
732
558
4089
1081
2142
2274
1805
4088
469
1745
789
2849
172
1988
968
818
1574
26
399
436
1009
496
3580
249
2806
950
42
1015
512
890
828
296
1917
3756
86
2823
1932
150
1056
1320
543
1074
24
4177
589
928
447
2108
470
3752
1836
4363
4573
1304
2033
370
2301
4241
1323
2299
1000
3008
283
1813
542
4568
1208
449
1380
355
4092
400
234
3275
458
576
3090
3499
4356
2050
2112
2291
3451
163
551
1408
428
2641
140
1801
192
4216
2216
1199
4458
974
1950
1753
2563
288
2000
2517
1501
2984
824
1144
2186
1867
2535
3887
1806
578
1048
1239
261
1256
1452
1238
1266
884
97
4569
65
2921
1375
1493
2022
3462
320
1064
2962
1390
1730
1689
31
1705
833
105
134
4656
2655
3486
826
748
2874
3085
834
1815
1511
569
254
1849
3592
3130
2490
808
102
1692
2368
1340
1581
451
1843
305
2412
3618
1099
4514
754
497
585
831
1206
1101
482
1221
136
2207
40
2167
1943
504
932
2605
1768
1066
1552
1851
505
1045
435
1027
257
1577
1076
279
3022
424
1699
56
1435
340
1044
1403
154
195
1924
450
413
926
3490
47
2759
1687
1422
1350
112
1466
3496
266
2180
4242
2790
2734
1638
1640
453
2911
464
3247
3419
2124
159
3272
3776
1881
3182
156
1006
2835
4021
445
675
973
3472
481
2250
14
3778
2146
1910
3959
473
3971
598
1744
476
684
131
2086
1393
96
2960
1945
448
2348
3000
804
20
110
1029
54
1822
397
1816
2195
1193
2757
4605
568
882
2815
2595
367
674
268
866
875
572
3720
178
605
1019
3485
673
251
197
819
716
4390
1421
277
3897
2229
3044
119
2455
104
1047
996
144
2396
922
538
604
1524
185
1038
1994
823
1187
1800
1483
2518
2466
1201
2767
4489
1080
1436
1904
280
175
2386
4397
1873
91
2957
1485
427
4716
1198
1017
168
735
668
4399
1967
1544
2492
1803
1067
2148
3004
1160
1005
2429
3753
2027
1224
2551
3143
811
830
108
207
2247
2500
2267
938
4554
187
2977
2021
2591
2706
3475
210
1680
2541
480
2689
2519
1345
1697
3068
1667
472
1057
43
4223
904
2373
1918
252
2245
455
382
703
2465
4516
1992
980
1157
2687
1235
4013
255
2181
3202
442
810
1164
3112
1962
278
3503
3619
441
2104
100
2270
2549
2495
107
1929
2333
1137
654
267
587
1068
853
4248
4483
760
3972
1397
2831
1980
1866
1933
2135
2240
166
1013
1637
3064
2103
2326
784
1608
2061
3208
1070
1557
2598
624
3857
2692
2693
222
3955
132
226
471
1807
2322
225
1159
426
644
1719
1812
597
1519
111
1944
506
1410
2467
286
422
1646
2323
158
1112
4670
2026
171
1698
1090
1808
730
1301
2524
2747
1445
1819
3492
733
1442
523
3461
2343
1693
3099
3737
2842
3374
1514
2313
1374
3662
1332
663
1659
1298
2182
1498
712
571
860
2484
3936
4051
817
607
1657
2733
590
2631
908
592
3066
1158
1061
2701
2920
4194
1520
3588
162
816
992
3398
1136
3751
3554
1553
4657
706
2258
596
2912
3248
4014
886
1016
1914
2983
2580
2669
1147
1196
262
1228
658
2586
4408
177
2052
23
1465
1641
3197
1031
937
1847
2266
4188
1616
3749
1937
92
2719
2188
2395
4454
1949
1026
747
2073
3359
1740
2293
3937
2222
4090
2456
4301
707
2151
2711
4676
1334
1809
4043
2654
4347
1309
1356
2565
2606
503
1217
1733
1821
2882
3925
1868
2268
465
574
3181
536
588
4070
4611
1043
1229
2646
58
167
3067
3493
4576
1400
870
1175
660
845
3659
4718
2468
1327
2604
949
1346
2076
4283
270
1694
2494
1451
1463
2523
2160
2472
1226
87
184
478
1377
2150
3964
548
1664
3658
281
1126
2141
1420
2497
744
2157
3541
1181
398
2729
3803
1700
4704
1209
4579
298
1001
3895
579
2722
825
3045
1339
2317
2388
1453
1619
541
459
1020
2944
680
848
2358
3392
4636
1724
2485
910
3063
240
602
2166
101
1333
2470
2762
2833
679
1211
2985
1879
275
484
2603
2755
1482
1887
4208
1051
1414
3113
3171
474
2702
3491
149
385
1053
3931
544
629
1245
124
396
437
814
1111
2619
3593
4077
945
1998
2999
4701
467
4182
69
3487
3672
3864
2376
1523
940
3474
1008
2708
3142
3754
1478
3422
821
1011
1709
488
1516
1230
829
3488
1100
1742
384
1484
2625
3371
1189
145
1610
1955
2876
3132
408
586
2179
2966
1143
1233
1351
1860
2774
3053
3126
1649
191
2081
2305
2552
3867
1502
2020
511
2203
2548
417
1212
1515
2447
3185
3349
3761
4370
89
1145
4243
73
114
1371
3320
647
1398
2152
3133
3141
3212
4230
516
657
1188
2262
850
2242
2355
2498
3992
3489
1704
2165
2438
1402
2163
183
564
771
832
995
1690
580
931
1678
1938
2069
2346
2439
2650
2839
3029
3183
3989
1185
1738
2656
3283
1600
1913
3428
196
2045
2304
2324
3856
563
1227
3746
642
1902
1931
2090
3198
3121
387
477
533
648
2035
3052
4471
501
836
1890
2136
2502
977
3755
3977
935
1660
2044
3131
843
906
1703
1750
2877
1469
3006
1450
1888
2082
2281
44
64
486
489
1721
2822
3341
4069
4717
651
1177
244
466
1055
1636
2221
2316
2751
2873
3115
3116
3834
4002
603
844
1272
1656
1663
1767
3815
1028
3128
630
1180
1349
2070
2989
591
2357
2499
3745
3923
1072
1118
1643
2025
2360
2769
3427
1179
1232
2121
2503
3127
3949
3978
179
873
1194
1387
1594
2206
2818
412
842
1022
1058
1069
1113
2168
2525
3114
3147
835
998
1135
1467
1528
1831
2204
2588
2763
2875
3140
3200
3762
4137
303
815
1092
1192
1522
2286
2347
2746
2750
2807
3633
4131
847
1438
1735
2309
2682
4140
383
402
468
577
600
1540
1598
1655
2377
2636
3144
416
537
539
746
913
959
1352
1459
1702
1865
2220
2308
2501
2596
2732
2919
2924
3119
3560
4233
4369
529
1071
1098
1370
1418
1737
2137
2359
2416
3424
3699
411
444
1203
1338
1666
1707
1832
1939
2397
2717
4132
628
686
745
1012
1216
1653
1662
2153
2277
2303
2325
2354
2398
2804
2905
3109
3688
4120
4601
4612
570
714
1004
1037
1372
1848
2092
2129
2132
2138
2205
2307
2469
2504
2680
2745
2809
2813
2814
2820
2963
3030
3033
3087
3138
3242
3444
3551
3602
3678
4117
4256
4461
4577
4600
79
180
181
212
976
1035
1645
1685
2218
2562
2679
2797
2812
2819
2991
3079
3139
3211
3342
4023
4049
53
59
63
109
130
137
152
215
216
527
528
3908
3909
3237
3238
3979
3223
3907
1789
4249
3981
4743
3914
4287
4497
3031
3533
3736
4236
2402
264
4238
2934
4452
3628
3420
2271
3314
2950
3505
4391
3049
880
3375
2414
3241
3240
2410
3843
2023
2024
2792
282
4599
1886
664
2272
2083
3643
3703
3706
3948
3980
803
2408
1105
2145
1593
2976
3705
2573
2042
1573
2198
2972
2973
2974
2350
4448
2406
3259
495
2128
1885
2332
37
250
3712
1448
988
4387
2645
800
863
2407
801
3825
2059
4681
864
2327
3220
36
2441
2661
3216
1727
2890
4485
1107
231
4138
2978
2127
3713
2879
1716
1942
1324
785
3034
2996
3523
4354
2764
258
1956
1963
3150
1102
4455
3870
787
224
3025
3191
3742
4277
2981
2587
2852
794
4264
1706
1150
74
2383
807
418
1429
3524
2928
3911
1360
1223
4128
790
3480
3638
4263
1326
2149
2949
2276
3219
3467
4462
2437
4247
1579
2237
3779
3929
265
4385
4453
2843
4396
4562
3691
271
1437
812
2102
3222
3585
636
4083
4604
1870
4602
797
1797
3460
1725
3944
4731
3400
202
2837
147
736
2183
4215
1133
4093
3650
1591
1647
4337
1826
3430
3477
3716
3192
3743
4123
3718
4366
4096
4631
3370
272
2761
3582
4019
4660
3597
1845
2048
1369
4106
4596
2177
2338
2385
2647
3562
4598
2001
3364
2170
3463
1639
2570
3668
75
1586
2054
3958
4076
4632
475
1957
4541
643
1811
2590
2618
3243
3508
3894
710
1952
3180
3321
3708
3826
4671
755
1771
4539
3497
3573
4398
1587
4395
3696
3741
4305
4472
708
1772
1083
276
2577
2630
3734
188
1964
4210
201
545
855
1095
2574
2883
3353
4274
1799
3218
4273
113
595
1441
1919
3324
3546
4244
4490
2838
3097
3905
85
887
889
3827
3969
4535
916
1526
295
888
1490
1802
1817
2246
2488
2866
3722
3888
2019
2796
3070
3965
1842
1796
1909
2421
3009
3886
3938
4054
4284
194
861
2536
3445
3624
4214
1283
1509
1589
2236
3253
3623
3625
3729
4613
582
1394
1894
4189
879
1590
1889
2737
2743
3098
3626
3642
3913
4345
756
1783
2881
3469
3781
273
667
2105
2927
3289
3663
3970
4195
4336
4463
631
1615
1823
3833
4389
665
2201
2454
2954
3417
4213
4364
2126
2199
3021
3164
3747
3968
4129
4372
182
242
809
1322
2639
3935
4240
4349
704
774
1479
1861
2854
3348
3421
3719
3851
4326
4405
4431
4621
1153
1652
2111
2695
2700
3042
3170
3205
3221
3401
4703
731
773
874
1341
1820
1936
2752
3414
3525
4148
4436
1930
3572
55
423
456
1244
1383
1386
1434
1810
1895
1896
1960
2120
2275
2643
2748
3189
3261
3301
3446
3589
3728
4206
4217
4297
4299
4304
4318
4616
236
285
534
1601
1855
1907
2626
2634
2888
3012
3111
3465
3595
3657
3740
4041
4126
4212
4377
164
241
522
526
593
750
1688
1874
1941
2078
2334
2430
3416
3682
3725
4075
4113
4115
4320
4321
4322
4406
4651
4652
4653
4719
752
872
2087
2538
2805
2910
3046
3122
3506
4015
4278
923
1163
1207
1722
1891
1906
2018
2171
2443
2600
2909
3020
3118
3317
3391
3458
3501
3928
3954
4124
4296
4417
4513
4615
4663
84
390
460
463
584
942
1002
1116
1178
1381
1391
1409
1492
1729
1824
2174
2189
2249
2255
2273
2363
2389
2553
2554
2566
2567
2582
2657
2691
2840
2841
2878
2915
2939
2946
3047
3100
3207
3249
3399
3723
3765
3880
3932
4109
4265
4409
4440
4674
176
649
852
1115
1505
1731
1814
2053
2178
2353
2426
2440
2442
2528
2775
3151
3172
3239
3262
3263
3329
3362
3431
3610
3724
3727
3730
3748
3893
4172
4384
4430
4603
4629
4638
4684
245
366
661
681
683
687
907
1086
1109
1368
1473
1481
1701
1743
1850
2041
2173
2564
2593
2624
2678
2857
2894
2952
2958
3160
3305
3502
3542
3629
3630
3631
4097
4187
4306
4622
237
274
330
381
391
483
532
608
672
682
725
868
912
943
1085
1087
1149
1213
1243
1276
1344
1584
1720
1726
1739
1829
1869
1875
1915
1954
1961
1970
2158
2200
2248
2471
2735
2765
2926
2948
3007
3073
3299
3365
3478
3543
3571
3677
3764
3847
3868
3953
3967
4062
4276
4588
4706
88
153
193
220
291
611
640
676
753
840
851
894
944
960
1152
1458
1464
1525
1602
1603
1681
1723
1833
1838
1911
1912
1951
2034
2051
2063
2140
2196
2212
2224
2254
2315
2318
2349
2431
2445
2527
2594
2709
2718
2721
2728
2760
2891
2904
2913
2965
3129
3163
3165
3167
3190
3366
3367
3368
3376
3388
3397
3450
3476
3510
3511
3581
3599
3601
3635
3665
3667
3768
3777
3811
3831
3848
3910
3975
3984
4007
4008
4016
4047
4081
4155
4180
4222
4338
4392
4424
4548
4549
4649
4672
4702
127
300
393
599
666
705
724
751
759
941
1088
1146
1246
1358
1362
1430
1471
1563
1644
1658
1665
1679
1717
1825
1837
2062
2077
2110
2215
2252
2434
2627
2723
2736
2777
2824
2936
2937
2967
2980
2987
3041
3369
3378
3440
3828
3933
3966
4166
4170
4257
4261
4365
4393
4422
4477
4533
4639
45
70
77
80
115
117
118
120
121
122
123
126
129
138
157
160
161
170
173
174
213
214
217
218
219
221
223
227
232
233
235
238
239
243
246
253
287
289
290
292
293
294
299
301
302
304
310
311
313
315
317
318
323
324
325
328
331
333
334
335
336
337
338
339
341
343
345
347
348
349
350
356
357
358
359
376
379
380
388
389
392
394
395
405
406
407
409
414
415
419
425
429
430
431
432
433
434
440
446
454
457
479
487
490
491
492
493
494
515
517
519
520
521
524
525
530
531
535
540
556
557
561
562
565
566
567
575
594
606
612
622
625
626
627
632
633
634
635
637
639
641
645
646
650
655
656
659
662
669
670
671
677
697
709
715
717
718
719
720
721
722
723
726
727
728
729
734
737
738
739
740
741
742
743
749
757
758
762
763
764
765
767
770
772
775
837
838
839
846
849
858
862
867
869
891
893
895
896
897
898
899
900
902
903
905
909
911
914
915
917
918
919
920
921
927
929
930
933
939
958
962
963
964
965
966
967
971
975
978
981
989
990
991
993
994
1003
1007
1025
1036
1046
1052
1059
1060
1063
1078
1079
1082
1089
1091
1093
1094
1096
1097
1106
1110
1114
1117
1134
1138
1139
1140
1141
1142
1148
1151
1154
1155
1165
1166
1167
1168
1169
1170
1171
1172
1173
1174
1176
1190
1195
1197
1200
1202
1204
1205
1214
1215
1218
1219
1220
1231
1236
1237
1240
1241
1242
1247
1248
1253
1279
1280
1281
1282
1285
1286
1287
1325
1329
1330
1331
1337
1342
1343
1348
1353
1354
1355
1357
1359
1363
1364
1365
1366
1367
1373
1376
1378
1382
1384
1385
1388
1389
1392
1399
1404
1406
1407
1412
1413
1415
1416
1417
1424
1425
1426
1431
1440
1443
1444
1455
1456
1460
1461
1470
1472
1474
1475
1476
1477
1480
1486
1487
1488
1489
1491
1494
1495
1496
1497
1499
1500
1504
1506
1512
1513
1517
1518
1521
1527
1529
1530
1531
1532
1533
1534
1535
1536
1537
1539
1542
1560
1570
1580
1582
1583
1585
1595
1596
1597
1599
1604
1605
1606
1607
1609
1611
1612
1613
1626
1642
1648
1650
1651
1654
1661
1674
1675
1676
1677
1682
1684
1686
1695
1696
1708
1718
1728
1732
1736
1741
1746
1747
1748
1749
1751
1752
1754
1755
1765
1769
1770
1775
1776
1798
1828
1830
1834
1839
1840
1844
1846
1852
1853
1854
1856
1857
1858
1859
1862
1863
1864
1871
1872
1876
1877
1882
1892
1893
1897
1900
1901
1905
1916
1920
1921
1922
1923
1925
1926
1927
1928
1934
1935
1940
1946
1947
1948
1953
1958
1959
1965
1966
1968
1974
1996
1997
1999
2002
2003
2004
2005
2028
2029
2030
2031
2032
2038
2039
2040
2046
2047
2049
2055
2056
2057
2058
2060
2064
2065
2066
2067
2071
2074
2075
2079
2080
2088
2089
2093
2094
2095
2096
2097
2098
2099
2100
2101
2113
2114
2115
2116
2117
2118
2119
2122
2123
2125
2130
2131
2133
2139
2154
2155
2156
2159
2161
2162
2164
2169
2172
2175
2176
2184
2185
2190
2191
2192
2193
2194
2197
2208
2209
2210
2211
2213
2214
2219
2223
2225
2226
2227
2235
2238
2241
2251
2253
2256
2257
2259
2260
2261
2263
2264
2265
2269
2285
2287
2288
2289
2290
2292
2302
2306
2310
2311
2314
2320
2321
2328
2329
2330
2331
2335
2336
2337
2339
2340
2341
2342
2344
2345
2351
2356
2361
2362
2364
2365
2366
2367
2369
2370
2371
2372
2374
2375
2378
2379
2380
2381
2382
2384
2387
2390
2391
2392
2393
2394
2399
2413
2417
2418
2419
2422
2423
2424
2425
2427
2428
2432
2433
2435
2436
2444
2448
2449
2450
2451
2452
2453
2457
2458
2459
2460
2461
2462
2463
2464
2473
2474
2475
2476
2477
2478
2479
2480
2481
2482
2483
2486
2487
2505
2506
2507
2508
2510
2511
2513
2515
2516
2520
2521
2522
2529
2530
2531
2532
2533
2534
2537
2539
2540
2542
2543
2544
2545
2546
2547
2550
2555
2556
2557
2558
2559
2561
2568
2569
2571
2572
2576
2581
2583
2584
2585
2592
2597
2601
2602
2607
2608
2609
2610
2611
2612
2613
2614
2615
2616
2617
2620
2621
2622
2623
2628
2629
2632
2633
2635
2637
2638
2640
2642
2644
2648
2649
2651
2652
2653
2658
2659
2660
2662
2663
2664
2665
2666
2667
2668
2670
2671
2672
2673
2674
2675
2676
2677
2681
2683
2684
2685
2686
2690
2696
2697
2698
2699
2703
2704
2705
2707
2710
2712
2713
2715
2716
2720
2724
2725
2726
2727
2730
2731
2738
2739
2740
2741
2742
2744
2753
2754
2758
2766
2768
2770
2771
2772
2773
2776
2778
2779
2780
2781
2782
2783
2784
2785
2787
2789
2791
2793
2794
2795
2798
2799
2800
2801
2802
2803
2808
2811
2816
2825
2826
2827
2828
2829
2830
2832
2834
2836
2844
2845
2846
2847
2850
2851
2853
2856
2858
2859
2860
2861
2862
2863
2864
2865
2869
2870
2871
2872
2880
2884
2885
2886
2887
2889
2892
2893
2895
2896
2897
2898
2899
2900
2901
2902
2903
2906
2907
2908
2914
2916
2923
2925
2929
2930
2931
2932
2933
2935
2940
2941
2942
2943
2945
2947
2953
2955
2956
2959
2968
2970
2971
2979
2982
2986
2988
2990
2992
2993
2994
2995
2997
2998
3001
3002
3005
3010
3011
3014
3015
3016
3017
3018
3019
3023
3026
3027
3028
3032
3035
3036
3037
3038
3039
3040
3043
3048
3050
3051
3054
3055
3056
3057
3058
3059
3060
3061
3062
3065
3069
3071
3072
3074
3075
3076
3077
3078
3080
3081
3082
3083
3084
3086
3088
3089
3091
3092
3093
3094
3095
3096
3101
3102
3103
3104
3105
3106
3107
3108
3110
3120
3123
3124
3125
3134
3135
3136
3145
3146
3148
3149
3152
3153
3154
3155
3156
3157
3158
3159
3161
3162
3166
3168
3169
3173
3174
3175
3176
3177
3178
3179
3184
3186
3187
3188
3193
3194
3196
3199
3201
3203
3204
3206
3209
3210
3213
3214
3215
3224
3225
3226
3227
3228
3229
3230
3231
3232
3233
3235
3244
3245
3246
3250
3251
3254
3255
3257
3260
3264
3267
3268
3269
3270
3271
3273
3274
3276
3277
3278
3279
3280
3281
3282
3284
3285
3286
3287
3288
3290
3291
3292
3293
3294
3295
3296
3297
3298
3300
3302
3303
3304
3306
3307
3308
3309
3310
3311
3312
3313
3315
3316
3318
3319
3323
3325
3326
3327
3328
3330
3331
3332
3333
3334
3335
3336
3337
3338
3339
3340
3343
3344
3345
3346
3347
3350
3351
3352
3354
3355
3356
3357
3358
3360
3361
3363
3377
3379
3380
3381
3382
3383
3385
3386
3387
3389
3390
3393
3394
3395
3396
3402
3403
3404
3405
3406
3407
3408
3409
3410
3411
3412
3413
3415
3418
3423
3425
3426
3429
3432
3433
3434
3435
3436
3437
3438
3439
3441
3442
3443
3447
3448
3449
3452
3453
3454
3455
3456
3457
3459
3464
3470
3471
3473
3479
3482
3483
3484
3494
3495
3504
3509
3512
3513
3514
3515
3516
3517
3518
3519
3520
3521
3522
3526
3527
3528
3529
3530
3531
3532
3534
3535
3536
3538
3539
3540
3544
3545
3547
3548
3549
3550
3553
3555
3556
3557
3558
3559
3561
3563
3564
3565
3566
3567
3568
3569
3570
3574
3575
3576
3577
3578
3579
3586
3587
3590
3591
3594
3596
3598
3600
3603
3604
3605
3606
3607
3608
3611
3612
3613
3614
3615
3616
3617
3620
3621
3622
3632
3634
3636
3637
3639
3640
3641
3644
3645
3646
3647
3648
3649
3651
3652
3653
3655
3656
3660
3661
3664
3666
3670
3671
3673
3674
3675
3676
3679
3680
3681
3683
3684
3685
3686
3687
3689
3690
3692
3693
3694
3695
3697
3698
3700
3701
3702
3704
3707
3709
3710
3711
3714
3715
3717
3721
3726
3731
3732
3733
3735
3738
3739
3744
3757
3758
3759
3760
3763
3766
3767
3769
3770
3771
3772
3773
3774
3775
3782
3783
3784
3785
3786
3787
3788
3789
3790
3791
3792
3793
3794
3795
3796
3797
3798
3799
3800
3801
3802
3804
3805
3806
3807
3808
3809
3810
3812
3813
3816
3817
3818
3819
3820
3821
3822
3823
3824
3829
3830
3835
3836
3837
3838
3839
3840
3841
3842
3846
3849
3850
3852
3853
3854
3858
3859
3860
3861
3862
3863
3866
3869
3871
3872
3873
3874
3875
3876
3877
3878
3879
3881
3882
3883
3884
3885
3889
3890
3891
3892
3896
3898
3899
3900
3901
3902
3903
3906
3912
3915
3916
3917
3918
3919
3920
3921
3922
3924
3926
3927
3930
3934
3939
3940
3941
3942
3943
3945
3946
3947
3950
3951
3952
3956
3957
3960
3961
3962
3973
3974
3976
3982
3983
3985
3986
3987
3988
3990
3991
3993
3994
3995
3996
3997
3998
3999
4000
4001
4003
4004
4005
4006
4009
4010
4011
4012
4017
4018
4020
4022
4024
4025
4026
4027
4028
4029
4030
4031
4032
4033
4034
4035
4036
4037
4038
4039
4040
4042
4044
4045
4046
4048
4050
4052
4053
4055
4056
4057
4058
4059
4060
4061
4063
4064
4065
4066
4067
4068
4071
4072
4073
4074
4078
4079
4080
4082
4084
4085
4086
4087
4091
4094
4095
4098
4099
4100
4101
4102
4103
4104
4105
4107
4108
4110
4111
4112
4116
4118
4119
4121
4122
4125
4127
4130
4134
4135
4139
4141
4142
4143
4144
4145
4146
4147
4149
4150
4151
4152
4153
4154
4158
4159
4160
4161
4162
4163
4164
4165
4167
4168
4171
4173
4174
4175
4176
4178
4179
4181
4183
4190
4191
4192
4193
4196
4197
4198
4199
4200
4201
4202
4203
4204
4205
4207
4211
4218
4219
4220
4221
4224
4225
4226
4227
4228
4229
4231
4232
4234
4235
4239
4245
4246
4250
4251
4252
4253
4254
4255
4258
4259
4260
4262
4270
4271
4272
4275
4279
4280
4281
4282
4285
4286
4288
4289
4290
4291
4292
4293
4294
4295
4298
4300
4302
4307
4308
4309
4310
4311
4312
4313
4314
4315
4316
4317
4323
4324
4327
4328
4329
4330
4331
4332
4333
4334
4335
4339
4340
4341
4342
4343
4344
4346
4348
4350
4351
4352
4353
4355
4358
4359
4361
4362
4367
4368
4371
4373
4374
4375
4376
4378
4379
4380
4381
4382
4383
4386
4388
4394
4400
4401
4402
4407
4410
4411
4412
4413
4414
4415
4416
4418
4419
4420
4421
4423
4425
4427
4428
4429
4432
4433
4434
4435
4437
4438
4439
4441
4442
4443
4444
4445
4447
4449
4450
4451
4456
4457
4459
4460
4464
4465
4466
4467
4468
4469
4470
4474
4475
4476
4478
4479
4480
4481
4482
4484
4486
4487
4488
4491
4492
4493
4494
4495
4496
4499
4500
4501
4502
4503
4504
4505
4506
4507
4508
4509
4510
4511
4512
4515
4517
4518
4519
4520
4521
4522
4523
4524
4525
4526
4527
4528
4529
4530
4531
4532
4534
4536
4537
4538
4540
4542
4543
4544
4545
4546
4547
4550
4551
4552
4553
4555
4556
4557
4558
4559
4560
4563
4564
4565
4566
4567
4570
4571
4572
4574
4575
4578
4580
4581
4582
4583
4584
4585
4586
4587
4589
4590
4592
4593
4594
4595
4597
4607
4608
4609
4610
4614
4617
4618
4619
4620
4623
4624
4625
4626
4627
4628
4630
4633
4634
4635
4637
4640
4641
4642
4643
4644
4645
4646
4647
4648
4650
4654
4655
4658
4659
4661
4662
4664
4665
4666
4667
4668
4669
4673
4675
4677
4678
4679
4680
4682
4683
4685
4686
4687
4688
4689
4690
4691
4692
4693
4694
4695
4696
4697
4698
4699
4700
4705
4707
4708
4710
4711
4712
4713
4714
4715
4720
4721
4722
4723
4724
4726
4727
4728
4729
4730
4732
4733
4734
4735
4736
4737
4738
4739
4740
4741
4744
4745
4746
4748
4749
4750
4751
