2729
855
1665
1756
2640
1080
1056
2831
1746
240
752
1087
1053
239
1401
1988
1270
903
605
1251
641
1242
1991
1993
609
83
1035
1999
1928
860
1038
633
1987
1045
2103
1044
2403
376
713
381
1048
715
1980
1266
396
1710
1981
2504
2945
598
1976
1295
1147
1243
397
1258
859
2535
607
1047
2643
2935
1586
1995
1970
2224
546
1145
1998
2525
1985
1150
2711
1994
101
2946
858
1052
1459
2732
2260
1148
600
2269
2402
1265
890
2046
272
680
2270
2730
864
862
395
1057
632
394
231
1975
91
1252
1272
1142
635
902
434
885
2947
875
1051
448
660
878
1241
630
640
2069
1705
1033
382
1267
1249
861
2174
625
1081
2225
908
631
662
2100
2044
2641
1054
169
1061
904
594
962
714
1666
681
1984
900
610
873
1036
1718
1708
479
235
1032
2262
2651
1143
312
2000
1427
1977
884
1875
238
1060
1091
636
1268
906
70
1064
874
1082
2
2350
270
604
1247
104
1110
1050
1801
888
435
284
203
171
451
545
943
2600
732
734
1927
1212
548
1784
1294
369
749
1065
398
1257
94
1066
547
1745
687
637
2599
686
1979
1286
1763
2261
233
1707
1161
253
963
1386
2652
2757
268
1428
345
241
2076
857
1141
234
745
384
944
283
725
347
1706
1159
159
164
172
1166
109
236
271
1246
379
444
1063
1163
723
2930
1062
2796
599
733
743
879
1419
1229
657
659
31
735
566
1014
477
2075
307
1244
1996
1105
634
1167
378
309
1018
513
728
1441
1046
229
352
280
108
1042
655
764
1144
161
2524
1017
1504
826
216
889
2554
658
143
934
883
726
799
20
2794
747
162
2354
690
160
1702
144
2766
1149
2737
521
2001
529
684
269
2736
2897
1029
1090
221
856
608
110
1703
2447
206
2165
2172
1964
724
1280
1228
267
1683
105
98
1040
1058
746
751
741
2552
510
825
2229
66
1041
729
1160
2407
8
517
2441
785
882
287
2111
727
449
158
351
288
177
1146
845
737
2549
2551
1522
1545
736
326
1019
1531
1165
2346
2019
1158
881
175
2349
2751
989
103
2006
2586
1255
756
2233
97
1157
2300
87
891
2656
1777
1162
750
886
1094
1106
585
2109
481
95
2577
511
26
1714
549
1372
611
801
329
2114
1021
308
9
1675
2429
480
2298
54
568
2558
1020
969
1092
202
2929
194
176
492
738
656
244
931
880
2548
1089
538
800
344
1338
1371
518
59
730
2157
1982
2358
1273
1554
1055
1760
6
804
1022
603
1226
753
956
502
1541
1220
1100
515
2166
1432
661
1170
1311
1785
742
2832
2408
2633
2070
2080
2566
58
1164
128
2430
757
2582
33
452
663
907
744
44
1717
39
1307
53
1719
974
1043
2023
130
192
1178
1755
570
596
700
42
125
316
624
765
2177
2479
1866
11
445
2928
985
37
427
2712
1132
38
25
442
363
454
2474
2738
1095
2348
876
2557
131
798
1099
1339
1453
60
535
514
612
755
208
497
346
820
1463
1867
1971
574
2158
2256
795
476
505
584
805
152
1989
2660
195
1346
371
393
580
1557
2089
2763
988
2036
2038
1906
266
573
915
1098
1200
1308
350
495
887
892
1156
1662
2362
75
1334
1794
2576
1986
302
523
539
1078
69
127
291
761
76
678
1197
1230
1907
237
338
498
894
2216
2539
10
365
1059
2074
126
1039
437
540
993
1478
1509
167
463
501
534
843
1435
186
187
294
318
652
803
815
1559
1566
30
301
1899
1997
293
532
952
1113
2145
2259
223
281
531
544
677
692
763
797
816
995
1309
1465
1685
2120
2309
2574
2649
2746
115
140
185
227
457
697
909
913
967
1111
1204
1563
2573
2594
2642
2675
327
375
541
964
1348
1879
1960
2144
292
844
1259
1687
1724
2131
2183
2540
2615
2834
249
462
672
867
912
987
1199
1202
1227
1310
1786
1804
1805
1822
1859
2008
2021
2071
2073
2077
2297
2324
2347
2396
2598
2936
47
342
407
416
426
433
496
533
560
562
619
720
846
868
905
1005
1037
1225
1317
1355
1466
1673
1898
1900
1905
2004
2035
2055
2318
2378
2459
2480
2512
2543
2559
2579
2614
2720
2790
2934
36
106
255
417
542
664
671
759
802
812
921
1245
1264
1735
1808
1978
2104
2650
2775
132
188
212
248
259
278
339
360
387
412
415
436
438
467
470
473
512
552
588
650
716
748
808
811
834
841
1114
1128
1190
1329
1436
1449
1467
1488
1581
1610
1721
1770
1820
1839
2015
2025
2079
2149
2151
2218
2329
2341
2352
2361
2415
2471
2500
2546
2565
2604
2666
2667
2692
2713
2714
2743
2836
2888
2914
2944
27
40
45
48
62
102
150
156
190
196
213
215
228
247
261
274
276
335
372
419
428
468
493
520
543
579
614
616
620
621
647
648
649
651
654
695
711
790
823
842
877
917
933
1007
1030
1072
1188
1191
1192
1250
1260
1269
1271
1331
1409
1412
1422
1556
1564
1565
1568
1692
1734
1748
1813
1816
1854
1886
1893
1903
1911
1912
1913
1915
1916
1974
2014
2022
2028
2051
2053
2085
2117
2175
2234
2253
2255
2273
2283
2289
2325
2337
2371
2388
2406
2522
2860
35
100
586
587
622
773
1379
1515
1769
1855
2029
2288
2156
2154
1543
807
1590
1800
973
357
827
617
1793
2351
2795
2217
311
286
2592
2725
1570
289
2538
1496
685
2655
285
981
1658
1540
1740
2110
135
173
731
833
2005
2451
2602
1015
1549
2597
1959
1324
2264
1373
174
282
950
1455
1438
2741
2773
163
2188
2281
2781
52
19
373
1186
1429
2180
2181
2653
1375
2813
1521
1542
1335
1408
1177
1716
2106
2232
2575
310
67
516
2444
2445
1304
1536
581
2113
2164
1827
2155
2442
2446
613
986
1742
2171
478
1168
1491
1848
2209
2210
2212
2213
2214
2215
2950
666
961
1004
1457
1818
1819
1821
2339
1366
1605
1606
317
349
392
453
474
484
796
968
1097
1274
1562
1861
2007
2690
2940
61
806
1131
1303
1791
2301
2901
2903
151
688
760
1067
2379
2708
2758
2877
2937
388
429
485
509
567
769
809
810
817
923
946
951
1069
1112
1203
1221
1445
1446
1523
1592
1608
1656
1657
1691
1696
1739
1934
1935
1936
1941
1944
1945
1946
1947
1948
2129
2161
2167
2286
2330
2340
2381
2464
2482
2483
2560
2561
2739
2827
2938
2948
193
207
343
425
446
455
701
706
835
871
920
924
1031
1088
1155
1169
1180
1193
1223
1238
1299
1306
1332
1360
1383
1393
1434
1440
1458
1507
1533
1534
1593
1638
1642
1644
1651
1713
1744
1787
1838
1858
1868
1938
1942
1943
1958
2013
2037
2072
2082
2083
2135
2194
2196
2268
2295
2359
2463
2473
2492
2493
2494
2495
2544
2545
2556
2568
2580
2601
2613
2618
2620
2625
2657
2719
2762
2772
2780
2797
2810
2824
2829
2833
2837
2862
2867
2890
2891
2892
32
133
265
332
340
364
424
519
670
691
758
869
895
947
971
977
996
1008
1012
1122
1139
1179
1224
1282
1289
1400
1418
1487
1567
1583
1585
1611
1674
1682
1715
1811
1826
1832
1849
1863
1870
1876
1914
2052
2056
2086
2123
2169
2231
2245
2258
2363
2475
2481
2499
2688
2689
2815
2818
2828
2830
2849
2853
2854
2896
0
1
3
4
5
7
12
13
14
15
16
17
18
21
22
23
24
28
29
34
41
43
46
49
50
51
55
56
57
63
64
65
68
71
72
73
74
77
78
79
80
81
82
84
85
86
88
89
90
92
93
96
99
107
111
112
113
114
116
117
118
119
120
121
122
123
124
129
134
136
137
138
139
141
142
145
146
147
148
149
153
154
155
157
165
166
168
170
178
179
180
181
182
183
184
189
191
197
198
199
200
201
204
205
209
210
211
214
217
218
219
220
222
224
225
226
230
232
242
243
245
246
250
251
252
254
256
257
258
260
262
263
264
273
275
277
279
290
295
296
297
298
299
300
303
304
305
306
313
314
315
319
320
321
322
323
324
325
328
330
331
333
334
336
337
341
348
353
354
355
356
358
359
361
362
366
367
368
370
374
377
380
383
385
386
389
390
391
399
400
401
402
403
404
405
406
408
409
410
411
413
414
418
420
421
422
423
430
431
432
439
440
441
443
447
450
456
458
459
460
461
464
465
466
469
471
472
475
482
483
486
487
488
489
490
491
494
499
500
503
504
506
507
508
522
524
525
526
527
528
530
536
537
550
551
553
554
555
556
557
558
559
561
563
564
565
569
571
572
575
576
577
578
582
583
589
590
591
592
593
595
597
601
602
606
615
618
623
626
627
628
629
638
639
642
643
644
645
646
653
665
667
668
669
673
674
675
676
679
682
683
689
693
694
696
698
699
702
703
704
705
707
708
709
710
712
717
718
719
721
722
739
740
754
762
766
767
768
770
771
772
774
775
776
777
778
779
780
781
782
783
784
786
787
788
789
791
792
793
794
813
814
818
819
821
822
824
828
829
830
831
832
836
837
838
839
840
847
848
849
850
851
852
853
854
863
865
866
870
872
893
896
897
898
899
901
910
911
914
916
918
919
922
925
926
927
928
929
930
932
935
936
937
938
939
940
941
942
945
948
949
953
954
955
957
958
959
960
965
966
970
972
975
976
978
979
980
982
983
984
990
991
992
994
997
998
999
1000
1001
1002
1003
1006
1009
1010
1011
1013
1016
1023
1024
1025
1026
1027
1028
1034
1049
1068
1070
1071
1073
1074
1075
1076
1077
1079
1083
1084
1085
1086
1093
1096
1101
1102
1103
1104
1107
1108
1109
1115
1116
1117
1118
1119
1120
1121
1123
1124
1125
1126
1127
1129
1130
1133
1134
1135
1136
1137
1138
1140
1151
1152
1153
1154
1171
1172
1173
1174
1175
1176
1181
1182
1183
1184
1185
1187
1189
1194
1195
1196
1198
1201
1205
1206
1207
1208
1209
1210
1211
1213
1214
1215
1216
1217
1218
1219
1222
1231
1232
1233
1234
1235
1236
1237
1239
1240
1248
1253
1254
1256
1261
1262
1263
1275
1276
1277
1278
1279
1281
1283
1284
1285
1287
1288
1290
1291
1292
1293
1296
1297
1298
1300
1301
1302
1305
1312
1313
1314
1315
1316
1318
1319
1320
1321
1322
1323
1325
1326
1327
1328
1330
1333
1336
1337
1340
1341
1342
1343
1344
1345
1347
1349
1350
1351
1352
1353
1354
1356
1357
1358
1359
1361
1362
1363
1364
1365
1367
1368
1369
1370
1374
1376
1377
1378
1380
1381
1382
1384
1385
1387
1388
1389
1390
1391
1392
1394
1395
1396
1397
1398
1399
1402
1403
1404
1405
1406
1407
1410
1411
1413
1414
1415
1416
1417
1420
1421
1423
1424
1425
1426
1430
1431
1433
1437
1439
1442
1443
1444
1447
1448
1450
1451
1452
1454
1456
1460
1461
1462
1464
1468
1469
1470
1471
1472
1473
1474
1475
1476
1477
1479
1480
1481
1482
1483
1484
1485
1486
1489
1490
1492
1493
1494
1495
1497
1498
1499
1500
1501
1502
1503
1505
1506
1508
1510
1511
1512
1513
1514
1516
1517
1518
1519
1520
1524
1525
1526
1527
1528
1529
1530
1532
1535
1537
1538
1539
1544
1546
1547
1548
1550
1551
1552
1553
1555
1558
1560
1561
1569
1571
1572
1573
1574
1575
1576
1577
1578
1579
1580
1582
1584
1587
1588
1589
1591
1594
1595
1596
1597
1598
1599
1600
1601
1602
1603
1604
1607
1609
1612
1613
1614
1615
1616
1617
1618
1619
1620
1621
1622
1623
1624
1625
1626
1627
1628
1629
1630
1631
1632
1633
1634
1635
1636
1637
1639
1640
1641
1643
1645
1646
1647
1648
1649
1650
1652
1653
1654
1655
1659
1660
1661
1663
1664
1667
1668
1669
1670
1671
1672
1676
1677
1678
1679
1680
1681
1684
1686
1688
1689
1690
1693
1694
1695
1697
1698
1699
1700
1701
1704
1709
1711
1712
1720
1722
1723
1725
1726
1727
1728
1729
1730
1731
1732
1733
1736
1737
1738
1741
1743
1747
1749
1750
1751
1752
1753
1754
1757
1758
1759
1761
1762
1764
1765
1766
1767
1768
1771
1772
1773
1774
1775
1776
1778
1779
1780
1781
1782
1783
1788
1789
1790
1792
1795
1796
1797
1798
1799
1802
1803
1806
1807
1809
1810
1812
1814
1815
1817
1823
1824
1825
1828
1829
1830
1831
1833
1834
1835
1836
1837
1840
1841
1842
1843
1844
1845
1846
1847
1850
1851
1852
1853
1856
1857
1860
1862
1864
1865
1869
1871
1872
1873
1874
1877
1878
1880
1881
1882
1883
1884
1885
1887
1888
1889
1890
1891
1892
1894
1895
1896
1897
1901
1902
1904
1908
1909
1910
1917
1918
1919
1920
1921
1922
1923
1924
1925
1926
1929
1930
1931
1932
1933
1937
1939
1940
1949
1950
1951
1952
1953
1954
1955
1956
1957
1961
1962
1963
1965
1966
1967
1968
1969
1972
1973
1983
1990
1992
2002
2003
2009
2010
2011
2012
2016
2017
2018
2020
2024
2026
2027
2030
2031
2032
2033
2034
2039
2040
2041
2042
2043
2045
2047
2048
2049
2050
2054
2057
2058
2059
2060
2061
2062
2063
2064
2065
2066
2067
2068
2078
2081
2084
2087
2088
2090
2091
2092
2093
2094
2095
2096
2097
2098
2099
2101
2102
2105
2107
2108
2112
2115
2116
2118
2119
2121
2122
2124
2125
2126
2127
2128
2130
2132
2133
2134
2136
2137
2138
2139
2140
2141
2142
2143
2146
2147
2148
2150
2152
2153
2159
2160
2162
2163
2168
2170
2173
2176
2178
2179
2182
2184
2185
2186
2187
2189
2190
2191
2192
2193
2195
2197
2198
2199
2200
2201
2202
2203
2204
2205
2206
2207
2208
2211
2219
2220
2221
2222
2223
2226
2227
2228
2230
2235
2236
2237
2238
2239
2240
2241
2242
2243
2244
2246
2247
2248
2249
2250
2251
2252
2254
2257
2263
2265
2266
2267
2271
2272
2274
2275
2276
2277
2278
2279
2280
2282
2284
2285
2287
2290
2291
2292
2293
2294
2296
2299
2302
2303
2304
2305
2306
2307
2308
2310
2311
2312
2313
2314
2315
2316
2317
2319
2320
2321
2322
2323
2326
2327
2328
2331
2332
2333
2334
2335
2336
2338
2342
2343
2344
2345
2353
2355
2356
2357
2360
2364
2365
2366
2367
2368
2369
2370
2372
2373
2374
2375
2376
2377
2380
2382
2383
2384
2385
2386
2387
2389
2390
2391
2392
2393
2394
2395
2397
2398
2399
2400
2401
2404
2405
2409
2410
2411
2412
2413
2414
2416
2417
2418
2419
2420
2421
2422
2423
2424
2425
2426
2427
2428
2431
2432
2433
2434
2435
2436
2437
2438
2439
2440
2443
2448
2449
2450
2452
2453
2454
2455
2456
2457
2458
2460
2461
2462
2465
2466
2467
2468
2469
2470
2472
2476
2477
2478
2484
2485
2486
2487
2488
2489
2490
2491
2496
2497
2498
2501
2502
2503
2505
2506
2507
2508
2509
2510
2511
2513
2514
2515
2516
2517
2518
2519
2520
2521
2523
2526
2527
2528
2529
2530
2531
2532
2533
2534
2536
2537
2541
2542
2547
2550
2553
2555
2562
2563
2564
2567
2569
2570
2571
2572
2578
2581
2583
2584
2585
2587
2588
2589
2590
2591
2593
2595
2596
2603
2605
2606
2607
2608
2609
2610
2611
2612
2616
2617
2619
2621
2622
2623
2624
2626
2627
2628
2629
2630
2631
2632
2634
2635
2636
2637
2638
2639
2644
2645
2646
2647
2648
2654
2658
2659
2661
2662
2663
2664
2665
2668
2669
2670
2671
2672
2673
2674
2676
2677
2678
2679
2680
2681
2682
2683
2684
2685
2686
2687
2691
2693
2694
2695
2696
2697
2698
2699
2700
2701
2702
2703
2704
2705
2706
2707
2709
2710
2715
2716
2717
2718
2721
2722
2723
2724
2726
2727
2728
2731
2733
2734
2735
2740
2742
2744
2745
2747
2748
2749
2750
2752
2753
2754
2755
2756
2759
2760
2761
2764
2765
2767
2768
2769
2770
2771
2774
2776
2777
2778
2779
2782
2783
2784
2785
2786
2787
2788
2789
2791
2792
2793
2798
2799
2800
2801
2802
2803
2804
2805
2806
2807
2808
2809
2811
2812
2814
2816
2817
2819
2820
2821
2822
2823
2825
2826
2835
2838
2839
2840
2841
2842
2843
2844
2845
2846
2847
2848
2850
2851
2852
2855
2856
2857
2858
2859
2861
2863
2864
2865
2866
2868
2869
2870
2871
2872
2873
2874
2875
2876
2878
2879
2880
2881
2882
2883
2884
2885
2886
2887
2889
2893
2894
2895
2898
2899
2900
2902
2904
2905
2906
2907
2908
2909
2910
2911
2912
2913
2915
2916
2917
2918
2919
2920
2921
2922
2923
2924
2925
2926
2927
2931
2932
2933
2939
2941
2942
2943
2949
2951
2952
2953
2954
2955
2956
