1482
1543
319
768
773
159
257
269
602
1850
491
840
259
1271
803
1298
595
2209
286
1844
1530
512
1878
320
598
253
434
1457
426
759
604
1517
761
1528
251
652
1280
58
501
603
802
465
757
779
931
1536
149
528
619
663
21
180
1254
586
1272
1379
937
1540
513
447
428
1495
1049
1879
430
1515
155
490
847
442
1244
1728
444
1726
588
845
597
784
2013
785
920
1524
343
1247
431
1489
266
1898
618
316
1983
429
436
925
944
2210
596
593
283
1529
1609
140
645
1423
161
1360
924
917
1820
922
1532
2060
249
1544
629
621
53
1105
632
1724
182
255
254
1117
1494
284
766
808
774
594
769
60
267
777
264
1009
1061
622
445
1725
1723
918
1533
844
1719
532
483
285
771
1729
762
770
263
846
530
531
330
216
1251
1253
608
807
765
2200
624
916
665
1211
615
157
843
760
942
1159
225
529
1526
1972
954
1938
65
892
764
775
1722
782
2061
217
526
2025
1321
726
1212
772
113
554
564
839
74
1796
435
804
141
1664
664
930
933
1132
631
446
176
695
207
1843
1258
948
815
484
1920
258
1890
304
1257
1248
1050
1538
61
848
1260
325
620
482
1610
996
628
630
1514
441
1343
626
260
1488
261
80
740
142
635
655
2062
268
696
332
415
2012
463
623
378
63
1268
1806
1730
885
190
103
100
568
1417
414
1877
212
2162
156
567
600
1467
1487
1449
64
473
188
780
290
350
221
1720
118
606
1652
293
1793
616
1245
148
83
81
855
1412
746
25
1562
577
1777
2045
2024
2027
585
191
583
582
1721
385
912
1904
763
192
1300
2075
1354
98
326
1727
2009
213
571
477
1142
174
317
305
2207
921
927
935
947
953
1102
2059
1145
1932
2198
849
1141
1615
1754
850
1644
334
247
584
1994
926
599
2130
144
1930
99
381
272
1306
1651
2079
2100
1927
542
668
812
2157
119
291
379
1040
1552
1352
1361
1512
884
95
101
187
1012
167
175
533
1032
1492
1504
1897
1933
84
384
879
1502
1701
499
911
1493
1733
1590
1592
433
1591
1594
333
633
813
1787
522
565
999
741
1158
1496
654
786
810
9
96
135
252
413
1880
2008
472
480
1670
1774
617
298
1476
1665
1673
1939
1945
71
168
666
730
962
1007
1046
1302
1430
1910
1911
1978
2104
2188
38
108
393
1225
1672
1864
1899
1926
400
474
689
1780
230
351
661
886
887
940
1106
1439
1842
1971
1973
2156
383
449
994
1688
10
160
208
485
569
581
787
919
945
949
974
1048
1230
1252
1440
1452
1453
1480
1483
1611
1616
1650
1663
1811
1866
2014
2091
2094
102
1443
292
215
289
299
309
451
909
1098
2026
2136
288
448
1645
1732
2212
90
92
169
186
256
486
518
557
558
627
873
1150
1682
1697
1745
1906
89
220
479
545
795
883
1883
1961
2151
12
91
105
202
245
380
1112
1537
1734
1769
1903
2109
2110
2112
2117
2118
2119
2120
234
692
904
938
983
1021
1522
1674
1913
48
111
112
231
478
570
589
809
1041
1043
1120
1149
1717
1818
2158
2197
314
338
352
580
610
649
672
870
1066
1182
1236
1456
1499
1541
1558
1561
1648
1671
1805
1810
1812
28
116
125
151
270
307
339
467
539
681
788
1055
1226
1455
1637
1639
1649
1925
2033
11
33
37
104
122
248
262
271
614
678
853
872
1047
1052
1113
1114
1183
1292
1316
1337
1342
1416
1438
1498
1569
1687
1716
1768
1874
1921
1935
1995
2044
2103
185
462
541
562
613
677
682
1111
1118
1130
1460
1463
1465
1468
1469
1470
1471
1473
1474
1477
1478
1479
1519
1521
1523
1595
1744
1752
1958
2015
2191
43
67
107
163
171
232
295
329
354
355
356
399
418
424
503
549
550
551
612
640
642
644
662
725
729
737
819
832
833
835
923
928
941
943
968
969
971
1228
1250
1265
1427
1481
1513
1518
1539
1570
1577
1580
1587
1589
1612
1789
1887
1952
1974
1992
2093
2129
147
152
211
237
273
300
302
303
468
684
878
897
900
1008
1187
1224
1636
1953
767
22
54
1346
686
1091
345
2040
2046
744
1088
961
1545
324
443
1546
306
891
1547
2041
1259
1057
1110
347
816
817
75
1045
346
1056
1941
1005
1506
1507
553
1907
685
799
1748
344
1548
1771
498
500
1689
2145
1044
85
704
857
1126
226
742
1256
1382
1909
416
493
1692
1870
1955
1956
2126
117
214
452
453
1344
1365
1490
1566
1753
1964
1977
2023
86
450
494
496
653
1508
1788
1794
1896
349
960
1607
1908
516
519
523
524
525
1125
1830
1851
2153
228
336
527
669
716
1786
127
337
566
793
992
1107
1195
1731
2035
2054
2161
210
398
694
1019
1366
2182
2184
126
242
327
535
657
792
811
814
902
1092
1315
1329
1345
1362
1369
1779
1948
1949
1954
2113
2115
2116
2123
27
47
70
143
218
481
497
506
517
698
705
896
898
899
903
993
1013
1015
1024
1042
1053
1060
1116
1123
1229
1356
1376
1377
1446
1511
1549
1550
1603
1681
1749
1778
1976
2037
2135
2137
2139
0
3
5
14
24
26
172
241
244
275
315
362
367
368
369
370
371
394
439
458
495
505
563
579
670
702
707
714
717
721
722
723
727
731
733
735
736
739
745
789
791
854
858
860
906
907
963
978
1002
1011
1036
1064
1068
1073
1085
1094
1095
1099
1103
1104
1119
1131
1148
1185
1235
1327
1328
1331
1332
1358
1370
1384
1389
1390
1391
1392
1393
1395
1398
1400
1401
1402
1403
1404
1429
1588
1593
1613
1690
1691
1698
1699
1700
1781
1783
1792
1799
1801
1819
1822
1848
1865
1869
1882
1891
1902
1915
1922
1924
1929
1944
1960
1979
1984
2001
2036
2038
2050
2055
2056
2067
2072
2078
2080
2081
2082
2083
2084
2085
2146
2147
2150
2152
2154
2160
2178
2181
2183
2186
2204
42
124
145
165
166
197
204
313
382
401
476
489
504
509
540
639
650
747
852
882
905
967
977
989
1016
1028
1100
1153
1165
1200
1231
1232
1233
1294
1317
1324
1349
1350
1421
1424
1454
1459
1462
1464
1466
1472
1486
1567
1568
1571
1633
1634
1772
1784
1814
1849
1914
2022
2068
2101
2190
2216
1
2
4
6
7
8
13
15
16
17
18
19
20
23
29
30
31
32
34
35
36
39
40
41
44
45
46
49
50
51
52
55
56
57
59
62
66
68
69
72
73
76
77
78
79
82
87
88
93
94
97
106
109
110
114
115
120
121
123
128
129
130
131
132
133
134
136
137
138
139
146
150
153
154
158
162
164
170
173
177
178
179
181
183
184
189
193
194
195
196
198
199
200
201
203
205
206
209
219
222
223
224
227
229
233
235
236
238
239
240
243
246
250
265
274
276
277
278
279
280
281
282
287
294
296
297
301
308
310
311
312
318
321
322
323
328
331
335
340
341
342
348
353
357
358
359
360
361
363
364
365
366
372
373
374
375
376
377
386
387
388
389
390
391
392
395
396
397
402
403
404
405
406
407
408
409
410
411
412
417
419
420
421
422
423
425
427
432
437
438
440
454
455
456
457
459
460
461
464
466
469
470
471
475
487
488
492
502
507
508
510
511
514
515
520
521
534
536
537
538
543
544
546
547
548
552
555
556
559
560
561
572
573
574
575
576
578
587
590
591
592
601
605
607
609
611
625
634
636
637
638
641
643
646
647
648
651
656
658
659
660
667
671
673
674
675
676
679
680
683
687
688
690
691
693
697
699
700
701
703
706
708
709
710
711
712
713
715
718
719
720
724
728
732
734
738
743
748
749
750
751
752
753
754
755
756
758
776
778
781
783
790
794
796
797
798
800
801
805
806
818
820
821
822
823
824
825
826
827
828
829
830
831
834
836
837
838
841
842
851
856
859
861
862
863
864
865
866
867
868
869
871
874
875
876
877
880
881
888
889
890
893
894
895
901
908
910
913
914
915
929
932
934
936
939
946
950
951
952
955
956
957
958
959
964
965
966
970
972
973
975
976
979
980
981
982
984
985
986
987
988
990
991
995
997
998
1000
1001
1003
1004
1006
1010
1014
1017
1018
1020
1022
1023
1025
1026
1027
1029
1030
1031
1033
1034
1035
1037
1038
1039
1051
1054
1058
1059
1062
1063
1065
1067
1069
1070
1071
1072
1074
1075
1076
1077
1078
1079
1080
1081
1082
1083
1084
1086
1087
1089
1090
1093
1096
1097
1101
1108
1109
1115
1121
1122
1124
1127
1128
1129
1133
1134
1135
1136
1137
1138
1139
1140
1143
1144
1146
1147
1151
1152
1154
1155
1156
1157
1160
1161
1162
1163
1164
1166
1167
1168
1169
1170
1171
1172
1173
1174
1175
1176
1177
1178
1179
1180
1181
1184
1186
1188
1189
1190
1191
1192
1193
1194
1196
1197
1198
1199
1201
1202
1203
1204
1205
1206
1207
1208
1209
1210
1213
1214
1215
1216
1217
1218
1219
1220
1221
1222
1223
1227
1234
1237
1238
1239
1240
1241
1242
1243
1246
1249
1255
1261
1262
1263
1264
1266
1267
1269
1270
1273
1274
1275
1276
1277
1278
1279
1281
1282
1283
1284
1285
1286
1287
1288
1289
1290
1291
1293
1295
1296
1297
1299
1301
1303
1304
1305
1307
1308
1309
1310
1311
1312
1313
1314
1318
1319
1320
1322
1323
1325
1326
1330
1333
1334
1335
1336
1338
1339
1340
1341
1347
1348
1351
1353
1355
1357
1359
1363
1364
1367
1368
1371
1372
1373
1374
1375
1378
1380
1381
1383
1385
1386
1387
1388
1394
1396
1397
1399
1405
1406
1407
1408
1409
1410
1411
1413
1414
1415
1418
1419
1420
1422
1425
1426
1428
1431
1432
1433
1434
1435
1436
1437
1441
1442
1444
1445
1447
1448
1450
1451
1458
1461
1475
1484
1485
1491
1497
1500
1501
1503
1505
1509
1510
1516
1520
1525
1527
1531
1534
1535
1542
1551
1553
1554
1555
1556
1557
1559
1560
1563
1564
1565
1572
1573
1574
1575
1576
1578
1579
1581
1582
1583
1584
1585
1586
1596
1597
1598
1599
1600
1601
1602
1604
1605
1606
1608
1614
1617
1618
1619
1620
1621
1622
1623
1624
1625
1626
1627
1628
1629
1630
1631
1632
1635
1638
1640
1641
1642
1643
1646
1647
1653
1654
1655
1656
1657
1658
1659
1660
1661
1662
1666
1667
1668
1669
1675
1676
1677
1678
1679
1680
1683
1684
1685
1686
1693
1694
1695
1696
1702
1703
1704
1705
1706
1707
1708
1709
1710
1711
1712
1713
1714
1715
1718
1735
1736
1737
1738
1739
1740
1741
1742
1743
1746
1747
1750
1751
1755
1756
1757
1758
1759
1760
1761
1762
1763
1764
1765
1766
1767
1770
1773
1775
1776
1782
1785
1790
1791
1795
1797
1798
1800
1802
1803
1804
1807
1808
1809
1813
1815
1816
1817
1821
1823
1824
1825
1826
1827
1828
1829
1831
1832
1833
1834
1835
1836
1837
1838
1839
1840
1841
1845
1846
1847
1852
1853
1854
1855
1856
1857
1858
1859
1860
1861
1862
1863
1867
1868
1871
1872
1873
1875
1876
1881
1884
1885
1886
1888
1889
1892
1893
1894
1895
1900
1901
1905
1912
1916
1917
1918
1919
1923
1928
1931
1934
1936
1937
1940
1942
1943
1946
1947
1950
1951
1957
1959
1962
1963
1965
1966
1967
1968
1969
1970
1975
1980
1981
1982
1985
1986
1987
1988
1989
1990
1991
1993
1996
1997
1998
1999
2000
2002
2003
2004
2005
2006
2007
2010
2011
2016
2017
2018
2019
2020
2021
2028
2029
2030
2031
2032
2034
2039
2042
2043
2047
2048
2049
2051
2052
2053
2057
2058
2063
2064
2065
2066
2069
2070
2071
2073
2074
2076
2077
2086
2087
2088
2089
2090
2092
2095
2096
2097
2098
2099
2102
2105
2106
2107
2108
2111
2114
2121
2122
2124
2125
2127
2128
2131
2132
2133
2134
2138
2140
2141
2142
2143
2144
2148
2149
2155
2159
2163
2164
2165
2166
2167
2168
2169
2170
2171
2172
2173
2174
2175
2176
2177
2179
2180
2185
2187
2189
2192
2193
2194
2195
2196
2199
2201
2202
2203
2205
2206
2208
2211
2213
2214
2215
2217
