2638
1684
996
1577
2517
966
1869
967
733
1288
565
1431
3155
1520
1571
147
1419
3345
2956
1446
1579
1845
1696
1687
636
95
570
2420
108
2555
1244
635
719
107
1442
969
118
1498
1229
1065
1308
564
2957
1438
265
992
3224
93
918
2789
129
1447
2879
1519
1580
1714
98
1683
1310
3236
1282
717
747
2458
568
1843
2044
2910
563
1227
138
1685
1061
137
1060
1436
1127
1233
912
3186
115
1440
901
1307
1451
3153
582
146
1716
1064
701
1448
1578
633
573
720
1680
1941
150
111
723
732
143
149
1450
2181
2457
71
1228
1443
2563
739
1710
82
327
1694
213
1582
455
1226
1667
142
1218
1711
50
2622
1449
566
1570
102
324
2509
51
1286
2201
1287
713
1243
745
1445
131
2929
161
3226
1285
731
730
323
578
1695
2903
637
576
1489
3461
1858
714
301
2535
2653
328
2531
2511
2180
1562
1693
1906
1343
498
3458
1433
1306
1281
3154
2713
1665
581
1623
1434
191
2178
121
162
896
451
1935
1266
316
1576
1575
97
1566
1453
11
128
61
590
2927
1133
1284
83
1437
2715
3211
704
807
3134
671
1574
1469
2370
2147
1565
1878
1138
728
207
1786
374
869
2534
1336
1564
1688
2303
1643
746
2643
1081
285
985
262
1569
140
2429
1254
821
3235
1259
2943
1677
113
2552
3385
2696
1382
49
85
1521
917
916
450
2212
1059
2076
785
929
1568
935
193
3238
1066
738
715
588
808
2199
3278
1573
387
1260
1083
677
584
232
1270
275
43
284
2595
209
231
938
495
3298
567
2017
688
742
1325
393
1167
46
1309
1563
1140
110
256
514
536
1009
383
712
1262
2774
1014
708
1831
175
3288
1212
1221
2451
2468
3174
1395
2213
921
158
1046
2626
2731
1199
494
2955
392
678
1452
2818
2996
685
60
936
183
683
1324
2002
834
2565
865
493
2316
3202
2210
724
2162
488
680
915
2660
1647
1198
453
513
543
406
740
2510
133
726
210
2954
1220
311
504
562
1522
906
1666
787
1567
2391
485
1506
30
1063
3362
722
1889
2315
571
2314
214
127
1439
1250
487
702
507
741
1902
2979
968
2211
689
756
2981
1384
2313
538
325
542
2388
765
721
2597
544
197
2419
532
778
1959
397
2
691
2360
1499
577
2607
271
520
649
716
904
641
2145
303
843
1735
630
483
42
937
2543
1495
758
2198
3370
519
3136
505
725
729
1492
5
309
1328
2245
1372
3296
2687
1115
690
2304
547
1689
1730
1040
48
233
826
2908
37
1141
1385
868
2648
405
736
2712
3109
2204
32
682
622
595
322
1765
160
499
797
320
559
913
1201
452
1017
508
438
341
533
1682
119
236
1249
2004
784
907
1086
1102
983
264
35
572
803
1938
982
509
594
31
3459
1599
910
2120
2997
2978
486
644
1861
144
1720
541
259
44
889
3022
1402
506
1168
484
1076
628
786
1139
1504
2738
479
3108
466
1921
1679
3276
1412
3440
1271
39
62
1248
673
279
674
554
2604
1191
1253
727
860
751
431
2029
897
922
766
1351
408
1837
87
471
3043
6
833
321
3175
1485
1870
1235
1
348
903
440
1444
454
575
1035
3270
84
928
932
492
681
684
956
2863
468
2386
1539
1540
574
569
990
319
1881
1216
1501
2909
390
1267
1031
203
2628
1536
79
165
382
831
998
2469
643
1432
2936
3213
169
272
352
53
92
510
631
1067
886
1231
2992
329
1265
623
1596
56
204
718
1208
1516
384
1393
497
2791
1692
1632
2544
249
734
1184
8
381
710
1234
776
954
1807
7
3
518
593
1416
1801
632
1030
2163
201
1490
1518
2269
1357
2056
2225
2646
332
621
1041
1553
989
2792
402
2507
2625
1435
1045
2392
550
1595
1721
2474
583
29
1255
1928
625
647
763
771
2645
813
1494
3016
1273
2907
481
1505
1847
1039
2847
276
305
1272
1851
170
277
12
624
755
796
1586
1891
2742
2959
952
2333
59
251
587
668
2143
2688
3018
500
830
1062
1523
2506
2832
3295
2393
282
991
1143
23
1010
2353
206
551
626
841
853
1699
2268
923
1256
2706
3148
3240
1213
1542
661
261
825
1871
478
480
3456
38
194
314
436
523
1204
439
662
1028
1144
1257
1403
1925
2084
2647
2652
3330
437
919
1932
2312
407
442
650
735
794
1068
1814
1875
2149
2410
2505
823
34
80
280
388
557
1042
1230
1664
2179
2247
2422
2556
3131
3352
289
609
931
1024
1145
1157
3102
3265
503
898
1264
1406
1731
2364
205
527
669
839
1263
1454
1681
3015
3435
19
250
517
695
944
1048
2428
2704
2865
20
76
549
988
1178
1337
1713
1805
2279
2319
2487
3017
3110
77
291
464
1528
1572
1604
357
627
764
1297
1602
1790
2028
2188
2382
2430
2603
2782
2999
3047
3135
361
375
395
652
816
836
878
892
1019
1294
2335
2679
2928
185
220
287
290
354
377
404
501
556
558
1349
1464
1609
1638
2579
2958
310
491
525
553
660
1189
1193
1461
1474
1636
1754
1812
1846
2040
2049
3434
40
496
511
655
792
984
1323
1547
1557
1868
2132
2148
2494
45
64
91
482
629
743
767
840
1032
1080
1094
1295
1510
1538
1890
2599
2754
2837
2849
2854
2873
3233
3341
17
58
605
759
1077
1152
1342
1359
1367
1472
1715
1887
1927
2062
2112
2799
2994
186
202
255
458
757
955
979
1057
1119
1207
1239
1473
1535
1635
1646
1661
1755
1785
1929
2054
2553
2915
164
184
254
260
278
313
317
355
512
552
700
798
818
873
902
909
930
980
999
1025
1154
1171
1274
1314
1315
1369
1479
1483
1509
1552
1749
1758
1844
1873
1874
1888
1892
1926
2098
2122
2224
2301
2395
2407
2533
2580
2761
2846
2848
2930
2998
3030
3048
3107
3152
16
72
168
266
292
300
410
447
463
465
475
516
599
612
659
667
709
812
835
845
856
858
866
890
891
893
924
950
971
1005
1029
1099
1107
1116
1155
1202
1258
1296
1305
1320
1332
1364
1413
1515
1530
1598
1603
1620
1628
1631
1639
1652
1660
1672
1750
1821
1841
1876
1877
1882
2009
2125
2142
2171
2190
2258
2286
2291
2308
2396
2401
2402
2406
2503
2581
2612
2699
2710
2775
2781
2811
2813
2816
2820
2840
2855
2870
2871
2905
2906
3008
3094
3106
3112
3162
3188
3261
3322
3332
21
200
240
502
829
1027
1037
1058
1104
1118
1153
1169
1180
1283
1345
1675
1759
2042
2254
2285
2394
2397
2405
2444
2479
2512
2536
2613
2667
2719
2875
3009
3126
3266
3275
3393
13
33
41
57
63
67
68
74
75
94
96
99
100
101
103
104
105
106
109
112
114
116
117
120
122
123
124
125
126
130
132
134
135
136
139
141
145
148
156
157
208
211
227
228
229
293
294
2015
2032
2284
2970
2016
3446
3448
1130
2283
1134
153
1128
2585
3338
591
592
2734
3289
1015
182
176
1114
2584
3182
1824
1617
1722
1132
172
2144
1082
3005
2048
2146
3042
535
1166
2209
875
2220
2654
1400
1034
1126
1047
2971
2972
3389
419
1500
1830
473
1016
2416
545
1131
1719
687
1723
2991
306
1616
707
2208
2415
180
548
3002
3217
3416
379
3075
2186
2464
2567
3125
1939
2605
3297
234
212
1903
2977
2941
2591
3214
3198
2187
1502
190
2074
908
1352
1748
2083
2497
1007
1747
474
539
1503
3025
3026
263
748
1905
1912
2215
2417
235
1642
2246
3171
3317
391
537
546
561
2053
2184
2218
3176
1541
1543
1973
2231
2412
2452
2659
3361
1105
1165
1507
1732
2793
2882
192
753
973
1203
1525
1776
1777
1850
2746
2753
2964
2965
3379
3387
3408
1867
2075
174
1217
1219
1420
3447
1849
2947
3078
70
749
1949
389
851
1387
1508
1668
2338
2631
2755
3380
1021
1467
1815
2080
2644
187
586
781
837
888
1655
2010
2018
2240
2594
2803
3024
351
670
1084
1482
1491
1512
1823
2307
2980
3343
3406
10
394
401
534
585
642
646
879
1176
1179
1299
1404
1791
1898
2278
2456
2568
2705
2707
2737
3050
3097
3277
3287
3375
18
36
307
435
679
694
905
1137
1192
1354
1458
1744
1746
1904
1923
2252
2339
2358
2853
3001
3183
3400
3405
3470
52
173
385
396
526
640
645
648
651
665
1006
1038
1396
1496
1537
1548
1828
1900
2024
2025
2229
2273
2695
2722
2833
2967
2995
3064
3103
3246
3428
22
252
253
257
522
603
614
1018
1033
1036
1087
1187
1188
1190
1194
1355
1405
1527
1550
1674
1741
1829
1860
1945
1957
2067
2129
2159
2327
2331
2356
2520
2614
2723
2822
3020
3023
3029
3052
3128
3147
3311
3319
3360
3366
3367
0
4
78
178
258
274
312
340
353
521
524
814
838
925
947
976
978
981
1001
1085
1164
1186
1195
1205
1223
1333
1360
1389
1390
1392
1394
1414
1415
1421
1517
1607
1622
1633
1649
1657
1698
1728
1756
1757
1819
1862
1931
1934
2012
2027
2068
2124
2141
2167
2203
2263
2309
2334
2361
2362
2413
2431
2489
2491
2532
2571
2665
2765
2766
2808
2893
2897
2963
2966
3019
3021
3055
3098
3133
3156
3215
3320
3337
3358
3411
3421
14
268
490
940
1095
1135
1185
1238
1321
1363
1366
1391
1470
1484
1587
1612
1634
1697
1896
1962
1969
2013
2019
2055
2057
2123
2127
2185
2189
2461
2508
2550
2621
2684
2720
2748
2975
3157
3197
3263
3344
9
15
24
25
26
27
28
47
54
55
65
66
69
73
81
86
88
89
90
151
152
154
155
159
163
166
167
171
177
179
181
188
189
195
196
198
199
215
216
217
218
219
221
222
223
224
225
226
230
237
238
239
241
242
243
244
245
246
247
248
267
269
270
273
281
283
286
288
295
296
297
298
299
302
304
308
315
318
326
330
331
333
334
335
336
337
338
339
342
343
344
345
346
347
349
350
356
358
359
360
362
363
364
365
366
367
368
369
370
371
372
373
376
378
380
386
398
399
400
403
409
411
412
413
414
415
416
417
418
420
421
422
423
424
425
426
427
428
429
430
432
433
434
441
443
444
445
446
448
449
456
457
459
460
461
462
467
469
470
472
476
477
489
515
528
529
530
531
540
555
560
579
580
589
596
597
598
600
601
602
604
606
607
608
610
611
613
615
616
617
618
619
620
634
638
639
653
654
656
657
658
663
664
666
672
675
676
686
692
693
696
697
698
699
703
705
706
711
737
744
750
752
754
760
761
762
768
769
770
772
773
774
775
777
779
780
782
783
788
789
790
791
793
795
799
800
801
802
804
805
806
809
810
811
815
817
819
820
822
824
827
828
832
842
844
846
847
848
849
850
852
854
855
857
859
861
862
863
864
867
870
871
872
874
876
877
880
881
882
883
884
885
887
894
895
899
900
911
914
920
926
927
933
934
939
941
942
943
945
946
948
949
951
953
957
958
959
960
961
962
963
964
965
970
972
974
975
977
986
987
993
994
995
997
1000
1002
1003
1004
1008
1011
1012
1013
1020
1022
1023
1026
1043
1044
1049
1050
1051
1052
1053
1054
1055
1056
1069
1070
1071
1072
1073
1074
1075
1078
1079
1088
1089
1090
1091
1092
1093
1096
1097
1098
1100
1101
1103
1106
1108
1109
1110
1111
1112
1113
1117
1120
1121
1122
1123
1124
1125
1129
1136
1142
1146
1147
1148
1149
1150
1151
1156
1158
1159
1160
1161
1162
1163
1170
1172
1173
1174
1175
1177
1181
1182
1183
1196
1197
1200
1206
1209
1210
1211
1214
1215
1222
1224
1225
1232
1236
1237
1240
1241
1242
1245
1246
1247
1251
1252
1261
1268
1269
1275
1276
1277
1278
1279
1280
1289
1290
1291
1292
1293
1298
1300
1301
1302
1303
1304
1311
1312
1313
1316
1317
1318
1319
1322
1326
1327
1329
1330
1331
1334
1335
1338
1339
1340
1341
1344
1346
1347
1348
1350
1353
1356
1358
1361
1362
1365
1368
1370
1371
1373
1374
1375
1376
1377
1378
1379
1380
1381
1383
1386
1388
1397
1398
1399
1401
1407
1408
1409
1410
1411
1417
1418
1422
1423
1424
1425
1426
1427
1428
1429
1430
1441
1455
1456
1457
1459
1460
1462
1463
1465
1466
1468
1471
1475
1476
1477
1478
1480
1481
1486
1487
1488
1493
1497
1511
1513
1514
1524
1526
1529
1531
1532
1533
1534
1544
1545
1546
1549
1551
1554
1555
1556
1558
1559
1560
1561
1581
1583
1584
1585
1588
1589
1590
1591
1592
1593
1594
1597
1600
1601
1605
1606
1608
1610
1611
1613
1614
1615
1618
1619
1621
1624
1625
1626
1627
1629
1630
1637
1640
1641
1644
1645
1648
1650
1651
1653
1654
1656
1658
1659
1662
1663
1669
1670
1671
1673
1676
1678
1686
1690
1691
1700
1701
1702
1703
1704
1705
1706
1707
1708
1709
1712
1717
1718
1724
1725
1726
1727
1729
1733
1734
1736
1737
1738
1739
1740
1742
1743
1745
1751
1752
1753
1760
1761
1762
1763
1764
1766
1767
1768
1769
1770
1771
1772
1773
1774
1775
1778
1779
1780
1781
1782
1783
1784
1787
1788
1789
1792
1793
1794
1795
1796
1797
1798
1799
1800
1802
1803
1804
1806
1808
1809
1810
1811
1813
1816
1817
1818
1820
1822
1825
1826
1827
1832
1833
1834
1835
1836
1838
1839
1840
1842
1848
1852
1853
1854
1855
1856
1857
1859
1863
1864
1865
1866
1872
1879
1880
1883
1884
1885
1886
1893
1894
1895
1897
1899
1901
1907
1908
1909
1910
1911
1913
1914
1915
1916
1917
1918
1919
1920
1922
1924
1930
1933
1936
1937
1940
1942
1943
1944
1946
1947
1948
1950
1951
1952
1953
1954
1955
1956
1958
1960
1961
1963
1964
1965
1966
1967
1968
1970
1971
1972
1974
1975
1976
1977
1978
1979
1980
1981
1982
1983
1984
1985
1986
1987
1988
1989
1990
1991
1992
1993
1994
1995
1996
1997
1998
1999
2000
2001
2003
2005
2006
2007
2008
2011
2014
2020
2021
2022
2023
2026
2030
2031
2033
2034
2035
2036
2037
2038
2039
2041
2043
2045
2046
2047
2050
2051
2052
2058
2059
2060
2061
2063
2064
2065
2066
2069
2070
2071
2072
2073
2077
2078
2079
2081
2082
2085
2086
2087
2088
2089
2090
2091
2092
2093
2094
2095
2096
2097
2099
2100
2101
2102
2103
2104
2105
2106
2107
2108
2109
2110
2111
2113
2114
2115
2116
2117
2118
2119
2121
2126
2128
2130
2131
2133
2134
2135
2136
2137
2138
2139
2140
2150
2151
2152
2153
2154
2155
2156
2157
2158
2160
2161
2164
2165
2166
2168
2169
2170
2172
2173
2174
2175
2176
2177
2182
2183
2191
2192
2193
2194
2195
2196
2197
2200
2202
2205
2206
2207
2214
2216
2217
2219
2221
2222
2223
2226
2227
2228
2230
2232
2233
2234
2235
2236
2237
2238
2239
2241
2242
2243
2244
2248
2249
2250
2251
2253
2255
2256
2257
2259
2260
2261
2262
2264
2265
2266
2267
2270
2271
2272
2274
2275
2276
2277
2280
2281
2282
2287
2288
2289
2290
2292
2293
2294
2295
2296
2297
2298
2299
2300
2302
2305
2306
2310
2311
2317
2318
2320
2321
2322
2323
2324
2325
2326
2328
2329
2330
2332
2336
2337
2340
2341
2342
2343
2344
2345
2346
2347
2348
2349
2350
2351
2352
2354
2355
2357
2359
2363
2365
2366
2367
2368
2369
2371
2372
2373
2374
2375
2376
2377
2378
2379
2380
2381
2383
2384
2385
2387
2389
2390
2398
2399
2400
2403
2404
2408
2409
2411
2414
2418
2421
2423
2424
2425
2426
2427
2432
2433
2434
2435
2436
2437
2438
2439
2440
2441
2442
2443
2445
2446
2447
2448
2449
2450
2453
2454
2455
2459
2460
2462
2463
2465
2466
2467
2470
2471
2472
2473
2475
2476
2477
2478
2480
2481
2482
2483
2484
2485
2486
2488
2490
2492
2493
2495
2496
2498
2499
2500
2501
2502
2504
2513
2514
2515
2516
2518
2519
2521
2522
2523
2524
2525
2526
2527
2528
2529
2530
2537
2538
2539
2540
2541
2542
2545
2546
2547
2548
2549
2551
2554
2557
2558
2559
2560
2561
2562
2564
2566
2569
2570
2572
2573
2574
2575
2576
2577
2578
2582
2583
2586
2587
2588
2589
2590
2592
2593
2596
2598
2600
2601
2602
2606
2608
2609
2610
2611
2615
2616
2617
2618
2619
2620
2623
2624
2627
2629
2630
2632
2633
2634
2635
2636
2637
2639
2640
2641
2642
2649
2650
2651
2655
2656
2657
2658
2661
2662
2663
2664
2666
2668
2669
2670
2671
2672
2673
2674
2675
2676
2677
2678
2680
2681
2682
2683
2685
2686
2689
2690
2691
2692
2693
2694
2697
2698
2700
2701
2702
2703
2708
2709
2711
2714
2716
2717
2718
2721
2724
2725
2726
2727
2728
2729
2730
2732
2733
2735
2736
2739
2740
2741
2743
2744
2745
2747
2749
2750
2751
2752
2756
2757
2758
2759
2760
2762
2763
2764
2767
2768
2769
2770
2771
2772
2773
2776
2777
2778
2779
2780
2783
2784
2785
2786
2787
2788
2790
2794
2795
2796
2797
2798
2800
2801
2802
2804
2805
2806
2807
2809
2810
2812
2814
2815
2817
2819
2821
2823
2824
2825
2826
2827
2828
2829
2830
2831
2834
2835
2836
2838
2839
2841
2842
2843
2844
2845
2850
2851
2852
2856
2857
2858
2859
2860
2861
2862
2864
2866
2867
2868
2869
2872
2874
2876
2877
2878
2880
2881
2883
2884
2885
2886
2887
2888
2889
2890
2891
2892
2894
2895
2896
2898
2899
2900
2901
2902
2904
2911
2912
2913
2914
2916
2917
2918
2919
2920
2921
2922
2923
2924
2925
2926
2931
2932
2933
2934
2935
2937
2938
2939
2940
2942
2944
2945
2946
2948
2949
2950
2951
2952
2953
2960
2961
2962
2968
2969
2973
2974
2976
2982
2983
2984
2985
2986
2987
2988
2989
2990
2993
3000
3003
3004
3006
3007
3010
3011
3012
3013
3014
3027
3028
3031
3032
3033
3034
3035
3036
3037
3038
3039
3040
3041
3044
3045
3046
3049
3051
3053
3054
3056
3057
3058
3059
3060
3061
3062
3063
3065
3066
3067
3068
3069
3070
3071
3072
3073
3074
3076
3077
3079
3080
3081
3082
3083
3084
3085
3086
3087
3088
3089
3090
3091
3092
3093
3095
3096
3099
3100
3101
3104
3105
3111
3113
3114
3115
3116
3117
3118
3119
3120
3121
3122
3123
3124
3127
3129
3130
3132
3137
3138
3139
3140
3141
3142
3143
3144
3145
3146
3149
3150
3151
3158
3159
3160
3161
3163
3164
3165
3166
3167
3168
3169
3170
3172
3173
3177
3178
3179
3180
3181
3184
3185
3187
3189
3190
3191
3192
3193
3194
3195
3196
3199
3200
3201
3203
3204
3205
3206
3207
3208
3209
3210
3212
3216
3218
3219
3220
3221
3222
3223
3225
3227
3228
3229
3230
3231
3232
3234
3237
3239
3241
3242
3243
3244
3245
3247
3248
3249
3250
3251
3252
3253
3254
3255
3256
3257
3258
3259
3260
3262
3264
3267
3268
3269
3271
3272
3273
3274
3279
3280
3281
3282
3283
3284
3285
3286
3290
3291
3292
3293
3294
3299
3300
3301
3302
3303
3304
3305
3306
3307
3308
3309
3310
3312
3313
3314
3315
3316
3318
3321
3323
3324
3325
3326
3327
3328
3329
3331
3333
3334
3335
3336
3339
3340
3342
3346
3347
3348
3349
3350
3351
3353
3354
3355
3356
3357
3359
3363
3364
3365
3368
3369
3371
3372
3373
3374
3376
3377
3378
3381
3382
3383
3384
3386
3388
3390
3391
3392
3394
3395
3396
3397
3398
3399
3401
3402
3403
3404
3407
3409
3410
3412
3413
3414
3415
3417
3418
3419
3420
3422
3423
3424
3425
3426
3427
3429
3430
3431
3432
3433
3436
3437
3438
3439
3441
3442
3443
3444
3445
3449
3450
3451
3452
3453
3454
3455
3457
3460
3462
3463
3464
3465
3466
3467
3468
3469
3471
3472
