1806
2431
111
103
1832
889
101
282
1083
1068
443
105
1028
117
335
116
1257
1924
697
1080
376
442
727
2238
1019
1016
1025
1002
1240
125
1836
905
439
1237
132
83
605
102
1071
130
441
890
2316
1074
1020
124
1004
1061
380
1829
1069
1626
232
1228
1011
1823
1024
1238
1073
89
1824
109
334
115
2012
864
858
1810
438
2402
257
2506
1119
1818
1009
253
862
410
379
1042
118
113
406
1627
616
714
645
666
606
1256
91
2622
596
1825
679
1875
693
1078
1838
602
134
1369
1082
720
1224
856
254
1230
1236
665
2264
255
1258
751
258
615
608
863
612
607
133
2650
1651
597
279
1001
1084
107
744
907
1229
611
447
1023
2257
1018
621
857
271
1598
135
122
747
1081
485
119
1012
78
610
1062
870
1077
440
106
256
1978
1076
378
715
598
128
748
1133
2102
240
604
664
445
761
1070
917
749
516
1808
743
1833
760
1379
1234
2112
1819
110
558
893
1826
1923
2191
452
859
719
152
1131
121
716
1213
337
717
444
923
104
2021
746
1032
2101
688
725
1822
1066
1738
127
745
1232
2305
1031
757
508
723
2105
1015
2449
582
1034
81
97
2640
1239
1033
2505
721
1120
1610
2038
1368
614
1003
667
2124
922
2625
1022
1486
853
918
98
1222
99
2079
2649
732
2381
619
1815
1873
2318
1067
600
854
1075
756
353
1060
95
129
2315
1955
694
630
1017
639
1292
618
692
1970
324
1103
1186
1085
55
613
296
2283
6
1221
2652
681
919
2397
735
758
592
510
1641
1807
147
239
363
1146
220
446
2108
309
1244
93
1171
622
1357
1014
879
1370
722
731
1634
848
7
1035
961
86
585
85
1318
1420
458
208
638
333
8
1163
167
3
771
1582
949
1562
1915
2383
475
323
881
1779
788
2213
567
401
842
155
71
844
467
759
1842
730
2233
2190
35
724
397
1086
347
94
2234
294
293
498
473
2041
978
1089
202
297
2138
583
1007
489
47
483
308
2521
169
1225
2288
1206
470
154
1563
1729
511
784
942
1233
301
329
295
405
643
292
290
39
991
209
492
1321
672
609
1885
248
460
247
828
332
66
41
1601
1821
1834
1021
593
684
786
1182
1830
1977
74
686
2077
875
765
1573
1471
685
1161
565
60
162
216
872
217
1220
2004
2520
399
139
1159
18
2450
671
1008
534
841
1374
1596
1837
924
2184
1569
58
1184
603
1954
2544
170
172
2005
778
1892
2007
1419
1882
52
163
15
921
992
2193
588
766
2338
328
331
2447
356
1048
222
235
484
806
861
1380
2321
37
997
1088
354
1957
0
398
159
1093
515
1104
11
1114
2280
471
533
48
2436
164
1181
2297
1013
657
1497
1731
2052
1130
1787
1788
2183
2299
682
291
559
1275
269
599
704
1960
2214
174
1656
1862
362
494
530
700
1847
1852
1072
1097
1976
336
416
1036
1242
1772
2285
2298
237
811
70
73
660
713
763
871
1029
1334
1376
1958
807
1425
278
476
629
983
1127
1241
1418
422
818
860
1006
1456
284
315
365
375
1223
49
57
620
676
865
916
966
1202
1477
1728
72
251
542
566
1254
1771
2255
173
384
418
678
1473
1577
1880
2103
2323
2435
234
360
1176
242
480
792
1545
1618
1724
2273
307
317
433
456
457
631
847
1005
1276
1339
1341
1548
1805
1835
1962
2201
2349
326
402
404
481
651
661
673
726
1599
1813
1828
1896
1931
2060
2218
2236
2394
2410
50
196
268
477
591
1515
1723
2049
2217
2274
2374
2415
20
22
194
396
652
653
675
1185
1187
1367
1939
2157
2188
2243
2382
2433
2541
355
421
463
658
674
877
1010
1155
1307
1672
1778
1898
2075
2192
2322
2344
2492
2513
2593
12
327
785
821
912
998
1135
1250
1566
2442
212
377
461
701
836
891
1198
1488
1561
1680
1749
1840
1867
2472
2590
56
62
64
190
206
277
281
283
358
383
400
549
569
626
635
642
654
662
670
677
770
804
815
846
888
894
930
947
996
1149
1157
1199
1259
1261
1265
1366
1377
1384
1484
1534
1572
1603
1668
1685
1719
1757
1760
1762
1811
1820
1827
1848
1874
1886
1889
1913
1925
2013
2017
2043
2065
2109
2142
2215
2249
2355
2434
2478
2538
2542
2561
43
67
131
160
189
193
225
357
367
408
411
417
469
509
579
617
625
650
707
708
832
938
945
1000
1049
1050
1192
1193
1194
1196
1200
1205
1210
1247
1253
1306
1327
1485
1520
1537
1559
1698
1704
1739
1754
1792
1858
2057
2059
2063
2067
2167
2182
2250
2259
2330
2351
2386
2403
2471
2582
28
496
963
1337
1524
2484
2485
27
29
30
33
34
59
79
2119
2120
2575
2486
1301
2460
503
560
2115
920
507
2558
737
2557
1902
2177
2106
2314
2512
2037
2367
13
1609
2116
2118
10
1584
1585
366
1658
2633
451
831
2576
1905
1909
1910
1911
487
787
1583
989
1682
808
1568
987
1493
1517
2178
1929
954
272
2601
2312
1523
1382
36
880
2598
2208
1398
143
300
1587
2158
2159
156
157
165
168
171
734
1087
1857
2175
24
531
1481
2202
2
26
1040
1378
1608
2334
1928
148
361
1160
1170
1361
1560
2050
2125
2588
873
957
1389
1455
2160
289
505
783
1101
1900
2130
1109
1659
586
764
1906
1972
2519
241
1505
2185
2336
2612
465
695
814
817
874
952
1243
1284
1415
1956
1992
2275
42
54
158
219
345
431
750
827
1289
1294
1295
1461
1581
1732
1950
2082
2089
2282
17
149
213
249
286
415
527
541
754
802
868
913
1273
1349
1406
1469
1621
1633
1636
1907
2100
2206
2260
2286
2317
2337
38
183
233
250
273
488
490
519
633
680
696
773
775
790
899
1113
1128
1152
1248
1270
1290
1304
1316
1317
1338
1392
1396
1464
1474
1510
1657
1669
1735
1863
1895
1940
1965
2094
2099
2117
2172
2272
2379
2490
2494
2616
2623
2648
2659
1
9
53
77
238
341
466
474
573
584
656
659
705
740
801
830
851
855
869
882
883
932
933
964
965
967
1037
1039
1041
1095
1105
1106
1107
1108
1123
1151
1153
1216
1271
1314
1315
1319
1325
1345
1347
1427
1438
1454
1525
1533
1597
1635
1653
1689
1693
1697
1720
1722
1904
1991
2024
2071
2096
2153
2155
2232
2276
2281
2287
2375
2385
2411
2429
2511
2546
2549
2551
2613
65
166
236
285
330
436
454
493
529
551
552
574
632
649
691
699
738
741
774
776
780
782
968
976
1137
1156
1175
1179
1183
1191
1195
1246
1251
1262
1264
1281
1297
1308
1309
1348
1350
1453
1567
1580
1605
1655
1664
1700
1721
1755
1758
1759
1851
1855
1865
1877
1879
1938
1967
2030
2074
2110
2171
2173
2174
2219
2247
2269
2284
2327
2345
2346
2360
2361
2363
2412
2425
2451
2488
2502
2503
2507
2534
2539
2570
2571
2574
2578
2591
2594
2637
4
5
14
16
19
21
23
25
31
32
40
44
45
46
51
61
63
68
69
75
76
80
82
84
87
88
90
92
96
100
108
112
114
120
123
126
136
137
138
140
141
142
144
145
146
150
151
153
161
175
176
177
178
179
180
181
182
184
185
186
187
188
191
192
195
197
198
199
200
201
203
204
205
207
210
211
214
215
218
221
223
224
226
227
228
229
230
231
243
244
245
246
252
259
260
261
262
263
264
265
266
267
270
274
275
276
280
287
288
298
299
302
303
304
305
306
310
311
312
313
314
316
318
319
320
321
322
325
338
339
340
342
343
344
346
348
349
350
351
352
359
364
368
369
370
371
372
373
374
381
382
385
386
387
388
389
390
391
392
393
394
395
403
407
409
412
413
414
419
420
423
424
425
426
427
428
429
430
432
434
435
437
448
449
450
453
455
459
462
464
468
472
478
479
482
486
491
495
497
499
500
501
502
504
506
512
513
514
517
518
520
521
522
523
524
525
526
528
532
535
536
537
538
539
540
543
544
545
546
547
548
550
553
554
555
556
557
561
562
563
564
568
570
571
572
575
576
577
578
580
581
587
589
590
594
595
601
623
624
627
628
634
636
637
640
641
644
646
647
648
655
663
668
669
683
687
689
690
698
702
703
706
709
710
711
712
718
728
729
733
736
739
742
752
753
755
762
767
768
769
772
777
779
781
789
791
793
794
795
796
797
798
799
800
803
805
809
810
812
813
816
819
820
822
823
824
825
826
829
833
834
835
837
838
839
840
843
845
849
850
852
866
867
876
878
884
885
886
887
892
895
896
897
898
900
901
902
903
904
906
908
909
910
911
914
915
925
926
927
928
929
931
934
935
936
937
939
940
941
943
944
946
948
950
951
953
955
956
958
959
960
962
969
970
971
972
973
974
975
977
979
980
981
982
984
985
986
988
990
993
994
995
999
1026
1027
1030
1038
1043
1044
1045
1046
1047
1051
1052
1053
1054
1055
1056
1057
1058
1059
1063
1064
1065
1079
1090
1091
1092
1094
1096
1098
1099
1100
1102
1110
1111
1112
1115
1116
1117
1118
1121
1122
1124
1125
1126
1129
1132
1134
1136
1138
1139
1140
1141
1142
1143
1144
1145
1147
1148
1150
1154
1158
1162
1164
1165
1166
1167
1168
1169
1172
1173
1174
1177
1178
1180
1188
1189
1190
1197
1201
1203
1204
1207
1208
1209
1211
1212
1214
1215
1217
1218
1219
1226
1227
1231
1235
1245
1249
1252
1255
1260
1263
1266
1267
1268
1269
1272
1274
1277
1278
1279
1280
1282
1283
1285
1286
1287
1288
1291
1293
1296
1298
1299
1300
1302
1303
1305
1310
1311
1312
1313
1320
1322
1323
1324
1326
1328
1329
1330
1331
1332
1333
1335
1336
1340
1342
1343
1344
1346
1351
1352
1353
1354
1355
1356
1358
1359
1360
1362
1363
1364
1365
1371
1372
1373
1375
1381
1383
1385
1386
1387
1388
1390
1391
1393
1394
1395
1397
1399
1400
1401
1402
1403
1404
1405
1407
1408
1409
1410
1411
1412
1413
1414
1416
1417
1421
1422
1423
1424
1426
1428
1429
1430
1431
1432
1433
1434
1435
1436
1437
1439
1440
1441
1442
1443
1444
1445
1446
1447
1448
1449
1450
1451
1452
1457
1458
1459
1460
1462
1463
1465
1466
1467
1468
1470
1472
1475
1476
1478
1479
1480
1482
1483
1487
1489
1490
1491
1492
1494
1495
1496
1498
1499
1500
1501
1502
1503
1504
1506
1507
1508
1509
1511
1512
1513
1514
1516
1518
1519
1521
1522
1526
1527
1528
1529
1530
1531
1532
1535
1536
1538
1539
1540
1541
1542
1543
1544
1546
1547
1549
1550
1551
1552
1553
1554
1555
1556
1557
1558
1564
1565
1570
1571
1574
1575
1576
1578
1579
1586
1588
1589
1590
1591
1592
1593
1594
1595
1600
1602
1604
1606
1607
1611
1612
1613
1614
1615
1616
1617
1619
1620
1622
1623
1624
1625
1628
1629
1630
1631
1632
1637
1638
1639
1640
1642
1643
1644
1645
1646
1647
1648
1649
1650
1652
1654
1660
1661
1662
1663
1665
1666
1667
1670
1671
1673
1674
1675
1676
1677
1678
1679
1681
1683
1684
1686
1687
1688
1690
1691
1692
1694
1695
1696
1699
1701
1702
1703
1705
1706
1707
1708
1709
1710
1711
1712
1713
1714
1715
1716
1717
1718
1725
1726
1727
1730
1733
1734
1736
1737
1740
1741
1742
1743
1744
1745
1746
1747
1748
1750
1751
1752
1753
1756
1761
1763
1764
1765
1766
1767
1768
1769
1770
1773
1774
1775
1776
1777
1780
1781
1782
1783
1784
1785
1786
1789
1790
1791
1793
1794
1795
1796
1797
1798
1799
1800
1801
1802
1803
1804
1809
1812
1814
1816
1817
1831
1839
1841
1843
1844
1845
1846
1849
1850
1853
1854
1856
1859
1860
1861
1864
1866
1868
1869
1870
1871
1872
1876
1878
1881
1883
1884
1887
1888
1890
1891
1893
1894
1897
1899
1901
1903
1908
1912
1914
1916
1917
1918
1919
1920
1921
1922
1926
1927
1930
1932
1933
1934
1935
1936
1937
1941
1942
1943
1944
1945
1946
1947
1948
1949
1951
1952
1953
1959
1961
1963
1964
1966
1968
1969
1971
1973
1974
1975
1979
1980
1981
1982
1983
1984
1985
1986
1987
1988
1989
1990
1993
1994
1995
1996
1997
1998
1999
2000
2001
2002
2003
2006
2008
2009
2010
2011
2014
2015
2016
2018
2019
2020
2022
2023
2025
2026
2027
2028
2029
2031
2032
2033
2034
2035
2036
2039
2040
2042
2044
2045
2046
2047
2048
2051
2053
2054
2055
2056
2058
2061
2062
2064
2066
2068
2069
2070
2072
2073
2076
2078
2080
2081
2083
2084
2085
2086
2087
2088
2090
2091
2092
2093
2095
2097
2098
2104
2107
2111
2113
2114
2121
2122
2123
2126
2127
2128
2129
2131
2132
2133
2134
2135
2136
2137
2139
2140
2141
2143
2144
2145
2146
2147
2148
2149
2150
2151
2152
2154
2156
2161
2162
2163
2164
2165
2166
2168
2169
2170
2176
2179
2180
2181
2186
2187
2189
2194
2195
2196
2197
2198
2199
2200
2203
2204
2205
2207
2209
2210
2211
2212
2216
2220
2221
2222
2223
2224
2225
2226
2227
2228
2229
2230
2231
2235
2237
2239
2240
2241
2242
2244
2245
2246
2248
2251
2252
2253
2254
2256
2258
2261
2262
2263
2265
2266
2267
2268
2270
2271
2277
2278
2279
2289
2290
2291
2292
2293
2294
2295
2296
2300
2301
2302
2303
2304
2306
2307
2308
2309
2310
2311
2313
2319
2320
2324
2325
2326
2328
2329
2331
2332
2333
2335
2339
2340
2341
2342
2343
2347
2348
2350
2352
2353
2354
2356
2357
2358
2359
2362
2364
2365
2366
2368
2369
2370
2371
2372
2373
2376
2377
2378
2380
2384
2387
2388
2389
2390
2391
2392
2393
2395
2396
2398
2399
2400
2401
2404
2405
2406
2407
2408
2409
2413
2414
2416
2417
2418
2419
2420
2421
2422
2423
2424
2426
2427
2428
2430
2432
2437
2438
2439
2440
2441
2443
2444
2445
2446
2448
2452
2453
2454
2455
2456
2457
2458
2459
2461
2462
2463
2464
2465
2466
2467
2468
2469
2470
2473
2474
2475
2476
2477
2479
2480
2481
2482
2483
2487
2489
2491
2493
2495
2496
2497
2498
2499
2500
2501
2504
2508
2509
2510
2514
2515
2516
2517
2518
2522
2523
2524
2525
2526
2527
2528
2529
2530
2531
2532
2533
2535
2536
2537
2540
2543
2545
2547
2548
2550
2552
2553
2554
2555
2556
2559
2560
2562
2563
2564
2565
2566
2567
2568
2569
2572
2573
2577
2579
2580
2581
2583
2584
2585
2586
2587
2589
2592
2595
2596
2597
2599
2600
2602
2603
2604
2605
2606
2607
2608
2609
2610
2611
2614
2615
2617
2618
2619
2620
2621
2624
2626
2627
2628
2629
2630
2631
2632
2634
2635
2636
2638
2639
2641
2642
2643
2644
2645
2646
2647
2651
2653
2654
2655
2656
2657
2658
