983
1298
2418
717
1823
712
1077
573
3105
546
1344
2596
1760
2676
1496
2156
845
87
548
588
126
569
567
2419
2138
115
1569
711
957
1211
553
543
1343
540
562
2166
1341
521
2184
2428
1218
1568
1387
1926
84
1338
1808
748
1841
129
578
1214
725
1599
960
2427
2006
744
751
289
2810
2675
770
771
753
1802
586
1135
1051
1156
564
568
538
1803
483
839
2420
1333
247
1216
752
582
859
82
721
2591
2089
2554
585
557
2158
2333
575
576
550
1359
309
2334
204
1497
749
1202
826
563
1955
1957
103
1179
551
1388
2152
211
1498
561
1567
258
292
488
2903
555
2426
844
457
847
776
1337
1010
1210
958
851
3060
710
1155
1011
123
571
1799
3088
288
98
390
125
110
984
1861
750
2071
248
584
755
2183
1028
117
566
2242
487
70
246
773
610
2422
1800
1661
202
2421
547
849
453
1384
291
86
2083
2075
1660
8
967
2181
96
518
1350
1008
724
1157
2618
1652
2
130
781
1637
85
529
774
1520
1349
118
694
537
120
3104
1212
452
2794
413
91
1354
2901
1456
2151
2549
131
213
846
556
2881
93
841
560
2090
2906
2078
60
2374
2429
1627
1953
840
542
1499
116
1566
2674
2424
3
2091
1501
554
114
83
253
2208
2347
99
352
1801
959
105
216
1062
731
391
843
2425
1172
1009
1616
2371
2619
486
1805
842
1386
1137
775
1213
1215
520
716
544
772
2856
412
109
2157
1550
345
1854
1818
2595
1165
2705
2590
656
3063
1659
1005
640
2360
747
730
342
1346
579
409
2566
2651
256
1804
11
2209
837
977
980
1033
2862
2892
2897
1219
925
74
2716
214
2668
1925
2237
321
1064
2593
2902
127
2080
113
961
1109
1463
2423
1284
1798
316
2270
124
1287
425
908
714
860
1022
2811
863
713
478
780
223
1158
1029
44
1526
570
157
2180
220
410
1221
1651
1124
498
2376
1713
351
1574
2076
868
357
911
203
356
638
53
3058
2673
107
1148
732
2236
212
2098
1626
783
43
1160
903
2190
835
1611
733
1098
2153
1334
249
2359
111
1159
552
2724
1087
1871
302
154
574
480
875
1383
2808
255
458
1500
165
796
682
1807
1809
934
411
683
149
1399
1289
2996
745
1582
476
642
185
937
341
614
1126
643
1662
2238
350
32
42
2592
1342
1962
2154
2375
2185
2447
1217
128
899
278
347
862
906
1097
418
877
1065
257
583
3065
580
1356
2298
451
870
857
1288
180
19
1319
1286
1835
101
0
153
445
1283
912
122
1392
493
2936
1131
2692
1956
479
397
100
866
1997
2413
459
225
1393
276
1020
1133
1105
148
215
1878
2551
617
800
1031
1519
657
45
1266
2005
151
2661
2961
2980
242
1110
729
1301
856
1201
2060
2947
581
1770
545
1787
1260
1115
1169
221
1598
2723
1680
475
484
403
2444
808
2040
167
886
1830
854
1034
62
933
2518
1806
177
477
662
1
572
2322
326
481
1021
2010
2068
327
735
634
589
64
1964
7
738
1695
2812
208
333
890
2687
536
274
1894
325
597
1304
2271
3024
13
1032
156
885
2688
2297
271
1059
1095
1330
2188
2934
1614
1285
2771
558
756
941
59
469
1096
1236
1650
58
881
915
940
1168
2373
2093
507
1281
1358
1677
324
1815
1884
354
2589
329
587
685
706
2767
1612
2073
2094
421
2164
398
450
791
304
1018
1258
1789
2545
254
332
652
1166
1608
985
1829
172
348
658
884
1353
1480
1729
1817
171
320
499
559
696
874
2616
428
429
1060
224
736
1556
2600
50
673
1139
1255
1256
317
811
1259
1263
1282
1290
1362
1828
2721
497
1625
1874
2067
387
981
991
1321
1772
1822
2044
239
889
1177
1369
1649
1937
2437
176
415
633
1391
1664
1769
9
10
330
782
1068
1084
2277
261
669
784
1968
262
389
465
625
869
1107
1173
1261
1385
1786
1971
1371
1459
1462
2534
16
431
485
619
1332
1470
1663
1980
2548
3103
26
134
381
549
705
1257
1476
1648
1698
1751
1921
3037
3047
166
238
318
338
623
734
924
1479
1967
2045
2404
2999
75
482
720
768
1089
1781
1900
2124
2136
2147
2276
2804
2858
386
423
424
517
746
795
916
986
1348
1394
1580
1740
1814
1840
2084
2258
2481
2782
3001
20
80
159
197
265
275
282
298
339
596
678
763
942
1056
1180
1372
1922
1995
2149
2262
2318
2342
2472
2539
2762
2859
219
233
340
505
661
727
807
825
975
1134
1186
1227
1360
1455
1548
1570
1674
2088
2145
2150
2535
2764
169
173
205
266
290
379
417
432
449
489
659
765
790
888
898
902
1004
1006
1208
1280
1294
1302
1306
1308
1320
1407
1438
1522
1763
1860
1936
1965
2105
2231
2364
2386
2499
2565
2708
2849
2955
2983
3017
3018
108
119
161
194
206
240
259
267
312
435
446
455
463
512
603
707
762
792
793
797
910
918
926
974
993
1036
1144
1147
1224
1315
1326
1441
1444
1447
1578
1643
1707
1773
1819
1892
1896
1910
1938
2095
2135
2139
2143
2146
2240
2247
2343
2361
2398
2430
2460
2735
2795
2802
2910
17
25
39
139
150
189
241
263
281
384
430
438
454
509
526
533
539
708
726
764
767
794
804
806
810
812
892
1019
1132
1145
1170
1185
1226
1245
1293
1314
1318
1340
1347
1355
1357
1461
1531
1552
1573
1774
1824
1935
1989
2074
2086
2087
2141
2142
2205
2241
2252
2287
2313
2328
2388
2410
2459
2473
2482
2492
2498
2521
2528
2550
2763
2779
2790
2871
2946
2960
3087
48
296
310
314
396
494
541
590
718
813
1017
1042
1054
1058
1094
1178
1299
1307
1311
1313
1502
1690
1702
2097
2116
2178
2303
2314
2317
2330
2345
2346
2367
2400
2456
2732
2733
2756
2786
2831
2873
2922
2972
22
23
28
29
49
71
786
1628
785
1972
2513
404
1136
867
2938
414
909
2299
2300
5
344
353
3061
3009
1074
819
2012
2905
1460
41
1063
406
1973
1982
2877
1836
2704
179
1088
1928
3080
1003
787
1268
1079
2522
287
1119
2321
2487
1167
1834
2728
270
2310
611
46
2246
393
6
183
2186
2712
1078
61
1511
702
836
1583
201
175
2758
252
1328
1947
1948
1594
1832
378
1418
850
1833
1106
2227
349
637
639
834
1771
2159
2187
2248
2614
695
1265
1882
2971
51
1104
1396
1490
2610
400
624
992
1728
1788
1961
2219
2615
2690
250
331
601
607
1114
1175
1176
1642
1768
2279
2281
2457
2868
2959
3032
12
18
55
606
665
833
1050
1590
1752
1880
2099
2249
2353
2494
2717
2742
2743
2769
2846
2984
222
273
284
355
691
803
1023
1061
1380
1446
1448
1525
1528
1615
1646
1780
1784
1893
2250
2531
2560
2933
2937
3077
54
164
235
506
612
613
616
630
648
668
739
864
876
893
935
999
1085
1188
1243
1262
1270
1271
1472
1483
1521
1560
1577
1609
1793
1848
1991
2041
2109
2113
2120
2121
2155
2189
2212
2214
2215
2280
2282
2443
2466
2552
2598
2703
2715
2784
2844
2848
2891
2979
2986
3029
56
63
121
234
244
319
360
365
523
602
778
824
832
852
861
900
919
930
964
1066
1067
1113
1220
1238
1370
1403
1419
1435
1477
1524
1527
1557
1561
1591
1610
1622
1632
1696
1785
1790
1820
1933
1966
1969
2039
2056
2102
2106
2110
2118
2123
2137
2160
2234
2245
2264
2319
2323
2380
2383
2385
2389
2393
2402
2435
2483
2601
2602
2603
2625
2672
2683
2693
2694
2787
2876
2898
2925
2932
2964
2966
2967
2970
2978
2985
3102
143
170
174
243
269
419
436
467
531
660
704
737
769
838
887
905
938
939
998
1112
1192
1209
1398
1400
1443
1454
1471
1553
1585
1635
1842
1847
1851
1911
1946
1954
1958
1959
1960
1992
2036
2117
2194
2226
2275
2308
2339
2352
2384
2506
2761
2785
2789
2895
2917
2918
2963
2982
3031
3048
3051
4
14
15
21
24
27
30
31
33
34
35
36
37
38
40
47
52
57
65
66
67
68
69
72
73
76
77
78
79
81
88
89
90
92
94
95
97
102
104
106
112
132
133
135
136
137
138
140
141
142
144
145
146
147
152
155
158
160
162
163
168
178
181
182
184
186
187
188
190
191
192
193
195
196
198
199
200
207
209
210
217
218
226
227
228
229
230
231
232
236
237
245
251
260
264
268
272
277
279
280
283
285
286
293
294
295
297
299
300
301
303
305
306
307
308
311
313
315
322
323
328
334
335
336
337
343
346
358
359
361
362
363
364
366
367
368
369
370
371
372
373
374
375
376
377
380
382
383
385
388
392
394
395
399
401
402
405
407
408
416
420
422
426
427
433
434
437
439
440
441
442
443
444
447
448
456
460
461
462
464
466
468
470
471
472
473
474
490
491
492
495
496
500
501
502
503
504
508
510
511
513
514
515
516
519
522
524
525
527
528
530
532
534
535
565
577
591
592
593
594
595
598
599
600
604
605
608
609
615
618
620
621
622
626
627
628
629
631
632
635
636
641
644
645
646
647
649
650
651
653
654
655
663
664
666
667
670
671
672
674
675
676
677
679
680
681
684
686
687
688
689
690
692
693
697
698
699
700
701
703
709
715
719
722
723
728
740
741
742
743
754
757
758
759
760
761
766
777
779
788
789
798
799
801
802
805
809
814
815
816
817
818
820
821
822
823
827
828
829
830
831
848
853
855
858
865
871
872
873
878
879
880
882
883
891
894
895
896
897
901
904
907
913
914
917
920
921
922
923
927
928
929
931
932
936
943
944
945
946
947
948
949
950
951
952
953
954
955
956
962
963
965
966
968
969
970
971
972
973
976
978
979
982
987
988
989
990
994
995
996
997
1000
1001
1002
1007
1012
1013
1014
1015
1016
1024
1025
1026
1027
1030
1035
1037
1038
1039
1040
1041
1043
1044
1045
1046
1047
1048
1049
1052
1053
1055
1057
1069
1070
1071
1072
1073
1075
1076
1080
1081
1082
1083
1086
1090
1091
1092
1093
1099
1100
1101
1102
1103
1108
1111
1116
1117
1118
1120
1121
1122
1123
1125
1127
1128
1129
1130
1138
1140
1141
1142
1143
1146
1149
1150
1151
1152
1153
1154
1161
1162
1163
1164
1171
1174
1181
1182
1183
1184
1187
1189
1190
1191
1193
1194
1195
1196
1197
1198
1199
1200
1203
1204
1205
1206
1207
1222
1223
1225
1228
1229
1230
1231
1232
1233
1234
1235
1237
1239
1240
1241
1242
1244
1246
1247
1248
1249
1250
1251
1252
1253
1254
1264
1267
1269
1272
1273
1274
1275
1276
1277
1278
1279
1291
1292
1295
1296
1297
1300
1303
1305
1309
1310
1312
1316
1317
1322
1323
1324
1325
1327
1329
1331
1335
1336
1339
1345
1351
1352
1361
1363
1364
1365
1366
1367
1368
1373
1374
1375
1376
1377
1378
1379
1381
1382
1389
1390
1395
1397
1401
1402
1404
1405
1406
1408
1409
1410
1411
1412
1413
1414
1415
1416
1417
1420
1421
1422
1423
1424
1425
1426
1427
1428
1429
1430
1431
1432
1433
1434
1436
1437
1439
1440
1442
1445
1449
1450
1451
1452
1453
1457
1458
1464
1465
1466
1467
1468
1469
1473
1474
1475
1478
1481
1482
1484
1485
1486
1487
1488
1489
1491
1492
1493
1494
1495
1503
1504
1505
1506
1507
1508
1509
1510
1512
1513
1514
1515
1516
1517
1518
1523
1529
1530
1532
1533
1534
1535
1536
1537
1538
1539
1540
1541
1542
1543
1544
1545
1546
1547
1549
1551
1554
1555
1558
1559
1562
1563
1564
1565
1571
1572
1575
1576
1579
1581
1584
1586
1587
1588
1589
1592
1593
1595
1596
1597
1600
1601
1602
1603
1604
1605
1606
1607
1613
1617
1618
1619
1620
1621
1623
1624
1629
1630
1631
1633
1634
1636
1638
1639
1640
1641
1644
1645
1647
1653
1654
1655
1656
1657
1658
1665
1666
1667
1668
1669
1670
1671
1672
1673
1675
1676
1678
1679
1681
1682
1683
1684
1685
1686
1687
1688
1689
1691
1692
1693
1694
1697
1699
1700
1701
1703
1704
1705
1706
1708
1709
1710
1711
1712
1714
1715
1716
1717
1718
1719
1720
1721
1722
1723
1724
1725
1726
1727
1730
1731
1732
1733
1734
1735
1736
1737
1738
1739
1741
1742
1743
1744
1745
1746
1747
1748
1749
1750
1753
1754
1755
1756
1757
1758
1759
1761
1762
1764
1765
1766
1767
1775
1776
1777
1778
1779
1782
1783
1791
1792
1794
1795
1796
1797
1810
1811
1812
1813
1816
1821
1825
1826
1827
1831
1837
1838
1839
1843
1844
1845
1846
1849
1850
1852
1853
1855
1856
1857
1858
1859
1862
1863
1864
1865
1866
1867
1868
1869
1870
1872
1873
1875
1876
1877
1879
1881
1883
1885
1886
1887
1888
1889
1890
1891
1895
1897
1898
1899
1901
1902
1903
1904
1905
1906
1907
1908
1909
1912
1913
1914
1915
1916
1917
1918
1919
1920
1923
1924
1927
1929
1930
1931
1932
1934
1939
1940
1941
1942
1943
1944
1945
1949
1950
1951
1952
1963
1970
1974
1975
1976
1977
1978
1979
1981
1983
1984
1985
1986
1987
1988
1990
1993
1994
1996
1998
1999
2000
2001
2002
2003
2004
2007
2008
2009
2011
2013
2014
2015
2016
2017
2018
2019
2020
2021
2022
2023
2024
2025
2026
2027
2028
2029
2030
2031
2032
2033
2034
2035
2037
2038
2042
2043
2046
2047
2048
2049
2050
2051
2052
2053
2054
2055
2057
2058
2059
2061
2062
2063
2064
2065
2066
2069
2070
2072
2077
2079
2081
2082
2085
2092
2096
2100
2101
2103
2104
2107
2108
2111
2112
2114
2115
2119
2122
2125
2126
2127
2128
2129
2130
2131
2132
2133
2134
2140
2144
2148
2161
2162
2163
2165
2167
2168
2169
2170
2171
2172
2173
2174
2175
2176
2177
2179
2182
2191
2192
2193
2195
2196
2197
2198
2199
2200
2201
2202
2203
2204
2206
2207
2210
2211
2213
2216
2217
2218
2220
2221
2222
2223
2224
2225
2228
2229
2230
2232
2233
2235
2239
2243
2244
2251
2253
2254
2255
2256
2257
2259
2260
2261
2263
2265
2266
2267
2268
2269
2272
2273
2274
2278
2283
2284
2285
2286
2288
2289
2290
2291
2292
2293
2294
2295
2296
2301
2302
2304
2305
2306
2307
2309
2311
2312
2315
2316
2320
2324
2325
2326
2327
2329
2331
2332
2335
2336
2337
2338
2340
2341
2344
2348
2349
2350
2351
2354
2355
2356
2357
2358
2362
2363
2365
2366
2368
2369
2370
2372
2377
2378
2379
2381
2382
2387
2390
2391
2392
2394
2395
2396
2397
2399
2401
2403
2405
2406
2407
2408
2409
2411
2412
2414
2415
2416
2417
2431
2432
2433
2434
2436
2438
2439
2440
2441
2442
2445
2446
2448
2449
2450
2451
2452
2453
2454
2455
2458
2461
2462
2463
2464
2465
2467
2468
2469
2470
2471
2474
2475
2476
2477
2478
2479
2480
2484
2485
2486
2488
2489
2490
2491
2493
2495
2496
2497
2500
2501
2502
2503
2504
2505
2507
2508
2509
2510
2511
2512
2514
2515
2516
2517
2519
2520
2523
2524
2525
2526
2527
2529
2530
2532
2533
2536
2537
2538
2540
2541
2542
2543
2544
2546
2547
2553
2555
2556
2557
2558
2559
2561
2562
2563
2564
2567
2568
2569
2570
2571
2572
2573
2574
2575
2576
2577
2578
2579
2580
2581
2582
2583
2584
2585
2586
2587
2588
2594
2597
2599
2604
2605
2606
2607
2608
2609
2611
2612
2613
2617
2620
2621
2622
2623
2624
2626
2627
2628
2629
2630
2631
2632
2633
2634
2635
2636
2637
2638
2639
2640
2641
2642
2643
2644
2645
2646
2647
2648
2649
2650
2652
2653
2654
2655
2656
2657
2658
2659
2660
2662
2663
2664
2665
2666
2667
2669
2670
2671
2677
2678
2679
2680
2681
2682
2684
2685
2686
2689
2691
2695
2696
2697
2698
2699
2700
2701
2702
2706
2707
2709
2710
2711
2713
2714
2718
2719
2720
2722
2725
2726
2727
2729
2730
2731
2734
2736
2737
2738
2739
2740
2741
2744
2745
2746
2747
2748
2749
2750
2751
2752
2753
2754
2755
2757
2759
2760
2765
2766
2768
2770
2772
2773
2774
2775
2776
2777
2778
2780
2781
2783
2788
2791
2792
2793
2796
2797
2798
2799
2800
2801
2803
2805
2806
2807
2809
2813
2814
2815
2816
2817
2818
2819
2820
2821
2822
2823
2824
2825
2826
2827
2828
2829
2830
2832
2833
2834
2835
2836
2837
2838
2839
2840
2841
2842
2843
2845
2847
2850
2851
2852
2853
2854
2855
2857
2860
2861
2863
2864
2865
2866
2867
2869
2870
2872
2874
2875
2878
2879
2880
2882
2883
2884
2885
2886
2887
2888
2889
2890
2893
2894
2896
2899
2900
2904
2907
2908
2909
2911
2912
2913
2914
2915
2916
2919
2920
2921
2923
2924
2926
2927
2928
2929
2930
2931
2935
2939
2940
2941
2942
2943
2944
2945
2948
2949
2950
2951
2952
2953
2954
2956
2957
2958
2962
2965
2968
2969
2973
2974
2975
2976
2977
2981
2987
2988
2989
2990
2991
2992
2993
2994
2995
2997
2998
3000
3002
3003
3004
3005
3006
3007
3008
3010
3011
3012
3013
3014
3015
3016
3019
3020
3021
3022
3023
3025
3026
3027
3028
3030
3033
3034
3035
3036
3038
3039
3040
3041
3042
3043
3044
3045
3046
3049
3050
3052
3053
3054
3055
3056
3057
3059
3062
3064
3066
3067
3068
3069
3070
3071
3072
3073
3074
3075
3076
3078
3079
3081
3082
3083
3084
3085
3086
3089
3090
3091
3092
3093
3094
3095
3096
3097
3098
3099
3100
3101
3106
3107
3108
3109
3110
3111
3112
3113
3114
3115
