470
2106
195
579
2222
1688
1732
368
446
459
2364
449
451
467
433
1094
1115
445
1252
455
1964
588
1884
929
464
1829
1095
938
2316
2342
460
235
920
458
1386
1485
2511
2341
2158
1830
605
2346
453
1384
413
586
1119
241
580
1388
427
1060
1114
443
765
1102
454
762
888
452
1723
1112
681
2201
2254
917
770
367
2607
665
582
1111
333
1725
1630
200
1482
199
145
992
444
426
1484
439
1719
92
447
472
771
474
471
1727
465
800
240
766
85
435
468
772
450
604
428
336
93
88
1481
1137
815
438
1783
473
338
440
764
337
774
1457
463
442
776
500
603
1116
87
1084
334
1455
1431
1385
1074
1513
1359
769
819
545
1055
197
2177
1713
366
1317
919
409
799
1314
1781
2194
437
1399
1479
775
1253
1456
1705
1718
1828
1120
331
2596
147
1458
691
1987
332
335
680
2520
432
1782
932
686
2190
434
496
339
754
793
2293
243
1730
2469
1085
1605
690
89
1105
1324
2040
90
495
1326
1965
593
456
1469
1110
1807
1100
2041
767
1057
968
933
1567
2357
1483
1279
1034
1401
80
2066
689
1070
694
1320
688
300
685
2574
314
759
1257
748
687
1194
1835
935
682
794
77
2069
420
626
1245
2295
2225
1865
1463
150
2440
2442
252
813
1049
1093
1369
725
1083
2369
2545
266
2242
1101
616
841
2330
1435
497
249
359
751
635
169
699
1402
485
1072
2123
948
1464
2102
358
1087
1256
262
583
1039
2388
1303
2418
306
245
1983
192
250
198
357
2001
749
1023
758
2438
148
2028
928
529
1863
1804
1811
105
153
113
1724
1254
1032
972
247
1044
1387
39
1363
361
1462
1923
1924
299
204
424
701
1264
1466
1026
253
1202
86
1179
1717
1826
251
952
2002
2003
2124
1790
746
1075
2347
970
220
1847
2207
1302
1210
1228
287
1812
2363
486
74
936
1099
2344
530
2
695
363
524
2120
594
2037
134
513
1407
263
364
1518
999
2324
726
1046
1765
638
683
1
1450
750
1473
2010
311
1597
341
360
394
1033
170
1054
1437
106
525
2468
1960
1126
91
1125
258
1043
139
623
2476
2553
176
1005
1801
2243
142
930
1460
2024
2441
248
2260
1220
201
348
246
288
1663
2325
146
295
256
1197
2043
1599
951
1600
194
1144
1255
20
254
798
1430
1633
1888
2068
2279
2390
2492
165
528
894
1216
1227
2052
2340
2401
466
1889
2063
830
1367
2595
196
228
889
944
1106
1117
1118
1269
1313
1372
1474
1934
2303
2304
2594
238
242
265
305
362
400
506
587
612
787
1178
1586
2204
2475
2504
2506
307
136
531
852
1551
1722
1927
2007
0
308
599
620
698
1933
1988
2421
719
785
35
157
520
618
1361
392
488
1508
1540
1827
2394
2529
396
993
1027
5
7
1190
2387
137
403
611
778
1368
1825
1972
1991
2084
2121
2132
2378
2420
2450
2499
1045
1226
2061
64
98
131
1560
1606
1936
2186
2386
257
264
632
1405
1519
1973
215
1319
1443
1800
1961
2352
2513
25
883
1017
1335
1561
1587
2081
2307
2336
2501
2502
546
643
646
1305
1337
1366
1768
1887
2555
2603
97
126
255
365
490
584
585
636
664
826
1061
1103
1823
1866
1867
2368
2461
24
41
127
179
182
397
1002
1071
1225
1322
1426
1523
1680
1734
1840
1846
1905
1912
1975
2278
2290
2546
4
15
45
164
234
259
330
410
507
511
534
547
696
824
886
893
945
1020
1096
1098
1104
1113
1140
1141
1171
1209
1360
1537
1585
1689
1699
1702
1703
1704
1706
1707
1710
1715
1716
1720
1721
1736
1746
1784
1856
1858
1883
1963
2128
2285
2286
2287
2343
2493
2497
12
53
128
149
177
223
347
423
656
703
1340
1438
1452
1589
1970
1995
140
190
384
923
1131
1213
1391
1595
1756
2065
2086
2095
2227
2301
2591
14
27
48
51
62
99
118
186
224
383
422
539
595
634
675
880
885
898
908
994
997
1076
1215
1251
1263
1373
1546
1582
1711
1815
1850
2029
2032
2115
2116
2229
2231
2233
2270
2273
2430
2458
2489
2496
2500
2556
2600
237
273
276
527
541
649
651
657
846
882
902
1018
1207
1218
1221
1268
1323
1325
1425
1446
1691
1946
1948
1951
1953
1955
1959
1994
2169
2321
2326
2356
2407
2565
63
138
168
171
207
239
379
406
499
518
609
655
786
805
862
904
925
953
965
1223
1248
1327
1420
1427
1592
1743
1794
1996
2200
2280
2433
2437
2462
2575
38
101
115
121
122
123
181
291
297
377
391
402
448
597
633
713
740
744
753
783
803
829
847
896
942
995
996
1004
1128
1193
1201
1203
1230
1285
1321
1343
1421
1439
1448
1541
1575
1591
1639
1642
1647
1649
1653
1654
1709
1728
1747
1758
1764
1770
1785
1803
1814
1843
1928
1929
1962
1974
2070
2073
2082
2105
2133
2137
2220
2230
2271
2277
2302
2334
2360
2361
2400
2411
2419
2422
2434
2459
2471
2537
3
32
40
94
144
166
173
296
298
321
327
349
373
416
505
508
515
523
557
589
598
600
613
631
639
645
648
677
679
707
737
780
823
857
861
865
907
924
975
1056
1058
1069
1146
1170
1295
1667
1668
1669
1673
1763
1792
1798
1868
1971
2013
2188
2348
2515
2554
50
102
104
119
371
526
728
821
838
1001
1014
1015
1022
1029
1041
1051
872
875
874
844
871
1332
1329
1246
843
498
873
1330
2034
869
1921
2251
870
934
2226
2328
1919
625
2329
1524
2253
1355
1581
1906
2382
1468
1806
407
408
1349
727
1898
1358
1661
2004
2543
2544
1199
2247
2249
1989
493
1173
2320
1837
2590
553
969
973
718
1809
1813
1876
2257
2375
2524
2525
1024
2139
1169
1559
2337
693
1079
1487
2185
2572
2611
6
221
225
227
978
1872
2256
393
637
700
1177
2457
974
977
1362
1562
2258
2281
2359
2470
574
1148
1176
1234
1238
1241
1242
1243
1244
2234
2269
2415
2267
2274
2275
2578
1174
1665
1849
1903
2391
2431
2447
878
937
1348
1379
1810
2114
2333
2463
16
270
346
512
537
991
1006
1007
1135
1217
1233
1240
1247
1465
1499
2067
2351
2585
46
56
60
108
175
222
244
319
399
421
592
615
619
627
849
926
1235
1520
1681
1805
1822
2143
2198
2205
2397
2416
2444
2449
2488
2522
2564
2569
2579
2599
2605
2609
191
202
203
205
214
236
277
309
320
376
387
388
552
561
614
653
661
717
720
789
797
822
895
913
927
947
956
959
983
986
1003
1037
1038
1086
1109
1132
1133
1136
1142
1143
1145
1211
1250
1266
1274
1280
1299
1306
1316
1328
1334
1344
1347
1396
1398
1404
1428
1459
1505
1526
1548
1549
1569
1571
1602
1610
1624
1628
1637
1638
1641
1643
1648
1650
1678
1686
1687
1690
1692
1693
1700
1726
1737
1787
1821
1832
1839
1844
1851
1886
1909
1944
1947
1952
1954
1957
1982
2000
2006
2026
2027
2033
2071
2076
2078
2085
2135
2193
2199
2237
2240
2259
2262
2263
2266
2292
2323
2332
2353
2358
2370
2412
2427
2456
2464
2467
2523
2558
2581
2617
21
37
59
96
133
188
226
268
281
324
328
395
405
430
441
462
564
572
606
610
650
662
668
708
710
735
757
777
806
856
921
1011
1052
1059
1063
1068
1078
1090
1127
1149
1163
1187
1192
1204
1205
1219
1259
1307
1336
1339
1374
1383
1434
1440
1447
1478
1503
1506
1543
1556
1557
1568
1572
1576
1578
1590
1675
1738
1739
1769
1802
1817
1854
1864
1879
1910
1917
1998
2008
2012
2038
2125
2155
2157
2165
2172
2208
2221
2232
2245
2272
2298
2309
2312
2318
2335
2365
2367
2377
2446
2473
8
9
10
11
13
17
18
19
22
23
26
28
29
30
31
33
34
36
42
43
44
47
49
52
54
55
57
58
61
65
66
67
68
69
70
71
72
73
75
76
78
79
81
82
83
84
95
100
103
107
109
110
111
112
114
116
117
120
124
125
129
130
132
135
141
143
151
152
154
155
156
158
159
160
161
162
163
167
172
174
178
180
183
184
185
187
189
193
206
208
209
210
211
212
213
216
217
218
219
229
230
231
232
233
260
261
267
269
271
272
274
275
278
279
280
282
283
284
285
286
289
290
292
293
294
301
302
303
304
310
312
313
315
316
317
318
322
323
325
326
329
340
342
343
344
345
350
351
352
353
354
355
356
369
370
372
374
375
378
380
381
382
385
386
389
390
398
401
404
411
412
414
415
417
418
419
425
429
431
436
457
461
469
475
476
477
478
479
480
481
482
483
484
487
489
491
492
494
501
502
503
504
509
510
514
516
517
519
521
522
532
533
535
536
538
540
542
543
544
548
549
550
551
554
555
556
558
559
560
562
563
565
566
567
568
569
570
571
573
575
576
577
578
581
590
591
596
601
602
607
608
617
621
622
624
628
629
630
640
641
642
644
647
652
654
658
659
660
663
666
667
669
670
671
672
673
674
676
678
684
692
697
702
704
705
706
709
711
712
714
715
716
721
722
723
724
729
730
731
732
733
734
736
738
739
741
742
743
745
747
752
755
756
760
761
763
768
773
779
781
782
784
788
790
791
792
795
796
801
802
804
807
808
809
810
811
812
814
816
817
818
820
825
827
828
831
832
833
834
835
836
837
839
840
842
845
848
850
851
853
854
855
858
859
860
863
864
866
867
868
876
877
879
881
884
887
890
891
892
897
899
900
901
903
905
906
909
910
911
912
914
915
916
918
922
931
939
940
941
943
946
949
950
954
955
957
958
960
961
962
963
964
966
967
971
976
979
980
981
982
984
985
987
988
989
990
998
1000
1008
1009
1010
1012
1013
1016
1019
1021
1025
1028
1030
1031
1035
1036
1040
1042
1047
1048
1050
1053
1062
1064
1065
1066
1067
1073
1077
1080
1081
1082
1088
1089
1091
1092
1097
1107
1108
1121
1122
1123
1124
1129
1130
1134
1138
1139
1147
1150
1151
1152
1153
1154
1155
1156
1157
1158
1159
1160
1161
1162
1164
1165
1166
1167
1168
1172
1175
1180
1181
1182
1183
1184
1185
1186
1188
1189
1191
1195
1196
1198
1200
1206
1208
1212
1214
1222
1224
1229
1231
1232
1236
1237
1239
1249
1258
1260
1261
1262
1265
1267
1270
1271
1272
1273
1275
1276
1277
1278
1281
1282
1283
1284
1286
1287
1288
1289
1290
1291
1292
1293
1294
1296
1297
1298
1300
1301
1304
1308
1309
1310
1311
1312
1315
1318
1331
1333
1338
1341
1342
1345
1346
1350
1351
1352
1353
1354
1356
1357
1364
1365
1370
1371
1375
1376
1377
1378
1380
1381
1382
1389
1390
1392
1393
1394
1395
1397
1400
1403
1406
1408
1409
1410
1411
1412
1413
1414
1415
1416
1417
1418
1419
1422
1423
1424
1429
1432
1433
1436
1441
1442
1444
1445
1449
1451
1453
1454
1461
1467
1470
1471
1472
1475
1476
1477
1480
1486
1488
1489
1490
1491
1492
1493
1494
1495
1496
1497
1498
1500
1501
1502
1504
1507
1509
1510
1511
1512
1514
1515
1516
1517
1521
1522
1525
1527
1528
1529
1530
1531
1532
1533
1534
1535
1536
1538
1539
1542
1544
1545
1547
1550
1552
1553
1554
1555
1558
1563
1564
1565
1566
1570
1573
1574
1577
1579
1580
1583
1584
1588
1593
1594
1596
1598
1601
1603
1604
1607
1608
1609
1611
1612
1613
1614
1615
1616
1617
1618
1619
1620
1621
1622
1623
1625
1626
1627
1629
1631
1632
1634
1635
1636
1640
1644
1645
1646
1651
1652
1655
1656
1657
1658
1659
1660
1662
1664
1666
1670
1671
1672
1674
1676
1677
1679
1682
1683
1684
1685
1694
1695
1696
1697
1698
1701
1708
1712
1714
1729
1731
1733
1735
1740
1741
1742
1744
1745
1748
1749
1750
1751
1752
1753
1754
1755
1757
1759
1760
1761
1762
1766
1767
1771
1772
1773
1774
1775
1776
1777
1778
1779
1780
1786
1788
1789
1791
1793
1795
1796
1797
1799
1808
1816
1818
1819
1820
1824
1831
1833
1834
1836
1838
1841
1842
1845
1848
1852
1853
1855
1857
1859
1860
1861
1862
1869
1870
1871
1873
1874
1875
1877
1878
1880
1881
1882
1885
1890
1891
1892
1893
1894
1895
1896
1897
1899
1900
1901
1902
1904
1907
1908
1911
1913
1914
1915
1916
1918
1920
1922
1925
1926
1930
1931
1932
1935
1937
1938
1939
1940
1941
1942
1943
1945
1949
1950
1956
1958
1966
1967
1968
1969
1976
1977
1978
1979
1980
1981
1984
1985
1986
1990
1992
1993
1997
1999
2005
2009
2011
2014
2015
2016
2017
2018
2019
2020
2021
2022
2023
2025
2030
2031
2035
2036
2039
2042
2044
2045
2046
2047
2048
2049
2050
2051
2053
2054
2055
2056
2057
2058
2059
2060
2062
2064
2072
2074
2075
2077
2079
2080
2083
2087
2088
2089
2090
2091
2092
2093
2094
2096
2097
2098
2099
2100
2101
2103
2104
2107
2108
2109
2110
2111
2112
2113
2117
2118
2119
2122
2126
2127
2129
2130
2131
2134
2136
2138
2140
2141
2142
2144
2145
2146
2147
2148
2149
2150
2151
2152
2153
2154
2156
2159
2160
2161
2162
2163
2164
2166
2167
2168
2170
2171
2173
2174
2175
2176
2178
2179
2180
2181
2182
2183
2184
2187
2189
2191
2192
2195
2196
2197
2202
2203
2206
2209
2210
2211
2212
2213
2214
2215
2216
2217
2218
2219
2223
2224
2228
2235
2236
2238
2239
2241
2244
2246
2248
2250
2252
2255
2261
2264
2265
2268
2276
2282
2283
2284
2288
2289
2291
2294
2296
2297
2299
2300
2305
2306
2308
2310
2311
2313
2314
2315
2317
2319
2322
2327
2331
2338
2339
2345
2349
2350
2354
2355
2362
2366
2371
2372
2373
2374
2376
2379
2380
2381
2383
2384
2385
2389
2392
2393
2395
2396
2398
2399
2402
2403
2404
2405
2406
2408
2409
2410
2413
2414
2417
2423
2424
2425
2426
2428
2429
2432
2435
2436
2439
2443
2445
2448
2451
2452
2453
2454
2455
2460
2465
2466
2472
2474
2477
2478
2479
2480
2481
2482
2483
2484
2485
2486
2487
2490
2491
2494
2495
2498
2503
2505
2507
2508
2509
2510
2512
2514
2516
2517
2518
2519
2521
2526
2527
2528
2530
2531
2532
2533
2534
2535
2536
2538
2539
2540
2541
2542
2547
2548
2549
2550
2551
2552
2557
2559
2560
2561
2562
2563
2566
2567
2568
2570
2571
2573
2576
2577
2580
2582
2583
2584
2586
2587
2588
2589
2592
2593
2597
2598
2601
2602
2604
2606
2608
2610
2612
2613
2614
2615
2616
