4598
810
4593
831
262
809
734
1853
3188
805
803
1186
118
1068
802
461
633
256
146
259
533
525
152
245
800
499
1105
394
233
636
4715
2585
1266
793
2274
1433
880
349
822
435
1115
3910
820
788
1123
235
1740
260
776
1745
4479
2309
1113
1703
434
3696
191
1258
4072
2132
1495
381
796
375
1260
1744
1122
231
974
1675
440
877
1919
114
460
1000
1091
1103
688
1947
437
811
738
1112
740
628
532
631
418
1713
1690
1758
1432
1129
459
383
1100
3690
415
1711
881
2342
2339
354
500
735
52
1431
2340
1272
446
150
875
787
632
227
1120
535
1688
368
411
1106
1691
2088
405
2730
1789
2660
3153
1734
2281
1949
2002
876
1602
424
1720
1109
1099
382
1270
334
1179
958
1738
1702
2705
277
1725
2536
3703
792
393
376
448
789
2330
3930
229
828
1117
790
2484
1494
419
780
1104
736
234
5001
1824
178
494
4629
498
369
3010
536
1118
444
808
1107
693
2479
4278
946
813
408
630
3489
1176
3148
180
230
1264
1269
815
2604
1048
712
1121
1124
1515
441
1257
531
436
0
640
1268
4413
2815
1110
1287
1754
1693
1173
817
3698
119
711
1821
1116
1265
645
246
371
1739
3689
1820
407
272
1114
315
192
1092
384
737
3008
2535
370
366
823
2341
1271
421
232
1927
428
1259
2109
1069
355
396
4499
23
741
733
1697
607
1262
151
1004
4405
1729
427
502
4628
243
1941
1700
1931
336
445
412
1741
503
1242
825
2580
1261
3537
351
1049
257
554
1862
425
1752
140
1595
1924
1182
523
1125
794
2646
901
2001
1409
2362
4046
1945
1760
1054
797
798
489
826
1527
879
113
4625
149
1701
1716
157
1925
236
2218
3220
422
1093
190
2364
402
4556
120
17
1762
722
1791
404
1689
143
3316
2677
18
4855
2369
248
2707
365
1073
2202
866
3796
183
2878
2729
1794
430
266
377
155
944
728
392
1957
1273
2318
123
2603
1676
2087
3908
1312
433
806
1694
276
3198
3089
4387
2323
1922
1519
5064
1894
240
3673
3419
975
1685
1250
1119
3699
1592
372
1
443
4428
2093
447
1733
870
386
583
1944
1678
1390
3934
367
77
3502
3829
2208
501
2354
2370
244
3086
4
1195
85
432
1066
177
374
387
3933
471
883
1790
1699
692
293
2206
359
3932
629
3931
2723
1295
2095
442
3264
142
3012
1056
200
125
1792
1724
727
987
1933
1683
5150
2036
2493
1761
1953
105
267
681
1705
3392
814
136
1206
1512
1051
2014
807
1404
3033
1551
2857
1923
1719
2410
878
199
4674
2377
476
2335
4343
3358
1704
951
186
1395
1581
129
3147
729
238
1255
2338
1749
3204
2096
1706
634
1913
479
884
1322
1926
2368
1755
48
3729
5232
3688
512
1372
2193
2383
5038
3789
3174
1510
2487
475
2733
184
689
389
13
3659
2127
1050
478
1680
1518
1024
4742
1474
409
145
100
3998
2312
2969
625
194
2850
555
3247
1921
659
1753
2213
481
1032
515
3105
683
144
212
830
1715
2197
1523
3128
3064
2485
1956
2483
1712
3778
2675
1698
1578
1889
4028
364
1516
804
2308
751
2636
3730
1274
2237
1847
1394
1584
380
241
1707
709
2329
1799
353
3319
182
1793
653
1804
2746
2643
569
2496
1012
2116
1321
538
1088
124
926
1594
3072
64
270
2491
198
268
75
1194
1920
286
1946
154
2879
1951
666
795
2094
148
3140
1300
600
5075
2759
122
990
4318
819
613
1178
597
1684
2085
101
1844
2129
846
646
1187
511
724
1737
1063
385
648
1008
363
730
1211
294
189
1591
127
2992
2802
429
719
4946
5185
1718
4542
188
576
288
11
604
116
4511
1800
1226
1599
4328
4341
21
1628
2724
644
1959
602
953
158
4926
1915
2099
5057
682
1289
1375
463
1788
1216
582
273
966
1402
1722
791
731
3961
732
4080
2371
2010
568
395
1416
9
1220
1314
3897
4602
941
4641
2142
3053
2130
1764
821
3223
2745
1421
3991
1006
3336
764
669
2225
1138
406
1866
812
237
1090
5122
1299
2214
1666
1343
3029
1023
1371
2258
468
2853
4425
3481
1033
1813
950
1929
3023
3
1743
449
1776
1225
3538
4875
54
1407
1197
1942
3663
110
598
1280
2793
715
2664
5152
1500
356
1708
691
84
673
668
4718
3019
4502
4202
1937
1735
3476
5080
5175
1135
2092
1936
2713
1169
2174
169
1465
2545
3395
1217
963
24
280
5142
2607
611
516
3422
207
46
1785
4185
1682
291
3597
4266
2086
2100
702
714
1656
4579
1196
3030
1296
1757
4001
3719
743
695
3068
772
62
488
1240
153
1339
1219
2215
1477
2004
3375
1149
1934
973
126
1038
2471
5094
1778
524
4058
1930
1955
2343
3237
2046
1317
1044
2673
20
2457
208
5
1233
287
1042
3635
1060
960
549
5043
176
1087
58
2444
1781
181
1553
895
2300
1566
1071
1692
1457
506
923
4418
1009
1742
1277
581
3371
5116
3233
1943
3054
3508
1748
202
2807
4774
4082
937
955
2556
1860
320
2975
594
1499
1507
3549
1427
2350
1787
38
1783
982
3488
3505
1353
1511
2602
4736
1529
4146
1162
1695
2063
1601
557
3864
3334
3380
4192
7
4812
1681
1521
834
115
651
2695
1750
4136
172
469
897
1497
561
2708
1709
739
3239
1222
2692
2506
2509
1034
579
5153
2690
102
3817
965
2138
2840
5134
1387
66
4752
3494
2570
165
2355
838
1213
1891
1629
2133
2567
827
857
1540
1986
4617
2216
3831
2814
1059
1293
1278
3870
26
2663
2817
4111
2511
699
1649
4070
2512
1254
2191
2993
1872
595
2809
3705
96
902
2043
275
3989
509
996
1950
1393
1315
671
251
679
4351
781
2152
171
2204
4509
2105
2353
4106
71
1537
5218
1323
2078
1292
2900
3603
1710
4327
242
2996
1728
1775
431
3327
2163
1938
2139
642
2592
1841
4138
61
2976
1037
10
74
2620
1774
2784
4483
3718
3996
2287
962
76
340
672
2582
2137
3599
2521
50
609
350
3273
882
2442
2845
3022
390
274
465
558
1028
2123
784
2783
5196
2198
520
253
1228
3383
2249
2186
721
4009
70
179
3522
3122
173
175
1928
345
2289
1782
2106
1888
3275
1940
4612
1036
2165
2593
2192
3144
42
56
756
2103
560
2060
1885
2712
697
774
1763
2586
1856
2934
43
378
2747
1058
1840
4191
3523
528
1185
2301
2520
3583
252
1756
5141
1389
619
3052
1880
3605
947
1526
2863
3888
1786
3827
4721
1316
3241
858
1458
2020
210
833
1658
3274
4286
4073
2183
1045
14
128
2971
3077
865
3108
3793
2303
1589
1337
3845
3993
1204
4187
4188
1905
2781
2395
185
592
1410
1981
3040
3181
4803
860
224
1975
453
1159
3501
4735
723
1177
1360
2789
134
1047
3511
44
211
3842
932
2003
2438
3323
1031
1367
2162
2659
4871
32
1812
4691
1325
2231
2877
3397
3593
59
562
704
1230
1932
452
967
2307
3024
3080
3440
3594
1212
1596
4454
6
2376
3155
1027
2791
3733
1839
410
2510
2891
859
2220
4170
4667
1633
3585
4205
1963
2770
3450
1067
2228
1687
1464
836
853
1310
4697
137
1181
2037
2157
2462
2786
2788
3960
490
564
572
1078
1232
1651
2972
570
670
1248
1723
2117
2173
3890
170
1029
1215
1489
1573
1136
507
1381
2230
3069
401
667
925
959
1896
2149
2569
4284
566
599
83
1814
2128
156
347
745
1319
1414
3997
832
1837
3482
60
1040
2264
2431
3021
686
1496
1655
98
514
703
1677
2121
2752
3039
3101
968
1505
2299
4614
1854
3483
4045
72
759
1349
2158
4608
4616
4634
1205
1503
2065
758
1180
1239
2513
4582
41
961
1193
1600
2764
3304
4209
664
1383
1486
1641
1350
1332
1645
2296
2609
3107
4440
1958
2255
1153
1535
3131
3215
3515
4464
45
162
3496
4201
1858
2613
3623
4203
4615
1536
3202
3333
4094
4338
5017
1541
3224
25
214
1079
3498
3590
4165
4494
526
1721
2034
3995
55
325
1030
1170
1192
1334
1462
1548
3732
1094
2015
2110
2923
82
1304
1329
1356
2539
2719
3660
4601
546
763
2200
2243
5056
888
2160
2253
3057
3090
3302
3435
3716
3892
4008
5128
1305
1533
1846
2386
2583
3670
400
574
849
924
2118
2147
3396
3977
5074
748
1164
3625
3862
4753
131
209
835
2107
2905
3035
3168
1361
1534
1746
2207
3120
4969
542
2880
3093
4194
53
92
848
1201
1202
1686
2617
2820
3098
3246
3248
3324
3427
3828
3860
67
90
563
2227
2657
4660
174
281
284
454
660
839
847
1183
1203
1236
1874
2038
2084
2182
2205
2440
2500
2508
2629
2884
3182
3326
3356
4345
89
164
167
718
1010
1481
1502
1504
1554
1598
1939
1999
2079
2652
2755
3032
3479
3748
3840
5095
27
51
112
379
1209
1214
1736
1954
2217
2223
2893
3027
3031
3073
3874
4287
5010
5011
219
1137
1199
1379
1571
1751
1759
2068
2611
2984
3059
3303
3801
4421
5002
1241
1460
2134
2716
2811
2899
3342
283
575
618
935
936
979
995
1227
1231
1461
1490
1627
1993
2019
2061
2076
2145
2164
2171
2226
2441
2447
2525
2587
2907
2913
2953
3050
3063
3453
3562
4276
4300
87
716
766
1150
1348
1575
1577
1679
1903
1935
1952
1988
2181
2229
2433
2550
2826
3091
3439
3464
3640
3963
4101
4796
852
933
1039
1224
1308
1654
1876
1978
2081
2159
2212
2246
2434
2649
2846
2922
3872
4088
4120
4970
29
223
330
578
641
1046
1065
1074
1191
1378
1532
1568
1870
2097
2166
2184
2190
2210
2715
2757
2822
2837
3290
3328
3416
3545
3578
4121
4452
4455
34
168
565
596
612
680
698
1011
1198
1385
1484
1653
1660
1664
1855
1865
1873
1875
1877
1886
2154
2201
2266
2427
2474
2507
2632
2654
2760
2921
2964
3018
3124
3339
3401
3402
3429
3548
3814
3837
3866
3978
3982
4122
4158
4214
4379
4451
4725
4790
5230
86
285
567
639
658
1020
1294
1303
1338
1768
1816
1998
2156
2502
2551
2777
3007
3632
4212
4604
4793
5180
68
73
80
81
3117
2727
3118
2728
4144
3115
4147
4142
2348
249
247
5148
4414
1256
4166
2537
1470
1263
1126
2347
1101
4643
2000
1130
1127
250
1102
4489
239
2337
271
5151
1111
3611
263
4149
1267
1053
2344
3251
3009
2360
2358
3770
4086
3701
4994
5073
3317
3088
458
1822
1832
4560
1514
4716
3702
3697
2480
258
1084
2990
3146
3423
3695
3700
1827
2381
5187
2367
5105
2497
2482
2351
4627
3315
2481
2115
1914
3082
1828
2486
1408
816
3221
3692
2495
3161
3922
2315
4642
4689
265
1368
5027
1147
2336
3694
2492
2363
2275
1508
2409
3011
4540
1829
4631
2467
1830
117
818
264
3693
4717
2357
2345
5079
2333
2361
1282
1836
537
1281
3433
1475
4179
228
1108
2319
2494
2818
3060
2316
2349
4944
4528
2741
1583
2735
3152
1279
999
829
3114
2946
1369
3644
3662
4495
269
713
1370
4285
4083
3219
4279
874
2380
4664
586
3691
5026
2114
2469
2331
1798
530
3948
2731
647
1284
1438
254
4079
1172
2779
3081
1391
2378
2991
4253
553
2328
2365
3411
3661
2294
2295
3313
993
522
801
1283
1524
1826
4164
593
886
2324
4500
1784
3838
3741
1552
2763
2017
1425
2321
2072
1128
539
1285
3504
2945
2466
521
3784
5198
1833
3116
1435
4639
1405
3259
3076
4065
4748
65
4150
4350
255
3092
2320
2956
2989
4230
4636
3028
2379
4937
984
2463
3600
4620
5113
584
3362
3615
4002
4321
1802
4169
1415
3287
3851
3914
720
945
1434
2796
5103
3203
585
4514
1057
2732
708
998
1151
2009
2
4513
2970
4686
1430
1635
1593
1517
4626
2515
2835
216
2680
3634
4195
5199
2947
824
1528
2070
2310
2544
4148
1777
2734
1522
2326
261
2311
1096
2058
3096
3724
5104
994
4637
473
1482
2008
3379
4193
2011
2104
22
4465
1632
2282
3041
28
49
753
2876
3113
873
2422
2546
1483
1843
1200
1513
1977
4995
4854
2696
3150
3154
1249
2334
3480
15
1478
4544
8
1072
1398
1422
2490
3954
4665
19
31
910
1801
2317
2948
3953
147
627
2102
2672
4199
1884
472
637
1081
1298
1436
1520
2498
215
1579
3149
3852
3794
1842
464
2452
3014
3633
4152
5087
885
1555
3102
3917
4390
35
1437
2489
2750
2792
3243
3491
4357
580
1355
1543
2031
2278
2706
3643
4857
762
2012
2211
2280
3364
5097
30
534
934
1440
2291
2298
3261
4127
79
1166
2754
3055
3130
4160
4349
5077
989
991
1133
1549
2067
2595
2685
3618
3873
4406
5201
133
1052
1630
1647
2702
2870
3503
3667
4090
4267
799
956
992
1631
1650
2468
2666
2717
3079
3318
3921
4370
4407
187
193
2203
3769
4740
213
976
1420
1442
1542
2024
2407
3307
3992
4430
5172
195
466
589
610
862
1061
1083
1424
1428
2408
2418
2538
2564
2642
2662
2782
3260
3355
3372
3958
4023
4074
4670
4729
4809
5024
5200
510
665
970
985
2030
2313
2346
2641
2847
3451
3588
3749
3844
3871
3939
4105
4227
4694
4982
864
1152
1157
1165
1223
2066
2623
2778
2901
3178
3500
4139
4365
4704
4705
4850
4878
196
201
559
614
891
1544
1825
1845
2194
2302
2404
2514
2864
2982
3006
3256
3543
3606
3610
4014
4443
4730
63
556
661
663
964
988
1247
1320
1441
1582
1646
1817
1893
2018
2021
2101
2366
2645
2748
2838
2926
2943
2983
2995
3049
3142
3240
3320
3385
3463
3681
3710
3804
3915
4171
4178
4301
4339
4696
4745
5107
78
111
588
675
1055
1252
1403
1429
2284
2285
2286
2601
2714
2950
2977
2981
3792
3802
4015
4190
4254
4360
4510
4520
4594
37
69
197
742
757
912
1155
1184
1229
1426
1476
1819
2504
2640
2678
2761
3151
3234
3258
3444
3506
3512
3612
3645
3753
3881
4196
4386
4572
4603
4613
4618
138
289
292
462
474
529
552
573
694
726
768
837
920
949
986
1013
1035
1070
1132
1311
1347
1386
1472
1509
1636
1657
1717
1779
1795
1892
2016
2074
2172
2221
2305
2306
2634
2674
2689
2776
2868
2894
2925
2936
3015
3067
3094
3157
3185
3190
3196
3205
3225
3368
3369
3393
3408
3409
3472
3529
3668
3674
3675
3683
3711
3751
3757
3773
3943
3999
4029
4097
4104
4126
4130
4225
4251
4320
4326
4378
4496
4547
4662
4739
4821
4863
4879
4938
4939
4978
5059
5167
5190
12
16
95
163
221
391
608
775
900
939
1080
1171
1307
1374
1498
1545
1565
1567
1574
1580
1603
1604
1606
1609
1610
1644
1659
1765
1766
1771
1823
1831
2027
2029
2257
2261
2268
2283
2327
2398
2435
2436
2456
2548
2549
2686
2709
2720
2810
2833
2852
2862
2912
2937
2961
3103
3106
3109
3170
3232
3257
3351
3352
3365
3384
3454
3490
3624
3676
3682
3722
3766
3799
3818
3820
3821
3822
3823
3830
3832
3843
3846
3891
3941
3951
3964
3970
4027
4038
4159
4174
4325
4371
4395
4408
4453
4512
4577
4578
4581
4673
4738
4750
4759
4827
4839
4840
4922
5003
5065
5138
40
88
91
159
451
513
606
896
903
918
919
1007
1021
1160
1392
1400
1479
1588
1597
1808
1918
2022
2023
2209
2219
2224
2276
2352
2389
2425
2426
2455
2488
2519
2721
2803
2823
2824
2829
2949
2968
2980
3025
3038
3075
3139
3180
3283
3398
3417
3499
3561
3622
3680
3728
3857
3936
3938
3947
4018
4030
4091
4137
4184
4302
4309
4391
4450
4516
4644
4743
4832
4833
5019
5089
33
36
39
47
57
93
94
97
99
103
104
106
107
108
109
121
130
132
135
139
141
160
161
166
203
204
205
206
217
218
220
222
225
226
278
279
282
290
295
296
297
298
299
300
301
302
303
304
305
306
307
308
309
310
311
312
313
314
316
317
318
319
321
322
323
324
326
327
328
329
331
332
333
335
337
338
339
341
342
343
344
346
348
352
357
358
360
361
362
373
388
397
398
399
403
413
414
416
417
420
423
426
438
439
450
455
456
457
467
470
477
480
482
483
484
485
486
487
491
492
493
495
496
497
504
505
508
517
518
519
527
540
541
543
544
545
547
548
550
551
571
577
587
590
591
601
603
605
615
616
617
620
621
622
623
624
626
635
638
643
649
650
652
654
655
656
657
662
674
676
677
678
684
685
687
690
696
700
701
705
706
707
710
717
725
744
746
747
749
750
752
754
755
760
761
765
767
769
770
771
773
777
778
779
782
783
785
786
840
841
842
843
844
845
850
851
854
855
856
861
863
867
868
869
871
872
887
889
890
892
893
894
898
899
904
905
906
907
908
909
911
913
914
915
916
917
921
922
927
928
929
930
931
938
940
942
943
948
952
954
957
969
971
972
977
978
980
981
983
997
1001
1002
1003
1005
1014
1015
1016
1017
1018
1019
1022
1025
1026
1041
1043
1062
1064
1075
1076
1077
1082
1085
1086
1089
1095
1097
1098
1131
1134
1139
1140
1141
1142
1143
1144
1145
1146
1148
1154
1156
1158
1161
1163
1167
1168
1174
1175
1188
1189
1190
1207
1208
1210
1218
1221
1234
1235
1237
1238
1243
1244
1245
1246
1251
1253
1275
1276
1286
1288
1290
1291
1297
1301
1302
1306
1309
1313
1318
1324
1326
1327
1328
1330
1331
1333
1335
1336
1340
1341
1342
1344
1345
1346
1351
1352
1354
1357
1358
1359
1362
1363
1364
1365
1366
1373
1376
1377
1380
1382
1384
1388
1396
1397
1399
1401
1406
1411
1412
1413
1417
1418
1419
1423
1439
1443
1444
1445
1446
1447
1448
1449
1450
1451
1452
1453
1454
1455
1456
1459
1463
1466
1467
1468
1469
1471
1473
1480
1485
1487
1488
1491
1492
1493
1501
1506
1525
1530
1531
1538
1539
1546
1547
1550
1556
1557
1558
1559
1560
1561
1562
1563
1564
1569
1570
1572
1576
1585
1586
1587
1590
1605
1607
1608
1611
1612
1613
1614
1615
1616
1617
1618
1619
1620
1621
1622
1623
1624
1625
1626
1634
1637
1638
1639
1640
1642
1643
1648
1652
1661
1662
1663
1665
1667
1668
1669
1670
1671
1672
1673
1674
1696
1714
1726
1727
1730
1731
1732
1747
1767
1769
1770
1772
1773
1780
1796
1797
1803
1805
1806
1807
1809
1810
1811
1815
1818
1834
1835
1838
1848
1849
1850
1851
1852
1857
1859
1861
1863
1864
1867
1868
1869
1871
1878
1879
1881
1882
1883
1887
1890
1895
1897
1898
1899
1900
1901
1902
1904
1906
1907
1908
1909
1910
1911
1912
1916
1917
1948
1960
1961
1962
1964
1965
1966
1967
1968
1969
1970
1971
1972
1973
1974
1976
1979
1980
1982
1983
1984
1985
1987
1989
1990
1991
1992
1994
1995
1996
1997
2005
2006
2007
2013
2025
2026
2028
2032
2033
2035
2039
2040
2041
2042
2044
2045
2047
2048
2049
2050
2051
2052
2053
2054
2055
2056
2057
2059
2062
2064
2069
2071
2073
2075
2077
2080
2082
2083
2089
2090
2091
2098
2108
2111
2112
2113
2119
2120
2122
2124
2125
2126
2131
2135
2136
2140
2141
2143
2144
2146
2148
2150
2151
2153
2155
2161
2167
2168
2169
2170
2175
2176
2177
2178
2179
2180
2185
2187
2188
2189
2195
2196
2199
2222
2232
2233
2234
2235
2236
2238
2239
2240
2241
2242
2244
2245
2247
2248
2250
2251
2252
2254
2256
2259
2260
2262
2263
2265
2267
2269
2270
2271
2272
2273
2277
2279
2288
2290
2292
2293
2297
2304
2314
2322
2325
2332
2356
2359
2372
2373
2374
2375
2382
2384
2385
2387
2388
2390
2391
2392
2393
2394
2396
2397
2399
2400
2401
2402
2403
2405
2406
2411
2412
2413
2414
2415
2416
2417
2419
2420
2421
2423
2424
2428
2429
2430
2432
2437
2439
2443
2445
2446
2448
2449
2450
2451
2453
2454
2458
2459
2460
2461
2464
2465
2470
2472
2473
2475
2476
2477
2478
2499
2501
2503
2505
2516
2517
2518
2522
2523
2524
2526
2527
2528
2529
2530
2531
2532
2533
2534
2540
2541
2542
2543
2547
2552
2553
2554
2555
2557
2558
2559
2560
2561
2562
2563
2565
2566
2568
2571
2572
2573
2574
2575
2576
2577
2578
2579
2581
2584
2588
2589
2590
2591
2594
2596
2597
2598
2599
2600
2605
2606
2608
2610
2612
2614
2615
2616
2618
2619
2621
2622
2624
2625
2626
2627
2628
2630
2631
2633
2635
2637
2638
2639
2644
2647
2648
2650
2651
2653
2655
2656
2658
2661
2665
2667
2668
2669
2670
2671
2676
2679
2681
2682
2683
2684
2687
2688
2691
2693
2694
2697
2698
2699
2700
2701
2703
2704
2710
2711
2718
2722
2725
2726
2736
2737
2738
2739
2740
2742
2743
2744
2749
2751
2753
2756
2758
2762
2765
2766
2767
2768
2769
2771
2772
2773
2774
2775
2780
2785
2787
2790
2794
2795
2797
2798
2799
2800
2801
2804
2805
2806
2808
2812
2813
2816
2819
2821
2825
2827
2828
2830
2831
2832
2834
2836
2839
2841
2842
2843
2844
2848
2849
2851
2854
2855
2856
2858
2859
2860
2861
2865
2866
2867
2869
2871
2872
2873
2874
2875
2881
2882
2883
2885
2886
2887
2888
2889
2890
2892
2895
2896
2897
2898
2902
2903
2904
2906
2908
2909
2910
2911
2914
2915
2916
2917
2918
2919
2920
2924
2927
2928
2929
2930
2931
2932
2933
2935
2938
2939
2940
2941
2942
2944
2951
2952
2954
2955
2957
2958
2959
2960
2962
2963
2965
2966
2967
2973
2974
2978
2979
2985
2986
2987
2988
2994
2997
2998
2999
3000
3001
3002
3003
3004
3005
3013
3016
3017
3020
3026
3034
3036
3037
3042
3043
3044
3045
3046
3047
3048
3051
3056
3058
3061
3062
3065
3066
3070
3071
3074
3078
3083
3084
3085
3087
3095
3097
3099
3100
3104
3110
3111
3112
3119
3121
3123
3125
3126
3127
3129
3132
3133
3134
3135
3136
3137
3138
3141
3143
3145
3156
3158
3159
3160
3162
3163
3164
3165
3166
3167
3169
3171
3172
3173
3175
3176
3177
3179
3183
3184
3186
3187
3189
3191
3192
3193
3194
3195
3197
3199
3200
3201
3206
3207
3208
3209
3210
3211
3212
3213
3214
3216
3217
3218
3222
3226
3227
3228
3229
3230
3231
3235
3236
3238
3242
3244
3245
3249
3250
3252
3253
3254
3255
3262
3263
3265
3266
3267
3268
3269
3270
3271
3272
3276
3277
3278
3279
3280
3281
3282
3284
3285
3286
3288
3289
3291
3292
3293
3294
3295
3296
3297
3298
3299
3300
3301
3305
3306
3308
3309
3310
3311
3312
3314
3321
3322
3325
3329
3330
3331
3332
3335
3337
3338
3340
3341
3343
3344
3345
3346
3347
3348
3349
3350
3353
3354
3357
3359
3360
3361
3363
3366
3367
3370
3373
3374
3376
3377
3378
3381
3382
3386
3387
3388
3389
3390
3391
3394
3399
3400
3403
3404
3405
3406
3407
3410
3412
3413
3414
3415
3418
3420
3421
3424
3425
3426
3428
3430
3431
3432
3434
3436
3437
3438
3441
3442
3443
3445
3446
3447
3448
3449
3452
3455
3456
3457
3458
3459
3460
3461
3462
3465
3466
3467
3468
3469
3470
3471
3473
3474
3475
3477
3478
3484
3485
3486
3487
3492
3493
3495
3497
3507
3509
3510
3513
3514
3516
3517
3518
3519
3520
3521
3524
3525
3526
3527
3528
3530
3531
3532
3533
3534
3535
3536
3539
3540
3541
3542
3544
3546
3547
3550
3551
3552
3553
3554
3555
3556
3557
3558
3559
3560
3563
3564
3565
3566
3567
3568
3569
3570
3571
3572
3573
3574
3575
3576
3577
3579
3580
3581
3582
3584
3586
3587
3589
3591
3592
3595
3596
3598
3601
3602
3604
3607
3608
3609
3613
3614
3616
3617
3619
3620
3621
3626
3627
3628
3629
3630
3631
3636
3637
3638
3639
3641
3642
3646
3647
3648
3649
3650
3651
3652
3653
3654
3655
3656
3657
3658
3664
3665
3666
3669
3671
3672
3677
3678
3679
3684
3685
3686
3687
3704
3706
3707
3708
3709
3712
3713
3714
3715
3717
3720
3721
3723
3725
3726
3727
3731
3734
3735
3736
3737
3738
3739
3740
3742
3743
3744
3745
3746
3747
3750
3752
3754
3755
3756
3758
3759
3760
3761
3762
3763
3764
3765
3767
3768
3771
3772
3774
3775
3776
3777
3779
3780
3781
3782
3783
3785
3786
3787
3788
3790
3791
3795
3797
3798
3800
3803
3805
3806
3807
3808
3809
3810
3811
3812
3813
3815
3816
3819
3824
3825
3826
3833
3834
3835
3836
3839
3841
3847
3848
3849
3850
3853
3854
3855
3856
3858
3859
3861
3863
3865
3867
3868
3869
3875
3876
3877
3878
3879
3880
3882
3883
3884
3885
3886
3887
3889
3893
3894
3895
3896
3898
3899
3900
3901
3902
3903
3904
3905
3906
3907
3909
3911
3912
3913
3916
3918
3919
3920
3923
3924
3925
3926
3927
3928
3929
3935
3937
3940
3942
3944
3945
3946
3949
3950
3952
3955
3956
3957
3959
3962
3965
3966
3967
3968
3969
3971
3972
3973
3974
3975
3976
3979
3980
3981
3983
3984
3985
3986
3987
3988
3990
3994
4000
4003
4004
4005
4006
4007
4010
4011
4012
4013
4016
4017
4019
4020
4021
4022
4024
4025
4026
4031
4032
4033
4034
4035
4036
4037
4039
4040
4041
4042
4043
4044
4047
4048
4049
4050
4051
4052
4053
4054
4055
4056
4057
4059
4060
4061
4062
4063
4064
4066
4067
4068
4069
4071
4075
4076
4077
4078
4081
4084
4085
4087
4089
4092
4093
4095
4096
4098
4099
4100
4102
4103
4107
4108
4109
4110
4112
4113
4114
4115
4116
4117
4118
4119
4123
4124
4125
4128
4129
4131
4132
4133
4134
4135
4140
4141
4143
4145
4151
4153
4154
4155
4156
4157
4161
4162
4163
4167
4168
4172
4173
4175
4176
4177
4180
4181
4182
4183
4186
4189
4197
4198
4200
4204
4206
4207
4208
4210
4211
4213
4215
4216
4217
4218
4219
4220
4221
4222
4223
4224
4226
4228
4229
4231
4232
4233
4234
4235
4236
4237
4238
4239
4240
4241
4242
4243
4244
4245
4246
4247
4248
4249
4250
4252
4255
4256
4257
4258
4259
4260
4261
4262
4263
4264
4265
4268
4269
4270
4271
4272
4273
4274
4275
4277
4280
4281
4282
4283
4288
4289
4290
4291
4292
4293
4294
4295
4296
4297
4298
4299
4303
4304
4305
4306
4307
4308
4310
4311
4312
4313
4314
4315
4316
4317
4319
4322
4323
4324
4329
4330
4331
4332
4333
4334
4335
4336
4337
4340
4342
4344
4346
4347
4348
4352
4353
4354
4355
4356
4358
4359
4361
4362
4363
4364
4366
4367
4368
4369
4372
4373
4374
4375
4376
4377
4380
4381
4382
4383
4384
4385
4388
4389
4392
4393
4394
4396
4397
4398
4399
4400
4401
4402
4403
4404
4409
4410
4411
4412
4415
4416
4417
4419
4420
4422
4423
4424
4426
4427
4429
4431
4432
4433
4434
4435
4436
4437
4438
4439
4441
4442
4444
4445
4446
4447
4448
4449
4456
4457
4458
4459
4460
4461
4462
4463
4466
4467
4468
4469
4470
4471
4472
4473
4474
4475
4476
4477
4478
4480
4481
4482
4484
4485
4486
4487
4488
4490
4491
4492
4493
4497
4498
4501
4503
4504
4505
4506
4507
4508
4515
4517
4518
4519
4521
4522
4523
4524
4525
4526
4527
4529
4530
4531
4532
4533
4534
4535
4536
4537
4538
4539
4541
4543
4545
4546
4548
4549
4550
4551
4552
4553
4554
4555
4557
4558
4559
4561
4562
4563
4564
4565
4566
4567
4568
4569
4570
4571
4573
4574
4575
4576
4580
4583
4584
4585
4586
4587
4588
4589
4590
4591
4592
4595
4596
4597
4599
4600
4605
4606
4607
4609
4610
4611
4619
4621
4622
4623
4624
4630
4632
4633
4635
4638
4640
4645
4646
4647
4648
4649
4650
4651
4652
4653
4654
4655
4656
4657
4658
4659
4661
4663
4666
4668
4669
4671
4672
4675
4676
4677
4678
4679
4680
4681
4682
4683
4684
4685
4687
4688
4690
4692
4693
4695
4698
4699
4700
4701
4702
4703
4706
4707
4708
4709
4710
4711
4712
4713
4714
4719
4720
4722
4723
4724
4726
4727
4728
4731
4732
4733
4734
4737
4741
4744
4746
4747
4749
4751
4754
4755
4756
4757
4758
4760
4761
4762
4763
4764
4765
4766
4767
4768
4769
4770
4771
4772
4773
4775
4776
4777
4778
4779
4780
4781
4782
4783
4784
4785
4786
4787
4788
4789
4791
4792
4794
4795
4797
4798
4799
4800
4801
4802
4804
4805
4806
4807
4808
4810
4811
4813
4814
4815
4816
4817
4818
4819
4820
4822
4823
4824
4825
4826
4828
4829
4830
4831
4834
4835
4836
4837
4838
4841
4842
4843
4844
4845
4846
4847
4848
4849
4851
4852
4853
4856
4858
4859
4860
4861
4862
4864
4865
4866
4867
4868
4869
4870
4872
4873
4874
4876
4877
4880
4881
4882
4883
4884
4885
4886
4887
4888
4889
4890
4891
4892
4893
4894
4895
4896
4897
4898
4899
4900
4901
4902
4903
4904
4905
4906
4907
4908
4909
4910
4911
4912
4913
4914
4915
4916
4917
4918
4919
4920
4921
4923
4924
4925
4927
4928
4929
4930
4931
4932
4933
4934
4935
4936
4940
4941
4942
4943
4945
4947
4948
4949
4950
4951
4952
4953
4954
4955
4956
4957
4958
4959
4960
4961
4962
4963
4964
4965
4966
4967
4968
4971
4972
4973
4974
4975
4976
4977
4979
4980
4981
4983
4984
4985
4986
4987
4988
4989
4990
4991
4992
4993
4996
4997
4998
4999
5000
5004
5005
5006
5007
5008
5009
5012
5013
5014
5015
5016
5018
5020
5021
5022
5023
5025
5028
5029
5030
5031
5032
5033
5034
5035
5036
5037
5039
5040
5041
5042
5044
5045
5046
5047
5048
5049
5050
5051
5052
5053
5054
5055
5058
5060
5061
5062
5063
5066
5067
5068
5069
5070
5071
5072
5076
5078
5081
5082
5083
5084
5085
5086
5088
5090
5091
5092
5093
5096
5098
5099
5100
5101
5102
5106
5108
5109
5110
5111
5112
5114
5115
5117
5118
5119
5120
5121
5123
5124
5125
5126
5127
5129
5130
5131
5132
5133
5135
5136
5137
5139
5140
5143
5144
5145
5146
5147
5149
5154
5155
5156
5157
5158
5159
5160
5161
5162
5163
5164
5165
5166
5168
5169
5170
5171
5173
5174
5176
5177
5178
5179
5181
5182
5183
5184
5186
5188
5189
5191
5192
5193
5194
5195
5197
5202
5203
5204
5205
5206
5207
5208
5209
5210
5211
5212
5213
5214
5215
5216
5217
5219
5220
5221
5222
5223
5224
5225
5226
5227
5228
5229
5231
5233
5234
