2747
2748
2749
4924
3650
3642
1113
639
2461
1292
2768
2925
160
360
1167
361
353
841
1159
2181
1849
1325
395
2407
426
1352
4920
1782
386
1802
714
1783
372
1362
331
4919
713
1220
1156
2623
1353
1326
1786
1112
1813
1801
370
1151
2731
2462
1841
2048
390
1816
1296
1327
709
2046
2232
3576
1819
1318
1336
2043
4334
1328
1342
799
3509
4620
379
819
1322
1154
2012
837
1800
5168
1792
711
1789
1357
388
329
2101
1793
717
1343
1360
2039
712
834
2146
798
708
1791
1330
333
365
1171
1317
2653
1346
330
1337
803
3370
350
1344
5117
404
343
1355
1794
760
4335
1315
1351
400
2042
753
1599
344
346
2034
391
3488
2027
1356
1168
735
1798
406
1795
762
1787
427
836
125
1107
809
2991
4225
845
800
347
3575
2134
1788
839
4918
1333
3508
349
1806
2099
2559
2032
1345
1799
821
1155
757
815
1321
2041
488
706
1873
4169
1837
1824
623
1340
1829
2404
2463
1513
1508
214
1811
846
1361
4905
380
4843
224
1348
393
808
1826
816
159
352
424
408
749
733
1331
2343
627
1408
373
840
756
1851
1329
259
1350
4336
3892
1090
351
632
2730
710
2019
3178
1818
2104
2115
832
833
2141
849
1804
161
1900
823
830
814
827
1596
828
2988
4940
3187
1334
1293
1319
425
842
628
898
2398
399
1341
580
612
2983
13
1781
302
203
532
622
144
2394
1831
145
275
2024
1848
1306
3042
989
1303
1364
1401
1338
397
751
1778
1803
2622
1354
2393
5421
755
2625
902
1098
629
853
4036
2459
3933
5280
45
3296
2464
2460
1302
2189
2016
355
2235
1465
2784
1089
633
3131
29
848
232
23
2022
630
452
2376
2044
137
210
801
1301
387
2096
1522
820
992
364
826
2643
5274
732
1170
1349
1797
1549
1287
3778
1843
899
625
19
1820
1347
328
573
2191
43
953
901
854
2401
3261
1876
991
1363
1847
134
931
2442
5162
3897
2967
1304
3899
31
1114
5012
1850
900
2047
21
208
3796
2196
599
512
2717
4921
8
59
5181
704
698
2457
1603
3513
2031
155
64
2201
36
3297
2033
2190
1169
884
93
2937
1547
1158
129
3394
39
2036
2097
4610
1299
235
249
63
851
3859
11
1779
375
1076
1323
1339
2198
574
2045
74
3191
810
1099
1320
24
5093
2184
5380
831
2102
16
18
2
1123
42
579
1181
20
396
1711
1324
3108
2187
60
2985
27
4202
1594
213
3202
128
448
130
1531
2195
253
1514
3298
1252
1559
1839
46
2782
15
844
2145
443
1544
1358
626
1463
1598
2395
1173
1784
1456
2615
1766
2392
1063
993
1096
3830
4871
4166
1511
2026
912
646
716
4252
61
1070
2197
3627
2183
1897
4035
829
929
2836
2837
818
1392
1512
2103
429
1822
3423
998
345
75
1830
38
67
538
2396
9
2458
135
1597
850
3567
1093
2282
2528
2035
576
601
356
974
12
2850
1034
1810
2100
26
1458
107
4692
2028
1796
4456
3179
2671
2400
1838
5462
2766
5303
78
746
40
817
759
4388
231
761
765
497
1147
41
1094
4
246
2210
1814
1457
1870
1460
2557
2624
2833
2446
3165
76
3343
4130
1120
178
442
1088
1189
3079
693
1580
590
539
3160
2712
1790
170
1581
1055
654
1914
1731
923
4962
2984
1016
5112
3060
5
2443
1015
2037
1825
3393
2379
1138
44
995
1563
127
14
2051
4347
90
2807
541
3912
941
3551
6
2691
4050
10
54
669
1560
2990
4603
1909
1821
171
412
3965
804
3201
105
726
4386
476
33
4244
434
22
1246
3530
4741
700
3862
1476
1380
882
1064
1045
2256
4179
260
2525
3658
1095
3169
4188
1944
1592
1688
1561
5494
863
3395
148
205
1871
647
133
1601
4819
2599
1249
2493
1122
237
724
1218
439
1072
422
1673
1118
1464
212
2714
3207
3269
2932
2296
471
1698
1043
3164
367
4236
2425
1379
1286
1911
3
2651
1835
1069
3801
66
2402
4932
1284
185
802
3145
1538
1400
997
1600
752
158
1235
1461
822
2765
2757
5171
188
2854
3050
3707
4410
591
1950
179
1418
1453
272
2903
895
847
1300
180
644
186
1678
1595
101
89
1506
4557
1100
594
668
1142
3818
2781
536
17
2488
1852
474
589
3406
1078
458
256
2888
2408
812
1677
4706
2716
600
2279
2805
2029
2192
3256
348
1009
2775
2203
4389
824
3159
2719
2382
1996
3200
4079
1523
2391
534
2129
418
3898
1502
2287
1462
2105
904
4554
236
1836
1280
1446
2916
4312
3072
295
1403
1079
2200
1926
1308
2295
460
2607
1084
835
398
469
3382
1817
3392
1030
1316
4948
1216
1294
3289
1729
257
1395
1755
3114
2419
187
734
4789
201
1674
807
4380
754
2831
1874
2779
255
4038
266
984
3013
2889
5437
3106
1368
779
280
115
1389
86
28
5423
438
3902
2138
1859
3924
100
699
173
444
49
189
1732
4484
2978
1857
4408
4779
1298
2769
383
440
4034
2286
893
2294
3300
4167
4778
720
4611
5079
1119
2293
1540
435
2814
1029
1918
168
3628
1906
3177
221
4472
2365
1695
1962
2077
3375
1666
1735
1780
1290
1139
1846
1963
1229
50
4563
1867
453
1984
1060
938
1263
1111
1872
1077
3376
184
774
454
268
1613
897
694
563
4138
3514
1440
1679
146
2567
5040
1535
1764
2114
2830
193
1812
2961
2554
1193
951
73
1007
1636
725
248
2989
2025
3329
4465
163
3275
2968
1864
2646
300
1396
2572
4100
4258
4372
1268
2662
5467
261
2915
196
87
175
2078
3434
150
1394
1447
1106
1367
1075
1602
2289
84
1987
1468
2014
1840
2841
976
1620
2344
1487
4459
565
7
2241
4259
456
3911
164
3654
2759
4241
138
690
34
2878
655
608
2787
977
57
4168
611
1373
545
85
421
1574
1236
1949
4586
4358
1261
77
37
3854
195
987
69
792
1689
3331
2202
529
58
1068
2128
3579
1244
2980
4925
4164
736
218
2038
758
1671
3422
505
687
3188
970
5113
182
766
4345
1884
4605
4648
935
503
2437
5419
999
267
3495
3069
270
1628
142
233
1278
653
4832
4180
1041
2231
739
2897
99
4598
2770
1254
2253
1730
30
3158
4059
697
1474
3670
3163
5420
3610
436
1314
1902
2621
3455
3948
2791
2219
2936
92
72
2526
2226
1116
3271
1618
659
4128
584
634
3075
750
2297
2681
288
2300
1694
2521
1915
251
2283
2491
2186
665
2229
3662
1080
924
1014
1750
2371
651
1832
3413
420
1478
3206
894
1061
764
1011
3852
2222
869
557
2080
892
1256
3146
219
286
4064
1022
1273
1445
908
2302
1017
1986
1545
5066
546
1556
1528
1756
667
2269
4989
4533
2953
3176
1297
3209
506
113
3157
1552
2824
683
2670
1722
245
603
2234
1863
1919
3737
2675
682
1718
575
729
2470
5517
2291
3618
1509
2637
3679
71
32
2754
1856
2971
2135
2018
961
1743
252
5165
1931
496
1454
3068
4242
4614
4696
522
4917
3421
5438
1406
1435
1281
3313
4329
191
939
2299
2303
1577
3577
4487
2298
5323
1010
124
5449
1210
2233
3491
5049
652
3675
5134
1386
1767
2732
1239
593
971
3727
990
3560
1217
3354
910
2665
648
1397
1530
3021
730
1442
2238
104
296
3236
1759
1980
83
2898
570
413
1212
1833
4203
1071
3451
5394
1104
222
2678
3472
4628
1733
3969
258
572
5285
271
1638
1868
3836
4127
202
516
1110
1875
788
109
1550
2075
1605
2785
5090
242
1255
110
1672
3597
382
1828
2313
282
472
1417
3223
4416
4490
3445
1387
3676
5047
672
1510
1853
2341
1762
3135
3582
2772
3921
1222
3649
2845
3241
1965
1223
5340
3272
1961
743
1012
1143
3148
885
1536
2239
2340
289
139
1163
3205
587
1507
2947
4934
3889
2357
2755
1879
2223
2519
1501
2285
2764
449
1001
1414
3126
1642
597
1641
936
1149
2756
859
1704
52
197
1480
3946
3609
2758
478
2087
661
1332
1441
2640
3194
4599
53
2125
3997
1728
2284
3129
2061
2829
1637
731
2106
1021
2237
2244
392
499
3003
3073
3503
2217
3604
670
1091
1264
1964
1489
1752
2618
3122
3826
676
2218
204
1145
2053
147
1311
284
1133
1225
4625
1761
2271
1933
3356
3454
1845
2228
3596
3827
2193
3001
3052
3765
283
2257
4415
501
301
1956
2957
4023
126
528
4094
4991
2056
97
1881
2179
2862
445
1606
2955
371
3721
287
414
981
1153
1951
2997
94
2777
740
1565
2639
417
1862
2804
3017
3197
586
1370
1815
2148
3245
3478
3953
47
747
4754
3383
3698
1148
1747
4151
4235
1977
1979
2170
530
1989
2272
771
1668
2471
2682
3328
4137
4485
5385
674
1152
2023
4516
1619
4216
70
2073
2579
118
136
796
1477
1631
3124
523
681
1734
1770
3032
3152
4091
4227
321
409
928
982
1378
1667
2139
2535
2633
1578
1696
1947
2157
2863
3521
3351
55
684
1827
2319
4327
4995
5473
663
4214
5251
1008
1082
986
2091
2150
2249
3989
4170
1136
1491
2089
3027
4479
2794
776
2500
3652
4539
1375
2154
5098
247
498
607
679
1365
1707
1823
2050
2126
2250
2301
3409
3435
4073
4699
4727
1760
1773
2736
5270
1
176
437
1805
1889
2083
2290
2803
2828
4018
4019
4026
4631
5114
48
103
482
1067
1248
1388
1683
4641
5304
5457
172
177
507
1074
1691
2137
2944
4017
62
3804
106
567
1608
1645
4147
4955
162
967
1518
1693
2017
2177
2790
3684
3724
4161
4482
5395
80
269
988
1134
1135
2081
2267
2783
3136
3492
3823
3908
4481
4795
98
588
1073
5538
209
1623
1627
1768
1895
1916
2057
2124
2246
3379
4119
5242
519
1039
1534
2093
3307
4893
243
3033
5035
542
1219
1224
1413
4377
4575
194
419
1019
1359
1532
1720
2537
3444
3767
5492
509
876
1541
1587
2052
2573
2737
2796
3008
3039
3981
5091
116
447
1049
2116
2264
2709
2711
2793
2954
2960
3683
3754
4264
1083
1894
2517
3306
3659
3729
4045
4289
5504
1230
1842
1877
1893
1976
2158
3723
334
678
695
858
926
958
1614
1633
1917
2011
2243
2288
3041
3077
3083
3134
3211
5474
502
1479
1940
2225
3151
3347
3355
3694
3970
4226
4251
4740
117
174
890
964
1062
1424
2020
2454
2594
2761
2802
2880
3022
4361
4715
486
791
856
2015
2021
3552
3722
4224
1834
1854
2000
2224
2597
3007
169
291
368
446
692
1137
1269
2121
3348
3388
3427
3471
3664
3875
3923
4480
4550
5533
2174
2258
2497
2581
2896
2926
3018
3212
4112
4230
4237
238
263
484
531
927
1312
1416
1444
1612
2161
2304
2998
3638
4558
1185
1490
2265
2539
108
192
480
658
930
1260
1551
1564
1891
1952
2433
2469
2474
2726
2800
3262
3709
3762
3824
3915
4426
5302
111
154
582
786
871
946
960
1085
1204
1228
1262
1266
1472
1913
1972
2095
2136
2215
2358
2697
2763
3016
3123
3258
3350
3401
3411
3497
3816
3839
4037
4106
5019
5096
122
198
606
962
1081
1539
1629
1973
3000
3967
4173
4929
5170
297
857
1207
1494
1648
1855
2248
2506
3002
3137
3442
3749
463
641
872
919
1087
1184
1372
1957
1998
2151
2176
2273
2687
3739
3750
3755
4025
4353
4616
4709
5527
211
490
656
686
905
959
985
1033
1250
1381
1412
1583
1690
1751
1753
1959
2058
2169
2780
2928
3293
3312
3405
3418
3447
3780
4239
4462
4652
4954
5017
5359
165
688
883
1227
1276
1607
1615
1692
1763
1960
1969
2472
2569
2631
2743
2901
3067
3368
3496
3807
4067
4075
4300
4352
4478
5063
727
957
1179
1221
1697
1739
2076
2292
3213
3270
3777
4057
4267
4299
4549
5018
5405
239
481
504
596
604
1035
1251
1426
1455
1533
1567
1634
1744
1754
1758
2060
2175
2199
2247
2255
2574
2578
2608
2742
2744
2762
2786
2940
3019
3144
3180
3315
3484
3591
3726
4074
4174
5406
5433
483
485
520
585
605
635
673
855
860
861
875
1004
1027
1176
1187
1240
1275
1573
1650
1652
1654
1659
1748
1808
1888
1955
2049
2082
2085
2088
2167
2259
2260
2361
2580
2695
2702
2882
2962
3048
3110
3138
3140
3149
3292
3294
3314
3473
3500
3527
3580
3732
3733
3798
3834
3985
4043
4210
4307
4392
4458
4534
5005
5100
5141
5278
5338
5484
870
1059
1177
1427
1543
1686
1966
2132
2163
2263
2277
2455
2593
2752
2906
3088
3229
3374
3594
4029
4317
4477
4509
4662
4927
5004
5390
5426
25
65
81
88
95
96
102
123
132
152
153
156
1924
5289
1922
4877
4875
1923
2570
1712
2923
1555
2188
2440
3154
3549
5150
4622
2406
4831
3345
1593
4548
5329
3326
1921
2611
2403
2432
852
1604
3234
157
4396
3857
2380
2422
3888
5456
2353
1675
4876
2588
2424
2385
994
4676
952
537
561
932
4556
2590
2427
510
3199
838
1516
1937
843
2720
2355
2399
140
3546
2378
3515
1097
624
1887
5393
3189
1127
491
3107
131
3545
535
4793
3480
2585
533
2492
1910
1124
2438
1907
1701
2397
2098
2420
2933
2182
2417
1901
2372
1515
1180
1102
2638
4777
4781
1305
917
1450
2935
5050
79
1121
2434
2439
1449
1117
1905
2426
279
1410
423
4350
3190
2430
3943
1682
3896
825
1047
1407
3130
915
5519
5051
2441
5392
3456
2356
4885
3175
2523
2565
223
3550
4559
2703
3337
3502
2206
229
3290
457
2934
2112
2429
2418
2410
1459
4249
3864
1903
2447
4645
4735
4053
4675
4165
4395
4373
5422
3590
1103
2383
5450
1676
4587
1542
2345
3285
4404
5466
3063
3479
5013
450
4800
2436
2160
4129
1505
2867
3301
3302
5176
1409
4351
4117
4671
2586
2111
2527
3858
220
3991
2996
1904
2364
470
2384
4402
4502
4413
918
2142
4189
1128
1166
4148
2351
4664
2875
3563
689
2368
1898
5418
265
920
1557
2409
2614
3990
4156
4956
2616
691
1553
1046
3461
2636
4331
1925
2431
3660
2389
3061
1885
3230
3231
631
891
896
4444
4607
487
1092
2982
3906
1475
2110
273
911
3415
4133
4187
2634
621
4409
1126
5291
278
2147
4071
4246
2584
2951
227
578
2413
3452
2346
3742
3904
3927
3586
3587
3589
3775
5520
2386
2868
3964
1936
2626
5483
1307
2927
1908
2350
2423
4427
1470
2415
2713
3287
3817
4339
2377
3246
2529
2589
3802
3814
3879
1554
1681
3910
2354
3208
3391
4822
1125
1438
3420
4142
1238
2522
3090
3109
4670
4928
983
2117
2411
2924
3260
4684
4933
3086
3903
3905
511
2381
3074
3900
3925
3926
4651
276
933
3653
4049
5153
2534
2591
3196
3280
3333
4718
5316
543
934
1738
2416
2536
4275
4693
4823
4824
4980
5550
2931
3162
3871
4143
1558
4197
1277
1404
1742
1865
1880
3168
888
1053
1521
1899
3012
3789
4065
4770
5041
264
4698
5369
787
1434
1452
3255
3606
3685
3986
4052
4464
2735
2771
51
944
1048
2348
2851
3232
3414
3532
4098
4979
5226
1391
1896
2086
2938
3058
3203
3318
3389
3493
3766
3901
4397
4589
5552
943
1443
2792
2832
3215
3477
4076
4713
778
979
1101
1568
2310
2981
3952
4647
4649
4685
4890
5038
569
1866
1934
4646
5290
281
556
811
1054
1537
2307
2843
3115
3198
4340
4342
5312
56
1651
3481
3971
3993
4600
4747
4748
4760
4903
4965
5152
5243
1610
2986
3117
775
2367
2449
2595
3113
3204
3308
3311
3498
3501
3539
4338
4691
5003
5065
5191
2347
2823
3740
3968
4232
4803
5206
5345
141
598
662
1162
1705
1844
2696
2724
2949
3006
3078
3286
3534
3639
4245
4365
4407
4988
4990
5364
5468
5488
35
143
649
737
745
914
1484
1493
1496
1520
1869
1981
2113
2143
2281
2309
2349
2445
2490
2650
2852
2948
2959
3062
3089
3540
3625
3677
3681
4574
4588
4604
4686
4969
5039
5163
5252
5543
216
553
790
878
1024
1165
1393
1912
1982
2040
2212
2518
2532
3059
3064
3304
3578
3678
3746
3914
4461
4642
4782
4853
5267
68
407
954
996
1044
1191
1197
1267
1310
1517
1663
2922
3040
3167
3605
3671
3860
4056
4087
4281
5178
262
477
763
770
972
980
1265
1932
2489
2531
2798
2865
3595
3598
3631
4033
4371
4489
4872
5284
254
285
473
495
645
680
889
916
1038
1313
1492
1706
1886
1978
1992
2194
2204
2390
2672
2842
2853
2870
2910
3054
3056
3319
3352
3882
4105
4265
4278
4279
4629
4759
4761
5061
5360
5361
5387
5442
5475
5512
112
228
405
549
552
566
955
1146
1483
1486
1684
1983
2270
2280
2323
2375
2486
2560
2561
2632
2699
2797
2813
2912
2939
3161
3440
3770
3873
3937
4191
4263
4513
4657
4712
4725
4830
5033
5233
5372
167
381
568
685
789
978
1198
1259
1448
1630
2030
2074
2109
2155
2405
2479
2541
2566
2587
2698
2799
2929
2950
3132
3264
3432
3482
3640
3710
3772
3773
3786
3849
3850
3890
4387
4425
4471
4771
4808
5014
5043
5366
217
241
277
318
660
767
768
913
921
1006
1161
1174
1237
1245
1399
1467
1498
1524
1609
1662
1702
1736
1737
1858
1860
1878
1928
2079
2153
2387
2444
2592
2613
2663
2666
2810
2822
2847
2976
2977
3015
3025
3071
3121
3142
3235
3248
3251
3346
3417
3494
3648
3703
3713
3841
3855
3907
3945
4084
4160
4178
4272
4280
4286
4405
4443
4494
4626
4665
4731
4806
4858
4982
4983
4984
5025
5164
5167
5207
5208
5358
5365
5471
5507
5518
151
250
493
544
675
715
748
781
880
886
909
925
975
1013
1065
1129
1131
1164
1172
1253
1289
1291
1371
1390
1420
1437
1466
1473
1495
1525
1546
1586
1611
1624
1699
1703
1772
1861
1975
1999
2003
2007
2009
2084
2120
2152
2185
2252
2276
2316
2322
2359
2370
2388
2428
2435
2524
2555
2564
2609
2669
2688
2690
2700
2821
2825
2857
2885
2918
2946
2952
2965
2966
2975
2987
3101
3112
3116
3184
3210
3218
3226
3266
3274
3281
3309
3310
3340
3475
3486
3570
3585
3623
3629
3636
3661
3706
3747
3788
3853
3863
3884
3885
3936
4014
4051
4054
4083
4111
4115
4139
4208
4250
4262
4288
4325
4354
4376
4383
4430
4440
4447
4449
4503
4562
4571
4602
4612
4615
4617
4621
4632
4633
4634
4636
4637
4661
4702
4728
4730
4769
4798
4815
4816
4829
4947
4953
4981
5026
5060
5076
5107
5109
5111
5132
5169
5200
5201
5205
5213
5305
5318
5319
5325
5326
5378
5411
5434
5461
5544
5551
114
166
723
868
973
1108
1183
1186
1208
1226
1274
1385
1425
1428
1562
1727
1745
1929
2266
2326
2412
2568
2596
2652
2689
2795
2902
3014
3227
3233
3284
3323
3335
3349
3369
3439
3483
3634
3637
3756
3764
3840
4157
4158
4184
4194
4198
4248
4261
4287
4292
4349
4363
4497
4577
4618
4810
4818
4827
4845
4849
4874
4889
4987
4999
5140
5269
5301
5356
5357
5379
5500
0
82
91
119
120
121
149
181
183
190
199
200
206
207
215
225
226
230
234
240
244
274
290
292
293
294
298
299
303
304
305
306
307
308
309
310
311
312
313
314
315
316
317
319
320
322
323
324
325
326
327
332
335
336
337
338
339
340
341
342
354
357
358
359
362
363
366
369
374
376
377
378
384
385
389
394
401
402
403
410
411
415
416
428
430
431
432
433
441
451
455
459
461
462
464
465
466
467
468
475
479
489
492
494
500
508
513
514
515
517
518
521
524
525
526
527
540
547
548
550
551
554
555
558
559
560
562
564
571
577
581
583
592
595
602
609
610
613
614
615
616
617
618
619
620
636
637
638
640
642
643
650
657
664
666
671
677
696
701
702
703
705
707
718
719
721
722
728
738
741
742
744
769
772
773
777
780
782
783
784
785
793
794
795
797
805
806
813
862
864
865
866
867
873
874
877
879
881
887
903
906
907
922
937
940
942
945
947
948
949
950
956
963
965
966
968
969
1000
1002
1003
1005
1018
1020
1023
1025
1026
1028
1031
1032
1036
1037
1040
1042
1050
1051
1052
1056
1057
1058
1066
1086
1105
1109
1115
1130
1132
1140
1141
1144
1150
1157
1160
1175
1178
1182
1188
1190
1192
1194
1195
1196
1199
1200
1201
1202
1203
1205
1206
1209
1211
1213
1214
1215
1231
1232
1233
1234
1241
1242
1243
1247
1257
1258
1270
1271
1272
1279
1282
1283
1285
1288
1295
1309
1335
1366
1369
1374
1376
1377
1382
1383
1384
1398
1402
1405
1411
1415
1419
1421
1422
1423
1429
1430
1431
1432
1433
1436
1439
1451
1469
1471
1481
1482
1485
1488
1497
1499
1500
1503
1504
1519
1526
1527
1529
1548
1566
1569
1570
1571
1572
1575
1576
1579
1582
1584
1585
1588
1589
1590
1591
1616
1617
1621
1622
1625
1626
1632
1635
1639
1640
1643
1644
1646
1647
1649
1653
1655
1656
1657
1658
1660
1661
1664
1665
1669
1670
1680
1685
1687
1700
1708
1709
1710
1713
1714
1715
1716
1717
1719
1721
1723
1724
1725
1726
1740
1741
1746
1749
1757
1765
1769
1771
1774
1775
1776
1777
1785
1807
1809
1882
1883
1890
1892
1920
1927
1930
1935
1938
1939
1941
1942
1943
1945
1946
1948
1953
1954
1958
1967
1968
1970
1971
1974
1985
1988
1990
1991
1993
1994
1995
1997
2001
2002
2004
2005
2006
2008
2010
2013
2054
2055
2059
2062
2063
2064
2065
2066
2067
2068
2069
2070
2071
2072
2090
2092
2094
2107
2108
2118
2119
2122
2123
2127
2130
2131
2133
2140
2144
2149
2156
2159
2162
2164
2165
2166
2168
2171
2172
2173
2178
2180
2205
2207
2208
2209
2211
2213
2214
2216
2220
2221
2227
2230
2236
2240
2242
2245
2251
2254
2261
2262
2268
2274
2275
2278
2305
2306
2308
2311
2312
2314
2315
2317
2318
2320
2321
2324
2325
2327
2328
2329
2330
2331
2332
2333
2334
2335
2336
2337
2338
2339
2342
2352
2360
2362
2363
2366
2369
2373
2374
2414
2421
2448
2450
2451
2452
2453
2456
2465
2466
2467
2468
2473
2475
2476
2477
2478
2480
2481
2482
2483
2484
2485
2487
2494
2495
2496
2498
2499
2501
2502
2503
2504
2505
2507
2508
2509
2510
2511
2512
2513
2514
2515
2516
2520
2530
2533
2538
2540
2542
2543
2544
2545
2546
2547
2548
2549
2550
2551
2552
2553
2556
2558
2562
2563
2571
2575
2576
2577
2582
2583
2598
2600
2601
2602
2603
2604
2605
2606
2610
2612
2617
2619
2620
2627
2628
2629
2630
2635
2641
2642
2644
2645
2647
2648
2649
2654
2655
2656
2657
2658
2659
2660
2661
2664
2667
2668
2673
2674
2676
2677
2679
2680
2683
2684
2685
2686
2692
2693
2694
2701
2704
2705
2706
2707
2708
2710
2715
2718
2721
2722
2723
2725
2727
2728
2729
2733
2734
2738
2739
2740
2741
2745
2746
2750
2751
2753
2760
2767
2773
2774
2776
2778
2788
2789
2801
2806
2808
2809
2811
2812
2815
2816
2817
2818
2819
2820
2826
2827
2834
2835
2838
2839
2840
2844
2846
2848
2849
2855
2856
2858
2859
2860
2861
2864
2866
2869
2871
2872
2873
2874
2876
2877
2879
2881
2883
2884
2886
2887
2890
2891
2892
2893
2894
2895
2899
2900
2904
2905
2907
2908
2909
2911
2913
2914
2917
2919
2920
2921
2930
2941
2942
2943
2945
2956
2958
2963
2964
2969
2970
2972
2973
2974
2979
2992
2993
2994
2995
2999
3004
3005
3009
3010
3011
3020
3023
3024
3026
3028
3029
3030
3031
3034
3035
3036
3037
3038
3043
3044
3045
3046
3047
3049
3051
3053
3055
3057
3065
3066
3070
3076
3080
3081
3082
3084
3085
3087
3091
3092
3093
3094
3095
3096
3097
3098
3099
3100
3102
3103
3104
3105
3111
3118
3119
3120
3125
3127
3128
3133
3139
3141
3143
3147
3150
3153
3155
3156
3166
3170
3171
3172
3173
3174
3181
3182
3183
3185
3186
3192
3193
3195
3214
3216
3217
3219
3220
3221
3222
3224
3225
3228
3237
3238
3239
3240
3242
3243
3244
3247
3249
3250
3252
3253
3254
3257
3259
3263
3265
3267
3268
3273
3276
3277
3278
3279
3282
3283
3288
3291
3295
3299
3303
3305
3316
3317
3320
3321
3322
3324
3325
3327
3330
3332
3334
3336
3338
3339
3341
3342
3344
3353
3357
3358
3359
3360
3361
3362
3363
3364
3365
3366
3367
3371
3372
3373
3377
3378
3380
3381
3384
3385
3386
3387
3390
3396
3397
3398
3399
3400
3402
3403
3404
3407
3408
3410
3412
3416
3419
3424
3425
3426
3428
3429
3430
3431
3433
3436
3437
3438
3441
3443
3446
3448
3449
3450
3453
3457
3458
3459
3460
3462
3463
3464
3465
3466
3467
3468
3469
3470
3474
3476
3485
3487
3489
3490
3499
3504
3505
3506
3507
3510
3511
3512
3516
3517
3518
3519
3520
3522
3523
3524
3525
3526
3528
3529
3531
3533
3535
3536
3537
3538
3541
3542
3543
3544
3547
3548
3553
3554
3555
3556
3557
3558
3559
3561
3562
3564
3565
3566
3568
3569
3571
3572
3573
3574
3581
3583
3584
3588
3592
3593
3599
3600
3601
3602
3603
3607
3608
3611
3612
3613
3614
3615
3616
3617
3619
3620
3621
3622
3624
3626
3630
3632
3633
3635
3641
3643
3644
3645
3646
3647
3651
3655
3656
3657
3663
3665
3666
3667
3668
3669
3672
3673
3674
3680
3682
3686
3687
3688
3689
3690
3691
3692
3693
3695
3696
3697
3699
3700
3701
3702
3704
3705
3708
3711
3712
3714
3715
3716
3717
3718
3719
3720
3725
3728
3730
3731
3734
3735
3736
3738
3741
3743
3744
3745
3748
3751
3752
3753
3757
3758
3759
3760
3761
3763
3768
3769
3771
3774
3776
3779
3781
3782
3783
3784
3785
3787
3790
3791
3792
3793
3794
3795
3797
3799
3800
3803
3805
3806
3808
3809
3810
3811
3812
3813
3815
3819
3820
3821
3822
3825
3828
3829
3831
3832
3833
3835
3837
3838
3842
3843
3844
3845
3846
3847
3848
3851
3856
3861
3865
3866
3867
3868
3869
3870
3872
3874
3876
3877
3878
3880
3881
3883
3886
3887
3891
3893
3894
3895
3909
3913
3916
3917
3918
3919
3920
3922
3928
3929
3930
3931
3932
3934
3935
3938
3939
3940
3941
3942
3944
3947
3949
3950
3951
3954
3955
3956
3957
3958
3959
3960
3961
3962
3963
3966
3972
3973
3974
3975
3976
3977
3978
3979
3980
3982
3983
3984
3987
3988
3992
3994
3995
3996
3998
3999
4000
4001
4002
4003
4004
4005
4006
4007
4008
4009
4010
4011
4012
4013
4015
4016
4020
4021
4022
4024
4027
4028
4030
4031
4032
4039
4040
4041
4042
4044
4046
4047
4048
4055
4058
4060
4061
4062
4063
4066
4068
4069
4070
4072
4077
4078
4080
4081
4082
4085
4086
4088
4089
4090
4092
4093
4095
4096
4097
4099
4101
4102
4103
4104
4107
4108
4109
4110
4113
4114
4116
4118
4120
4121
4122
4123
4124
4125
4126
4131
4132
4134
4135
4136
4140
4141
4144
4145
4146
4149
4150
4152
4153
4154
4155
4159
4162
4163
4171
4172
4175
4176
4177
4181
4182
4183
4185
4186
4190
4192
4193
4195
4196
4199
4200
4201
4204
4205
4206
4207
4209
4211
4212
4213
4215
4217
4218
4219
4220
4221
4222
4223
4228
4229
4231
4233
4234
4238
4240
4243
4247
4253
4254
4255
4256
4257
4260
4266
4268
4269
4270
4271
4273
4274
4276
4277
4282
4283
4284
4285
4290
4291
4293
4294
4295
4296
4297
4298
4301
4302
4303
4304
4305
4306
4308
4309
4310
4311
4313
4314
4315
4316
4318
4319
4320
4321
4322
4323
4324
4326
4328
4330
4332
4333
4337
4341
4343
4344
4346
4348
4355
4356
4357
4359
4360
4362
4364
4366
4367
4368
4369
4370
4374
4375
4378
4379
4381
4382
4384
4385
4390
4391
4393
4394
4398
4399
4400
4401
4403
4406
4411
4412
4414
4417
4418
4419
4420
4421
4422
4423
4424
4428
4429
4431
4432
4433
4434
4435
4436
4437
4438
4439
4441
4442
4445
4446
4448
4450
4451
4452
4453
4454
4455
4457
4460
4463
4466
4467
4468
4469
4470
4473
4474
4475
4476
4483
4486
4488
4491
4492
4493
4495
4496
4498
4499
4500
4501
4504
4505
4506
4507
4508
4510
4511
4512
4514
4515
4517
4518
4519
4520
4521
4522
4523
4524
4525
4526
4527
4528
4529
4530
4531
4532
4535
4536
4537
4538
4540
4541
4542
4543
4544
4545
4546
4547
4551
4552
4553
4555
4560
4561
4564
4565
4566
4567
4568
4569
4570
4572
4573
4576
4578
4579
4580
4581
4582
4583
4584
4585
4590
4591
4592
4593
4594
4595
4596
4597
4601
4606
4608
4609
4613
4619
4623
4624
4627
4630
4635
4638
4639
4640
4643
4644
4650
4653
4654
4655
4656
4658
4659
4660
4663
4666
4667
4668
4669
4672
4673
4674
4677
4678
4679
4680
4681
4682
4683
4687
4688
4689
4690
4694
4695
4697
4700
4701
4703
4704
4705
4707
4708
4710
4711
4714
4716
4717
4719
4720
4721
4722
4723
4724
4726
4729
4732
4733
4734
4736
4737
4738
4739
4742
4743
4744
4745
4746
4749
4750
4751
4752
4753
4755
4756
4757
4758
4762
4763
4764
4765
4766
4767
4768
4772
4773
4774
4775
4776
4780
4783
4784
4785
4786
4787
4788
4790
4791
4792
4794
4796
4797
4799
4801
4802
4804
4805
4807
4809
4811
4812
4813
4814
4817
4820
4821
4825
4826
4828
4833
4834
4835
4836
4837
4838
4839
4840
4841
4842
4844
4846
4847
4848
4850
4851
4852
4854
4855
4856
4857
4859
4860
4861
4862
4863
4864
4865
4866
4867
4868
4869
4870
4873
4878
4879
4880
4881
4882
4883
4884
4886
4887
4888
4891
4892
4894
4895
4896
4897
4898
4899
4900
4901
4902
4904
4906
4907
4908
4909
4910
4911
4912
4913
4914
4915
4916
4922
4923
4926
4930
4931
4935
4936
4937
4938
4939
4941
4942
4943
4944
4945
4946
4949
4950
4951
4952
4957
4958
4959
4960
4961
4963
4964
4966
4967
4968
4970
4971
4972
4973
4974
4975
4976
4977
4978
4985
4986
4992
4993
4994
4996
4997
4998
5000
5001
5002
5006
5007
5008
5009
5010
5011
5015
5016
5020
5021
5022
5023
5024
5027
5028
5029
5030
5031
5032
5034
5036
5037
5042
5044
5045
5046
5048
5052
5053
5054
5055
5056
5057
5058
5059
5062
5064
5067
5068
5069
5070
5071
5072
5073
5074
5075
5077
5078
5080
5081
5082
5083
5084
5085
5086
5087
5088
5089
5092
5094
5095
5097
5099
5101
5102
5103
5104
5105
5106
5108
5110
5115
5116
5118
5119
5120
5121
5122
5123
5124
5125
5126
5127
5128
5129
5130
5131
5133
5135
5136
5137
5138
5139
5142
5143
5144
5145
5146
5147
5148
5149
5151
5154
5155
5156
5157
5158
5159
5160
5161
5166
5172
5173
5174
5175
5177
5179
5180
5182
5183
5184
5185
5186
5187
5188
5189
5190
5192
5193
5194
5195
5196
5197
5198
5199
5202
5203
5204
5209
5210
5211
5212
5214
5215
5216
5217
5218
5219
5220
5221
5222
5223
5224
5225
5227
5228
5229
5230
5231
5232
5234
5235
5236
5237
5238
5239
5240
5241
5244
5245
5246
5247
5248
5249
5250
5253
5254
5255
5256
5257
5258
5259
5260
5261
5262
5263
5264
5265
5266
5268
5271
5272
5273
5275
5276
5277
5279
5281
5282
5283
5286
5287
5288
5292
5293
5294
5295
5296
5297
5298
5299
5300
5306
5307
5308
5309
5310
5311
5313
5314
5315
5317
5320
5321
5322
5324
5327
5328
5330
5331
5332
5333
5334
5335
5336
5337
5339
5341
5342
5343
5344
5346
5347
5348
5349
5350
5351
5352
5353
5354
5355
5362
5363
5367
5368
5370
5371
5373
5374
5375
5376
5377
5381
5382
5383
5384
5386
5388
5389
5391
5396
5397
5398
5399
5400
5401
5402
5403
5404
5407
5408
5409
5410
5412
5413
5414
5415
5416
5417
5424
5425
5427
5428
5429
5430
5431
5432
5435
5436
5439
5440
5441
5443
5444
5445
5446
5447
5448
5451
5452
5453
5454
5455
5458
5459
5460
5463
5464
5465
5469
5470
5472
5476
5477
5478
5479
5480
5481
5482
5485
5486
5487
5489
5490
5491
5493
5495
5496
5497
5498
5499
5501
5502
5503
5505
5506
5508
5509
5510
5511
5513
5514
5515
5516
5521
5522
5523
5524
5525
5526
5528
5529
5530
5531
5532
5534
5535
5536
5537
5539
5540
5541
5542
5545
5546
5547
5548
5549
5553
