3737
2913
1685
120
1697
378
1612
1413
4970
1003
975
1139
4191
1721
704
331
1669
1715
695
1309
4555
330
4673
1911
1144
1684
977
1907
1751
1142
733
2981
1919
2084
1686
2276
4004
1016
1622
1764
1637
1138
4578
342
340
353
1692
1881
327
329
1017
1136
859
2534
1705
1602
351
403
724
338
1626
1920
348
1627
1621
2415
1625
1912
1636
1891
1668
361
1146
690
589
404
3614
2061
728
349
685
1002
588
334
1639
616
228
311
344
1699
686
309
734
352
2273
318
1877
1614
563
1712
2266
1708
1609
346
1888
1613
1701
1680
1902
1676
725
1310
722
2257
355
430
668
1901
405
105
1013
1646
1707
1903
700
2294
332
718
486
1010
585
1702
2734
766
703
1671
671
710
1615
615
1909
1140
1923
85
1143
1137
717
687
2724
4066
691
706
3718
2271
4003
1026
1638
339
708
350
2272
419
1630
2975
1725
1145
2421
1031
1215
1896
972
4346
683
336
21
1141
667
4781
1704
1913
325
1675
1918
5130
1672
1678
1312
2961
1652
2590
1313
1607
731
3615
2274
345
1970
1032
2011
1606
3146
1900
314
1716
208
310
1681
2973
1391
3245
2524
586
379
3246
5129
2535
172
1041
1694
3832
2424
170
1706
542
421
698
324
3108
3244
715
1890
1753
699
1027
1972
1035
662
2250
619
1623
517
217
175
1039
214
356
516
1417
540
4006
1887
2844
1791
684
1033
620
1643
2265
909
121
2316
380
86
1967
1897
104
447
2318
2774
2577
1025
1687
765
1663
1038
696
2001
2875
617
4608
1078
1160
1311
729
2275
3328
1149
87
521
323
1616
3857
354
4330
312
2588
864
3554
1001
1036
1921
3628
4100
1390
2234
209
1365
1691
735
520
1389
2207
4252
292
1644
707
958
1718
102
1654
618
716
1722
890
2315
1129
1709
1969
519
320
2278
1157
713
974
1640
2297
2292
1029
847
857
2408
1892
111
2321
1905
82
377
523
720
759
1674
1788
4605
2270
1968
1037
2
169
1649
2143
5176
692
2677
1914
736
4713
322
1786
487
1605
541
889
973
1673
189
3545
1362
2237
1917
518
1085
1262
701
1724
1899
1480
2680
949
1624
270
965
714
584
956
1894
137
2717
986
4827
4677
970
148
1261
5079
962
2637
1787
1328
1608
4556
1667
1650
1683
4598
136
227
1210
39
2674
555
2978
1801
358
215
1385
677
1880
3448
1690
2511
2738
156
3270
768
4045
458
1983
848
2002
4139
202
2317
5112
770
489
420
1292
1792
3327
2742
1665
1415
3624
4603
2012
1762
2052
531
981
3571
431
108
3412
222
506
5026
1723
28
415
2618
1378
764
730
1009
1895
1414
1080
3861
4331
1072
2781
3267
422
195
723
1536
582
2253
93
837
2520
697
2255
799
983
3552
1908
5082
545
119
1388
1634
2422
4336
3425
1008
612
1611
809
3622
3858
1795
76
2546
711
423
1958
1257
2683
1254
4743
147
2599
61
46
1698
4284
188
91
1122
934
608
2977
732
1814
308
3283
373
1481
2280
3121
762
1647
1533
2526
705
4005
23
1651
319
31
980
3918
1741
951
564
186
90
2962
56
794
1452
4678
3455
399
162
562
1633
767
947
1800
1661
4571
2695
2604
2984
968
2778
233
387
1076
854
721
1539
4938
539
152
2548
840
3314
483
2144
865
547
326
1166
679
213
1740
4350
755
4442
253
678
4394
2295
4326
2384
2411
872
1256
199
210
925
5
1111
3226
3736
3816
931
908
223
3268
392
4253
143
1058
2287
2056
60
3133
807
993
599
3134
2293
916
205
905
2327
2169
3855
1263
3815
976
815
267
474
746
130
1720
4164
917
1209
459
191
1617
918
2596
888
4199
1296
398
185
1882
960
153
1714
240
2249
1799
2531
1952
2603
1245
845
333
689
1259
45
226
2244
1981
2549
846
15
1094
1953
919
42
92
961
216
197
4847
203
218
1412
2898
2688
3437
2279
3185
2537
144
12
2884
4360
1272
1695
1966
1128
3544
2392
27
1167
1641
2409
2049
882
133
959
4147
928
1849
10
13
2897
999
1726
1112
453
3228
1114
97
196
1083
910
50
2046
1737
1838
3360
129
269
1490
1910
18
1713
4412
3139
389
146
4656
567
1585
3946
95
1155
1077
568
863
2416
163
622
694
4166
1844
4083
2398
1260
190
411
4628
3120
665
1449
157
3132
3590
3633
3625
1717
4915
2420
2130
693
1228
44
1221
1535
101
952
2081
1693
424
33
772
560
808
2486
2783
1015
2963
2684
463
1206
123
167
1376
4521
966
3967
225
4988
1429
2156
4295
4857
1574
543
2547
3065
1418
2945
2277
891
1196
1230
631
719
3917
2965
3626
803
1258
2994
955
2393
2166
1851
4319
96
681
2636
2141
853
155
2343
1396
261
3144
1084
3623
529
1306
3123
2852
99
2693
1711
1408
4239
2513
1307
1534
106
939
3631
2309
2650
967
174
1379
2145
141
1846
930
335
211
88
4992
1550
1703
1848
2614
630
55
2117
248
366
1130
417
1102
1996
2613
3583
193
3126
472
1835
950
3621
4597
1063
383
49
4703
4704
1514
2840
1162
237
2058
464
1284
466
1833
212
1463
1416
851
2900
1998
1100
1850
1569
4547
2909
1115
4594
530
992
607
2982
2160
1915
4577
1131
556
2503
1248
1964
1547
1682
5083
5118
2168
3735
3744
1557
2612
1589
2499
150
1212
1823
2092
1854
471
1879
2122
4907
3930
484
1062
4198
1679
2428
593
3822
3177
2040
22
801
2602
7
436
2410
982
2812
461
777
145
3253
1563
135
2047
3193
2631
5136
3632
1372
1976
2517
2960
2390
4856
4773
3765
646
2101
1197
1732
1
9
139
251
3644
548
626
1340
4654
549
173
4224
638
2076
3630
1425
875
1499
2881
561
3647
2758
238
1662
2041
2086
3311
112
1977
2059
2686
2137
988
6
2180
1211
219
454
1400
2502
3125
5040
4156
1012
2942
1156
171
4583
2893
4143
841
945
578
1433
4661
1205
1779
3586
109
59
4778
2108
3839
149
1179
1794
124
2456
4276
2969
3603
2148
3073
514
1345
24
2918
1089
236
62
583
1110
41
866
1645
2467
1225
2364
3562
2138
4941
1086
1818
571
3359
4043
168
1227
182
4702
321
2643
546
1071
1201
409
933
1472
2754
1809
940
4672
16
2970
4274
4839
805
2087
2093
655
1746
927
3385
855
4710
3451
3607
1768
2434
4113
937
2151
4
1836
2383
2851
3109
4286
2115
1295
2170
978
2088
2597
5134
246
89
4161
132
963
1666
2319
4102
2746
1398
4745
1177
1578
3251
1103
1101
1689
4044
652
1670
2794
3021
1007
3811
4972
1745
2789
25
35
37
995
1420
2941
4717
971
3442
5178
1231
2331
36
3890
200
1246
1436
30
742
1421
1286
2123
3151
5028
1126
83
1108
3191
3243
3518
1404
477
2324
5039
1664
1473
2750
449
826
142
1158
1771
741
1924
3959
575
4155
2382
2697
2757
3602
53
1331
1653
2311
4160
2034
368
499
501
580
2043
2749
3198
4204
5017
4061
743
1123
1178
1219
1125
1154
1243
1781
2073
3112
29
438
450
904
1192
1399
2200
3379
4255
4924
3190
3227
4117
675
1551
2850
4308
1152
5206
922
1572
3232
4965
1884
4971
5021
1821
2908
1778
2161
2575
2739
3061
2773
26
786
2038
2530
4867
1249
1575
1444
1648
2017
2155
3413
3627
2113
69
259
3478
3595
5194
1091
1435
1475
1191
2380
3
869
1096
1477
3919
4300
4757
67
164
658
3601
3891
256
833
1082
1343
1549
1580
1584
2077
2555
2671
2924
3591
2504
3488
3498
151
482
566
740
628
1545
1554
1853
2928
3762
4761
70
2925
871
1349
1571
1782
2053
2755
3115
3538
3966
603
876
932
2149
3788
676
3152
3164
3444
1011
1253
1945
1962
2310
3396
4217
140
372
416
597
1218
1277
1591
1990
2031
2495
2572
798
1204
1229
1831
2944
1360
2983
43
935
1837
2432
2616
502
806
1269
2191
2325
3834
3979
754
1832
2820
3059
4304
4363
4522
397
465
810
881
953
1367
1558
1700
1758
2037
2153
3523
38
738
923
1067
1153
1180
1759
1957
2974
3443
3910
1520
2005
2150
2389
2402
2465
3892
396
929
1495
1540
1946
2374
2752
4918
134
926
1780
2055
2119
305
538
739
831
936
1109
1440
1587
1696
2173
2308
3078
3635
3696
4158
268
565
1348
1586
2654
2756
2791
4573
65
987
1288
2641
2744
66
1022
1118
1187
1200
1202
1565
1566
1576
1710
1840
1865
2785
2917
3122
3349
4675
647
820
842
1738
2328
3866
4854
159
490
1020
1275
1601
2057
2448
3260
1023
1274
1351
1363
1397
1736
2193
3380
4032
4301
160
1199
1207
1355
1405
1494
1829
1841
2000
2824
3173
3399
3474
3525
3760
4023
4269
4282
5099
58
537
632
749
784
785
821
1176
1208
1437
1642
1876
2083
2105
2225
2552
2874
3016
3131
3506
3921
4049
4099
4165
4203
4558
4669
5135
183
832
850
964
1107
1124
1492
1553
1719
1826
2024
2125
2131
2330
2707
2920
3824
4352
508
830
856
1198
1445
1988
2021
2078
2094
2333
2488
2611
2753
2795
3494
4969
71
410
604
610
643
757
829
843
1532
1600
2106
2190
2440
2444
2468
2694
3468
3536
3638
4052
4441
4477
100
201
433
533
989
1121
1190
1224
1401
1757
2023
2026
2030
2132
2147
2395
2903
3118
3655
3764
3941
4035
4048
4064
4468
750
849
1092
1330
1346
1496
2116
2450
2460
2682
2706
2751
2915
3086
3306
3458
3541
3734
4107
4492
5123
11
34
479
825
991
1044
1455
1460
1527
1567
1656
1806
2020
2099
2187
2501
2736
2864
2986
2989
3103
3181
3203
3263
3317
3334
3361
3481
3483
3512
4076
4159
4641
5097
5215
94
371
611
625
884
1095
1147
1194
1203
1244
1338
1489
1573
1808
1812
2027
2050
2054
2089
2109
2338
2442
2567
2584
2705
3367
3446
3529
3587
3751
3823
4168
4565
4617
4621
4670
4722
4741
5088
5153
5167
72
250
434
551
613
1042
1189
1247
1287
1334
1341
1357
1366
1424
1447
1461
1562
1733
1760
1811
1955
2014
2018
2033
2080
2124
2127
2158
2194
2196
2371
2377
2447
2542
3023
3029
3097
3102
3110
3119
3204
3372
3491
3665
3774
3880
3993
4055
4451
4504
4512
4922
4951
17
437
527
642
787
941
1087
1181
1335
1342
1448
1570
1773
1813
1864
2075
2079
2378
2490
2561
2748
2772
3105
3117
3189
3255
3342
3513
3515
3522
3548
3606
3758
4062
4092
4149
4302
4436
4950
32
40
51
52
54
57
73
80
81
107
114
115
4222
4671
4223
2430
1135
5127
3417
1973
1297
2299
2283
1040
1975
1028
4345
1974
1034
4962
4000
4344
2301
4514
3840
1971
2264
402
3867
2587
5120
2285
1030
2303
2269
1483
406
1024
1394
2298
761
948
771
98
1255
1159
4515
2284
1392
3599
2060
4377
245
5031
702
2964
2302
232
769
5077
376
2885
2538
2949
2210
914
2979
4022
1523
4679
1409
3856
1375
4947
3998
2247
3166
2268
800
2267
5045
688
5080
906
2286
4433
861
2418
712
1321
3620
1793
1798
4362
429
2780
2568
4640
3211
2212
760
1132
2452
2256
3782
2304
4752
1150
4635
3652
1387
84
737
2242
1369
2858
4808
614
1021
1498
5072
2289
2243
4145
3814
3585
5192
984
1172
1789
113
3629
1727
4596
4706
4503
2665
1484
2231
778
2062
4070
3085
2938
2560
1766
1319
1485
3127
4553
2946
4240
103
1748
2239
2987
2215
758
4129
773
3168
207
1303
1299
3002
4085
1304
1393
3738
3140
782
2254
2980
1298
2670
1291
221
118
776
2296
1373
4680
4728
3129
1315
2397
5185
2419
4604
5076
4010
4353
1729
907
709
2412
4073
2854
2413
3137
1320
5081
774
4609
4088
2322
2635
3501
4306
2912
4823
780
2282
2423
4128
4602
2213
4018
4625
1797
5052
1324
2313
2494
3178
3072
3135
1790
231
1214
1770
2510
4086
1982
2431
3288
4089
4080
5193
2664
1314
3007
4698
4699
5191
515
1785
2022
2573
5023
2241
2240
3138
2853
2248
3674
3770
4935
3167
4333
1183
154
187
4627
241
3258
2741
4658
451
3347
1070
2651
3249
1411
3648
1517
2230
3309
1359
1979
2414
1410
184
804
1079
2856
3564
726
1731
572
2737
895
2933
418
1151
4932
3047
1305
1743
229
2855
4471
860
2300
775
862
1763
5001
2025
1386
1765
63
3677
3141
4529
623
640
3859
2514
946
4824
2235
2923
243
1308
2943
3344
2656
390
954
957
2261
2672
1419
2238
3001
3044
4072
943
1446
2134
4794
4795
2136
2667
4140
1323
3943
1960
460
727
911
1317
2454
2506
3577
1000
2509
2609
3037
5066
224
235
247
903
1325
1730
2157
4687
8
20
1524
4133
258
4026
4953
4983
1501
2008
4068
985
1980
2391
3530
3851
3984
522
1173
1361
2178
3310
3690
3860
128
595
994
1318
1326
1384
1995
2135
2258
2312
2779
4431
4432
5147
5148
1537
1552
2252
3056
3165
3256
3896
4463
4499
4820
5024
878
1506
3297
4361
4982
635
814
817
902
979
1088
2518
3250
4320
4660
5056
244
257
573
3285
4060
4084
4144
4434
4765
1322
2425
2726
3205
3482
3766
4096
4157
4470
4636
4662
4715
858
2259
4544
249
1239
1283
1370
1482
2216
2916
3701
3763
4123
4228
4475
4495
375
915
1164
1356
1807
1984
2245
2291
2407
2485
2770
2835
2914
3019
3087
3242
4053
4290
4372
4415
4638
4727
480
1371
1493
2281
2541
2589
2591
2747
2769
2790
2842
2859
3312
3705
3844
3883
4744
4850
220
1165
1427
1542
1728
2566
2870
3350
3617
3850
3927
4093
4119
4154
802
877
1276
1316
1502
1744
1847
1859
2553
2569
2869
3240
3281
3750
4405
596
641
744
790
873
874
1106
1175
1383
1505
2004
2209
2214
2373
2687
2761
3076
3179
3195
3210
3269
3664
3759
3799
3929
3931
3932
4309
4322
4427
4570
4584
4585
4770
5018
307
587
633
879
1098
1403
1688
1965
1986
2177
2290
2673
2876
2940
2967
3339
3401
4046
4622
4633
5158
254
629
781
816
1289
1327
1845
1922
2044
2246
2438
2455
2605
2625
2689
2696
3252
3264
3333
3340
3414
3800
3813
3902
4029
4162
4435
4587
4631
4700
4821
4889
5029
5030
5036
5174
14
590
591
606
649
827
1057
1161
1216
1285
1293
1395
1476
1504
1546
1603
1750
1886
2003
2139
2172
2208
2236
2634
2735
2777
2788
2811
2878
2899
2927
3060
3075
3088
3124
3304
3341
3355
3480
3514
3516
3517
3560
3592
3667
3676
3704
3719
3773
3847
3903
3981
4054
4264
4338
4426
4548
4581
4595
5054
5084
5220
293
367
374
462
488
503
504
559
602
639
661
793
818
880
942
1093
1168
1220
1226
1271
1443
1450
1468
1471
1530
1543
1544
1749
1783
1796
1889
1904
1916
1944
1978
1999
2140
2181
2205
2211
2320
2376
2379
2399
2443
2449
2462
2477
2500
2551
2558
2640
2648
2701
2722
2740
2825
2871
2872
2880
2902
3000
3136
3186
3202
3265
3300
3346
3394
3479
3500
3507
3540
3565
3619
3691
3805
3870
3928
3958
3965
3978
4020
4063
4153
4202
4231
4246
4291
4292
4368
4387
4454
4472
4550
4606
4637
4639
4648
4668
4692
4719
4739
4804
4937
5013
5064
5149
64
158
198
230
242
296
439
469
473
498
500
634
779
883
899
924
1090
1213
1358
1677
1863
1898
2165
2179
2189
2251
2523
2528
2543
2649
2669
2721
2776
2807
2818
2857
2886
2919
2958
2966
3011
3017
3038
3155
3192
3473
3475
3792
3812
3926
3948
3985
4011
4067
4071
4130
4184
4244
4245
4299
4610
4655
4731
4732
4733
4734
4800
4952
4963
5085
5114
0
19
47
48
68
74
75
77
78
79
110
116
117
122
125
126
127
131
138
161
165
166
176
177
178
179
180
181
192
194
204
206
234
239
252
255
260
262
263
264
265
266
271
272
273
274
275
276
277
278
279
280
281
282
283
284
285
286
287
288
289
290
291
294
295
297
298
299
300
301
302
303
304
306
313
315
316
317
328
337
341
343
347
357
359
360
362
363
364
365
369
370
381
382
384
385
386
388
391
393
394
395
400
401
407
408
412
413
414
425
426
427
428
432
435
440
441
442
443
444
445
446
448
452
455
456
457
467
468
470
475
476
478
481
485
491
492
493
494
495
496
497
505
507
509
510
511
512
513
524
525
526
528
532
534
535
536
544
550
552
553
554
557
558
569
570
574
576
577
579
581
592
594
598
600
601
605
609
621
624
627
636
637
644
645
648
650
651
653
654
656
657
659
660
663
664
666
669
670
672
673
674
680
682
745
747
748
751
752
753
756
763
783
788
789
791
792
795
796
797
811
812
813
819
822
823
824
828
834
835
836
838
839
844
852
867
868
870
885
886
887
892
893
894
896
897
898
900
901
912
913
920
921
938
944
969
990
996
997
998
1004
1005
1006
1014
1018
1019
1043
1045
1046
1047
1048
1049
1050
1051
1052
1053
1054
1055
1056
1059
1060
1061
1064
1065
1066
1068
1069
1073
1074
1075
1081
1097
1099
1104
1105
1113
1116
1117
1119
1120
1127
1133
1134
1148
1163
1169
1170
1171
1174
1182
1184
1185
1186
1188
1193
1195
1217
1222
1223
1232
1233
1234
1235
1236
1237
1238
1240
1241
1242
1250
1251
1252
1264
1265
1266
1267
1268
1270
1273
1278
1279
1280
1281
1282
1290
1294
1300
1301
1302
1329
1332
1333
1336
1337
1339
1344
1347
1350
1352
1353
1354
1364
1368
1374
1377
1380
1381
1382
1402
1406
1407
1422
1423
1426
1428
1430
1431
1432
1434
1438
1439
1441
1442
1451
1453
1454
1456
1457
1458
1459
1462
1464
1465
1466
1467
1469
1470
1474
1478
1479
1486
1487
1488
1491
1497
1500
1503
1507
1508
1509
1510
1511
1512
1513
1515
1516
1518
1519
1521
1522
1525
1526
1528
1529
1531
1538
1541
1548
1555
1556
1559
1560
1561
1564
1568
1577
1579
1581
1582
1583
1588
1590
1592
1593
1594
1595
1596
1597
1598
1599
1604
1610
1618
1619
1620
1628
1629
1631
1632
1635
1655
1657
1658
1659
1660
1734
1735
1739
1742
1747
1752
1754
1755
1756
1761
1767
1769
1772
1774
1775
1776
1777
1784
1802
1803
1804
1805
1810
1815
1816
1817
1819
1820
1822
1824
1825
1827
1828
1830
1834
1839
1842
1843
1852
1855
1856
1857
1858
1860
1861
1862
1866
1867
1868
1869
1870
1871
1872
1873
1874
1875
1878
1883
1885
1893
1906
1925
1926
1927
1928
1929
1930
1931
1932
1933
1934
1935
1936
1937
1938
1939
1940
1941
1942
1943
1947
1948
1949
1950
1951
1954
1956
1959
1961
1963
1985
1987
1989
1991
1992
1993
1994
1997
2006
2007
2009
2010
2013
2015
2016
2019
2028
2029
2032
2035
2036
2039
2042
2045
2048
2051
2063
2064
2065
2066
2067
2068
2069
2070
2071
2072
2074
2082
2085
2090
2091
2095
2096
2097
2098
2100
2102
2103
2104
2107
2110
2111
2112
2114
2118
2120
2121
2126
2128
2129
2133
2142
2146
2152
2154
2159
2162
2163
2164
2167
2171
2174
2175
2176
2182
2183
2184
2185
2186
2188
2192
2195
2197
2198
2199
2201
2202
2203
2204
2206
2217
2218
2219
2220
2221
2222
2223
2224
2226
2227
2228
2229
2232
2233
2260
2262
2263
2288
2305
2306
2307
2314
2323
2326
2329
2332
2334
2335
2336
2337
2339
2340
2341
2342
2344
2345
2346
2347
2348
2349
2350
2351
2352
2353
2354
2355
2356
2357
2358
2359
2360
2361
2362
2363
2365
2366
2367
2368
2369
2370
2372
2375
2381
2385
2386
2387
2388
2394
2396
2400
2401
2403
2404
2405
2406
2417
2426
2427
2429
2433
2435
2436
2437
2439
2441
2445
2446
2451
2453
2457
2458
2459
2461
2463
2464
2466
2469
2470
2471
2472
2473
2474
2475
2476
2478
2479
2480
2481
2482
2483
2484
2487
2489
2491
2492
2493
2496
2497
2498
2505
2507
2508
2512
2515
2516
2519
2521
2522
2525
2527
2529
2532
2533
2536
2539
2540
2544
2545
2550
2554
2556
2557
2559
2562
2563
2564
2565
2570
2571
2574
2576
2578
2579
2580
2581
2582
2583
2585
2586
2592
2593
2594
2595
2598
2600
2601
2606
2607
2608
2610
2615
2617
2619
2620
2621
2622
2623
2624
2626
2627
2628
2629
2630
2632
2633
2638
2639
2642
2644
2645
2646
2647
2652
2653
2655
2657
2658
2659
2660
2661
2662
2663
2666
2668
2675
2676
2678
2679
2681
2685
2690
2691
2692
2698
2699
2700
2702
2703
2704
2708
2709
2710
2711
2712
2713
2714
2715
2716
2718
2719
2720
2723
2725
2727
2728
2729
2730
2731
2732
2733
2743
2745
2759
2760
2762
2763
2764
2765
2766
2767
2768
2771
2775
2782
2784
2786
2787
2792
2793
2796
2797
2798
2799
2800
2801
2802
2803
2804
2805
2806
2808
2809
2810
2813
2814
2815
2816
2817
2819
2821
2822
2823
2826
2827
2828
2829
2830
2831
2832
2833
2834
2836
2837
2838
2839
2841
2843
2845
2846
2847
2848
2849
2860
2861
2862
2863
2865
2866
2867
2868
2873
2877
2879
2882
2883
2887
2888
2889
2890
2891
2892
2894
2895
2896
2901
2904
2905
2906
2907
2910
2911
2921
2922
2926
2929
2930
2931
2932
2934
2935
2936
2937
2939
2947
2948
2950
2951
2952
2953
2954
2955
2956
2957
2959
2968
2971
2972
2976
2985
2988
2990
2991
2992
2993
2995
2996
2997
2998
2999
3003
3004
3005
3006
3008
3009
3010
3012
3013
3014
3015
3018
3020
3022
3024
3025
3026
3027
3028
3030
3031
3032
3033
3034
3035
3036
3039
3040
3041
3042
3043
3045
3046
3048
3049
3050
3051
3052
3053
3054
3055
3057
3058
3062
3063
3064
3066
3067
3068
3069
3070
3071
3074
3077
3079
3080
3081
3082
3083
3084
3089
3090
3091
3092
3093
3094
3095
3096
3098
3099
3100
3101
3104
3106
3107
3111
3113
3114
3116
3128
3130
3142
3143
3145
3147
3148
3149
3150
3153
3154
3156
3157
3158
3159
3160
3161
3162
3163
3169
3170
3171
3172
3174
3175
3176
3180
3182
3183
3184
3187
3188
3194
3196
3197
3199
3200
3201
3206
3207
3208
3209
3212
3213
3214
3215
3216
3217
3218
3219
3220
3221
3222
3223
3224
3225
3229
3230
3231
3233
3234
3235
3236
3237
3238
3239
3241
3247
3248
3254
3257
3259
3261
3262
3266
3271
3272
3273
3274
3275
3276
3277
3278
3279
3280
3282
3284
3286
3287
3289
3290
3291
3292
3293
3294
3295
3296
3298
3299
3301
3302
3303
3305
3307
3308
3313
3315
3316
3318
3319
3320
3321
3322
3323
3324
3325
3326
3329
3330
3331
3332
3335
3336
3337
3338
3343
3345
3348
3351
3352
3353
3354
3356
3357
3358
3362
3363
3364
3365
3366
3368
3369
3370
3371
3373
3374
3375
3376
3377
3378
3381
3382
3383
3384
3386
3387
3388
3389
3390
3391
3392
3393
3395
3397
3398
3400
3402
3403
3404
3405
3406
3407
3408
3409
3410
3411
3415
3416
3418
3419
3420
3421
3422
3423
3424
3426
3427
3428
3429
3430
3431
3432
3433
3434
3435
3436
3438
3439
3440
3441
3445
3447
3449
3450
3452
3453
3454
3456
3457
3459
3460
3461
3462
3463
3464
3465
3466
3467
3469
3470
3471
3472
3476
3477
3484
3485
3486
3487
3489
3490
3492
3493
3495
3496
3497
3499
3502
3503
3504
3505
3508
3509
3510
3511
3519
3520
3521
3524
3526
3527
3528
3531
3532
3533
3534
3535
3537
3539
3542
3543
3546
3547
3549
3550
3551
3553
3555
3556
3557
3558
3559
3561
3563
3566
3567
3568
3569
3570
3572
3573
3574
3575
3576
3578
3579
3580
3581
3582
3584
3588
3589
3593
3594
3596
3597
3598
3600
3604
3605
3608
3609
3610
3611
3612
3613
3616
3618
3634
3636
3637
3639
3640
3641
3642
3643
3645
3646
3649
3650
3651
3653
3654
3656
3657
3658
3659
3660
3661
3662
3663
3666
3668
3669
3670
3671
3672
3673
3675
3678
3679
3680
3681
3682
3683
3684
3685
3686
3687
3688
3689
3692
3693
3694
3695
3697
3698
3699
3700
3702
3703
3706
3707
3708
3709
3710
3711
3712
3713
3714
3715
3716
3717
3720
3721
3722
3723
3724
3725
3726
3727
3728
3729
3730
3731
3732
3733
3739
3740
3741
3742
3743
3745
3746
3747
3748
3749
3752
3753
3754
3755
3756
3757
3761
3767
3768
3769
3771
3772
3775
3776
3777
3778
3779
3780
3781
3783
3784
3785
3786
3787
3789
3790
3791
3793
3794
3795
3796
3797
3798
3801
3802
3803
3804
3806
3807
3808
3809
3810
3817
3818
3819
3820
3821
3825
3826
3827
3828
3829
3830
3831
3833
3835
3836
3837
3838
3841
3842
3843
3845
3846
3848
3849
3852
3853
3854
3862
3863
3864
3865
3868
3869
3871
3872
3873
3874
3875
3876
3877
3878
3879
3881
3882
3884
3885
3886
3887
3888
3889
3893
3894
3895
3897
3898
3899
3900
3901
3904
3905
3906
3907
3908
3909
3911
3912
3913
3914
3915
3916
3920
3922
3923
3924
3925
3933
3934
3935
3936
3937
3938
3939
3940
3942
3944
3945
3947
3949
3950
3951
3952
3953
3954
3955
3956
3957
3960
3961
3962
3963
3964
3968
3969
3970
3971
3972
3973
3974
3975
3976
3977
3980
3982
3983
3986
3987
3988
3989
3990
3991
3992
3994
3995
3996
3997
3999
4001
4002
4007
4008
4009
4012
4013
4014
4015
4016
4017
4019
4021
4024
4025
4027
4028
4030
4031
4033
4034
4036
4037
4038
4039
4040
4041
4042
4047
4050
4051
4056
4057
4058
4059
4065
4069
4074
4075
4077
4078
4079
4081
4082
4087
4090
4091
4094
4095
4097
4098
4101
4103
4104
4105
4106
4108
4109
4110
4111
4112
4114
4115
4116
4118
4120
4121
4122
4124
4125
4126
4127
4131
4132
4134
4135
4136
4137
4138
4141
4142
4146
4148
4150
4151
4152
4163
4167
4169
4170
4171
4172
4173
4174
4175
4176
4177
4178
4179
4180
4181
4182
4183
4185
4186
4187
4188
4189
4190
4192
4193
4194
4195
4196
4197
4200
4201
4205
4206
4207
4208
4209
4210
4211
4212
4213
4214
4215
4216
4218
4219
4220
4221
4225
4226
4227
4229
4230
4232
4233
4234
4235
4236
4237
4238
4241
4242
4243
4247
4248
4249
4250
4251
4254
4256
4257
4258
4259
4260
4261
4262
4263
4265
4266
4267
4268
4270
4271
4272
4273
4275
4277
4278
4279
4280
4281
4283
4285
4287
4288
4289
4293
4294
4296
4297
4298
4303
4305
4307
4310
4311
4312
4313
4314
4315
4316
4317
4318
4321
4323
4324
4325
4327
4328
4329
4332
4334
4335
4337
4339
4340
4341
4342
4343
4347
4348
4349
4351
4354
4355
4356
4357
4358
4359
4364
4365
4366
4367
4369
4370
4371
4373
4374
4375
4376
4378
4379
4380
4381
4382
4383
4384
4385
4386
4388
4389
4390
4391
4392
4393
4395
4396
4397
4398
4399
4400
4401
4402
4403
4404
4406
4407
4408
4409
4410
4411
4413
4414
4416
4417
4418
4419
4420
4421
4422
4423
4424
4425
4428
4429
4430
4437
4438
4439
4440
4443
4444
4445
4446
4447
4448
4449
4450
4452
4453
4455
4456
4457
4458
4459
4460
4461
4462
4464
4465
4466
4467
4469
4473
4474
4476
4478
4479
4480
4481
4482
4483
4484
4485
4486
4487
4488
4489
4490
4491
4493
4494
4496
4497
4498
4500
4501
4502
4505
4506
4507
4508
4509
4510
4511
4513
4516
4517
4518
4519
4520
4523
4524
4525
4526
4527
4528
4530
4531
4532
4533
4534
4535
4536
4537
4538
4539
4540
4541
4542
4543
4545
4546
4549
4551
4552
4554
4557
4559
4560
4561
4562
4563
4564
4566
4567
4568
4569
4572
4574
4575
4576
4579
4580
4582
4586
4588
4589
4590
4591
4592
4593
4599
4600
4601
4607
4611
4612
4613
4614
4615
4616
4618
4619
4620
4623
4624
4626
4629
4630
4632
4634
4642
4643
4644
4645
4646
4647
4649
4650
4651
4652
4653
4657
4659
4663
4664
4665
4666
4667
4674
4676
4681
4682
4683
4684
4685
4686
4688
4689
4690
4691
4693
4694
4695
4696
4697
4701
4705
4707
4708
4709
4711
4712
4714
4716
4718
4720
4721
4723
4724
4725
4726
4729
4730
4735
4736
4737
4738
4740
4742
4746
4747
4748
4749
4750
4751
4753
4754
4755
4756
4758
4759
4760
4762
4763
4764
4766
4767
4768
4769
4771
4772
4774
4775
4776
4777
4779
4780
4782
4783
4784
4785
4786
4787
4788
4789
4790
4791
4792
4793
4796
4797
4798
4799
4801
4802
4803
4805
4806
4807
4809
4810
4811
4812
4813
4814
4815
4816
4817
4818
4819
4822
4825
4826
4828
4829
4830
4831
4832
4833
4834
4835
4836
4837
4838
4840
4841
4842
4843
4844
4845
4846
4848
4849
4851
4852
4853
4855
4858
4859
4860
4861
4862
4863
4864
4865
4866
4868
4869
4870
4871
4872
4873
4874
4875
4876
4877
4878
4879
4880
4881
4882
4883
4884
4885
4886
4887
4888
4890
4891
4892
4893
4894
4895
4896
4897
4898
4899
4900
4901
4902
4903
4904
4905
4906
4908
4909
4910
4911
4912
4913
4914
4916
4917
4919
4920
4921
4923
4925
4926
4927
4928
4929
4930
4931
4933
4934
4936
4939
4940
4942
4943
4944
4945
4946
4948
4949
4954
4955
4956
4957
4958
4959
4960
4961
4964
4966
4967
4968
4973
4974
4975
4976
4977
4978
4979
4980
4981
4984
4985
4986
4987
4989
4990
4991
4993
4994
4995
4996
4997
4998
4999
5000
5002
5003
5004
5005
5006
5007
5008
5009
5010
5011
5012
5014
5015
5016
5019
5020
5022
5025
5027
5032
5033
5034
5035
5037
5038
5041
5042
5043
5044
5046
5047
5048
5049
5050
5051
5053
5055
5057
5058
5059
5060
5061
5062
5063
5065
5067
5068
5069
5070
5071
5073
5074
5075
5078
5086
5087
5089
5090
5091
5092
5093
5094
5095
5096
5098
5100
5101
5102
5103
5104
5105
5106
5107
5108
5109
5110
5111
5113
5115
5116
5117
5119
5121
5122
5124
5125
5126
5128
5131
5132
5133
5137
5138
5139
5140
5141
5142
5143
5144
5145
5146
5150
5151
5152
5154
5155
5156
5157
5159
5160
5161
5162
5163
5164
5165
5166
5168
5169
5170
5171
5172
5173
5175
5177
5179
5180
5181
5182
5183
5184
5186
5187
5188
5189
5190
5195
5196
5197
5198
5199
5200
5201
5202
5203
5204
5205
5207
5208
5209
5210
5211
5212
5213
5214
5216
5217
5218
5219
5221
