4962
502
4868
977
1962
2409
1526
917
298
710
941
637
751
935
1409
1599
1228
1292
925
703
1294
3811
696
1287
2095
574
159
1879
160
4156
2449
49
379
1290
161
853
697
3186
4884
897
630
4360
1232
938
1289
148
1227
3472
1023
1278
931
933
8
922
2196
911
155
163
1965
4694
1440
234
454
410
714
429
2064
279
1297
720
719
423
162
3126
1286
1868
3451
1405
701
2107
348
1291
1296
3138
610
906
979
940
2427
1418
2083
361
926
3452
571
524
1963
2978
700
1049
501
427
856
1870
2061
2103
1872
4928
2093
1293
611
4808
1898
395
2431
739
1007
374
1880
579
3036
3197
2467
406
4900
1459
1621
857
389
412
447
1750
1102
1353
375
2868
2079
858
854
932
1873
1431
1279
1008
2
415
540
3072
1463
282
2602
770
1438
485
29
919
2601
4422
2167
2587
892
1415
2238
1432
937
363
397
2346
570
483
523
852
695
918
2168
38
629
930
2695
1900
286
500
1744
2104
1404
2430
712
705
631
356
1434
1283
418
438
528
2497
1138
1285
239
912
2597
280
1876
2755
2971
1398
147
2239
936
3338
434
455
4024
815
849
594
4520
2460
2448
183
22
1399
1745
156
893
994
1250
693
1402
2077
383
1125
1018
2160
486
1439
457
1411
19
2163
47
3865
2166
218
1580
2105
21
1600
1343
126
4302
1403
2592
337
200
2493
1933
2364
4153
569
1406
889
1452
939
628
769
1282
2507
1891
428
975
913
63
4709
1877
2511
924
1468
2082
1170
1433
2096
518
468
1288
1445
910
658
916
284
2406
855
2229
2237
536
4452
909
458
1401
1441
274
2156
430
914
1197
2164
516
2518
654
181
2682
281
1636
2465
841
3181
3850
4303
1676
687
1874
1364
2614
2099
3698
369
2249
1280
1436
1924
307
1465
1881
2976
1922
655
302
1058
2870
170
136
1400
2159
709
4541
205
1904
1419
2481
146
1397
2480
45
2085
179
1462
436
2161
934
319
706
2165
233
3913
3245
338
908
2188
201
1483
537
2071
963
186
420
1457
3886
3172
1453
1823
846
817
2108
814
4863
2081
860
384
3215
1929
2162
432
2075
241
61
3471
359
1277
1648
2980
723
519
623
1213
2456
5400
1412
1447
15
371
1637
176
478
362
277
2086
652
243
3820
96
4215
1295
1670
1153
440
773
355
1011
1966
1914
2450
638
1680
3828
704
621
3866
1747
1871
381
296
158
10
627
3045
670
366
784
117
2194
1641
1256
2512
1493
480
228
202
1214
75
568
1448
3453
316
157
3849
1204
2588
3960
716
58
1896
1120
1276
920
131
1298
2344
25
1939
1902
184
1344
903
1396
222
1129
2651
1057
198
2362
515
812
1408
4994
5450
1178
433
1746
989
1815
283
221
3270
2157
4300
215
1940
3833
1894
3524
132
317
1056
902
804
114
285
825
2101
1391
4147
1977
915
5336
1942
4217
615
1169
3696
323
644
2090
4377
2240
666
380
1858
572
40
1946
1268
1437
2258
4128
1009
1759
1458
1470
1613
2429
4097
813
3552
220
2066
367
5337
1456
227
3273
1624
747
2589
1517
4044
905
1127
863
4590
1225
1281
1195
37
1869
771
94
1515
293
1254
124
393
657
2458
2637
417
312
74
1843
2874
1835
1252
2697
1519
1086
907
1629
1373
663
4435
797
1923
497
821
774
138
1001
1449
1189
89
1913
297
684
985
968
3782
1303
5405
230
1667
1878
1124
511
1038
1882
1187
2477
1921
44
4039
809
562
2882
974
2088
3130
1371
810
3345
1151
3504
252
1508
2425
3695
2341
4582
2072
1673
140
1264
1796
1751
1208
2313
1507
4861
2827
1618
2535
4333
1643
3794
5106
5143
1883
3185
3026
1639
2459
1069
3589
4006
4129
4201
1884
209
1451
1389
794
2469
4299
2354
3742
2092
1042
969
4012
538
1089
1487
2080
2703
1188
4584
242
2785
1696
411
1375
2276
76
2496
2098
416
154
2084
335
593
2844
772
4078
66
210
392
3628
2361
2741
1222
2929
2089
53
1137
1203
3292
5340
2525
1229
1985
3021
4775
1656
275
2076
4642
1558
2437
2974
1435
1450
665
2876
2252
617
1444
278
142
750
2722
2713
1595
1969
308
16
456
1202
737
2627
1186
2230
646
851
698
1482
2820
292
816
2863
3214
4189
1043
1909
2059
254
839
1205
1952
835
2245
620
2484
2860
789
762
443
4631
844
4109
2063
1464
548
2517
357
509
4578
2747
1379
5265
3243
1146
3329
3553
1443
2282
624
2433
1959
27
276
4
1414
4220
699
192
206
4110
1652
3910
2979
1854
2097
1167
3422
2914
3188
1460
1175
886
86
4770
321
1302
1926
4586
70
310
2679
3077
1424
1083
2091
212
1003
193
1091
191
2117
55
1304
2106
728
2891
512
2109
673
1100
1363
929
123
782
3380
949
1207
4913
2953
504
2783
744
2893
732
799
943
882
2253
3253
4032
182
1116
1677
4106
4583
300
272
1101
1182
521
1919
1085
4750
4334
2672
1035
1095
759
2262
765
2074
68
1180
1354
332
1025
4864
2690
9
1341
1662
309
1890
900
315
2250
1150
484
895
171
1586
3523
4463
534
756
2345
4574
1518
4209
2367
3002
237
1765
5112
2613
2734
190
4540
4443
583
1172
4689
1212
1357
1830
1928
1766
2414
5362
1210
1017
1425
1668
5017
978
5212
3668
364
1410
1711
785
5330
336
1901
262
3697
1494
671
1191
2472
294
1454
808
823
334
4282
3
2583
847
1299
1248
3959
1492
517
1506
2711
1737
2565
2029
2673
1527
1587
331
1047
1241
2273
2534
5245
3337
2662
826
1650
4043
1183
2505
2926
711
2549
3515
1817
149
4076
4214
891
5401
4987
1838
1474
4172
5316
591
3572
4876
180
725
1839
196
1811
1520
5471
2232
4184
3864
543
1895
3387
1943
2930
4629
3818
1193
2709
2035
4219
1211
2794
2357
3496
3545
1664
2789
868
1635
85
1163
5302
807
1915
2533
3761
4442
2350
1469
3870
3291
757
4345
314
1955
1385
2871
1037
3104
1574
1119
5041
966
1050
2069
3007
3862
730
1693
1512
1176
2228
1312
175
947
1190
951
69
5455
1828
3647
1748
3267
1892
223
1626
2744
3165
4213
4171
777
3851
2520
3651
4713
596
1910
1000
4368
1155
522
304
4939
2296
2255
588
3543
1795
564
2138
2815
2856
837
1501
1177
953
653
3739
950
4084
840
1075
2032
1498
1524
1692
2746
798
2743
4538
5430
1707
5055
1912
3367
2545
1889
1309
1051
211
4122
904
3650
1032
2271
1164
2894
1033
271
1521
2305
1242
1513
3169
3518
328
1251
3153
4041
4074
838
1953
1352
144
1478
650
533
20
259
819
2778
2171
3971
318
2293
4945
101
5034
1995
2981
842
1382
2654
2567
54
4449
2885
3425
28
194
2323
5248
219
2524
1678
2207
3673
1579
1625
2100
4521
4833
2322
3502
1106
1836
3178
3445
4897
5073
3324
105
1105
2675
1816
1378
214
224
1504
4212
1072
565
3266
4125
446
1875
43
352
4272
341
5354
1705
2943
4077
1455
887
1628
1764
2370
4321
2027
3888
2068
145
2211
490
4292
31
4307
1165
1267
3448
4488
976
62
1104
249
561
946
1612
1582
2638
3401
153
4389
4986
2946
87
120
2317
3003
1530
1857
3103
3357
2700
1968
97
327
1071
2094
2251
2008
2021
1275
2067
207
3207
42
1477
2845
1617
3397
4453
248
173
681
1048
1337
1657
2110
1310
513
1589
3961
956
4968
5006
77
320
2740
213
1998
2065
2745
3710
4988
1827
1243
1842
619
1442
2333
48
1505
1844
2191
3119
3390
595
1934
828
1531
2934
3152
944
1772
2010
4444
56
1563
1905
755
3433
143
134
1837
3771
1
800
4450
73
954
973
1499
1826
2558
1258
1417
3081
3491
1903
2952
3893
4552
4867
952
1092
3693
4263
1367
1850
2359
2576
3148
103
1495
4558
686
1082
1813
2937
2959
5216
510
2134
3244
5122
5187
2127
2958
3297
4254
4429
4448
4859
5416
471
1362
2192
2380
57
2618
2855
1149
1616
1956
1194
1565
3170
3649
1546
2181
2938
3342
3571
4754
776
1571
2324
3328
3617
2284
2996
1365
3366
675
1185
2140
2621
3501
3614
1615
4554
648
1467
3442
14
407
547
1021
1246
1347
1916
3150
622
2025
4410
329
544
1166
1413
1511
1927
2413
2942
3786
3842
1360
2718
3164
3268
3984
51
1135
3233
4040
4204
4445
1117
1727
1407
1849
1899
2993
3440
487
948
1950
2578
2949
3254
1070
1094
1848
2263
2330
2358
2966
2997
3222
4081
1152
3942
266
1108
1244
3597
3975
998
1372
1893
2175
166
1534
2015
2349
3823
645
1133
1562
1649
2062
4206
4454
4954
5382
1355
1659
2300
2347
3027
545
1148
1485
1931
3190
5134
100
1651
3436
4316
520
549
2574
2758
3206
3392
3462
559
1247
1604
2309
3458
3863
255
945
1019
1079
1161
1261
1263
1783
1851
2243
2334
2502
3808
3949
4862
168
2716
2773
4711
4712
72
84
1206
1647
1683
1688
1971
2155
2298
2516
3128
3443
3790
4053
5196
1076
1107
2369
3716
3789
3897
5424
118
204
733
1093
1350
2003
3721
291
674
729
731
1533
1948
1989
2129
2233
2274
2291
2320
2422
2970
3300
4542
592
659
830
1160
1198
1715
1762
1840
2242
2288
3770
4148
4914
5224
790
1461
1491
2848
2935
2968
3776
3926
3941
3982
119
1918
2397
3734
3812
39
235
990
1098
1488
1671
1812
2004
2295
3606
3715
4136
152
253
414
563
680
1162
1588
1703
1821
2153
2247
2307
2329
2884
3455
3578
3627
3827
3978
4605
130
325
493
599
980
1103
1154
1171
1173
1192
1384
1674
1742
1936
2000
2254
2287
2348
2727
2801
2843
3318
3394
3437
5016
5040
5341
311
754
1490
1619
1763
2013
2316
2708
3707
3725
4421
4606
5266
127
229
322
580
768
1262
1930
2001
2275
2326
2847
3278
3548
3592
4019
4198
4594
5378
67
169
231
400
600
604
753
793
1361
1583
1691
2221
2290
2402
2842
2990
3532
113
683
803
806
965
1199
1217
1547
1682
1887
2058
2297
2841
2950
2995
3032
3041
3528
3542
3635
3722
3738
3775
4023
6
92
268
752
971
1179
1181
1370
1383
1480
1713
1734
1841
1925
2005
2132
2198
2752
3447
3527
3575
3747
4178
4205
4641
4760
30
46
405
566
668
689
738
783
1359
1718
1721
1735
1740
1761
1937
1993
2045
2047
2102
2301
2303
2415
2775
3108
3677
3732
3767
3810
4118
4304
4585
4732
4747
5479
93
139
141
225
267
330
377
605
607
643
688
1218
1323
1634
1679
1739
1832
1834
1982
1983
1997
2020
2060
2283
2336
2340
2387
2739
3105
3218
3533
3551
3745
4007
4183
4200
4338
4352
4500
669
1020
1200
1348
1486
1728
1730
1852
2278
2289
2292
2311
2332
2390
2530
2696
2724
3149
3469
3900
4275
4614
4699
5089
5407
50
64
65
121
187
188
3065
3417
3418
3066
3067
3419
4654
3198
2604
4651
2170
3663
4391
2492
4652
5459
3556
2490
724
2158
2436
4655
2169
1421
983
2479
5078
4378
2241
578
2482
240
3591
5436
5470
2486
3187
1770
1644
5461
1603
702
721
4152
3522
1961
2442
4616
2596
1284
577
5460
5338
2474
982
707
928
4251
3144
726
2476
1964
1605
1769
576
5406
636
1938
3047
3049
3272
923
1596
4961
713
4741
3584
1749
3555
1014
2462
1087
2201
1088
2174
4376
641
3712
1752
1046
3229
1084
718
742
4154
4758
3182
4424
1672
575
4810
2488
626
1331
4149
2451
708
3538
4527
2483
2452
2468
1945
2457
927
942
2440
553
3923
1013
2470
261
5087
4572
1136
2688
2854
5368
722
2473
4920
589
4903
2506
2407
88
4341
5441
2464
1941
2609
2447
2408
1557
2599
4155
2674
91
740
2543
289
305
4848
2463
2424
2603
2434
573
1234
1645
2410
290
1420
805
2869
1416
5335
4648
745
2446
3199
2478
625
717
2257
2441
2491
4902
236
3226
746
4079
7
4748
1640
3326
4425
83
4737
1642
3799
741
2487
987
4037
2259
3048
3861
2256
12
306
2792
993
1620
4465
609
1675
3505
3694
2235
1572
4798
1663
3558
1944
633
1052
3568
1233
3565
4743
3064
5234
251
4499
2663
1638
1631
3127
850
1695
3664
11
4439
4773
1597
3330
4415
1142
1980
5404
1030
3490
2730
5325
4807
1601
2471
1799
3885
4319
4419
1010
5367
748
3884
4157
2862
4384
35
3391
1053
4919
1063
2438
4653
1027
3537
4315
52
3748
2566
3605
4088
1395
2461
79
3009
4130
17
5324
4069
2495
3760
5176
1798
3167
4399
2475
3302
4843
5277
3044
3837
4650
981
1314
2890
1097
1147
299
1471
3409
3043
4611
1006
3264
3295
3323
4612
5097
2236
3071
2034
3046
4891
2593
2622
3284
3350
4637
921
2867
3386
3905
4331
4402
1967
2489
3040
1026
1139
1141
1755
2670
288
2817
5111
1090
5
2570
165
1313
2351
1602
3168
3371
3956
5002
5366
3348
499
4033
313
1666
1694
4818
5137
26
1308
303
1231
1665
2444
2453
4464
5250
715
2131
2623
5110
273
477
1012
1808
1947
2439
2485
2494
3744
4005
4493
217
1545
2906
4031
4617
24
2559
2582
4812
4346
23
2443
5058
59
1525
2428
2837
3643
871
1975
2957
4188
4730
5364
1034
1140
2023
3749
3983
4151
2136
2879
13
174
727
2552
2795
3210
4347
5359
2044
2269
2352
3499
34
870
1174
2173
2373
2873
2878
3008
4370
4923
1031
1040
1159
3131
4772
5091
5255
2564
3068
3166
3398
3475
3962
4140
4992
5332
1235
1669
2828
3322
3441
4133
4280
4537
4708
4802
5088
5169
5170
5171
635
1157
1573
3031
3265
3700
4054
4365
4740
4803
5033
5449
779
1015
1590
1784
1979
2217
2542
2560
2665
2963
3370
3539
3883
3935
4701
295
656
1906
2824
3567
3791
3997
1077
1307
1509
1555
1753
2041
2195
2360
2416
2600
2664
2750
2819
3058
3400
3588
3841
4164
4182
4279
4328
4371
4645
4849
4850
5269
5270
5390
41
71
802
1060
1920
2148
2466
2598
2983
3053
3125
3151
3156
3221
3474
3488
3516
3661
3752
3882
3912
4318
4343
4556
5304
5448
18
232
257
660
743
834
1158
1510
1568
1658
1984
2031
2726
2749
2912
2969
3052
3407
3608
3699
3758
4002
4158
4170
4264
4501
4528
4830
4880
5267
36
125
128
270
632
836
1118
1131
1196
1606
1908
2544
2940
3783
4379
4393
4627
4774
4777
4784
5303
5411
199
216
530
788
1708
1954
2120
2154
2561
2591
2877
3059
3191
3784
4099
4289
5138
5348
133
167
831
1005
1114
1646
2432
2706
2723
2782
2859
2892
3301
3423
3450
3492
3778
3839
3903
4190
4555
4567
4930
5004
5120
5457
80
301
676
848
1002
1536
1554
1632
1654
1710
1788
2268
2498
2584
2619
2629
2631
2991
3029
3143
3211
3227
3246
3395
3507
3583
3645
3648
3660
3703
3881
3895
4095
4150
4218
4447
4512
4734
4887
4970
4985
5100
5186
5374
5478
476
786
829
832
972
984
1209
1230
1245
1484
1528
1559
1560
1709
1797
1958
2133
2234
2403
2553
2655
2707
2790
3042
3050
3183
3184
3231
3465
3530
3534
3642
3768
3904
3980
4048
4105
4165
4231
4355
4433
4553
4710
5168
5198
185
246
263
508
535
634
664
682
780
795
845
880
997
1156
1168
1356
1472
1502
1585
1622
1655
1660
1687
1714
1743
1767
1771
2050
2176
2184
2185
2206
2260
2261
2355
2371
2684
2710
2728
2751
2799
2840
2858
2883
2956
3005
3022
3060
3061
3106
3171
3212
3213
3296
3334
3362
3393
3404
3428
3431
3456
3519
3535
3560
3652
3788
3838
3902
3937
4026
4207
4230
4240
4314
4344
4388
4423
4592
4757
4813
4816
4831
4832
4838
4870
4917
5051
5128
5259
5398
5419
5456
177
178
244
264
488
492
514
541
554
608
778
787
859
883
888
901
957
958
959
961
991
1024
1068
1099
1340
1516
1523
1532
1610
1689
1704
1712
1756
1793
1917
1935
1951
2118
2125
2128
2143
2144
2172
2189
2197
2215
2231
2375
2504
2510
2577
2580
2595
2635
2753
2759
2764
2765
2768
2791
2793
2818
2846
2864
2872
2888
2889
2931
2941
2944
2989
3028
3062
3146
3173
3194
3202
3208
3216
3298
3356
3388
3406
3461
3566
3582
3626
3634
3644
3672
3730
3762
3792
3835
3891
3954
3966
4061
4072
4083
4087
4127
4132
4176
4185
4202
4277
4308
4335
4348
4349
4356
4364
4398
4403
4446
4559
4560
4593
4623
4624
4679
4686
4746
4796
4842
4857
4934
5021
5042
5219
5283
5289
5312
5315
5373
5425
5464
245
256
507
690
734
843
1016
1080
1081
1132
1253
1335
1351
1366
1466
1535
1611
1698
1722
1732
1786
1809
1907
2122
2130
2208
2209
2246
2575
2620
2624
2738
2781
2796
2802
2830
2861
2915
2986
2992
3057
3121
3200
3204
3209
3220
3410
3446
3546
3641
3655
3665
3701
3705
3709
3720
3797
3843
3950
3967
4060
4163
4186
4208
4256
4273
4354
4404
4636
4776
4791
4819
4828
4839
4931
4933
4947
5012
5105
5157
5264
5433
0
32
33
60
78
81
82
90
95
98
99
102
104
106
107
108
109
110
111
112
115
116
122
129
135
137
150
151
164
172
189
195
197
203
208
226
238
247
250
258
260
265
269
287
324
326
333
339
340
342
343
344
345
346
347
349
350
351
353
354
358
360
365
368
370
372
373
376
378
382
385
386
387
388
390
391
394
396
398
399
401
402
403
404
408
409
413
419
421
422
424
425
426
431
435
437
439
441
442
444
445
448
449
450
451
452
453
459
460
461
462
463
464
465
466
467
469
470
472
473
474
475
479
481
482
489
491
494
495
496
498
503
505
506
525
526
527
529
531
532
539
542
546
550
551
552
555
556
557
558
560
567
581
582
584
585
586
587
590
597
598
601
602
603
606
612
613
614
616
618
639
640
642
647
649
651
661
662
667
672
677
678
679
685
691
692
694
735
736
749
758
760
761
763
764
766
767
775
781
791
792
796
801
811
818
820
822
824
827
833
861
862
864
865
866
867
869
872
873
874
875
876
877
878
879
881
884
885
890
894
896
898
899
955
960
962
964
967
970
986
988
992
995
996
999
1004
1022
1028
1029
1036
1039
1041
1044
1045
1054
1055
1059
1061
1062
1064
1065
1066
1067
1073
1074
1078
1096
1109
1110
1111
1112
1113
1115
1121
1122
1123
1126
1128
1130
1134
1143
1144
1145
1184
1201
1215
1216
1219
1220
1221
1223
1224
1226
1236
1237
1238
1239
1240
1249
1255
1257
1259
1260
1265
1266
1269
1270
1271
1272
1273
1274
1300
1301
1305
1306
1311
1315
1316
1317
1318
1319
1320
1321
1322
1324
1325
1326
1327
1328
1329
1330
1332
1333
1334
1336
1338
1339
1342
1345
1346
1349
1358
1368
1369
1374
1376
1377
1380
1381
1386
1387
1388
1390
1392
1393
1394
1422
1423
1426
1427
1428
1429
1430
1446
1473
1475
1476
1479
1481
1489
1496
1497
1500
1503
1514
1522
1529
1537
1538
1539
1540
1541
1542
1543
1544
1548
1549
1550
1551
1552
1553
1556
1561
1564
1566
1567
1569
1570
1575
1576
1577
1578
1581
1584
1591
1592
1593
1594
1598
1607
1608
1609
1614
1623
1627
1630
1633
1653
1661
1681
1684
1685
1686
1690
1697
1699
1700
1701
1702
1706
1716
1717
1719
1720
1723
1724
1725
1726
1729
1731
1733
1736
1738
1741
1754
1757
1758
1760
1768
1773
1774
1775
1776
1777
1778
1779
1780
1781
1782
1785
1787
1789
1790
1791
1792
1794
1800
1801
1802
1803
1804
1805
1806
1807
1810
1814
1818
1819
1820
1822
1824
1825
1829
1831
1833
1845
1846
1847
1853
1855
1856
1859
1860
1861
1862
1863
1864
1865
1866
1867
1885
1886
1888
1897
1911
1932
1949
1957
1960
1970
1972
1973
1974
1976
1978
1981
1986
1987
1988
1990
1991
1992
1994
1996
1999
2002
2006
2007
2009
2011
2012
2014
2016
2017
2018
2019
2022
2024
2026
2028
2030
2033
2036
2037
2038
2039
2040
2042
2043
2046
2048
2049
2051
2052
2053
2054
2055
2056
2057
2070
2073
2078
2087
2111
2112
2113
2114
2115
2116
2119
2121
2123
2124
2126
2135
2137
2139
2141
2142
2145
2146
2147
2149
2150
2151
2152
2177
2178
2179
2180
2182
2183
2186
2187
2190
2193
2199
2200
2202
2203
2204
2205
2210
2212
2213
2214
2216
2218
2219
2220
2222
2223
2224
2225
2226
2227
2244
2248
2264
2265
2266
2267
2270
2272
2277
2279
2280
2281
2285
2286
2294
2299
2302
2304
2306
2308
2310
2312
2314
2315
2318
2319
2321
2325
2327
2328
2331
2335
2337
2338
2339
2342
2343
2353
2356
2363
2365
2366
2368
2372
2374
2376
2377
2378
2379
2381
2382
2383
2384
2385
2386
2388
2389
2391
2392
2393
2394
2395
2396
2398
2399
2400
2401
2404
2405
2411
2412
2417
2418
2419
2420
2421
2423
2426
2435
2445
2454
2455
2499
2500
2501
2503
2508
2509
2513
2514
2515
2519
2521
2522
2523
2526
2527
2528
2529
2531
2532
2536
2537
2538
2539
2540
2541
2546
2547
2548
2550
2551
2554
2555
2556
2557
2562
2563
2568
2569
2571
2572
2573
2579
2581
2585
2586
2590
2594
2605
2606
2607
2608
2610
2611
2612
2615
2616
2617
2625
2626
2628
2630
2632
2633
2634
2636
2639
2640
2641
2642
2643
2644
2645
2646
2647
2648
2649
2650
2652
2653
2656
2657
2658
2659
2660
2661
2666
2667
2668
2669
2671
2676
2677
2678
2680
2681
2683
2685
2686
2687
2689
2691
2692
2693
2694
2698
2699
2701
2702
2704
2705
2712
2714
2715
2717
2719
2720
2721
2725
2729
2731
2732
2733
2735
2736
2737
2742
2748
2754
2756
2757
2760
2761
2762
2763
2766
2767
2769
2770
2771
2772
2774
2776
2777
2779
2780
2784
2786
2787
2788
2797
2798
2800
2803
2804
2805
2806
2807
2808
2809
2810
2811
2812
2813
2814
2816
2821
2822
2823
2825
2826
2829
2831
2832
2833
2834
2835
2836
2838
2839
2849
2850
2851
2852
2853
2857
2865
2866
2875
2880
2881
2886
2887
2895
2896
2897
2898
2899
2900
2901
2902
2903
2904
2905
2907
2908
2909
2910
2911
2913
2916
2917
2918
2919
2920
2921
2922
2923
2924
2925
2927
2928
2932
2933
2936
2939
2945
2947
2948
2951
2954
2955
2960
2961
2962
2964
2965
2967
2972
2973
2975
2977
2982
2984
2985
2987
2988
2994
2998
2999
3000
3001
3004
3006
3010
3011
3012
3013
3014
3015
3016
3017
3018
3019
3020
3023
3024
3025
3030
3033
3034
3035
3037
3038
3039
3051
3054
3055
3056
3063
3069
3070
3073
3074
3075
3076
3078
3079
3080
3082
3083
3084
3085
3086
3087
3088
3089
3090
3091
3092
3093
3094
3095
3096
3097
3098
3099
3100
3101
3102
3107
3109
3110
3111
3112
3113
3114
3115
3116
3117
3118
3120
3122
3123
3124
3129
3132
3133
3134
3135
3136
3137
3139
3140
3141
3142
3145
3147
3154
3155
3157
3158
3159
3160
3161
3162
3163
3174
3175
3176
3177
3179
3180
3189
3192
3193
3195
3196
3201
3203
3205
3217
3219
3223
3224
3225
3228
3230
3232
3234
3235
3236
3237
3238
3239
3240
3241
3242
3247
3248
3249
3250
3251
3252
3255
3256
3257
3258
3259
3260
3261
3262
3263
3269
3271
3274
3275
3276
3277
3279
3280
3281
3282
3283
3285
3286
3287
3288
3289
3290
3293
3294
3299
3303
3304
3305
3306
3307
3308
3309
3310
3311
3312
3313
3314
3315
3316
3317
3319
3320
3321
3325
3327
3331
3332
3333
3335
3336
3339
3340
3341
3343
3344
3346
3347
3349
3351
3352
3353
3354
3355
3358
3359
3360
3361
3363
3364
3365
3368
3369
3372
3373
3374
3375
3376
3377
3378
3379
3381
3382
3383
3384
3385
3389
3396
3399
3402
3403
3405
3408
3411
3412
3413
3414
3415
3416
3420
3421
3424
3426
3427
3429
3430
3432
3434
3435
3438
3439
3444
3449
3454
3457
3459
3460
3463
3464
3466
3467
3468
3470
3473
3476
3477
3478
3479
3480
3481
3482
3483
3484
3485
3486
3487
3489
3493
3494
3495
3497
3498
3500
3503
3506
3508
3509
3510
3511
3512
3513
3514
3517
3520
3521
3525
3526
3529
3531
3536
3540
3541
3544
3547
3549
3550
3554
3557
3559
3561
3562
3563
3564
3569
3570
3573
3574
3576
3577
3579
3580
3581
3585
3586
3587
3590
3593
3594
3595
3596
3598
3599
3600
3601
3602
3603
3604
3607
3609
3610
3611
3612
3613
3615
3616
3618
3619
3620
3621
3622
3623
3624
3625
3629
3630
3631
3632
3633
3636
3637
3638
3639
3640
3646
3653
3654
3656
3657
3658
3659
3662
3666
3667
3669
3670
3671
3674
3675
3676
3678
3679
3680
3681
3682
3683
3684
3685
3686
3687
3688
3689
3690
3691
3692
3702
3704
3706
3708
3711
3713
3714
3717
3718
3719
3723
3724
3726
3727
3728
3729
3731
3733
3735
3736
3737
3740
3741
3743
3746
3750
3751
3753
3754
3755
3756
3757
3759
3763
3764
3765
3766
3769
3772
3773
3774
3777
3779
3780
3781
3785
3787
3793
3795
3796
3798
3800
3801
3802
3803
3804
3805
3806
3807
3809
3813
3814
3815
3816
3817
3819
3821
3822
3824
3825
3826
3829
3830
3831
3832
3834
3836
3840
3844
3845
3846
3847
3848
3852
3853
3854
3855
3856
3857
3858
3859
3860
3867
3868
3869
3871
3872
3873
3874
3875
3876
3877
3878
3879
3880
3887
3889
3890
3892
3894
3896
3898
3899
3901
3906
3907
3908
3909
3911
3914
3915
3916
3917
3918
3919
3920
3921
3922
3924
3925
3927
3928
3929
3930
3931
3932
3933
3934
3936
3938
3939
3940
3943
3944
3945
3946
3947
3948
3951
3952
3953
3955
3957
3958
3963
3964
3965
3968
3969
3970
3972
3973
3974
3976
3977
3979
3981
3985
3986
3987
3988
3989
3990
3991
3992
3993
3994
3995
3996
3998
3999
4000
4001
4003
4004
4008
4009
4010
4011
4013
4014
4015
4016
4017
4018
4020
4021
4022
4025
4027
4028
4029
4030
4034
4035
4036
4038
4042
4045
4046
4047
4049
4050
4051
4052
4055
4056
4057
4058
4059
4062
4063
4064
4065
4066
4067
4068
4070
4071
4073
4075
4080
4082
4085
4086
4089
4090
4091
4092
4093
4094
4096
4098
4100
4101
4102
4103
4104
4107
4108
4111
4112
4113
4114
4115
4116
4117
4119
4120
4121
4123
4124
4126
4131
4134
4135
4137
4138
4139
4141
4142
4143
4144
4145
4146
4159
4160
4161
4162
4166
4167
4168
4169
4173
4174
4175
4177
4179
4180
4181
4187
4191
4192
4193
4194
4195
4196
4197
4199
4203
4210
4211
4216
4221
4222
4223
4224
4225
4226
4227
4228
4229
4232
4233
4234
4235
4236
4237
4238
4239
4241
4242
4243
4244
4245
4246
4247
4248
4249
4250
4252
4253
4255
4257
4258
4259
4260
4261
4262
4265
4266
4267
4268
4269
4270
4271
4274
4276
4278
4281
4283
4284
4285
4286
4287
4288
4290
4291
4293
4294
4295
4296
4297
4298
4301
4305
4306
4309
4310
4311
4312
4313
4317
4320
4322
4323
4324
4325
4326
4327
4329
4330
4332
4336
4337
4339
4340
4342
4350
4351
4353
4357
4358
4359
4361
4362
4363
4366
4367
4369
4372
4373
4374
4375
4380
4381
4382
4383
4385
4386
4387
4390
4392
4394
4395
4396
4397
4400
4401
4405
4406
4407
4408
4409
4411
4412
4413
4414
4416
4417
4418
4420
4426
4427
4428
4430
4431
4432
4434
4436
4437
4438
4440
4441
4451
4455
4456
4457
4458
4459
4460
4461
4462
4466
4467
4468
4469
4470
4471
4472
4473
4474
4475
4476
4477
4478
4479
4480
4481
4482
4483
4484
4485
4486
4487
4489
4490
4491
4492
4494
4495
4496
4497
4498
4502
4503
4504
4505
4506
4507
4508
4509
4510
4511
4513
4514
4515
4516
4517
4518
4519
4522
4523
4524
4525
4526
4529
4530
4531
4532
4533
4534
4535
4536
4539
4543
4544
4545
4546
4547
4548
4549
4550
4551
4557
4561
4562
4563
4564
4565
4566
4568
4569
4570
4571
4573
4575
4576
4577
4579
4580
4581
4587
4588
4589
4591
4595
4596
4597
4598
4599
4600
4601
4602
4603
4604
4607
4608
4609
4610
4613
4615
4618
4619
4620
4621
4622
4625
4626
4628
4630
4632
4633
4634
4635
4638
4639
4640
4643
4644
4646
4647
4649
4656
4657
4658
4659
4660
4661
4662
4663
4664
4665
4666
4667
4668
4669
4670
4671
4672
4673
4674
4675
4676
4677
4678
4680
4681
4682
4683
4684
4685
4687
4688
4690
4691
4692
4693
4695
4696
4697
4698
4700
4702
4703
4704
4705
4706
4707
4714
4715
4716
4717
4718
4719
4720
4721
4722
4723
4724
4725
4726
4727
4728
4729
4731
4733
4735
4736
4738
4739
4742
4744
4745
4749
4751
4752
4753
4755
4756
4759
4761
4762
4763
4764
4765
4766
4767
4768
4769
4771
4778
4779
4780
4781
4782
4783
4785
4786
4787
4788
4789
4790
4792
4793
4794
4795
4797
4799
4800
4801
4804
4805
4806
4809
4811
4814
4815
4817
4820
4821
4822
4823
4824
4825
4826
4827
4829
4834
4835
4836
4837
4840
4841
4844
4845
4846
4847
4851
4852
4853
4854
4855
4856
4858
4860
4865
4866
4869
4871
4872
4873
4874
4875
4877
4878
4879
4881
4882
4883
4885
4886
4888
4889
4890
4892
4893
4894
4895
4896
4898
4899
4901
4904
4905
4906
4907
4908
4909
4910
4911
4912
4915
4916
4918
4921
4922
4924
4925
4926
4927
4929
4932
4935
4936
4937
4938
4940
4941
4942
4943
4944
4946
4948
4949
4950
4951
4952
4953
4955
4956
4957
4958
4959
4960
4963
4964
4965
4966
4967
4969
4971
4972
4973
4974
4975
4976
4977
4978
4979
4980
4981
4982
4983
4984
4989
4990
4991
4993
4995
4996
4997
4998
4999
5000
5001
5003
5005
5007
5008
5009
5010
5011
5013
5014
5015
5018
5019
5020
5022
5023
5024
5025
5026
5027
5028
5029
5030
5031
5032
5035
5036
5037
5038
5039
5043
5044
5045
5046
5047
5048
5049
5050
5052
5053
5054
5056
5057
5059
5060
5061
5062
5063
5064
5065
5066
5067
5068
5069
5070
5071
5072
5074
5075
5076
5077
5079
5080
5081
5082
5083
5084
5085
5086
5090
5092
5093
5094
5095
5096
5098
5099
5101
5102
5103
5104
5107
5108
5109
5113
5114
5115
5116
5117
5118
5119
5121
5123
5124
5125
5126
5127
5129
5130
5131
5132
5133
5135
5136
5139
5140
5141
5142
5144
5145
5146
5147
5148
5149
5150
5151
5152
5153
5154
5155
5156
5158
5159
5160
5161
5162
5163
5164
5165
5166
5167
5172
5173
5174
5175
5177
5178
5179
5180
5181
5182
5183
5184
5185
5188
5189
5190
5191
5192
5193
5194
5195
5197
5199
5200
5201
5202
5203
5204
5205
5206
5207
5208
5209
5210
5211
5213
5214
5215
5217
5218
5220
5221
5222
5223
5225
5226
5227
5228
5229
5230
5231
5232
5233
5235
5236
5237
5238
5239
5240
5241
5242
5243
5244
5246
5247
5249
5251
5252
5253
5254
5256
5257
5258
5260
5261
5262
5263
5268
5271
5272
5273
5274
5275
5276
5278
5279
5280
5281
5282
5284
5285
5286
5287
5288
5290
5291
5292
5293
5294
5295
5296
5297
5298
5299
5300
5301
5305
5306
5307
5308
5309
5310
5311
5313
5314
5317
5318
5319
5320
5321
5322
5323
5326
5327
5328
5329
5331
5333
5334
5339
5342
5343
5344
5345
5346
5347
5349
5350
5351
5352
5353
5355
5356
5357
5358
5360
5361
5363
5365
5369
5370
5371
5372
5375
5376
5377
5379
5380
5381
5383
5384
5385
5386
5387
5388
5389
5391
5392
5393
5394
5395
5396
5397
5399
5402
5403
5408
5409
5410
5412
5413
5414
5415
5417
5418
5420
5421
5422
5423
5426
5427
5428
5429
5431
5432
5434
5435
5437
5438
5439
5440
5442
5443
5444
5445
5446
5447
5451
5452
5453
5454
5458
5462
5463
5465
5466
5467
5468
5469
5472
5473
5474
5475
5476
5477
5480
5481
5482
5483
5484
5485
5486
5487
5488
