3428
895
602
494
1241
893
269
495
817
898
4186
813
908
2573
1550
4929
603
3498
162
1379
900
1243
4345
892
714
651
905
903
906
1187
1236
493
899
526
3125
816
252
134
818
2226
3353
4500
815
887
904
222
888
2119
890
951
698
901
897
814
212
1447
4622
1376
2421
2427
4964
2126
242
126
1418
686
3600
690
1296
1964
2049
3129
902
240
2034
2396
2366
641
694
1948
1239
689
59
894
1237
2498
693
1177
1375
3497
2569
259
143
855
3577
2679
697
262
2127
4898
122
201
949
1240
254
2053
1282
957
1179
743
4184
1306
30
1147
1067
395
325
1266
1242
872
692
419
762
416
1038
3848
421
2164
2138
456
145
4258
1221
537
1840
4902
889
462
1861
4869
5196
3647
1128
1238
381
2416
775
1596
2
1859
4183
1083
570
1880
2122
1910
2058
605
88
696
1226
688
1883
3093
542
460
236
420
62
1181
503
600
434
163
1647
2123
2720
2424
691
221
606
1897
865
459
782
5413
770
1858
1586
3923
130
439
2890
2059
763
1894
12
1874
217
2399
2213
961
200
625
3876
469
1619
1562
1025
383
386
861
27
3393
156
3342
445
687
886
449
1158
3576
441
2207
5072
73
527
1066
138
40
25
71
1108
2471
2130
3071
238
263
2294
2128
601
1944
1558
896
1155
2834
1945
1124
1112
1918
760
538
1371
2633
847
1129
769
52
192
1662
261
2462
866
1869
907
849
811
1449
518
81
127
158
2423
575
4
3875
26
1378
510
1210
712
1366
953
761
1361
1866
1549
881
2690
1551
251
571
3190
3173
731
1843
218
220
3499
104
79
24
727
1149
131
2035
75
4333
160
1182
5114
1606
1075
3343
2057
128
1139
2596
812
778
448
43
2155
1726
947
465
2075
1837
1033
2420
2870
3013
3388
447
450
124
446
1030
3948
443
1184
1960
941
60
1560
779
1641
161
784
523
1535
799
211
649
1838
1267
910
206
2408
3554
1291
16
1877
788
438
4638
1833
2319
1183
1032
1497
875
1898
188
3126
562
58
2069
66
1148
224
860
77
1719
1373
223
773
973
1333
423
470
1556
519
5411
1563
580
278
458
1120
3158
2719
205
141
9
11
1576
2095
1433
736
92
148
5164
86
1439
746
144
2475
180
3690
1364
1621
1966
89
1214
1617
863
572
472
764
565
1942
277
1564
3372
1951
1211
515
793
1110
500
3257
996
1420
5161
1865
3898
46
1162
884
2615
2748
1293
1794
585
4478
1283
1503
2753
1028
1133
1860
1113
2219
487
4185
444
100
2678
2478
3373
1367
1906
1193
1830
1851
723
1089
809
1122
427
3922
3716
1021
142
1852
1055
203
267
3189
1896
568
1903
1850
2571
257
2466
1561
786
2065
1414
1839
1846
1071
1095
5354
3778
8
1417
1392
1755
854
2084
1151
2322
2429
275
2129
3715
1058
638
2387
1292
1442
2422
137
270
5201
1863
1734
461
1029
3146
4336
976
2646
1246
463
303
950
2470
1819
4252
3081
33
566
442
781
1854
125
1230
183
177
4812
644
1131
3501
2476
3134
1204
414
276
1088
4208
3261
2338
1109
1310
1729
1765
3243
3735
1156
3691
1881
271
1552
264
1496
186
42
49
1832
2076
2634
870
3195
1363
1186
4309
2425
1332
154
426
1096
2386
1150
3467
3269
440
1153
247
4503
2912
780
22
2833
5107
1546
226
718
1557
181
2010
2328
96
4427
3927
2463
1777
151
1372
1337
516
805
3556
1853
1526
2711
744
135
1588
1116
2823
1410
1834
3849
797
315
539
2555
883
569
82
2009
940
946
1721
2062
1864
1849
766
4556
1582
3570
1258
1453
1958
1485
3398
34
1722
2109
3295
2037
668
803
1115
3732
1973
485
2217
3731
2923
1254
637
2644
1041
2868
1411
1481
216
1493
248
3606
2044
822
4529
2491
194
1220
1409
2054
172
491
1132
296
2040
1231
193
868
1725
189
185
76
4371
1152
2684
256
1633
2110
1119
772
643
1720
1812
514
4392
2802
1502
210
2332
123
3268
2681
574
1886
2819
4265
1611
3896
3930
3919
1811
482
1201
3210
1087
244
2132
1355
3019
722
1334
2908
3395
1191
1323
301
724
1624
84
3920
626
1360
942
57
3452
1218
195
454
2747
3063
660
1926
106
3697
3637
121
2921
577
1435
501
1555
2793
4636
1178
800
4568
864
2264
1157
1308
1723
3167
1228
2631
1437
1383
2281
1048
1661
2266
214
350
1395
1847
945
2836
1645
32
1298
118
851
1386
802
3813
5071
4906
508
513
1137
916
1300
3001
99
70
639
457
1824
3334
2648
475
520
634
1445
3394
2019
2656
675
798
4331
2314
4607
1592
2743
1623
3623
1885
250
2821
821
2645
2674
2961
3004
311
2300
2513
745
306
1655
3069
3312
466
827
35
204
820
3055
777
1387
2181
4948
1801
285
6
268
2694
1630
2845
2543
977
873
922
506
1086
862
3402
1908
255
3201
1135
2902
2056
4996
95
937
93
4110
511
598
3861
1622
524
1440
926
1365
1438
914
4950
857
199
4590
2241
2910
83
1482
3454
4144
2744
1776
3889
2680
4297
1737
399
2989
1845
2304
783
3021
3504
50
2791
1328
2828
2007
3184
1931
3924
1265
747
1992
1111
1327
3507
4069
4770
464
2002
682
2064
1024
928
1011
2641
2050
3526
1060
1290
111
2594
608
3
871
97
198
1422
2477
476
3688
2358
1247
3518
304
150
1100
3166
1166
3645
613
3309
1154
422
2852
1357
756
2503
917
1943
1346
480
1862
2849
567
1855
3614
665
1104
3722
3583
2145
923
801
478
2790
1103
1313
5234
1700
1844
1653
1660
5305
2978
502
3784
3449
4887
944
3734
3887
740
789
1629
1775
3936
54
428
1099
1350
1478
2038
1802
2669
56
2092
2156
3208
5119
359
4635
5255
1904
133
294
1098
4499
1554
3653
2392
1408
2336
2549
3350
1331
249
3956
2750
2972
1625
3235
1684
3169
393
806
1167
1628
61
3770
295
1199
3155
1419
3799
5461
4254
2881
3022
3084
666
1708
2323
2745
1451
114
5286
517
2808
5279
453
1117
2892
366
305
307
330
1057
451
477
1168
2542
4138
2079
4123
4362
4482
4537
1019
2183
1836
2618
885
980
2771
3145
392
2187
3829
4462
69
1488
2220
2318
4263
2024
785
2067
2310
2486
3935
3153
1026
3668
1402
1913
1988
3840
5507
230
911
1206
484
1169
2268
630
531
2607
3929
101
152
703
776
3383
4072
3075
3509
4188
1673
532
1905
3818
2707
869
1312
1394
364
1902
2236
2274
2587
3455
925
581
1126
1336
1835
1229
1870
2194
2246
3361
1171
1687
2036
3015
167
2494
2761
4481
2911
317
824
2308
3040
417
1223
549
2190
3762
197
828
348
1534
1848
2005
4653
1650
5241
258
1803
2988
47
157
521
912
1123
2008
2043
2257
2704
590
836
1205
1668
1709
2926
4474
631
2116
2508
2584
3152
540
856
1040
1369
2487
4970
536
2702
3605
3625
486
704
3698
576
985
1052
1398
1868
2385
2980
5407
2239
4097
632
771
933
1349
1446
1970
2325
2941
229
754
1224
1288
1370
2073
2094
2716
1130
2173
2540
2848
187
3101
184
551
913
2316
4904
5015
5450
3585
103
1501
1620
1890
2068
3207
1612
1686
2052
2080
2510
3157
3553
3704
662
930
2301
2726
2950
4632
155
656
1023
1472
1525
1314
1798
1887
1936
2284
3031
4257
4422
607
990
1121
1208
1878
2117
2182
2642
3830
4122
4158
474
1527
2033
2186
2242
147
1101
2251
975
1325
1530
1907
3487
4256
1227
1305
1979
2822
741
970
974
2528
3957
4264
583
1279
1289
107
415
541
1136
1175
1667
2327
2391
2752
2887
3416
3817
4633
5012
5238
149
658
1196
1459
1524
1676
1715
1891
2046
2390
2592
2710
2774
3026
5304
661
1760
1808
1978
4298
4834
243
530
1541
1787
1820
2114
3333
3490
534
1397
1735
1806
2256
3228
3821
3888
5504
1219
2286
4040
4988
3299
787
1307
2248
2878
3468
1253
1352
1
353
751
768
1044
1468
1479
1876
2209
2262
2764
3546
4028
4593
4885
5350
663
1222
5333
291
609
701
1430
1741
1795
1994
2271
3543
4290
4664
5245
767
1125
1200
1390
1465
1467
1739
1986
2088
2552
2811
5031
879
2982
3124
3163
3196
3349
4473
735
1015
1271
1738
1888
3108
3857
4744
588
611
615
846
968
3456
146
176
396
559
1471
1487
2282
2551
3744
3773
1934
190
610
659
826
1106
1118
1234
2051
2061
2535
3555
4335
139
207
702
1097
1675
2269
2277
2381
2612
3460
3607
3721
4091
357
558
759
832
936
1203
1799
2083
2185
2252
2270
2291
2967
3203
3453
3692
4851
5364
934
1691
1938
2014
2204
2254
2939
2975
3255
5168
5235
175
1299
1404
1604
1713
1991
1997
2250
2346
2700
2749
3360
3822
4117
4218
4612
5122
548
790
1008
1076
1172
1575
1659
1779
1842
2203
2275
2285
2536
2770
2777
2829
2964
3511
3751
3824
4081
4086
4220
4886
4977
5041
312
677
984
1142
1889
1893
2106
2174
3906
4863
5292
289
394
455
730
1009
1081
1138
1194
1216
1270
1716
1736
1841
2055
2245
2255
2279
2832
2920
3014
3450
3795
3904
4553
5001
63
168
488
504
535
561
725
758
935
1311
1672
1933
1981
2025
2047
2063
2072
2111
2196
2244
2746
3222
3378
3417
4238
4375
4378
4449
5490
481
616
750
964
965
1006
1212
1304
1320
1329
1399
1429
1590
1598
1712
1805
1809
1822
1875
1892
1935
1971
1976
1985
2247
2249
2253
2265
2315
2351
2588
2698
2983
3002
3377
3593
3613
3655
3708
3826
4033
4239
4241
4532
4888
4915
5336
5395
5483
213
674
728
749
1022
1431
1613
2243
2650
2733
2751
2864
3376
3960
4373
4465
4619
4738
4795
64
68
74
85
4847
4420
4845
4610
3429
3502
599
1634
5101
1180
2718
3206
1185
3612
1637
2161
1639
4813
3610
719
2479
2575
1652
5225
5224
2570
4428
891
2577
2124
4671
1649
4411
3859
3351
2458
1031
1643
4849
2445
3012
4419
2572
1297
2131
4441
3205
2121
1638
4873
234
4870
2917
241
1651
3355
555
4187
1274
720
5353
4944
2676
1374
4907
1640
648
28
36
4894
1160
2448
2397
4193
2206
5126
1547
3127
4667
3387
272
3199
1027
2120
584
2125
1919
1161
2388
2160
2944
1362
2968
41
2374
1494
2382
2943
1163
2888
55
1359
2454
4909
2904
956
132
136
1495
2413
3800
4125
1036
2414
2472
3466
1750
2218
53
1642
5391
2545
2430
5285
2446
1657
3302
2474
2663
281
4179
1928
5124
1740
4442
3128
4408
1742
1920
3611
717
4946
2544
1384
2214
21
3193
3925
165
3921
2558
4149
4965
4528
4412
4871
962
5283
669
274
1778
4547
4895
1724
3298
4042
1646
2405
4054
3297
909
5470
4407
3270
1235
1035
2455
2457
3174
3401
1499
4669
5473
4530
1636
715
3390
3094
1952
1956
98
1957
716
4349
1188
191
2441
38
2459
1326
1781
2398
2460
960
1250
2139
1545
1569
3282
3095
29
3283
2905
3354
5129
2576
2216
1941
2661
5
4714
971
5233
1961
2334
1559
1764
3176
4794
5166
1498
4201
4102
1583
3041
44
3947
4308
4338
1648
2717
3565
4602
4729
1728
2907
3527
1074
2326
2561
65
2298
2404
3397
5404
5414
1923
4866
1516
1754
2488
1500
4777
5373
237
5315
3918
2456
2971
5471
2297
7
202
3595
4455
1213
1159
2452
2842
4956
1644
1950
3687
5056
72
1585
1102
3068
2443
4611
5410
553
3087
3469
4523
4423
3280
4404
3995
4311
4458
2373
1597
4606
738
1658
1701
1916
3928
4680
4883
4957
5049
5163
5220
5262
1784
4202
5153
102
1381
2368
4327
1669
3508
3175
4163
4728
37
1317
2739
4112
1654
3814
804
1577
5398
1065
4078
4322
671
1448
1608
4891
4908
435
755
2442
3290
4397
4958
2453
2835
3061
3271
3858
4391
4409
5248
5316
2428
2438
2578
253
283
650
978
1140
1744
2435
2817
5472
436
1107
1602
2134
2671
4310
5249
1085
1924
2451
3244
3396
3405
1955
2601
1039
1745
2426
2981
3602
159
1056
2760
4931
5247
10
972
1134
2410
2415
3178
4495
1566
3042
3043
4071
15
273
1949
2574
3073
3161
3506
3592
78
642
1635
1780
2222
2511
2869
3356
3700
564
829
1069
2093
2191
2595
3878
3932
4213
4272
4350
113
765
1007
1380
1912
1954
2401
2444
2579
2603
2662
2841
3420
4049
4313
4328
4506
5139
5355
5492
640
1679
2409
3066
3352
4118
4446
4916
5372
5465
586
684
986
1303
1553
1727
1796
1921
2135
2306
2370
2375
2990
3448
3495
3598
3810
4424
4469
4872
753
989
1406
1589
1685
1782
2149
2299
2333
2372
2436
2473
3703
4119
4287
51
246
260
670
852
1401
1415
1601
1813
2000
2096
2369
2838
2960
3046
3548
3641
3705
3834
3894
3991
4106
4132
4142
4203
4355
4447
4674
4732
4999
5093
5221
5412
20
489
620
850
1127
1295
1578
1584
1900
1946
1947
2099
2148
2305
2371
2461
2740
2914
3131
3156
3465
3523
3566
3809
4073
4668
5096
5328
179
300
621
628
915
979
1393
1528
2296
2439
2447
2959
3254
3294
3596
4030
4786
5057
23
528
636
853
954
1018
1059
2118
2162
2227
2307
2758
3076
3363
3399
3503
3505
3549
3567
3584
3714
3738
4124
4175
4410
4785
5210
5405
31
182
645
918
1037
1063
1165
1302
1454
1513
1953
2599
2695
2809
2909
2928
3023
3024
3036
3045
3164
3414
3652
3671
3801
3836
3953
3994
4034
4077
4090
4140
4197
4255
4348
4793
4825
4998
5034
5302
5462
5500
512
819
993
1388
1423
1591
2090
2172
2537
2850
3141
3143
3262
3496
3525
3670
3863
4026
4031
4051
4098
4353
4475
4681
4854
4901
5152
5400
5430
48
215
219
231
245
266
280
522
533
557
695
808
929
943
955
958
1064
1105
1114
1377
1428
1600
1618
1680
2177
2210
2212
2215
2403
2417
2449
2559
2560
2668
2953
3018
3037
3461
3484
3571
3807
4399
4765
4893
4955
5046
5160
5379
45
87
164
209
299
492
550
647
664
679
752
791
831
921
931
1012
1047
1061
1141
1324
1405
1473
1548
1568
1570
1572
1663
1681
1699
1785
1818
1927
1959
1967
2098
2150
2178
2342
2411
2418
2432
2468
2600
2602
2658
2667
2728
2759
2787
2796
2932
2933
3067
3086
3165
3324
3391
3406
3451
3510
3630
3656
3769
3895
3911
3914
3979
3984
4062
4066
4070
4105
4116
4271
4280
4315
4396
4644
4717
4739
4746
4824
4859
4933
5167
5183
5424
5468
5469
17
91
105
166
284
398
479
497
509
543
563
592
604
627
726
810
840
844
878
919
987
988
997
1195
1261
1413
1436
1443
1469
1537
1593
1627
1899
1925
1939
2078
2290
2367
2379
2400
2437
2593
2611
2625
2627
2632
2651
2670
2672
2723
2792
2799
2803
2839
2879
2885
2886
2901
2922
2927
2931
2958
3027
3044
3060
3065
3089
3123
3151
3154
3162
3172
3198
3209
3216
3259
3275
3347
3482
3488
3491
3492
3535
3636
3643
3646
3657
3669
3696
3710
3717
3747
3796
3808
3978
4041
4088
4148
4156
4260
4314
4388
4436
4459
4467
4479
4510
4545
4643
4649
4652
4662
4663
4713
4730
4823
4836
4846
4848
4881
4921
4954
4985
4990
5011
5014
5052
5090
5258
5291
5310
5317
5356
5382
5384
13
39
90
265
287
329
579
618
655
685
845
880
948
959
991
1053
1073
1233
1264
1287
1294
1504
1506
1565
1677
1682
1692
1857
2004
2223
2389
2402
2406
2412
2440
2515
2534
2548
2554
2557
2643
2666
2699
2798
2837
2952
2969
3056
3058
3140
3194
3274
3327
3427
3539
3659
3713
3719
3748
3766
3782
3805
3961
3964
3970
3975
4141
4157
4189
4191
4228
4339
4589
4621
4625
4997
5045
5094
5110
5140
5253
5485
5491
0
14
18
19
67
80
94
108
109
110
112
115
116
117
119
120
129
140
153
169
170
171
173
174
178
196
208
225
227
228
232
233
235
239
279
282
286
288
290
292
293
297
298
302
308
309
310
313
314
316
318
319
320
321
322
323
324
326
327
328
331
332
333
334
335
336
337
338
339
340
341
342
343
344
345
346
347
349
351
352
354
355
356
358
360
361
362
363
365
367
368
369
370
371
372
373
374
375
376
377
378
379
380
382
384
385
387
388
389
390
391
397
400
401
402
403
404
405
406
407
408
409
410
411
412
413
418
424
425
429
430
431
432
433
437
452
467
468
471
473
483
490
496
498
499
505
507
525
529
544
545
546
547
552
554
556
560
573
578
582
587
589
591
593
594
595
596
597
612
614
617
619
622
623
624
629
633
635
646
652
653
654
657
667
672
673
676
678
680
681
683
699
700
705
706
707
708
709
710
711
713
721
729
732
733
734
737
739
742
748
757
774
792
794
795
796
807
823
825
830
833
834
835
837
838
839
841
842
843
848
858
859
867
874
876
877
882
920
924
927
932
938
939
952
963
966
967
969
981
982
983
992
994
995
998
999
1000
1001
1002
1003
1004
1005
1010
1013
1014
1016
1017
1020
1034
1042
1043
1045
1046
1049
1050
1051
1054
1062
1068
1070
1072
1077
1078
1079
1080
1082
1084
1090
1091
1092
1093
1094
1143
1144
1145
1146
1164
1170
1173
1174
1176
1189
1190
1192
1197
1198
1202
1207
1209
1215
1217
1225
1232
1244
1245
1248
1249
1251
1252
1255
1256
1257
1259
1260
1262
1263
1268
1269
1272
1273
1275
1276
1277
1278
1280
1281
1284
1285
1286
1301
1309
1315
1316
1318
1319
1321
1322
1330
1335
1338
1339
1340
1341
1342
1343
1344
1345
1347
1348
1351
1353
1354
1356
1358
1368
1382
1385
1389
1391
1396
1400
1403
1407
1412
1416
1421
1424
1425
1426
1427
1432
1434
1441
1444
1450
1452
1455
1456
1457
1458
1460
1461
1462
1463
1464
1466
1470
1474
1475
1476
1477
1480
1483
1484
1486
1489
1490
1491
1492
1505
1507
1508
1509
1510
1511
1512
1514
1515
1517
1518
1519
1520
1521
1522
1523
1529
1531
1532
1533
1536
1538
1539
1540
1542
1543
1544
1567
1571
1573
1574
1579
1580
1581
1587
1594
1595
1599
1603
1605
1607
1609
1610
1614
1615
1616
1626
1631
1632
1656
1664
1665
1666
1670
1671
1674
1678
1683
1688
1689
1690
1693
1694
1695
1696
1697
1698
1702
1703
1704
1705
1706
1707
1710
1711
1714
1717
1718
1730
1731
1732
1733
1743
1746
1747
1748
1749
1751
1752
1753
1756
1757
1758
1759
1761
1762
1763
1766
1767
1768
1769
1770
1771
1772
1773
1774
1783
1786
1788
1789
1790
1791
1792
1793
1797
1800
1804
1807
1810
1814
1815
1816
1817
1821
1823
1825
1826
1827
1828
1829
1831
1856
1867
1871
1872
1873
1879
1882
1884
1895
1901
1909
1911
1914
1915
1917
1922
1929
1930
1932
1937
1940
1962
1963
1965
1968
1969
1972
1974
1975
1977
1980
1982
1983
1984
1987
1989
1990
1993
1995
1996
1998
1999
2001
2003
2006
2011
2012
2013
2015
2016
2017
2018
2020
2021
2022
2023
2026
2027
2028
2029
2030
2031
2032
2039
2041
2042
2045
2048
2060
2066
2070
2071
2074
2077
2081
2082
2085
2086
2087
2089
2091
2097
2100
2101
2102
2103
2104
2105
2107
2108
2112
2113
2115
2133
2136
2137
2140
2141
2142
2143
2144
2146
2147
2151
2152
2153
2154
2157
2158
2159
2163
2165
2166
2167
2168
2169
2170
2171
2175
2176
2179
2180
2184
2188
2189
2192
2193
2195
2197
2198
2199
2200
2201
2202
2205
2208
2211
2221
2224
2225
2228
2229
2230
2231
2232
2233
2234
2235
2237
2238
2240
2258
2259
2260
2261
2263
2267
2272
2273
2276
2278
2280
2283
2287
2288
2289
2292
2293
2295
2302
2303
2309
2311
2312
2313
2317
2320
2321
2324
2329
2330
2331
2335
2337
2339
2340
2341
2343
2344
2345
2347
2348
2349
2350
2352
2353
2354
2355
2356
2357
2359
2360
2361
2362
2363
2364
2365
2376
2377
2378
2380
2383
2384
2393
2394
2395
2407
2419
2431
2433
2434
2450
2464
2465
2467
2469
2480
2481
2482
2483
2484
2485
2489
2490
2492
2493
2495
2496
2497
2499
2500
2501
2502
2504
2505
2506
2507
2509
2512
2514
2516
2517
2518
2519
2520
2521
2522
2523
2524
2525
2526
2527
2529
2530
2531
2532
2533
2538
2539
2541
2546
2547
2550
2553
2556
2562
2563
2564
2565
2566
2567
2568
2580
2581
2582
2583
2585
2586
2589
2590
2591
2597
2598
2604
2605
2606
2608
2609
2610
2613
2614
2616
2617
2619
2620
2621
2622
2623
2624
2626
2628
2629
2630
2635
2636
2637
2638
2639
2640
2647
2649
2652
2653
2654
2655
2657
2659
2660
2664
2665
2673
2675
2677
2682
2683
2685
2686
2687
2688
2689
2691
2692
2693
2696
2697
2701
2703
2705
2706
2708
2709
2712
2713
2714
2715
2721
2722
2724
2725
2727
2729
2730
2731
2732
2734
2735
2736
2737
2738
2741
2742
2754
2755
2756
2757
2762
2763
2765
2766
2767
2768
2769
2772
2773
2775
2776
2778
2779
2780
2781
2782
2783
2784
2785
2786
2788
2789
2794
2795
2797
2800
2801
2804
2805
2806
2807
2810
2812
2813
2814
2815
2816
2818
2820
2824
2825
2826
2827
2830
2831
2840
2843
2844
2846
2847
2851
2853
2854
2855
2856
2857
2858
2859
2860
2861
2862
2863
2865
2866
2867
2871
2872
2873
2874
2875
2876
2877
2880
2882
2883
2884
2889
2891
2893
2894
2895
2896
2897
2898
2899
2900
2903
2906
2913
2915
2916
2918
2919
2924
2925
2929
2930
2934
2935
2936
2937
2938
2940
2942
2945
2946
2947
2948
2949
2951
2954
2955
2956
2957
2962
2963
2965
2966
2970
2973
2974
2976
2977
2979
2984
2985
2986
2987
2991
2992
2993
2994
2995
2996
2997
2998
2999
3000
3003
3005
3006
3007
3008
3009
3010
3011
3016
3017
3020
3025
3028
3029
3030
3032
3033
3034
3035
3038
3039
3047
3048
3049
3050
3051
3052
3053
3054
3057
3059
3062
3064
3070
3072
3074
3077
3078
3079
3080
3082
3083
3085
3088
3090
3091
3092
3096
3097
3098
3099
3100
3102
3103
3104
3105
3106
3107
3109
3110
3111
3112
3113
3114
3115
3116
3117
3118
3119
3120
3121
3122
3130
3132
3133
3135
3136
3137
3138
3139
3142
3144
3147
3148
3149
3150
3159
3160
3168
3170
3171
3177
3179
3180
3181
3182
3183
3185
3186
3187
3188
3191
3192
3197
3200
3202
3204
3211
3212
3213
3214
3215
3217
3218
3219
3220
3221
3223
3224
3225
3226
3227
3229
3230
3231
3232
3233
3234
3236
3237
3238
3239
3240
3241
3242
3245
3246
3247
3248
3249
3250
3251
3252
3253
3256
3258
3260
3263
3264
3265
3266
3267
3272
3273
3276
3277
3278
3279
3281
3284
3285
3286
3287
3288
3289
3291
3292
3293
3296
3300
3301
3303
3304
3305
3306
3307
3308
3310
3311
3313
3314
3315
3316
3317
3318
3319
3320
3321
3322
3323
3325
3326
3328
3329
3330
3331
3332
3335
3336
3337
3338
3339
3340
3341
3344
3345
3346
3348
3357
3358
3359
3362
3364
3365
3366
3367
3368
3369
3370
3371
3374
3375
3379
3380
3381
3382
3384
3385
3386
3389
3392
3400
3403
3404
3407
3408
3409
3410
3411
3412
3413
3415
3418
3419
3421
3422
3423
3424
3425
3426
3430
3431
3432
3433
3434
3435
3436
3437
3438
3439
3440
3441
3442
3443
3444
3445
3446
3447
3457
3458
3459
3462
3463
3464
3470
3471
3472
3473
3474
3475
3476
3477
3478
3479
3480
3481
3483
3485
3486
3489
3493
3494
3500
3512
3513
3514
3515
3516
3517
3519
3520
3521
3522
3524
3528
3529
3530
3531
3532
3533
3534
3536
3537
3538
3540
3541
3542
3544
3545
3547
3550
3551
3552
3557
3558
3559
3560
3561
3562
3563
3564
3568
3569
3572
3573
3574
3575
3578
3579
3580
3581
3582
3586
3587
3588
3589
3590
3591
3594
3597
3599
3601
3603
3604
3608
3609
3615
3616
3617
3618
3619
3620
3621
3622
3624
3626
3627
3628
3629
3631
3632
3633
3634
3635
3638
3639
3640
3642
3644
3648
3649
3650
3651
3654
3658
3660
3661
3662
3663
3664
3665
3666
3667
3672
3673
3674
3675
3676
3677
3678
3679
3680
3681
3682
3683
3684
3685
3686
3689
3693
3694
3695
3699
3701
3702
3706
3707
3709
3711
3712
3718
3720
3723
3724
3725
3726
3727
3728
3729
3730
3733
3736
3737
3739
3740
3741
3742
3743
3745
3746
3749
3750
3752
3753
3754
3755
3756
3757
3758
3759
3760
3761
3763
3764
3765
3767
3768
3771
3772
3774
3775
3776
3777
3779
3780
3781
3783
3785
3786
3787
3788
3789
3790
3791
3792
3793
3794
3797
3798
3802
3803
3804
3806
3811
3812
3815
3816
3819
3820
3823
3825
3827
3828
3831
3832
3833
3835
3837
3838
3839
3841
3842
3843
3844
3845
3846
3847
3850
3851
3852
3853
3854
3855
3856
3860
3862
3864
3865
3866
3867
3868
3869
3870
3871
3872
3873
3874
3877
3879
3880
3881
3882
3883
3884
3885
3886
3890
3891
3892
3893
3897
3899
3900
3901
3902
3903
3905
3907
3908
3909
3910
3912
3913
3915
3916
3917
3926
3931
3933
3934
3937
3938
3939
3940
3941
3942
3943
3944
3945
3946
3949
3950
3951
3952
3954
3955
3958
3959
3962
3963
3965
3966
3967
3968
3969
3971
3972
3973
3974
3976
3977
3980
3981
3982
3983
3985
3986
3987
3988
3989
3990
3992
3993
3996
3997
3998
3999
4000
4001
4002
4003
4004
4005
4006
4007
4008
4009
4010
4011
4012
4013
4014
4015
4016
4017
4018
4019
4020
4021
4022
4023
4024
4025
4027
4029
4032
4035
4036
4037
4038
4039
4043
4044
4045
4046
4047
4048
4050
4052
4053
4055
4056
4057
4058
4059
4060
4061
4063
4064
4065
4067
4068
4074
4075
4076
4079
4080
4082
4083
4084
4085
4087
4089
4092
4093
4094
4095
4096
4099
4100
4101
4103
4104
4107
4108
4109
4111
4113
4114
4115
4120
4121
4126
4127
4128
4129
4130
4131
4133
4134
4135
4136
4137
4139
4143
4145
4146
4147
4150
4151
4152
4153
4154
4155
4159
4160
4161
4162
4164
4165
4166
4167
4168
4169
4170
4171
4172
4173
4174
4176
4177
4178
4180
4181
4182
4190
4192
4194
4195
4196
4198
4199
4200
4204
4205
4206
4207
4209
4210
4211
4212
4214
4215
4216
4217
4219
4221
4222
4223
4224
4225
4226
4227
4229
4230
4231
4232
4233
4234
4235
4236
4237
4240
4242
4243
4244
4245
4246
4247
4248
4249
4250
4251
4253
4259
4261
4262
4266
4267
4268
4269
4270
4273
4274
4275
4276
4277
4278
4279
4281
4282
4283
4284
4285
4286
4288
4289
4291
4292
4293
4294
4295
4296
4299
4300
4301
4302
4303
4304
4305
4306
4307
4312
4316
4317
4318
4319
4320
4321
4323
4324
4325
4326
4329
4330
4332
4334
4337
4340
4341
4342
4343
4344
4346
4347
4351
4352
4354
4356
4357
4358
4359
4360
4361
4363
4364
4365
4366
4367
4368
4369
4370
4372
4374
4376
4377
4379
4380
4381
4382
4383
4384
4385
4386
4387
4389
4390
4393
4394
4395
4398
4400
4401
4402
4403
4405
4406
4413
4414
4415
4416
4417
4418
4421
4425
4426
4429
4430
4431
4432
4433
4434
4435
4437
4438
4439
4440
4443
4444
4445
4448
4450
4451
4452
4453
4454
4456
4457
4460
4461
4463
4464
4466
4468
4470
4471
4472
4476
4477
4480
4483
4484
4485
4486
4487
4488
4489
4490
4491
4492
4493
4494
4496
4497
4498
4501
4502
4504
4505
4507
4508
4509
4511
4512
4513
4514
4515
4516
4517
4518
4519
4520
4521
4522
4524
4525
4526
4527
4531
4533
4534
4535
4536
4538
4539
4540
4541
4542
4543
4544
4546
4548
4549
4550
4551
4552
4554
4555
4557
4558
4559
4560
4561
4562
4563
4564
4565
4566
4567
4569
4570
4571
4572
4573
4574
4575
4576
4577
4578
4579
4580
4581
4582
4583
4584
4585
4586
4587
4588
4591
4592
4594
4595
4596
4597
4598
4599
4600
4601
4603
4604
4605
4608
4609
4613
4614
4615
4616
4617
4618
4620
4623
4624
4626
4627
4628
4629
4630
4631
4634
4637
4639
4640
4641
4642
4645
4646
4647
4648
4650
4651
4654
4655
4656
4657
4658
4659
4660
4661
4665
4666
4670
4672
4673
4675
4676
4677
4678
4679
4682
4683
4684
4685
4686
4687
4688
4689
4690
4691
4692
4693
4694
4695
4696
4697
4698
4699
4700
4701
4702
4703
4704
4705
4706
4707
4708
4709
4710
4711
4712
4715
4716
4718
4719
4720
4721
4722
4723
4724
4725
4726
4727
4731
4733
4734
4735
4736
4737
4740
4741
4742
4743
4745
4747
4748
4749
4750
4751
4752
4753
4754
4755
4756
4757
4758
4759
4760
4761
4762
4763
4764
4766
4767
4768
4769
4771
4772
4773
4774
4775
4776
4778
4779
4780
4781
4782
4783
4784
4787
4788
4789
4790
4791
4792
4796
4797
4798
4799
4800
4801
4802
4803
4804
4805
4806
4807
4808
4809
4810
4811
4814
4815
4816
4817
4818
4819
4820
4821
4822
4826
4827
4828
4829
4830
4831
4832
4833
4835
4837
4838
4839
4840
4841
4842
4843
4844
4850
4852
4853
4855
4856
4857
4858
4860
4861
4862
4864
4865
4867
4868
4874
4875
4876
4877
4878
4879
4880
4882
4884
4889
4890
4892
4896
4897
4899
4900
4903
4905
4910
4911
4912
4913
4914
4917
4918
4919
4920
4922
4923
4924
4925
4926
4927
4928
4930
4932
4934
4935
4936
4937
4938
4939
4940
4941
4942
4943
4945
4947
4949
4951
4952
4953
4959
4960
4961
4962
4963
4966
4967
4968
4969
4971
4972
4973
4974
4975
4976
4978
4979
4980
4981
4982
4983
4984
4986
4987
4989
4991
4992
4993
4994
4995
5000
5002
5003
5004
5005
5006
5007
5008
5009
5010
5013
5016
5017
5018
5019
5020
5021
5022
5023
5024
5025
5026
5027
5028
5029
5030
5032
5033
5035
5036
5037
5038
5039
5040
5042
5043
5044
5047
5048
5050
5051
5053
5054
5055
5058
5059
5060
5061
5062
5063
5064
5065
5066
5067
5068
5069
5070
5073
5074
5075
5076
5077
5078
5079
5080
5081
5082
5083
5084
5085
5086
5087
5088
5089
5091
5092
5095
5097
5098
5099
5100
5102
5103
5104
5105
5106
5108
5109
5111
5112
5113
5115
5116
5117
5118
5120
5121
5123
5125
5127
5128
5130
5131
5132
5133
5134
5135
5136
5137
5138
5141
5142
5143
5144
5145
5146
5147
5148
5149
5150
5151
5154
5155
5156
5157
5158
5159
5162
5165
5169
5170
5171
5172
5173
5174
5175
5176
5177
5178
5179
5180
5181
5182
5184
5185
5186
5187
5188
5189
5190
5191
5192
5193
5194
5195
5197
5198
5199
5200
5202
5203
5204
5205
5206
5207
5208
5209
5211
5212
5213
5214
5215
5216
5217
5218
5219
5222
5223
5226
5227
5228
5229
5230
5231
5232
5236
5237
5239
5240
5242
5243
5244
5246
5250
5251
5252
5254
5256
5257
5259
5260
5261
5263
5264
5265
5266
5267
5268
5269
5270
5271
5272
5273
5274
5275
5276
5277
5278
5280
5281
5282
5284
5287
5288
5289
5290
5293
5294
5295
5296
5297
5298
5299
5300
5301
5303
5306
5307
5308
5309
5311
5312
5313
5314
5318
5319
5320
5321
5322
5323
5324
5325
5326
5327
5329
5330
5331
5332
5334
5335
5337
5338
5339
5340
5341
5342
5343
5344
5345
5346
5347
5348
5349
5351
5352
5357
5358
5359
5360
5361
5362
5363
5365
5366
5367
5368
5369
5370
5371
5374
5375
5376
5377
5378
5380
5381
5383
5385
5386
5387
5388
5389
5390
5392
5393
5394
5396
5397
5399
5401
5402
5403
5406
5408
5409
5415
5416
5417
5418
5419
5420
5421
5422
5423
5425
5426
5427
5428
5429
5431
5432
5433
5434
5435
5436
5437
5438
5439
5440
5441
5442
5443
5444
5445
5446
5447
5448
5449
5451
5452
5453
5454
5455
5456
5457
5458
5459
5460
5463
5464
5466
5467
5474
5475
5476
5477
5478
5479
5480
5481
5482
5484
5486
5487
5488
5489
5493
5494
5495
5496
5497
5498
5499
5501
5502
5503
5505
5506
5508
