418
419
735
3200
657
1009
965
485
1267
3198
364
352
1109
400
358
2767
320
3199
731
833
1585
347
1594
661
356
353
1577
1647
2303
743
739
1862
659
631
3765
3766
2500
1860
351
4468
2539
1663
403
1619
579
2237
396
2761
1010
713
1110
744
2888
1651
1614
1002
1604
751
716
1854
1668
632
398
1574
573
633
711
1691
2235
1013
1120
363
362
1609
86
346
2228
392
2233
1863
1938
569
1012
722
2679
1658
349
417
2960
4573
380
3781
723
660
4725
1740
575
369
1932
1112
577
580
572
1300
390
2403
2901
3932
315
1578
737
721
367
3665
727
966
1597
1877
395
1011
1575
1616
1108
729
1849
486
1744
405
741
999
2538
637
655
1858
3780
4465
1611
2169
626
1629
625
4155
1590
366
124
1672
1638
1936
717
1613
455
1001
714
1598
785
2944
1968
4721
1603
4464
1391
1268
119
4644
1579
2029
154
1581
1599
526
1607
135
4220
1648
1612
1390
730
817
2225
570
1633
1635
397
864
1697
4409
1269
718
377
1589
644
345
1935
1608
1592
1617
38
1627
1656
1741
1649
4487
456
1659
61
1573
1111
1859
1602
2296
629
1392
1587
2863
2207
1865
273
1640
1586
404
3027
571
1708
576
230
736
1630
317
1661
184
2409
1870
3480
1571
368
1634
539
2
555
342
814
488
2410
1852
1384
1695
2300
1106
591
2234
1864
1872
1642
3050
605
834
2271
340
350
2824
1973
2285
725
2013
483
797
11
1869
1624
266
235
724
4748
429
4049
2245
628
2265
2706
619
1572
1620
1582
1615
3353
546
698
1682
1874
3802
812
1163
1861
69
811
2508
165
229
433
747
1739
2226
484
1666
49
915
709
1774
1802
3782
129
187
1641
1125
143
1393
782
2227
728
1931
145
1662
745
1601
1137
33
624
1853
1694
2197
1623
2244
2016
431
73
595
1370
2577
1495
703
794
2231
2270
1654
1115
444
3366
715
1610
2284
1664
59
1842
2498
1746
144
2407
424
1369
197
87
865
2015
4
1934
2540
630
341
712
4190
658
734
1937
653
783
1067
231
2492
1671
892
2021
1107
457
1584
1363
3196
787
168
512
2465
2211
2239
382
1940
126
207
3758
1745
1355
381
1950
360
1208
646
1600
1377
2236
1085
1279
1314
2766
137
1098
1670
2260
3129
178
1171
1605
1066
4230
1068
2341
490
749
357
30
300
211
343
1496
1856
689
1866
920
3846
838
394
912
597
1379
1706
1621
1875
1606
1113
1850
1928
1457
2376
439
2367
74
742
2499
1588
701
1929
2230
190
290
2929
1657
4591
1373
234
66
1456
2104
4012
846
853
4454
960
2279
1655
1845
67
887
1595
1155
1465
373
177
2624
1368
1362
399
2107
2384
1207
20
1886
242
1367
2401
2209
1116
934
128
1789
379
2735
515
4064
1751
621
993
1700
16
891
2957
138
740
636
142
620
376
3225
544
171
125
2114
169
3
1029
1848
936
1460
77
2122
4867
1681
4048
4593
1200
174
1399
957
2497
459
4070
908
2653
285
7
134
1844
945
79
3487
1466
219
2606
3924
4059
4195
1930
4250
3131
179
1871
1074
617
635
133
805
3822
969
3821
325
4604
4559
2232
130
2364
1576
3678
384
1229
220
141
2764
953
5109
117
1632
1626
1290
2383
4404
29
778
3130
2022
254
671
2052
436
176
3753
2297
3479
1527
961
2748
1070
1524
2295
2108
1248
385
2582
1906
122
804
2864
2411
1252
1416
509
890
136
3570
513
1669
2760
3587
990
1378
1080
2652
1692
461
3274
3186
1132
754
1342
3777
1372
163
1580
259
2130
221
1192
103
813
2943
3060
4081
4439
4440
2305
3661
1071
2654
4525
153
1084
991
160
975
1839
933
553
263
1059
3672
1851
1650
78
603
1652
262
4346
42
832
1058
2096
1531
896
1631
4216
2843
167
1820
3986
1469
919
3141
3778
359
4398
2045
514
2111
4630
5
123
1636
1250
980
44
25
2605
1709
3756
858
4618
252
863
1044
759
989
1685
1759
3995
738
3836
1505
1375
3110
590
706
173
982
261
2750
3294
1114
872
83
1158
1124
1965
1359
2811
536
2571
951
4498
1043
1282
3627
847
2435
82
2458
2025
3839
855
3976
192
1251
47
3187
4947
1351
3364
95
493
2350
12
1165
1119
4665
1797
3901
2616
196
4910
15
4165
1622
158
618
161
180
3508
2848
84
92
236
1036
1628
932
205
2257
4590
1262
2820
849
2951
3182
1123
1912
1475
375
8
1233
1003
2024
2480
968
3062
4970
4124
2641
402
1523
2502
2948
1258
4039
3357
719
4699
2058
541
1380
1087
1591
2099
615
4254
4292
421
3900
131
166
1473
3033
510
1810
1400
1474
1172
2238
2725
1988
1447
928
54
875
3112
528
3217
1752
256
451
2299
140
874
758
2039
1846
2638
664
139
1094
1230
2392
921
3743
1064
17
3752
253
1415
1411
344
3975
2330
2060
476
3005
2732
639
522
1815
361
4388
981
111
156
876
1458
2436
465
1344
182
4447
1787
4695
1388
4084
1498
210
2926
1406
218
2682
608
925
1878
4217
102
1260
104
1274
2733
1358
1140
2973
1062
4600
413
2421
1847
2123
227
3707
1639
1840
4293
121
757
3505
3755
185
1201
1873
939
1943
2379
2754
1841
2584
3741
427
1156
1077
1686
1173
1188
1903
4934
878
1034
2023
3988
1236
756
1696
189
1964
3720
926
2120
4225
1117
2736
248
2293
548
2393
1196
4553
885
2012
425
2630
2665
1410
2028
2583
463
3760
1136
2620
3061
2242
667
415
1413
2904
3677
4369
2419
468
1403
4067
4113
2734
517
1076
1307
1349
1554
824
434
4763
393
467
3139
354
152
2054
226
1667
2317
2490
918
1625
2898
3303
963
1161
1540
600
1553
2615
1481
3415
1405
1916
91
437
2471
209
57
906
4923
48
645
2387
99
1596
604
1065
1129
2078
2645
511
606
955
1045
2759
3111
462
2444
2459
1211
1547
2879
3845
4915
2131
2729
914
430
1779
1782
907
1734
4810
771
2969
4026
4547
983
1348
1767
2090
923
1879
72
958
1202
1855
3244
3849
442
616
1185
2003
2470
3894
60
1398
1786
1007
96
470
1472
1679
3592
2882
3676
3946
4328
4367
530
2529
3184
1424
2823
695
1387
2115
2132
2570
2852
3511
3537
3574
3712
971
977
2106
2121
3725
2026
3472
4088
675
1215
2063
852
997
1291
1583
1763
1806
2472
2485
3726
1206
1665
2964
3013
50
733
1057
3278
3492
4219
708
1061
2535
2581
4333
4976
516
943
1249
1295
1792
2724
2894
3302
4266
799
899
1425
1593
2062
2426
2801
3462
1690
2984
3053
282
755
1386
2041
195
871
877
2648
4387
206
789
1299
1446
1467
1780
2085
2301
3840
4837
492
497
1536
2658
2967
769
901
1024
1409
2881
937
1356
2717
2928
4228
101
201
1237
1389
2000
2477
2610
4042
1338
1404
2091
2794
3263
3326
4082
4548
1157
1680
2796
870
2011
2476
2564
3967
1175
1904
3007
3040
3535
175
609
1660
2788
3667
4610
464
843
873
1945
170
1000
3412
3629
155
837
3156
3485
4150
940
1055
1322
1491
2010
2042
2925
3276
3398
3467
329
807
924
1347
1702
2870
3358
761
973
1346
1646
1827
2200
2656
2778
26
753
866
1731
1901
3075
3375
4073
4993
116
224
935
1189
2051
2434
2730
479
910
1397
1905
2314
3140
3293
4811
5084
1538
2622
3018
55
64
770
948
959
1078
1170
1329
2139
2886
3098
3269
3808
3824
3885
4091
4911
147
680
1791
2749
3331
3999
407
767
922
941
942
1092
1333
1857
2065
2164
3362
4159
4509
1
372
495
545
554
607
845
976
1221
1226
1228
1336
1354
1525
1558
1918
1962
1989
2047
2133
2595
2621
2803
2816
2924
2972
3595
5098
19
494
538
752
1102
1118
1689
1784
1803
1961
2053
2375
2694
3102
3270
3690
4087
4140
4560
4754
89
1212
1798
2082
2118
2558
2744
3149
3691
3826
496
1081
1552
1675
2059
2135
2146
2544
2688
3074
3653
3807
4561
28
90
270
531
851
938
1040
1041
1325
1557
1800
2008
2044
2072
2092
2102
2110
2903
3324
3493
3893
388
406
412
524
704
800
1166
1337
1345
2004
2089
2119
2425
2555
2771
2814
4083
5062
97
258
426
428
634
854
1063
1542
1768
2048
2067
2113
2507
2987
3091
3400
3662
4673
4890
4933
65
120
249
374
551
766
1069
1103
1169
1315
1471
1551
1809
2046
2055
2291
2608
2799
2839
2840
2912
3496
3580
3613
3668
3981
4130
4335
4433
4494
118
250
491
523
768
798
931
1144
1219
1305
1402
1468
1560
1699
1808
1828
1838
1996
2020
2056
2127
2203
2422
2428
2504
2518
2657
2772
2842
2985
3117
3947
4089
4507
4681
4909
5001
5058
930
972
1146
1150
1151
1222
1297
1310
1432
1530
1724
1788
1910
2017
2050
2094
2382
2569
2696
2756
3313
3327
3438
3583
4014
4222
4643
4646
4647
4764
4948
4989
68
4426
3788
4803
4805
4499
3790
482
1933
3515
4399
2283
2276
2272
3761
1008
4423
2262
2255
4279
4550
720
4861
416
3733
2466
652
3948
2213
2278
2268
1939
4428
5008
2178
2962
454
2281
1105
2259
1941
2014
5080
3740
2277
2214
916
5079
4529
3927
3271
3249
3194
574
1371
4013
2263
4700
2264
2243
4508
2274
2280
1130
1951
2294
2890
746
3567
4290
2246
4706
656
2173
2827
3226
3847
1946
2261
2722
1312
860
2282
3035
2033
23
4488
2368
2370
4971
2220
2218
5004
4032
3542
1332
2208
1364
14
3572
2933
1376
726
1754
1204
585
2369
2180
2275
36
3571
1383
5011
1753
2198
816
3284
1122
2332
5057
4278
4117
88
3526
21
3928
1244
862
6
2493
4938
2195
4291
5048
3168
1953
2826
3569
4229
1381
2196
2413
1738
1318
4486
1476
233
5013
4046
1710
32
3114
27
2668
1748
750
1722
3565
1483
1747
35
2035
651
2269
2171
3208
1245
4413
1970
1948
3501
3032
2304
1259
4103
232
2216
2273
3703
2945
2600
4358
3223
1265
3837
1134
2632
3034
40
3222
1756
1813
1711
2405
4973
781
4931
578
4707
4886
1139
3597
1205
1477
2404
4382
673
9
13
779
2027
2830
815
1478
2175
2247
2533
562
3457
1365
4281
1707
2172
2250
3694
1264
1328
3623
612
3195
3666
1232
3506
53
1257
5081
2831
649
2229
2431
2968
842
1324
3067
3390
4966
992
1261
2640
2956
4376
1923
2865
2946
4945
904
1131
2215
954
5053
75
1311
1126
1687
1750
1234
1263
2240
2256
2683
3759
31
1301
1717
2258
1760
238
1883
2030
2789
5071
2177
4944
2661
4581
193
4380
5075
672
1952
4816
964
2224
4884
212
748
2190
2302
4430
94
1004
2223
1203
1306
3473
2723
1772
4817
3071
18
2662
2664
1678
3260
909
2625
2889
4199
2249
3231
823
1317
1703
1712
2905
3626
4946
776
2366
3201
3224
4569
5012
2955
3143
3860
471
1900
4524
4616
2718
2833
2970
3737
881
1104
1235
1327
3328
4592
432
1985
2034
2179
3343
4937
1293
1814
2253
2958
3197
508
2828
3016
3902
4603
5089
614
654
780
792
1093
2266
2461
2527
2873
2937
2959
3533
4480
4660
4732
4843
4856
4885
43
241
1072
1101
1949
1971
3564
62
1749
1947
2140
2206
2210
2217
2315
3123
3791
3953
4068
4127
4521
4689
4731
4974
3875
4152
4381
4483
52
665
1032
1549
2351
2880
2895
2952
3108
3650
3679
4164
4655
5056
34
198
239
803
806
1341
1881
2155
2181
2212
2221
2414
2874
3531
4354
4371
4522
4716
4733
489
818
956
967
1082
1154
1484
2845
3015
3188
3349
3458
3795
4327
4352
4412
5063
22
228
460
505
525
822
1743
2360
2372
2629
2685
3257
3355
3359
3360
4527
37
149
518
674
836
1275
1559
1742
1942
2743
2825
2914
3043
3392
3568
3593
3801
3854
3861
4137
4390
4617
4797
568
859
1298
1382
2036
2159
2174
2390
2391
2572
2726
3029
3673
3779
3805
3838
3857
3935
3949
4054
4467
4495
4756
4847
5032
5105
240
244
911
1141
1160
1271
1884
2388
2389
2637
2684
2737
2829
2838
2896
3059
3068
3088
3210
3421
3490
3513
3744
3879
4186
4296
4362
4769
4801
5009
71
100
475
947
998
1056
1272
1493
1757
1974
2163
2219
2252
2328
2331
2523
2601
2623
2677
2909
3275
3402
3524
3566
3664
3684
3721
3934
4280
4497
4839
5078
5083
10
39
46
70
202
487
913
995
1014
1128
1246
1374
1417
1488
1534
1539
1562
1765
1812
1816
1963
2136
2137
2144
2166
2191
2222
2251
2298
2386
2440
2473
2488
2547
2580
2587
2644
2686
2728
2740
2742
2758
2800
2867
2927
2942
2949
3023
3024
3026
3072
3147
3148
3329
3397
3523
3719
3742
3827
3950
4016
4040
4047
4069
4145
4227
4283
4303
4312
4364
4392
4549
4554
4605
4619
4687
4690
4787
4799
4819
4895
4967
4991
5043
5077
24
93
164
194
204
213
222
237
246
251
469
504
543
640
642
647
774
808
886
905
927
970
1046
1075
1083
1091
1231
1287
1353
1418
1464
1490
1644
1718
1726
1818
1880
1907
1956
1958
1960
2098
2176
2184
2336
2359
2374
2378
2474
2475
2512
2545
2614
2628
2634
2646
2719
2770
2878
3010
3092
3094
3109
3132
3150
3171
3180
3204
3264
3404
3406
3464
3486
3491
3600
3604
3628
3671
3698
3724
3731
3804
3867
3882
3955
3996
4001
4008
4037
4052
4107
4160
4226
4236
4238
4302
4304
4309
4363
4408
4463
4471
4475
4485
4572
4574
4667
4691
4751
4868
4883
4897
4932
4941
4987
5002
5018
5065
5086
5104
85
181
247
449
450
613
784
791
844
944
1031
1042
1186
1270
1343
1414
1421
1422
1423
1452
1533
1563
1719
1723
1959
2189
2248
2321
2358
2402
2416
2464
2487
2567
2693
2775
2784
2832
2892
2893
2998
3001
3011
3087
3118
3142
3153
3219
3238
3277
3321
3356
3525
3612
3647
3658
3660
3693
3816
3912
3997
4030
4079
4090
4179
4191
4233
4240
4517
4531
4708
4709
4761
4865
5045
0
41
45
51
56
58
63
76
80
81
98
105
106
107
108
109
110
112
113
114
115
127
132
146
148
150
151
157
159
162
172
183
186
188
191
199
200
203
208
214
215
216
217
223
225
243
245
255
257
260
264
265
267
268
269
271
272
274
275
276
277
278
279
280
281
283
284
286
287
288
289
291
292
293
294
295
296
297
298
299
301
302
303
304
305
306
307
308
309
310
311
312
313
314
316
318
319
321
322
323
324
326
327
328
330
331
332
333
334
335
336
337
338
339
348
355
365
370
371
378
383
386
387
389
391
401
408
409
410
411
414
420
422
423
435
438
440
441
443
445
446
447
448
452
453
458
466
472
473
474
477
478
480
481
498
499
500
501
502
503
506
507
519
520
521
527
529
532
533
534
535
537
540
542
547
549
550
552
556
557
558
559
560
561
563
564
565
566
567
581
582
583
584
586
587
588
589
592
593
594
596
598
599
601
602
610
611
622
623
627
638
641
643
648
650
662
663
666
668
669
670
676
677
678
679
681
682
683
684
685
686
687
688
690
691
692
693
694
696
697
699
700
702
705
707
710
732
760
762
763
764
765
772
773
775
777
786
788
790
793
795
796
801
802
809
810
819
820
821
825
826
827
828
829
830
831
835
839
840
841
848
850
856
857
861
867
868
869
879
880
882
883
884
888
889
893
894
895
897
898
900
902
903
917
929
946
949
950
952
962
974
978
979
984
985
986
987
988
994
996
1005
1006
1015
1016
1017
1018
1019
1020
1021
1022
1023
1025
1026
1027
1028
1030
1033
1035
1037
1038
1039
1047
1048
1049
1050
1051
1052
1053
1054
1060
1073
1079
1086
1088
1089
1090
1095
1096
1097
1099
1100
1121
1127
1133
1135
1138
1142
1143
1145
1147
1148
1149
1152
1153
1159
1162
1164
1167
1168
1174
1176
1177
1178
1179
1180
1181
1182
1183
1184
1187
1190
1191
1193
1194
1195
1197
1198
1199
1209
1210
1213
1214
1216
1217
1218
1220
1223
1224
1225
1227
1238
1239
1240
1241
1242
1243
1247
1253
1254
1255
1256
1266
1273
1276
1277
1278
1280
1281
1283
1284
1285
1286
1288
1289
1292
1294
1296
1302
1303
1304
1308
1309
1313
1316
1319
1320
1321
1323
1326
1330
1331
1334
1335
1339
1340
1350
1352
1357
1360
1361
1366
1385
1394
1395
1396
1401
1407
1408
1412
1419
1420
1426
1427
1428
1429
1430
1431
1433
1434
1435
1436
1437
1438
1439
1440
1441
1442
1443
1444
1445
1448
1449
1450
1451
1453
1454
1455
1459
1461
1462
1463
1470
1479
1480
1482
1485
1486
1487
1489
1492
1494
1497
1499
1500
1501
1502
1503
1504
1506
1507
1508
1509
1510
1511
1512
1513
1514
1515
1516
1517
1518
1519
1520
1521
1522
1526
1528
1529
1532
1535
1537
1541
1543
1544
1545
1546
1548
1550
1555
1556
1561
1564
1565
1566
1567
1568
1569
1570
1618
1637
1643
1645
1653
1673
1674
1676
1677
1683
1684
1688
1693
1698
1701
1704
1705
1713
1714
1715
1716
1720
1721
1725
1727
1728
1729
1730
1732
1733
1735
1736
1737
1755
1758
1761
1762
1764
1766
1769
1770
1771
1773
1775
1776
1777
1778
1781
1783
1785
1790
1793
1794
1795
1796
1799
1801
1804
1805
1807
1811
1817
1819
1821
1822
1823
1824
1825
1826
1829
1830
1831
1832
1833
1834
1835
1836
1837
1843
1867
1868
1876
1882
1885
1887
1888
1889
1890
1891
1892
1893
1894
1895
1896
1897
1898
1899
1902
1908
1909
1911
1913
1914
1915
1917
1919
1920
1921
1922
1924
1925
1926
1927
1944
1954
1955
1957
1966
1967
1969
1972
1975
1976
1977
1978
1979
1980
1981
1982
1983
1984
1986
1987
1990
1991
1992
1993
1994
1995
1997
1998
1999
2001
2002
2005
2006
2007
2009
2018
2019
2031
2032
2037
2038
2040
2043
2049
2057
2061
2064
2066
2068
2069
2070
2071
2073
2074
2075
2076
2077
2079
2080
2081
2083
2084
2086
2087
2088
2093
2095
2097
2100
2101
2103
2105
2109
2112
2116
2117
2124
2125
2126
2128
2129
2134
2138
2141
2142
2143
2145
2147
2148
2149
2150
2151
2152
2153
2154
2156
2157
2158
2160
2161
2162
2165
2167
2168
2170
2182
2183
2185
2186
2187
2188
2192
2193
2194
2199
2201
2202
2204
2205
2241
2254
2267
2286
2287
2288
2289
2290
2292
2306
2307
2308
2309
2310
2311
2312
2313
2316
2318
2319
2320
2322
2323
2324
2325
2326
2327
2329
2333
2334
2335
2337
2338
2339
2340
2342
2343
2344
2345
2346
2347
2348
2349
2352
2353
2354
2355
2356
2357
2361
2362
2363
2365
2371
2373
2377
2380
2381
2385
2394
2395
2396
2397
2398
2399
2400
2406
2408
2412
2415
2417
2418
2420
2423
2424
2427
2429
2430
2432
2433
2437
2438
2439
2441
2442
2443
2445
2446
2447
2448
2449
2450
2451
2452
2453
2454
2455
2456
2457
2460
2462
2463
2467
2468
2469
2478
2479
2481
2482
2483
2484
2486
2489
2491
2494
2495
2496
2501
2503
2505
2506
2509
2510
2511
2513
2514
2515
2516
2517
2519
2520
2521
2522
2524
2525
2526
2528
2530
2531
2532
2534
2536
2537
2541
2542
2543
2546
2548
2549
2550
2551
2552
2553
2554
2556
2557
2559
2560
2561
2562
2563
2565
2566
2568
2573
2574
2575
2576
2578
2579
2585
2586
2588
2589
2590
2591
2592
2593
2594
2596
2597
2598
2599
2602
2603
2604
2607
2609
2611
2612
2613
2617
2618
2619
2626
2627
2631
2633
2635
2636
2639
2642
2643
2647
2649
2650
2651
2655
2659
2660
2663
2666
2667
2669
2670
2671
2672
2673
2674
2675
2676
2678
2680
2681
2687
2689
2690
2691
2692
2695
2697
2698
2699
2700
2701
2702
2703
2704
2705
2707
2708
2709
2710
2711
2712
2713
2714
2715
2716
2720
2721
2727
2731
2738
2739
2741
2745
2746
2747
2751
2752
2753
2755
2757
2762
2763
2765
2768
2769
2773
2774
2776
2777
2779
2780
2781
2782
2783
2785
2786
2787
2790
2791
2792
2793
2795
2797
2798
2802
2804
2805
2806
2807
2808
2809
2810
2812
2813
2815
2817
2818
2819
2821
2822
2834
2835
2836
2837
2841
2844
2846
2847
2849
2850
2851
2853
2854
2855
2856
2857
2858
2859
2860
2861
2862
2866
2868
2869
2871
2872
2875
2876
2877
2883
2884
2885
2887
2891
2897
2899
2900
2902
2906
2907
2908
2910
2911
2913
2915
2916
2917
2918
2919
2920
2921
2922
2923
2930
2931
2932
2934
2935
2936
2938
2939
2940
2941
2947
2950
2953
2954
2961
2963
2965
2966
2971
2974
2975
2976
2977
2978
2979
2980
2981
2982
2983
2986
2988
2989
2990
2991
2992
2993
2994
2995
2996
2997
2999
3000
3002
3003
3004
3006
3008
3009
3012
3014
3017
3019
3020
3021
3022
3025
3028
3030
3031
3036
3037
3038
3039
3041
3042
3044
3045
3046
3047
3048
3049
3051
3052
3054
3055
3056
3057
3058
3063
3064
3065
3066
3069
3070
3073
3076
3077
3078
3079
3080
3081
3082
3083
3084
3085
3086
3089
3090
3093
3095
3096
3097
3099
3100
3101
3103
3104
3105
3106
3107
3113
3115
3116
3119
3120
3121
3122
3124
3125
3126
3127
3128
3133
3134
3135
3136
3137
3138
3144
3145
3146
3151
3152
3154
3155
3157
3158
3159
3160
3161
3162
3163
3164
3165
3166
3167
3169
3170
3172
3173
3174
3175
3176
3177
3178
3179
3181
3183
3185
3189
3190
3191
3192
3193
3202
3203
3205
3206
3207
3209
3211
3212
3213
3214
3215
3216
3218
3220
3221
3227
3228
3229
3230
3232
3233
3234
3235
3236
3237
3239
3240
3241
3242
3243
3245
3246
3247
3248
3250
3251
3252
3253
3254
3255
3256
3258
3259
3261
3262
3265
3266
3267
3268
3272
3273
3279
3280
3281
3282
3283
3285
3286
3287
3288
3289
3290
3291
3292
3295
3296
3297
3298
3299
3300
3301
3304
3305
3306
3307
3308
3309
3310
3311
3312
3314
3315
3316
3317
3318
3319
3320
3322
3323
3325
3330
3332
3333
3334
3335
3336
3337
3338
3339
3340
3341
3342
3344
3345
3346
3347
3348
3350
3351
3352
3354
3361
3363
3365
3367
3368
3369
3370
3371
3372
3373
3374
3376
3377
3378
3379
3380
3381
3382
3383
3384
3385
3386
3387
3388
3389
3391
3393
3394
3395
3396
3399
3401
3403
3405
3407
3408
3409
3410
3411
3413
3414
3416
3417
3418
3419
3420
3422
3423
3424
3425
3426
3427
3428
3429
3430
3431
3432
3433
3434
3435
3436
3437
3439
3440
3441
3442
3443
3444
3445
3446
3447
3448
3449
3450
3451
3452
3453
3454
3455
3456
3459
3460
3461
3463
3465
3466
3468
3469
3470
3471
3474
3475
3476
3477
3478
3481
3482
3483
3484
3488
3489
3494
3495
3497
3498
3499
3500
3502
3503
3504
3507
3509
3510
3512
3514
3516
3517
3518
3519
3520
3521
3522
3527
3528
3529
3530
3532
3534
3536
3538
3539
3540
3541
3543
3544
3545
3546
3547
3548
3549
3550
3551
3552
3553
3554
3555
3556
3557
3558
3559
3560
3561
3562
3563
3573
3575
3576
3577
3578
3579
3581
3582
3584
3585
3586
3588
3589
3590
3591
3594
3596
3598
3599
3601
3602
3603
3605
3606
3607
3608
3609
3610
3611
3614
3615
3616
3617
3618
3619
3620
3621
3622
3624
3625
3630
3631
3632
3633
3634
3635
3636
3637
3638
3639
3640
3641
3642
3643
3644
3645
3646
3648
3649
3651
3652
3654
3655
3656
3657
3659
3663
3669
3670
3674
3675
3680
3681
3682
3683
3685
3686
3687
3688
3689
3692
3695
3696
3697
3699
3700
3701
3702
3704
3705
3706
3708
3709
3710
3711
3713
3714
3715
3716
3717
3718
3722
3723
3727
3728
3729
3730
3732
3734
3735
3736
3738
3739
3745
3746
3747
3748
3749
3750
3751
3754
3757
3762
3763
3764
3767
3768
3769
3770
3771
3772
3773
3774
3775
3776
3783
3784
3785
3786
3787
3789
3792
3793
3794
3796
3797
3798
3799
3800
3803
3806
3809
3810
3811
3812
3813
3814
3815
3817
3818
3819
3820
3823
3825
3828
3829
3830
3831
3832
3833
3834
3835
3841
3842
3843
3844
3848
3850
3851
3852
3853
3855
3856
3858
3859
3862
3863
3864
3865
3866
3868
3869
3870
3871
3872
3873
3874
3876
3877
3878
3880
3881
3883
3884
3886
3887
3888
3889
3890
3891
3892
3895
3896
3897
3898
3899
3903
3904
3905
3906
3907
3908
3909
3910
3911
3913
3914
3915
3916
3917
3918
3919
3920
3921
3922
3923
3925
3926
3929
3930
3931
3933
3936
3937
3938
3939
3940
3941
3942
3943
3944
3945
3951
3952
3954
3956
3957
3958
3959
3960
3961
3962
3963
3964
3965
3966
3968
3969
3970
3971
3972
3973
3974
3977
3978
3979
3980
3982
3983
3984
3985
3987
3989
3990
3991
3992
3993
3994
3998
4000
4002
4003
4004
4005
4006
4007
4009
4010
4011
4015
4017
4018
4019
4020
4021
4022
4023
4024
4025
4027
4028
4029
4031
4033
4034
4035
4036
4038
4041
4043
4044
4045
4050
4051
4053
4055
4056
4057
4058
4060
4061
4062
4063
4065
4066
4071
4072
4074
4075
4076
4077
4078
4080
4085
4086
4092
4093
4094
4095
4096
4097
4098
4099
4100
4101
4102
4104
4105
4106
4108
4109
4110
4111
4112
4114
4115
4116
4118
4119
4120
4121
4122
4123
4125
4126
4128
4129
4131
4132
4133
4134
4135
4136
4138
4139
4141
4142
4143
4144
4146
4147
4148
4149
4151
4153
4154
4156
4157
4158
4161
4162
4163
4166
4167
4168
4169
4170
4171
4172
4173
4174
4175
4176
4177
4178
4180
4181
4182
4183
4184
4185
4187
4188
4189
4192
4193
4194
4196
4197
4198
4200
4201
4202
4203
4204
4205
4206
4207
4208
4209
4210
4211
4212
4213
4214
4215
4218
4221
4223
4224
4231
4232
4234
4235
4237
4239
4241
4242
4243
4244
4245
4246
4247
4248
4249
4251
4252
4253
4255
4256
4257
4258
4259
4260
4261
4262
4263
4264
4265
4267
4268
4269
4270
4271
4272
4273
4274
4275
4276
4277
4282
4284
4285
4286
4287
4288
4289
4294
4295
4297
4298
4299
4300
4301
4305
4306
4307
4308
4310
4311
4313
4314
4315
4316
4317
4318
4319
4320
4321
4322
4323
4324
4325
4326
4329
4330
4331
4332
4334
4336
4337
4338
4339
4340
4341
4342
4343
4344
4345
4347
4348
4349
4350
4351
4353
4355
4356
4357
4359
4360
4361
4365
4366
4368
4370
4372
4373
4374
4375
4377
4378
4379
4383
4384
4385
4386
4389
4391
4393
4394
4395
4396
4397
4400
4401
4402
4403
4405
4406
4407
4410
4411
4414
4415
4416
4417
4418
4419
4420
4421
4422
4424
4425
4427
4429
4431
4432
4434
4435
4436
4437
4438
4441
4442
4443
4444
4445
4446
4448
4449
4450
4451
4452
4453
4455
4456
4457
4458
4459
4460
4461
4462
4466
4469
4470
4472
4473
4474
4476
4477
4478
4479
4481
4482
4484
4489
4490
4491
4492
4493
4496
4500
4501
4502
4503
4504
4505
4506
4510
4511
4512
4513
4514
4515
4516
4518
4519
4520
4523
4526
4528
4530
4532
4533
4534
4535
4536
4537
4538
4539
4540
4541
4542
4543
4544
4545
4546
4551
4552
4555
4556
4557
4558
4562
4563
4564
4565
4566
4567
4568
4570
4571
4575
4576
4577
4578
4579
4580
4582
4583
4584
4585
4586
4587
4588
4589
4594
4595
4596
4597
4598
4599
4601
4602
4606
4607
4608
4609
4611
4612
4613
4614
4615
4620
4621
4622
4623
4624
4625
4626
4627
4628
4629
4631
4632
4633
4634
4635
4636
4637
4638
4639
4640
4641
4642
4645
4648
4649
4650
4651
4652
4653
4654
4656
4657
4658
4659
4661
4662
4663
4664
4666
4668
4669
4670
4671
4672
4674
4675
4676
4677
4678
4679
4680
4682
4683
4684
4685
4686
4688
4692
4693
4694
4696
4697
4698
4701
4702
4703
4704
4705
4710
4711
4712
4713
4714
4715
4717
4718
4719
4720
4722
4723
4724
4726
4727
4728
4729
4730
4734
4735
4736
4737
4738
4739
4740
4741
4742
4743
4744
4745
4746
4747
4749
4750
4752
4753
4755
4757
4758
4759
4760
4762
4765
4766
4767
4768
4770
4771
4772
4773
4774
4775
4776
4777
4778
4779
4780
4781
4782
4783
4784
4785
4786
4788
4789
4790
4791
4792
4793
4794
4795
4796
4798
4800
4802
4804
4806
4807
4808
4809
4812
4813
4814
4815
4818
4820
4821
4822
4823
4824
4825
4826
4827
4828
4829
4830
4831
4832
4833
4834
4835
4836
4838
4840
4841
4842
4844
4845
4846
4848
4849
4850
4851
4852
4853
4854
4855
4857
4858
4859
4860
4862
4863
4864
4866
4869
4870
4871
4872
4873
4874
4875
4876
4877
4878
4879
4880
4881
4882
4887
4888
4889
4891
4892
4893
4894
4896
4898
4899
4900
4901
4902
4903
4904
4905
4906
4907
4908
4912
4913
4914
4916
4917
4918
4919
4920
4921
4922
4924
4925
4926
4927
4928
4929
4930
4935
4936
4939
4940
4942
4943
4949
4950
4951
4952
4953
4954
4955
4956
4957
4958
4959
4960
4961
4962
4963
4964
4965
4968
4969
4972
4975
4977
4978
4979
4980
4981
4982
4983
4984
4985
4986
4988
4990
4992
4994
4995
4996
4997
4998
4999
5000
5003
5005
5006
5007
5010
5014
5015
5016
5017
5019
5020
5021
5022
5023
5024
5025
5026
5027
5028
5029
5030
5031
5033
5034
5035
5036
5037
5038
5039
5040
5041
5042
5044
5046
5047
5049
5050
5051
5052
5054
5055
5059
5060
5061
5064
5066
5067
5068
5069
5070
5072
5073
5074
5076
5082
5085
5087
5088
5090
5091
5092
5093
5094
5095
5096
5097
5099
5100
5101
5102
5103
5106
5107
5108
