3517
1605
1072
258
845
1603
1917
840
3795
3219
850
194
1609
1280
960
1586
1606
767
646
1922
1550
842
742
338
1585
2656
1549
773
841
654
1608
1590
1210
1612
645
1186
201
1390
934
1923
167
1062
1190
1600
1617
192
768
1607
2649
1214
1613
195
2598
1602
1153
1598
1073
1211
709
1618
907
148
1171
191
1594
1588
754
706
1599
169
962
1064
705
1611
1583
1152
708
1066
1184
1217
5076
1604
4088
1597
941
874
1580
1601
197
2624
1916
2234
1584
943
648
1592
1921
1167
60
1151
270
1199
1403
1193
2767
182
177
328
1155
716
175
1579
1582
844
772
1195
149
1194
138
652
663
1168
2380
723
283
2650
653
963
2841
3733
651
958
325
2773
1181
1185
1200
846
1920
1616
647
73
904
1154
1539
1160
1448
1596
1915
340
940
1615
3330
1065
746
196
85
961
952
1070
264
1169
94
1206
821
747
1614
288
704
1172
649
1
4381
171
2671
1170
1275
2669
1176
848
1074
1208
179
107
1158
1071
2603
801
1069
291
1595
269
172
1587
176
5602
975
1179
2639
1591
671
678
1157
1828
1404
1581
1269
92
1589
1191
246
2663
1984
1816
707
3
2655
968
198
68
1914
644
2874
2670
1163
1265
209
331
836
336
70
4364
1197
165
2400
1068
814
1593
843
4611
880
932
236
798
1188
1919
2409
140
3797
724
3515
1361
1001
1538
2643
253
3039
954
160
158
1659
390
32
4078
1649
5467
885
3036
1423
1295
363
282
124
105
687
265
1918
796
1709
2460
3304
163
185
2378
2667
223
36
178
2239
849
173
650
1204
5603
181
273
22
2382
4278
1766
1977
130
1474
23
2534
4148
227
1173
720
2661
1286
1016
5564
33
2531
852
1302
1254
2572
741
665
188
1161
2273
667
235
1873
1080
2063
313
1205
959
820
4061
799
1268
1086
2686
957
144
2463
3218
1003
329
217
2662
226
136
1189
174
4627
3453
1514
1314
1808
835
2651
2659
35
180
771
1674
2453
335
1196
1667
703
2237
139
629
1207
241
81
819
1209
1175
1961
184
1143
1477
1318
3936
734
1478
1187
670
2896
189
210
2685
1459
945
3306
34
862
256
2146
14
5635
187
1333
2061
1944
3516
1177
151
90
1202
2066
153
743
495
2768
3635
262
2672
321
2404
2928
851
1513
2001
3454
793
1368
301
3117
2779
5114
1273
1704
822
2640
315
2570
1331
1526
260
17
186
1527
157
3405
3634
1508
2654
334
1747
170
1332
125
668
281
2551
364
1216
82
244
2452
1034
305
1658
2060
156
183
5675
3052
3141
4640
656
3094
5172
4087
80
2126
1082
2771
143
2450
950
1201
268
854
877
2741
1899
319
1699
137
1048
2664
913
1383
887
1272
1159
263
1146
1384
239
128
2859
983
45
1213
145
2764
691
1321
1435
1329
1358
4293
4574
1554
2275
1749
1328
372
1264
909
8
1183
910
978
2517
1385
1029
4618
2837
1408
1227
41
242
770
1043
2652
4355
1656
29
2131
234
1628
5447
1262
3331
2742
3679
3780
1251
2201
1453
870
1293
837
1022
1093
1872
141
868
1505
2358
1305
5
748
3760
2075
1330
5294
794
2029
1980
2666
973
91
1528
1710
3139
3428
48
4564
323
1369
4854
4441
2820
0
2996
1101
237
2901
829
351
871
2845
4361
3761
4577
873
3404
1420
1563
3921
3041
4356
21
795
2214
550
31
3732
18
266
108
4438
1432
2777
662
809
1987
1433
1631
731
1260
4629
2959
1348
759
133
3417
2401
2881
3506
1324
949
2861
2763
1535
77
20
1452
2479
4103
1327
65
2567
293
4314
3336
3322
2832
1278
717
199
2868
212
1516
1752
1267
2041
2293
2618
4131
4158
5507
3418
1236
740
682
1274
1634
4991
278
1258
1419
5613
5493
637
3016
147
332
4506
461
1893
2571
1436
4428
953
4
1296
4081
4887
1547
1182
3305
19
1495
1669
830
330
3009
37
732
1525
3325
4937
5506
42
2833
4474
233
1277
318
3501
2960
1775
3741
63
1522
926
2045
2185
230
1418
1698
779
16
134
312
1219
1281
295
3922
882
1063
5649
3817
5561
3796
3667
2954
4318
3435
1129
52
808
215
3824
2457
1570
2078
1813
2440
864
933
3356
3394
3607
903
1094
1396
193
3505
811
2922
1392
3880
866
1727
2114
344
4262
4570
2115
1110
354
58
1442
4925
905
1537
5096
462
1253
2908
2000
2566
1555
1425
1982
4172
1620
4359
3738
2235
2329
2795
4966
1925
506
1252
899
2899
1052
4550
1083
528
2846
3368
816
1406
1021
1475
3742
3043
847
1737
2617
3392
3006
345
2957
719
3062
4910
4639
1044
618
1134
3531
3119
872
543
3419
2402
1650
2798
1865
1352
948
3235
2339
4368
634
572
3339
2920
1811
3432
3307
2969
243
5295
726
247
2050
30
2979
1757
5628
3503
1047
1561
4984
729
695
366
677
879
4972
1426
4517
1524
394
1964
2236
359
596
3525
4161
555
166
3729
1493
2879
1078
2569
5500
479
1926
2177
900
725
2007
3234
601
2283
2292
602
56
2811
2953
3579
804
722
1657
4322
4521
1553
4072
861
3625
240
2290
2964
1298
1300
2844
3433
308
310
3265
5509
5193
5194
615
1788
2823
4320
5478
2168
1963
5518
1482
803
3151
224
1523
4074
1389
1566
159
213
327
2568
3274
2752
883
1629
2285
3524
2326
981
2965
672
1335
1471
362
352
39
1007
3737
1971
326
2202
897
538
3130
2751
607
2739
2399
2550
245
1765
620
1783
4007
1822
3960
669
1235
1534
261
1679
2087
4379
906
2535
2681
4427
3422
2028
3058
2438
2746
114
825
1489
1353
7
2631
3447
1502
3370
2904
1883
785
3830
1750
1817
104
1259
2317
1060
1515
891
2558
3802
4289
591
624
2034
1117
2026
1861
627
3811
4862
1108
4156
881
309
1695
4108
5231
1050
1037
4794
532
324
2101
2775
1313
257
4804
1623
1055
54
2220
3166
1467
5181
255
3429
3451
4358
2411
1897
4357
2311
548
4042
2715
1912
728
1447
888
1826
3926
2762
527
574
547
3918
1375
2193
5492
537
4352
1381
1793
1149
72
2199
2855
2587
2175
317
1488
2102
736
540
2700
3241
685
623
2807
4750
488
1454
3248
1778
342
440
1504
76
1315
3212
3919
131
514
1283
1127
389
566
1686
1988
2206
2774
152
2031
221
271
2118
274
1803
630
1830
4443
824
1472
2172
539
2886
3603
675
2951
626
1218
1036
1558
494
2081
1476
1800
727
919
3056
4334
833
1989
1299
421
112
118
982
1137
1839
2062
2218
920
4534
3147
3668
27
1030
2393
373
664
1693
10
2449
789
1079
1688
3012
411
457
4080
5369
915
2190
3513
4105
519
2170
2853
3018
93
1521
2127
2898
5439
1376
1955
3042
4070
1768
1084
1115
1512
1646
4536
530
1979
5178
531
562
84
1053
2245
2313
4617
4623
810
898
3814
911
2171
279
1804
1862
98
431
1648
5661
755
2625
992
542
914
2027
2067
254
612
2189
2322
4077
299
1138
1347
1821
3067
4333
2342
4052
1139
1366
4786
343
661
3654
580
2819
1407
5249
4537
3396
4518
1511
2053
1787
3452
777
3653
3665
4367
633
1266
5173
4819
231
1838
605
1343
2182
3839
518
1013
1494
1708
2055
2477
3099
3302
774
1825
3098
3967
220
639
1009
1694
2178
2530
1499
3240
3870
1645
2848
2894
304
683
1004
1719
2248
2547
3277
469
337
435
577
1035
1678
541
676
889
1045
1224
2799
4648
4703
611
1237
1354
1564
2056
423
3014
545
556
1948
3932
5003
5004
429
146
445
1294
4401
1000
641
984
990
1088
1121
5031
1282
1815
3669
126
2589
5152
5462
608
823
1019
1469
1900
2012
2849
3407
3427
631
2607
3224
2287
492
621
1051
1411
3010
3266
346
1257
2361
4062
1908
2702
412
1412
3215
640
1006
1456
2478
1431
2364
3790
585
1365
2526
438
584
986
1909
805
1949
2130
2915
3063
485
660
1902
2665
3499
3512
3808
4363
595
1506
2801
3037
733
1434
2356
3476
3852
4641
5405
466
1360
2737
3068
378
458
464
775
1357
1798
1814
2398
4806
121
403
603
692
1887
2119
2559
3810
4636
57
427
2320
3201
402
2523
3652
3658
4939
61
549
1028
1306
1496
1770
1896
2221
2632
4932
659
1031
1032
1700
2006
2181
2437
2443
3753
3848
563
1905
673
802
2154
2263
2282
2727
3416
730
1033
1401
1479
4613
229
386
589
1297
1819
2008
2198
2891
400
1806
478
1046
1364
1711
1969
2017
2324
3998
259
422
1470
2415
2454
4755
617
1124
1359
1457
5191
238
592
1015
1911
3075
404
632
1150
1356
2192
2226
2511
3691
4118
5529
590
1307
1378
1517
1551
2294
2705
2892
5419
5607
1221
1487
2499
3933
276
428
551
600
998
1725
1890
2173
2754
2793
3159
4553
535
581
1261
2755
3111
3539
4408
4802
298
536
859
917
2194
593
658
2315
2316
2905
2989
3740
4026
4900
55
380
508
769
813
1140
1483
2018
3301
857
1141
1301
1892
1967
2105
2136
2548
277
858
1225
1292
1484
1732
1881
3752
5241
628
1125
1247
1500
1641
3038
3441
86
568
1116
1379
1972
2527
3020
3468
3687
4466
101
410
499
1409
1975
2355
2377
350
357
1223
1779
1880
3600
3749
4102
5211
59
155
450
468
559
597
1090
1132
1836
2019
2103
2204
2288
2491
2519
3199
4009
4849
5582
594
619
1285
1413
1673
1764
2319
2930
3369
3415
379
444
579
1136
1373
1437
1507
1841
2232
2537
2838
3059
3498
3587
3648
4321
4685
4842
5578
757
760
1128
2708
4399
4472
40
219
481
598
912
1114
1724
1859
1901
2064
2076
2224
2280
2318
2394
2422
2480
2564
2970
4008
4090
4336
4419
5064
100
285
441
967
993
1024
1056
1126
1308
1744
1885
2004
2605
3083
3279
3346
3500
3552
4032
4973
5179
5316
5401
62
132
374
424
432
552
737
1120
1135
1380
1473
1480
1546
1746
1882
2133
2191
2261
2455
3214
3877
5147
5383
83
368
382
430
586
625
815
997
1785
1869
2223
2596
2647
3225
3399
3812
3895
4883
252
713
908
924
1355
1399
1458
1490
1557
1745
1928
2023
2169
2538
2557
2749
3250
4027
4516
225
316
765
790
1222
1287
1654
1692
1720
1726
1985
2014
2022
2180
2187
2225
2321
2363
2428
2513
2542
2554
2594
2758
3153
3993
4010
4191
4655
129
218
222
228
294
381
418
544
575
614
994
1552
1837
1947
2003
2143
2328
2427
2433
2488
2888
3885
4152
5088
43
248
302
511
557
895
1018
1460
1769
2013
2420
2619
2797
2872
2893
3135
3329
3445
3462
3466
3487
3941
4151
4195
4207
4707
5011
5535
97
135
367
408
416
516
523
564
567
638
1039
1123
1133
1317
1895
1974
2072
2077
2079
2149
2274
2490
2492
2496
2785
2851
3003
3100
3254
3457
3526
3585
3588
3606
3762
3847
4001
4163
4335
4601
4773
4807
4820
5066
5411
5513
123
142
292
735
878
894
979
1462
1703
1731
1755
1840
1868
1930
1937
2049
2128
2200
2227
2495
2503
2556
2783
2900
2956
3278
3377
3458
3686
4000
4650
4701
4980
5413
5621
204
896
1226
1501
1642
2005
2016
2071
2113
2476
3446
3602
4050
4237
4415
46
64
2615
2616
5680
3030
2614
5678
5679
2379
2383
2668
1852
2096
5056
1203
2657
3821
1874
1156
3456
1846
838
2099
2381
5604
4960
5423
5079
2217
1850
1996
3136
5422
778
5053
3544
2660
3820
4528
1760
1924
200
4799
1198
2870
4690
1636
1165
4365
1192
839
4775
4873
287
3766
1870
2653
4307
4628
2084
1270
1851
3905
4691
5166
1637
190
1738
5019
1215
974
150
1578
4578
1998
1212
4592
976
3699
4573
4694
2430
4605
1255
3773
1871
3696
1997
2044
4107
2074
1092
2840
4213
2825
1320
3049
5112
4383
4043
3473
1965
5654
1276
1162
3471
4878
5116
1776
3402
5512
5118
3459
3697
3093
4025
2834
214
5406
5077
5272
902
1325
1290
5165
168
1061
5124
4280
3815
3309
1627
3698
3409
5598
780
3611
4360
4915
3430
2601
4180
935
4037
3005
1913
5677
1529
4953
3713
5034
1748
944
5155
3782
4969
4879
2406
2781
3044
3379
936
3883
1382
901
2097
5676
3803
4362
2835
3682
3140
1166
2858
4679
5514
3436
744
2641
3410
4836
2780
3540
5048
2244
1635
2995
4353
3182
3636
2637
4091
4964
1632
3057
4315
2238
3624
5694
4145
2958
2994
3164
2646
5125
3303
2262
3711
2867
1889
2046
4753
955
2839
1256
3917
5022
5156
1091
4952
5372
66
307
339
2599
947
946
951
3116
3775
5041
2464
3045
3557
1362
5169
1304
2098
3401
4944
2407
3626
3871
1164
3800
4563
1038
13
2688
1735
1773
3897
3673
314
1519
2658
4965
2860
1279
3310
3344
688
5476
1067
1371
4792
4986
11
756
3264
4024
865
2788
1540
95
3638
5095
956
2388
3884
4121
1994
2713
4142
4818
1827
2386
4696
4989
1387
2233
797
50
1849
1946
3032
4880
4881
5035
5049
5050
5287
5322
2528
3750
5446
2600
1560
2629
4470
1485
2384
3198
333
1959
4582
28
4661
5113
71
2291
4147
12
942
1446
1461
2458
5527
267
1339
1468
2634
2638
3011
3577
3898
4520
1319
2332
2521
3204
1174
2627
3022
4120
5162
5612
2588
2770
5046
1999
2240
2778
2906
5556
5560
5620
2985
3718
15
341
1326
1450
3482
4351
5126
5562
1723
5499
5520
753
938
1789
2745
3314
3414
3927
4404
4632
5206
2140
3412
4660
828
1976
1995
4038
4710
766
2083
2088
2626
2633
2829
3355
3389
3912
3956
4442
4505
4856
4967
5068
5102
5266
5286
5403
5525
2104
2111
2241
3233
3681
3717
3872
3925
4044
4822
24
251
937
977
1394
1576
2134
2203
3174
3743
4267
4752
5222
818
3138
3169
3293
3631
4305
26
1372
1736
1962
2561
2642
2683
2722
3184
3317
4301
4448
5139
249
300
349
1017
1076
1410
1532
2033
2563
2817
3013
3131
3202
3205
3308
3358
3678
4188
4397
4495
4845
4923
4987
53
686
884
921
1075
1311
1374
1443
1818
2243
2747
2923
2929
3040
3129
3326
3413
3519
3650
4388
4449
4781
4793
4797
4859
5158
875
1180
1346
1498
2331
2602
2772
3118
3357
3774
4224
4426
4432
4677
5195
2
826
1087
1619
1863
1950
2138
2268
3672
3899
4284
4328
4671
4948
5093
5236
5268
5435
5665
5688
51
69
964
1049
1625
1643
1762
1763
1805
1953
2472
2504
2644
2828
2854
3015
3034
3035
3054
3090
3175
3263
3630
3791
3834
4096
4143
4405
4430
4533
4591
4789
5037
5192
5207
5444
5583
9
250
286
745
1388
1486
1533
1701
1705
1812
2132
2215
2387
2451
2546
2630
2645
3155
3217
3315
3455
3565
3675
3751
3900
4110
4170
4543
4571
4858
5398
5516
89
787
806
1058
1415
1559
1751
1855
1934
1938
2216
2286
2390
2610
2612
2769
2903
2971
3023
3025
3383
3477
3480
3566
3589
3671
3854
3923
3959
4119
4125
4228
4290
4326
4453
4526
4603
4659
4708
4777
4800
4841
4868
5190
5208
275
365
764
1014
1228
1233
1263
1303
1309
1363
1417
1455
1541
1544
1621
1786
1820
1823
1970
1981
2082
2161
2176
2301
2444
2445
2461
2471
2533
2536
2608
2628
2635
2717
2766
2776
2802
2803
2827
2880
2925
2982
3066
3092
3123
3148
3193
3340
3366
3378
3431
3475
3488
3590
3655
3710
3723
3763
3764
3833
3929
3945
3986
4013
4029
4104
4144
4146
4182
4221
4429
4431
4468
4633
4645
4658
5164
5215
5230
5323
5363
5370
5371
5384
5385
5427
5557
6
25
44
111
154
437
509
576
622
666
674
684
750
763
792
800
812
817
832
886
939
1008
1104
1130
1240
1244
1291
1345
1349
1391
1422
1510
1536
1542
1545
1626
1677
1685
1689
1795
1807
1835
1854
1910
1954
1973
2085
2086
2116
2120
2122
2137
2174
2208
2222
2247
2251
2284
2314
2330
2366
2419
2431
2432
2434
2441
2456
2494
2520
2541
2555
2698
2701
2735
2804
2815
2826
2871
2873
2918
2952
3004
3028
3031
3070
3080
3171
3180
3216
3236
3251
3288
3311
3382
3386
3440
3444
3479
3541
3580
3584
3599
3614
3656
3694
3736
3789
3828
3909
3920
3943
3987
4030
4031
4123
4136
4150
4153
4212
4220
4222
4239
4254
4282
4344
4380
4395
4406
4437
4504
4509
4552
4555
4557
4608
4624
4667
4721
4767
4805
4860
4876
4877
4901
5006
5047
5106
5140
5185
5205
5218
5225
5311
5312
5339
5365
5517
5526
5548
5552
5559
5637
5663
5702
87
102
216
356
831
860
1085
1220
1427
1491
1569
1680
1712
1829
1857
1986
2269
2270
2343
2374
2436
2446
2497
2583
2677
2740
2806
2864
2976
2990
3008
3076
3091
3190
3245
3313
3361
3439
3469
3494
3633
3646
3807
3887
3928
3961
4023
4309
4450
4527
4606
4621
4649
4705
4835
4918
4919
4990
5005
5163
5189
5402
5404
5418
5495
5524
5589
5641
5685
38
47
49
67
74
75
78
79
88
96
99
103
106
109
110
113
115
116
117
119
120
122
127
161
162
164
202
203
205
206
207
208
211
232
272
280
284
289
290
296
297
303
306
311
320
322
347
348
353
355
358
360
361
369
370
371
375
376
377
383
384
385
387
388
391
392
393
395
396
397
398
399
401
405
406
407
409
413
414
415
417
419
420
425
426
433
434
436
439
442
443
446
447
448
449
451
452
453
454
455
456
459
460
463
465
467
470
471
472
473
474
475
476
477
480
482
483
484
486
487
489
490
491
493
496
497
498
500
501
502
503
504
505
507
510
512
513
515
517
520
521
522
524
525
526
529
533
534
546
553
554
558
560
561
565
569
570
571
573
578
582
583
587
588
599
604
606
609
610
613
616
635
636
642
643
655
657
679
680
681
689
690
693
694
696
697
698
699
700
701
702
710
711
712
714
715
718
721
738
739
749
751
752
758
761
762
776
781
782
783
784
786
788
791
807
827
834
853
855
856
863
867
869
876
890
892
893
916
918
922
923
925
927
928
929
930
931
965
966
969
970
971
972
980
985
987
988
989
991
995
996
999
1002
1005
1010
1011
1012
1020
1023
1025
1026
1027
1040
1041
1042
1054
1057
1059
1077
1081
1089
1095
1096
1097
1098
1099
1100
1102
1103
1105
1106
1107
1109
1111
1112
1113
1118
1119
1122
1131
1142
1144
1145
1147
1148
1178
1229
1230
1231
1232
1234
1238
1239
1241
1242
1243
1245
1246
1248
1249
1250
1271
1284
1288
1289
1310
1312
1316
1322
1323
1334
1336
1337
1338
1340
1341
1342
1344
1350
1351
1367
1370
1377
1386
1393
1395
1397
1398
1400
1402
1405
1414
1416
1421
1424
1428
1429
1430
1438
1439
1440
1441
1444
1445
1449
1451
1463
1464
1465
1466
1481
1492
1497
1503
1509
1518
1520
1530
1531
1543
1548
1556
1562
1565
1567
1568
1571
1572
1573
1574
1575
1577
1610
1622
1624
1630
1633
1638
1639
1640
1644
1647
1651
1652
1653
1655
1660
1661
1662
1663
1664
1665
1666
1668
1670
1671
1672
1675
1676
1681
1682
1683
1684
1687
1690
1691
1696
1697
1702
1706
1707
1713
1714
1715
1716
1717
1718
1721
1722
1728
1729
1730
1733
1734
1739
1740
1741
1742
1743
1753
1754
1756
1758
1759
1761
1767
1771
1772
1774
1777
1780
1781
1782
1784
1790
1791
1792
1794
1796
1797
1799
1801
1802
1809
1810
1824
1831
1832
1833
1834
1842
1843
1844
1845
1847
1848
1853
1856
1858
1860
1864
1866
1867
1875
1876
1877
1878
1879
1884
1886
1888
1891
1894
1898
1903
1904
1906
1907
1927
1929
1931
1932
1933
1935
1936
1939
1940
1941
1942
1943
1945
1951
1952
1956
1957
1958
1960
1966
1968
1978
1983
1990
1991
1992
1993
2002
2009
2010
2011
2015
2020
2021
2024
2025
2030
2032
2035
2036
2037
2038
2039
2040
2042
2043
2047
2048
2051
2052
2054
2057
2058
2059
2065
2068
2069
2070
2073
2080
2089
2090
2091
2092
2093
2094
2095
2100
2106
2107
2108
2109
2110
2112
2117
2121
2123
2124
2125
2129
2135
2139
2141
2142
2144
2145
2147
2148
2150
2151
2152
2153
2155
2156
2157
2158
2159
2160
2162
2163
2164
2165
2166
2167
2179
2183
2184
2186
2188
2195
2196
2197
2205
2207
2209
2210
2211
2212
2213
2219
2228
2229
2230
2231
2242
2246
2249
2250
2252
2253
2254
2255
2256
2257
2258
2259
2260
2264
2265
2266
2267
2271
2272
2276
2277
2278
2279
2281
2289
2295
2296
2297
2298
2299
2300
2302
2303
2304
2305
2306
2307
2308
2309
2310
2312
2323
2325
2327
2333
2334
2335
2336
2337
2338
2340
2341
2344
2345
2346
2347
2348
2349
2350
2351
2352
2353
2354
2357
2359
2360
2362
2365
2367
2368
2369
2370
2371
2372
2373
2375
2376
2385
2389
2391
2392
2395
2396
2397
2403
2405
2408
2410
2412
2413
2414
2416
2417
2418
2421
2423
2424
2425
2426
2429
2435
2439
2442
2447
2448
2459
2462
2465
2466
2467
2468
2469
2470
2473
2474
2475
2481
2482
2483
2484
2485
2486
2487
2489
2493
2498
2500
2501
2502
2505
2506
2507
2508
2509
2510
2512
2514
2515
2516
2518
2522
2524
2525
2529
2532
2539
2540
2543
2544
2545
2549
2552
2553
2560
2562
2565
2573
2574
2575
2576
2577
2578
2579
2580
2581
2582
2584
2585
2586
2590
2591
2592
2593
2595
2597
2604
2606
2609
2611
2613
2620
2621
2622
2623
2636
2648
2673
2674
2675
2676
2678
2679
2680
2682
2684
2687
2689
2690
2691
2692
2693
2694
2695
2696
2697
2699
2703
2704
2706
2707
2709
2710
2711
2712
2714
2716
2718
2719
2720
2721
2723
2724
2725
2726
2728
2729
2730
2731
2732
2733
2734
2736
2738
2743
2744
2748
2750
2753
2756
2757
2759
2760
2761
2765
2782
2784
2786
2787
2789
2790
2791
2792
2794
2796
2800
2805
2808
2809
2810
2812
2813
2814
2816
2818
2821
2822
2824
2830
2831
2836
2842
2843
2847
2850
2852
2856
2857
2862
2863
2865
2866
2869
2875
2876
2877
2878
2882
2883
2884
2885
2887
2889
2890
2895
2897
2902
2907
2909
2910
2911
2912
2913
2914
2916
2917
2919
2921
2924
2926
2927
2931
2932
2933
2934
2935
2936
2937
2938
2939
2940
2941
2942
2943
2944
2945
2946
2947
2948
2949
2950
2955
2961
2962
2963
2966
2967
2968
2972
2973
2974
2975
2977
2978
2980
2981
2983
2984
2986
2987
2988
2991
2992
2993
2997
2998
2999
3000
3001
3002
3007
3017
3019
3021
3024
3026
3027
3029
3033
3046
3047
3048
3050
3051
3053
3055
3060
3061
3064
3065
3069
3071
3072
3073
3074
3077
3078
3079
3081
3082
3084
3085
3086
3087
3088
3089
3095
3096
3097
3101
3102
3103
3104
3105
3106
3107
3108
3109
3110
3112
3113
3114
3115
3120
3121
3122
3124
3125
3126
3127
3128
3132
3133
3134
3137
3142
3143
3144
3145
3146
3149
3150
3152
3154
3156
3157
3158
3160
3161
3162
3163
3165
3167
3168
3170
3172
3173
3176
3177
3178
3179
3181
3183
3185
3186
3187
3188
3189
3191
3192
3194
3195
3196
3197
3200
3203
3206
3207
3208
3209
3210
3211
3213
3220
3221
3222
3223
3226
3227
3228
3229
3230
3231
3232
3237
3238
3239
3242
3243
3244
3246
3247
3249
3252
3253
3255
3256
3257
3258
3259
3260
3261
3262
3267
3268
3269
3270
3271
3272
3273
3275
3276
3280
3281
3282
3283
3284
3285
3286
3287
3289
3290
3291
3292
3294
3295
3296
3297
3298
3299
3300
3312
3316
3318
3319
3320
3321
3323
3324
3327
3328
3332
3333
3334
3335
3337
3338
3341
3342
3343
3345
3347
3348
3349
3350
3351
3352
3353
3354
3359
3360
3362
3363
3364
3365
3367
3371
3372
3373
3374
3375
3376
3380
3381
3384
3385
3387
3388
3390
3391
3393
3395
3397
3398
3400
3403
3406
3408
3411
3420
3421
3423
3424
3425
3426
3434
3437
3438
3442
3443
3448
3449
3450
3460
3461
3463
3464
3465
3467
3470
3472
3474
3478
3481
3483
3484
3485
3486
3489
3490
3491
3492
3493
3495
3496
3497
3502
3504
3507
3508
3509
3510
3511
3514
3518
3520
3521
3522
3523
3527
3528
3529
3530
3532
3533
3534
3535
3536
3537
3538
3542
3543
3545
3546
3547
3548
3549
3550
3551
3553
3554
3555
3556
3558
3559
3560
3561
3562
3563
3564
3567
3568
3569
3570
3571
3572
3573
3574
3575
3576
3578
3581
3582
3583
3586
3591
3592
3593
3594
3595
3596
3597
3598
3601
3604
3605
3608
3609
3610
3612
3613
3615
3616
3617
3618
3619
3620
3621
3622
3623
3627
3628
3629
3632
3637
3639
3640
3641
3642
3643
3644
3645
3647
3649
3651
3657
3659
3660
3661
3662
3663
3664
3666
3670
3674
3676
3677
3680
3683
3684
3685
3688
3689
3690
3692
3693
3695
3700
3701
3702
3703
3704
3705
3706
3707
3708
3709
3712
3714
3715
3716
3719
3720
3721
3722
3724
3725
3726
3727
3728
3730
3731
3734
3735
3739
3744
3745
3746
3747
3748
3754
3755
3756
3757
3758
3759
3765
3767
3768
3769
3770
3771
3772
3776
3777
3778
3779
3781
3783
3784
3785
3786
3787
3788
3792
3793
3794
3798
3799
3801
3804
3805
3806
3809
3813
3816
3818
3819
3822
3823
3825
3826
3827
3829
3831
3832
3835
3836
3837
3838
3840
3841
3842
3843
3844
3845
3846
3849
3850
3851
3853
3855
3856
3857
3858
3859
3860
3861
3862
3863
3864
3865
3866
3867
3868
3869
3873
3874
3875
3876
3878
3879
3881
3882
3886
3888
3889
3890
3891
3892
3893
3894
3896
3901
3902
3903
3904
3906
3907
3908
3910
3911
3913
3914
3915
3916
3924
3930
3931
3934
3935
3937
3938
3939
3940
3942
3944
3946
3947
3948
3949
3950
3951
3952
3953
3954
3955
3957
3958
3962
3963
3964
3965
3966
3968
3969
3970
3971
3972
3973
3974
3975
3976
3977
3978
3979
3980
3981
3982
3983
3984
3985
3988
3989
3990
3991
3992
3994
3995
3996
3997
3999
4002
4003
4004
4005
4006
4011
4012
4014
4015
4016
4017
4018
4019
4020
4021
4022
4028
4033
4034
4035
4036
4039
4040
4041
4045
4046
4047
4048
4049
4051
4053
4054
4055
4056
4057
4058
4059
4060
4063
4064
4065
4066
4067
4068
4069
4071
4073
4075
4076
4079
4082
4083
4084
4085
4086
4089
4092
4093
4094
4095
4097
4098
4099
4100
4101
4106
4109
4111
4112
4113
4114
4115
4116
4117
4122
4124
4126
4127
4128
4129
4130
4132
4133
4134
4135
4137
4138
4139
4140
4141
4149
4154
4155
4157
4159
4160
4162
4164
4165
4166
4167
4168
4169
4171
4173
4174
4175
4176
4177
4178
4179
4181
4183
4184
4185
4186
4187
4189
4190
4192
4193
4194
4196
4197
4198
4199
4200
4201
4202
4203
4204
4205
4206
4208
4209
4210
4211
4214
4215
4216
4217
4218
4219
4223
4225
4226
4227
4229
4230
4231
4232
4233
4234
4235
4236
4238
4240
4241
4242
4243
4244
4245
4246
4247
4248
4249
4250
4251
4252
4253
4255
4256
4257
4258
4259
4260
4261
4263
4264
4265
4266
4268
4269
4270
4271
4272
4273
4274
4275
4276
4277
4279
4281
4283
4285
4286
4287
4288
4291
4292
4294
4295
4296
4297
4298
4299
4300
4302
4303
4304
4306
4308
4310
4311
4312
4313
4316
4317
4319
4323
4324
4325
4327
4329
4330
4331
4332
4337
4338
4339
4340
4341
4342
4343
4345
4346
4347
4348
4349
4350
4354
4366
4369
4370
4371
4372
4373
4374
4375
4376
4377
4378
4382
4384
4385
4386
4387
4389
4390
4391
4392
4393
4394
4396
4398
4400
4402
4403
4407
4409
4410
4411
4412
4413
4414
4416
4417
4418
4420
4421
4422
4423
4424
4425
4433
4434
4435
4436
4439
4440
4444
4445
4446
4447
4451
4452
4454
4455
4456
4457
4458
4459
4460
4461
4462
4463
4464
4465
4467
4469
4471
4473
4475
4476
4477
4478
4479
4480
4481
4482
4483
4484
4485
4486
4487
4488
4489
4490
4491
4492
4493
4494
4496
4497
4498
4499
4500
4501
4502
4503
4507
4508
4510
4511
4512
4513
4514
4515
4519
4522
4523
4524
4525
4529
4530
4531
4532
4535
4538
4539
4540
4541
4542
4544
4545
4546
4547
4548
4549
4551
4554
4556
4558
4559
4560
4561
4562
4565
4566
4567
4568
4569
4572
4575
4576
4579
4580
4581
4583
4584
4585
4586
4587
4588
4589
4590
4593
4594
4595
4596
4597
4598
4599
4600
4602
4604
4607
4609
4610
4612
4614
4615
4616
4619
4620
4622
4625
4626
4630
4631
4634
4635
4637
4638
4642
4643
4644
4646
4647
4651
4652
4653
4654
4656
4657
4662
4663
4664
4665
4666
4668
4669
4670
4672
4673
4674
4675
4676
4678
4680
4681
4682
4683
4684
4686
4687
4688
4689
4692
4693
4695
4697
4698
4699
4700
4702
4704
4706
4709
4711
4712
4713
4714
4715
4716
4717
4718
4719
4720
4722
4723
4724
4725
4726
4727
4728
4729
4730
4731
4732
4733
4734
4735
4736
4737
4738
4739
4740
4741
4742
4743
4744
4745
4746
4747
4748
4749
4751
4754
4756
4757
4758
4759
4760
4761
4762
4763
4764
4765
4766
4768
4769
4770
4771
4772
4774
4776
4778
4779
4780
4782
4783
4784
4785
4787
4788
4790
4791
4795
4796
4798
4801
4803
4808
4809
4810
4811
4812
4813
4814
4815
4816
4817
4821
4823
4824
4825
4826
4827
4828
4829
4830
4831
4832
4833
4834
4837
4838
4839
4840
4843
4844
4846
4847
4848
4850
4851
4852
4853
4855
4857
4861
4863
4864
4865
4866
4867
4869
4870
4871
4872
4874
4875
4882
4884
4885
4886
4888
4889
4890
4891
4892
4893
4894
4895
4896
4897
4898
4899
4902
4903
4904
4905
4906
4907
4908
4909
4911
4912
4913
4914
4916
4917
4920
4921
4922
4924
4926
4927
4928
4929
4930
4931
4933
4934
4935
4936
4938
4940
4941
4942
4943
4945
4946
4947
4949
4950
4951
4954
4955
4956
4957
4958
4959
4961
4962
4963
4968
4970
4971
4974
4975
4976
4977
4978
4979
4981
4982
4983
4985
4988
4992
4993
4994
4995
4996
4997
4998
4999
5000
5001
5002
5007
5008
5009
5010
5012
5013
5014
5015
5016
5017
5018
5020
5021
5023
5024
5025
5026
5027
5028
5029
5030
5032
5033
5036
5038
5039
5040
5042
5043
5044
5045
5051
5052
5054
5055
5057
5058
5059
5060
5061
5062
5063
5065
5067
5069
5070
5071
5072
5073
5074
5075
5078
5080
5081
5082
5083
5084
5085
5086
5087
5089
5090
5091
5092
5094
5097
5098
5099
5100
5101
5103
5104
5105
5107
5108
5109
5110
5111
5115
5117
5119
5120
5121
5122
5123
5127
5128
5129
5130
5131
5132
5133
5134
5135
5136
5137
5138
5141
5142
5143
5144
5145
5146
5148
5149
5150
5151
5153
5154
5157
5159
5160
5161
5167
5168
5170
5171
5174
5175
5176
5177
5180
5182
5183
5184
5186
5187
5188
5196
5197
5198
5199
5200
5201
5202
5203
5204
5209
5210
5212
5213
5214
5216
5217
5219
5220
5221
5223
5224
5226
5227
5228
5229
5232
5233
5234
5235
5237
5238
5239
5240
5242
5243
5244
5245
5246
5247
5248
5250
5251
5252
5253
5254
5255
5256
5257
5258
5259
5260
5261
5262
5263
5264
5265
5267
5269
5270
5271
5273
5274
5275
5276
5277
5278
5279
5280
5281
5282
5283
5284
5285
5288
5289
5290
5291
5292
5293
5296
5297
5298
5299
5300
5301
5302
5303
5304
5305
5306
5307
5308
5309
5310
5313
5314
5315
5317
5318
5319
5320
5321
5324
5325
5326
5327
5328
5329
5330
5331
5332
5333
5334
5335
5336
5337
5338
5340
5341
5342
5343
5344
5345
5346
5347
5348
5349
5350
5351
5352
5353
5354
5355
5356
5357
5358
5359
5360
5361
5362
5364
5366
5367
5368
5373
5374
5375
5376
5377
5378
5379
5380
5381
5382
5386
5387
5388
5389
5390
5391
5392
5393
5394
5395
5396
5397
5399
5400
5407
5408
5409
5410
5412
5414
5415
5416
5417
5420
5421
5424
5425
5426
5428
5429
5430
5431
5432
5433
5434
5436
5437
5438
5440
5441
5442
5443
5445
5448
5449
5450
5451
5452
5453
5454
5455
5456
5457
5458
5459
5460
5461
5463
5464
5465
5466
5468
5469
5470
5471
5472
5473
5474
5475
5477
5479
5480
5481
5482
5483
5484
5485
5486
5487
5488
5489
5490
5491
5494
5496
5497
5498
5501
5502
5503
5504
5505
5508
5510
5511
5515
5519
5521
5522
5523
5528
5530
5531
5532
5533
5534
5536
5537
5538
5539
5540
5541
5542
5543
5544
5545
5546
5547
5549
5550
5551
5553
5554
5555
5558
5563
5565
5566
5567
5568
5569
5570
5571
5572
5573
5574
5575
5576
5577
5579
5580
5581
5584
5585
5586
5587
5588
5590
5591
5592
5593
5594
5595
5596
5597
5599
5600
5601
5605
5606
5608
5609
5610
5611
5614
5615
5616
5617
5618
5619
5622
5623
5624
5625
5626
5627
5629
5630
5631
5632
5633
5634
5636
5638
5639
5640
5642
5643
5644
5645
5646
5647
5648
5650
5651
5652
5653
5655
5656
5657
5658
5659
5660
5662
5664
5666
5667
5668
5669
5670
5671
5672
5673
5674
5681
5682
5683
5684
5686
5687
5689
5690
5691
5692
5693
5695
5696
5697
5698
5699
5700
5701
5703
5704
5705
5706
