4649
1123
3454
377
2997
866
2998
869
309
868
3551
602
105
1722
450
310
1819
4365
3538
53
4321
2550
290
1520
1483
289
965
275
847
2576
1851
283
297
280
1824
269
1724
1448
1700
1729
1439
2004
2026
322
973
1500
452
1445
590
2303
1734
596
1750
1478
282
1475
1022
273
1452
268
267
1465
1696
2574
956
279
370
3711
587
522
1515
284
867
1490
1740
1453
854
455
1852
2001
848
582
1457
1497
2575
4617
1716
1455
276
961
1507
1820
1545
3710
1514
518
1499
600
1728
287
1535
851
977
964
1699
959
1501
594
1462
1757
524
456
1577
2080
1509
818
1446
3018
288
592
1821
546
77
40
1529
291
1720
1525
1491
1510
2144
1447
3552
1727
960
862
80
640
1523
1723
591
1127
1440
2573
966
1522
953
1538
1105
3118
4512
1485
369
1533
1604
1486
1365
520
261
1704
3714
1438
1449
2149
1711
1459
1503
457
598
27
515
599
2773
1759
898
308
548
164
2996
1493
1470
874
2143
404
1472
1816
844
392
1741
1928
1743
3989
1495
516
603
846
519
765
864
1441
103
1460
1498
391
1524
958
1527
1532
1751
1753
1492
593
517
1537
1541
2146
1471
549
188
2118
1539
1450
272
1576
1694
581
1546
2
1815
1814
1543
23
2145
1607
1713
84
2194
1469
1442
4164
1210
2267
2138
216
4418
2415
2527
3712
1058
2726
1466
1512
764
4719
595
359
2114
528
849
1284
865
2207
3659
1544
2754
3128
2133
1739
1862
2713
850
2768
266
1511
454
451
1474
550
3496
390
32
1249
1444
296
545
2174
1487
1836
2577
1150
3082
88
845
1742
3553
719
4187
1484
2173
104
3682
368
3528
863
1698
3426
1536
114
584
588
1177
1464
1752
1205
2299
2396
607
767
265
2167
527
1817
176
1504
2193
1521
121
1746
2151
526
1823
1904
924
1749
1748
808
718
2142
1911
21
2214
174
2513
146
1736
4298
315
2187
908
2655
935
323
1725
1519
92
278
972
1207
955
295
916
2148
172
967
2168
606
1721
3356
2549
511
1580
1200
1215
601
4327
328
286
1850
259
784
1496
586
3034
493
1508
776
756
1179
409
209
1057
453
4367
14
812
1451
1206
636
1178
1534
96
1916
914
933
150
976
1091
327
3954
91
521
1221
1744
1106
2673
1290
466
4889
106
743
589
1315
1056
3336
1581
1822
191
301
3276
988
1603
1201
292
817
3984
523
639
1747
901
2117
1697
974
2333
1458
1712
3767
342
1735
2043
2116
1907
1252
4296
2186
1456
2106
930
1703
1074
1013
16
2000
127
3866
1547
260
1914
609
2613
1031
2628
2582
547
2581
673
2285
1213
89
1214
465
900
1053
751
938
47
1100
1860
2202
687
137
975
1612
183
774
4527
2478
22
1531
334
133
4648
26
1072
1564
807
319
87
512
710
762
3217
3221
413
75
832
880
1530
325
597
786
1326
791
1216
2999
4553
1212
187
919
1502
771
1756
215
1176
2230
753
804
1218
715
2753
707
2900
514
63
3927
1737
1903
101
1853
4112
1718
1368
556
124
8
2369
555
711
3347
4836
475
2217
3041
4257
4754
177
2674
1666
1608
994
181
86
375
2580
4400
1969
2407
2218
4111
2310
200
7
33
1396
330
829
917
1256
2203
76
3759
149
3305
3452
1209
376
3345
3908
3910
4138
2315
1092
1513
3968
373
2015
2147
326
4838
1292
388
122
1468
496
4642
180
2022
2032
1099
1014
873
1191
3481
1708
3355
637
1299
1161
2140
4687
689
1174
754
2279
182
775
4471
907
293
35
1427
205
1312
3470
3230
670
510
3
583
1133
57
3039
2719
4545
1584
117
213
2774
979
194
1010
1055
169
3044
1417
635
1424
4701
4874
189
210
1318
4470
797
763
3110
1236
204
3256
4270
111
59
3051
672
1006
773
796
113
539
2510
211
1650
212
93
4217
214
1662
731
1755
891
1291
3809
497
351
2305
799
1015
3859
145
2464
3136
357
9
2375
2023
1295
4500
2108
3537
2767
136
1709
2599
982
498
178
1554
3286
1443
1017
3972
198
1591
94
175
494
525
881
1147
2003
755
1137
810
2286
184
624
1665
1986
3135
1142
2929
1395
298
605
3107
488
2836
1965
2770
1061
2354
2021
1691
2601
1235
414
1403
820
467
1012
1670
1227
3157
4087
1
1733
417
1693
3469
1754
2467
1923
932
912
1376
1992
170
1416
1130
1016
4809
3536
2629
2195
68
2175
1488
1113
1601
1785
1929
410
3436
318
761
2866
2776
4492
1126
1415
828
1364
355
50
576
886
353
1998
142
3860
1407
2204
3292
131
2865
110
115
1909
1695
616
777
1122
1128
720
780
766
3127
3995
316
132
4189
3932
1075
2739
3122
2762
922
504
3611
62
574
3837
936
998
642
4686
4772
1401
5
125
386
1300
424
1890
24
2278
28
3150
4353
203
499
501
910
1869
1801
2370
1019
3622
968
1802
2529
2382
3844
1701
128
2020
1159
3983
1084
2461
3616
1620
1732
505
1357
706
1955
118
617
779
896
1028
2682
1313
826
853
1175
1638
4
119
2006
4258
1669
2656
2103
51
4425
1009
712
171
4619
41
2497
300
733
3610
684
3008
3810
3864
468
1117
4823
2476
833
3771
1494
2028
1008
1517
1556
1138
1065
1399
1195
470
394
2289
2899
3500
1388
65
167
1316
473
577
750
925
480
3158
1189
2522
741
11
3471
2009
495
52
1118
1997
2657
4352
1274
1730
1239
20
2519
3011
3868
997
3007
3541
985
3769
879
3242
4646
1828
3300
3439
614
2013
4346
822
4180
2031
905
1761
507
1219
1905
43
3772
2991
320
943
1574
312
463
2002
1251
2215
274
830
1389
1719
1971
725
2992
1837
794
407
2736
2786
4597
814
843
3476
2771
1059
2222
1018
3210
317
1143
2030
72
909
2588
699
2988
3862
3917
1467
2455
1148
1777
2867
915
4299
4757
3053
277
2012
1542
613
3386
4735
144
738
2733
3178
38
920
2024
2343
1901
70
530
538
946
1402
1884
2507
789
30
135
253
904
1409
1625
2400
984
2110
2061
1784
647
963
2465
1974
2282
332
739
2592
778
3632
2868
757
1952
2277
3001
3346
1980
46
1026
1188
4135
418
139
3204
157
859
1314
1943
3580
682
2033
350
1731
71
934
1081
2317
3523
3576
4004
1135
3614
2532
1572
4235
3663
1308
1950
2446
2531
2804
785
503
831
1310
39
945
1390
1573
1917
2260
2596
2597
2912
3003
3674
3829
156
736
1596
3490
841
947
61
401
1660
1702
1714
1760
1968
2457
2456
3247
66
123
1359
1658
2983
4368
4559
1927
2471
2735
3790
1437
4447
1412
3013
3827
971
3425
1183
1384
1973
4067
340
1194
1248
2650
2916
3273
734
2381
4391
3154
1052
1151
1420
1848
2951
3920
477
683
1954
2005
2438
3063
3893
490
619
1410
1594
1961
2508
2783
1196
1311
1373
2589
4410
421
1141
1563
1717
2096
2261
3068
3190
3199
3463
10
509
612
1393
2019
2796
3773
4856
714
99
1913
1962
2076
2470
2598
134
567
664
1129
2383
3151
83
802
1518
1642
1872
3248
4264
4763
85
158
372
800
1385
1726
3004
397
575
970
1528
1996
130
426
793
1224
1411
2352
2608
3389
155
1000
1526
1648
1857
1975
3073
3205
3338
3780
3861
303
408
536
732
1738
2276
4550
1379
1778
1945
1600
1758
2349
2678
2953
3825
116
827
913
1077
1144
1356
1624
2010
2325
2942
4893
56
2759
140
962
1001
1279
1418
1506
1745
3167
3387
3715
3980
4560
724
772
792
1134
1715
2266
4318
400
474
573
629
709
931
1157
1309
1387
1840
2235
2280
2283
2424
2504
138
469
615
1680
1843
1941
1947
1967
2874
3585
3926
1182
1398
1647
1889
2007
3198
487
838
1628
1972
2060
2686
3265
3889
1187
1993
2251
2623
3713
3734
431
795
1184
1283
1406
1540
1655
1984
2511
3374
3599
4778
999
1027
1232
1343
1893
2984
4830
208
648
1186
1234
1646
1762
1951
2225
2571
3094
3201
3342
3858
657
700
749
918
1555
1678
1811
2018
2331
2335
2435
2444
2723
2813
2853
3375
4359
4436
333
434
1237
1275
1404
1552
1649
1886
2062
2591
2621
2707
3306
3892
4745
427
479
787
1261
1281
1325
1551
1706
1779
1826
1858
1940
1942
2463
2611
2700
3187
3928
3996
4037
4100
143
403
618
969
1121
2017
2615
2622
2645
2870
3052
3661
4449
611
621
713
1060
1222
1341
1371
1400
1516
1559
1987
2199
2698
2708
3194
3207
3243
3341
3508
3742
552
580
728
871
899
941
1040
1192
1436
1560
1597
1616
1632
1873
2334
2595
2697
2817
2845
2852
3510
3579
3738
3891
4453
4870
406
415
447
752
1025
1087
1230
1253
1505
1633
1710
1938
1944
2040
2059
2273
2295
2429
2459
2620
2716
2790
2930
3209
3422
3955
4010
4472
4475
6
67
95
339
502
656
658
1083
1280
1413
1489
1558
1562
1579
1621
1651
1659
1679
1948
1958
2038
2284
2387
2439
2440
2441
2458
2472
2491
2492
2632
2722
2846
2914
3348
3525
3602
3791
3863
4126
15
405
433
476
478
484
703
781
926
942
1041
1120
1153
1223
1238
1244
1381
1386
1463
1587
1634
1636
1643
1656
1771
1787
1865
1885
1939
1963
1977
2327
2401
2460
2462
2721
2931
3005
3012
3096
3116
3189
3193
3197
3224
3253
3263
3322
3435
3778
3806
3869
4098
4433
4657
4764
81
402
500
842
937
1268
1630
1635
1877
1898
1946
1953
1956
1989
2328
2715
2877
3326
3692
3847
4218
4373
42
54
55
60
78
79
82
90
97
98
217
218
219
220
221
222
223
224
225
226
227
228
229
230
231
232
233
234
235
236
3894
2779
3895
3896
2189
1180
4837
2781
2188
4057
2184
2169
1825
2372
2181
4835
2196
2321
3735
2210
1307
1204
1813
19
29
2755
4245
2139
688
2178
2171
4674
1936
723
4834
4058
861
2150
742
2125
4065
2180
458
2172
2185
2177
1103
1614
4890
4791
1818
2170
1288
1610
638
1613
2082
4878
2579
1317
3816
4206
1158
821
3074
4211
4185
2268
4789
681
3707
3543
2091
2134
2152
2969
4014
1586
952
2897
722
4762
4198
3939
1289
2313
2376
1294
2135
2131
2237
2209
449
3029
809
2452
3467
2205
623
367
1155
102
3071
4645
2127
2092
634
2141
1054
604
3760
4888
3544
2742
2789
307
4331
2111
2089
389
4297
2712
2123
163
1298
2302
2542
2183
4366
1203
2769
345
2085
4508
877
1146
4148
4518
1202
4239
411
3331
3287
3016
2661
1609
2191
717
803
2206
3328
2720
1548
3047
4152
2107
1319
2600
2132
608
3933
1334
4899
2423
1115
3550
1930
3689
2304
1582
3799
1208
1835
3333
4349
2326
3035
4668
374
173
1378
1550
2157
2338
1926
3539
185
4604
4413
196
2292
2780
4395
2660
1163
3428
4608
3060
3040
3797
2799
1102
1799
3587
2906
2662
680
1296
3522
1107
2385
2838
2966
2669
2968
4780
737
1812
2663
1925
4013
2159
2956
3009
2724
1003
4354
4606
3030
4441
2179
3479
48
412
3148
201
1285
2829
4712
2035
4422
2336
3482
1605
2411
3495
3736
195
4632
4690
324
1664
2717
492
2417
2418
4760
978
2090
2734
3681
4284
3706
1788
3478
3548
2158
3776
4193
2775
671
1108
1110
1606
1611
2086
12
2583
2670
2810
3798
646
1114
1287
2954
3268
3308
3330
4080
1583
1220
1912
2339
4313
4360
1111
2563
1875
112
4199
202
641
1152
1173
1831
2560
2892
3901
1602
2190
2788
3085
4705
4706
1766
2939
4051
439
3511
4740
674
1211
1277
1861
2083
2128
2182
3160
2109
4116
1568
3722
4294
17
37
186
1217
2087
2165
2908
2957
3335
3784
788
2384
3834
4759
650
1172
3485
3649
4265
4891
816
2119
2945
120
193
760
1377
2714
1832
2197
2308
2324
2391
2523
2917
2947
440
1921
2164
2386
2518
2524
2964
3031
3545
4396
4519
4653
627
1171
1337
1567
1892
2121
2710
2835
3334
4068
4491
4520
4607
4707
805
2394
2506
2961
3442
3484
4156
4226
378
533
543
929
981
1004
1333
3054
3280
3352
3652
3818
4408
197
358
416
882
2287
2291
3288
3329
3558
3870
3941
4048
4288
4816
45
783
790
1002
1286
1372
2045
2122
2154
2192
2505
2520
2950
3090
3867
4536
4552
4689
4743
4747
4782
893
1112
1935
2842
3006
4393
4541
36
633
1050
1154
1908
2079
2084
2216
2316
2612
2658
2702
2959
2960
3095
3229
3501
3505
3822
4155
4600
4678
472
668
983
1062
1080
1109
1199
2067
2602
2725
2807
2940
2987
3373
3380
3566
3724
4009
4038
4066
4293
4394
4568
4685
4702
4703
4901
44
151
160
162
387
544
610
625
1076
1262
2008
2264
2300
2498
2590
2594
2827
3517
3575
3683
4285
4358
4443
4547
4726
4814
4892
385
906
1063
1101
1145
1293
1350
1480
1667
1687
1789
1838
1915
2016
2314
2380
2609
2758
2909
3392
3444
3718
3719
3748
3823
4114
4167
4231
4247
4249
4557
4611
4708
166
192
371
379
489
705
887
1020
1079
1082
1181
1185
1321
1324
1790
1793
1804
1805
1829
1841
1876
1937
2044
2088
2093
2113
2120
2137
2162
2200
2236
2262
2263
2332
2371
2421
2516
2546
2672
2696
2756
2766
2816
2831
2833
2885
2904
2925
2941
2952
3010
3126
3165
3240
3244
3245
3258
3293
3298
3332
3365
3420
3424
3512
3518
3530
3605
3723
3782
3805
3850
3875
3979
4005
4161
4171
4230
4240
4267
4310
4311
4376
4466
4469
4566
4567
4667
4691
4704
4786
4914
4920
0
58
69
108
206
336
352
442
506
551
554
669
730
735
801
884
944
951
996
1011
1029
1193
1225
1322
1369
1482
1565
1585
1593
1763
1765
1781
1791
1795
1842
1856
1878
1922
2115
2126
2153
2176
2201
2275
2290
2301
2318
2320
2341
2362
2427
2432
2479
2512
2533
2539
2633
2718
2749
2752
2760
2784
2791
2819
2843
2871
2883
2887
2922
2971
2990
2994
2995
3042
3050
3081
3084
3089
3097
3134
3146
3166
3195
3202
3208
3216
3220
3222
3239
3297
3349
3437
3462
3519
3556
3573
3615
3625
3627
3673
3685
3745
3785
3786
3788
3882
3884
3967
4049
4062
4106
4134
4142
4212
4220
4255
4256
4282
4344
4390
4414
4415
4416
4426
4428
4429
4455
4736
4741
4742
4844
4876
299
380
464
532
537
685
695
696
747
903
1347
1355
1599
1767
1768
1839
1864
1870
2027
2036
2050
2112
2124
2130
2309
2319
2378
2530
2536
2537
2540
2610
2618
2666
2989
3111
3180
3219
3284
3318
3445
3542
3634
3669
3675
3676
3677
3678
3680
3720
3721
3740
3820
3970
4039
4168
4174
4178
4196
4210
4273
4389
4543
4647
4722
4781
4828
4902
13
18
25
31
34
49
64
73
74
100
107
109
126
129
141
147
148
152
153
154
159
161
165
168
179
190
199
207
237
238
239
240
241
242
243
244
245
246
247
248
249
250
251
252
254
255
256
257
258
262
263
264
270
271
281
285
294
302
304
305
306
311
313
314
321
329
331
335
337
338
341
343
344
346
347
348
349
354
356
360
361
362
363
364
365
366
381
382
383
384
393
395
396
398
399
419
420
422
423
425
428
429
430
432
435
436
437
438
441
443
444
445
446
448
459
460
461
462
471
481
482
483
485
486
491
508
513
529
531
534
535
540
541
542
553
557
558
559
560
561
562
563
564
565
566
568
569
570
571
572
578
579
585
620
622
626
628
630
631
632
643
644
645
649
651
652
653
654
655
659
660
661
662
663
665
666
667
675
676
677
678
679
686
690
691
692
693
694
697
698
701
702
704
708
716
721
726
727
729
740
744
745
746
748
758
759
768
769
770
782
798
806
811
813
815
819
823
824
825
834
835
836
837
839
840
852
855
856
857
858
860
870
872
875
876
878
883
885
888
889
890
892
894
895
897
902
911
921
923
927
928
939
940
948
949
950
954
957
980
986
987
989
990
991
992
993
995
1005
1007
1021
1023
1024
1030
1032
1033
1034
1035
1036
1037
1038
1039
1042
1043
1044
1045
1046
1047
1048
1049
1051
1064
1066
1067
1068
1069
1070
1071
1073
1078
1085
1086
1088
1089
1090
1093
1094
1095
1096
1097
1098
1104
1116
1119
1124
1125
1131
1132
1136
1139
1140
1149
1156
1160
1162
1164
1165
1166
1167
1168
1169
1170
1190
1197
1198
1226
1228
1229
1231
1233
1240
1241
1242
1243
1245
1246
1247
1250
1254
1255
1257
1258
1259
1260
1263
1264
1265
1266
1267
1269
1270
1271
1272
1273
1276
1278
1282
1297
1301
1302
1303
1304
1305
1306
1320
1323
1327
1328
1329
1330
1331
1332
1335
1336
1338
1339
1340
1342
1344
1345
1346
1348
1349
1351
1352
1353
1354
1358
1360
1361
1362
1363
1366
1367
1370
1374
1375
1380
1382
1383
1391
1392
1394
1397
1405
1408
1414
1419
1421
1422
1423
1425
1426
1428
1429
1430
1431
1432
1433
1434
1435
1454
1461
1473
1476
1477
1479
1481
1549
1553
1557
1561
1566
1569
1570
1571
1575
1578
1588
1589
1590
1592
1595
1598
1615
1617
1618
1619
1622
1623
1626
1627
1629
1631
1637
1639
1640
1641
1644
1645
1652
1653
1654
1657
1661
1663
1668
1671
1672
1673
1674
1675
1676
1677
1681
1682
1683
1684
1685
1686
1688
1689
1690
1692
1705
1707
1764
1769
1770
1772
1773
1774
1775
1776
1780
1782
1783
1786
1792
1794
1796
1797
1798
1800
1803
1806
1807
1808
1809
1810
1827
1830
1833
1834
1844
1845
1846
1847
1849
1854
1855
1859
1863
1866
1867
1868
1871
1874
1879
1880
1881
1882
1883
1887
1888
1891
1894
1895
1896
1897
1899
1900
1902
1906
1910
1918
1919
1920
1924
1931
1932
1933
1934
1949
1957
1959
1960
1964
1966
1970
1976
1978
1979
1981
1982
1983
1985
1988
1990
1991
1994
1995
1999
2011
2014
2025
2029
2034
2037
2039
2041
2042
2046
2047
2048
2049
2051
2052
2053
2054
2055
2056
2057
2058
2063
2064
2065
2066
2068
2069
2070
2071
2072
2073
2074
2075
2077
2078
2081
2094
2095
2097
2098
2099
2100
2101
2102
2104
2105
2129
2136
2155
2156
2160
2161
2163
2166
2198
2208
2211
2212
2213
2219
2220
2221
2223
2224
2226
2227
2228
2229
2231
2232
2233
2234
2238
2239
2240
2241
2242
2243
2244
2245
2246
2247
2248
2249
2250
2252
2253
2254
2255
2256
2257
2258
2259
2265
2269
2270
2271
2272
2274
2281
2288
2293
2294
2296
2297
2298
2306
2307
2311
2312
2322
2323
2329
2330
2337
2340
2342
2344
2345
2346
2347
2348
2350
2351
2353
2355
2356
2357
2358
2359
2360
2361
2363
2364
2365
2366
2367
2368
2373
2374
2377
2379
2388
2389
2390
2392
2393
2395
2397
2398
2399
2402
2403
2404
2405
2406
2408
2409
2410
2412
2413
2414
2416
2419
2420
2422
2425
2426
2428
2430
2431
2433
2434
2436
2437
2442
2443
2445
2447
2448
2449
2450
2451
2453
2454
2466
2468
2469
2473
2474
2475
2477
2480
2481
2482
2483
2484
2485
2486
2487
2488
2489
2490
2493
2494
2495
2496
2499
2500
2501
2502
2503
2509
2514
2515
2517
2521
2525
2526
2528
2534
2535
2538
2541
2543
2544
2545
2547
2548
2551
2552
2553
2554
2555
2556
2557
2558
2559
2561
2562
2564
2565
2566
2567
2568
2569
2570
2572
2578
2584
2585
2586
2587
2593
2603
2604
2605
2606
2607
2614
2616
2617
2619
2624
2625
2626
2627
2630
2631
2634
2635
2636
2637
2638
2639
2640
2641
2642
2643
2644
2646
2647
2648
2649
2651
2652
2653
2654
2659
2664
2665
2667
2668
2671
2675
2676
2677
2679
2680
2681
2683
2684
2685
2687
2688
2689
2690
2691
2692
2693
2694
2695
2699
2701
2703
2704
2705
2706
2709
2711
2727
2728
2729
2730
2731
2732
2737
2738
2740
2741
2743
2744
2745
2746
2747
2748
2750
2751
2757
2761
2763
2764
2765
2772
2777
2778
2782
2785
2787
2792
2793
2794
2795
2797
2798
2800
2801
2802
2803
2805
2806
2808
2809
2811
2812
2814
2815
2818
2820
2821
2822
2823
2824
2825
2826
2828
2830
2832
2834
2837
2839
2840
2841
2844
2847
2848
2849
2850
2851
2854
2855
2856
2857
2858
2859
2860
2861
2862
2863
2864
2869
2872
2873
2875
2876
2878
2879
2880
2881
2882
2884
2886
2888
2889
2890
2891
2893
2894
2895
2896
2898
2901
2902
2903
2905
2907
2910
2911
2913
2915
2918
2919
2920
2921
2923
2924
2926
2927
2928
2932
2933
2934
2935
2936
2937
2938
2943
2944
2946
2948
2949
2955
2958
2962
2963
2965
2967
2970
2972
2973
2974
2975
2976
2977
2978
2979
2980
2981
2982
2985
2986
2993
3000
3002
3014
3015
3017
3019
3020
3021
3022
3023
3024
3025
3026
3027
3028
3032
3033
3036
3037
3038
3043
3045
3046
3048
3049
3055
3056
3057
3058
3059
3061
3062
3064
3065
3066
3067
3069
3070
3072
3075
3076
3077
3078
3079
3080
3083
3086
3087
3088
3091
3092
3093
3098
3099
3100
3101
3102
3103
3104
3105
3106
3108
3109
3112
3113
3114
3115
3117
3119
3120
3121
3123
3124
3125
3129
3130
3131
3132
3133
3137
3138
3139
3140
3141
3142
3143
3144
3145
3147
3149
3152
3153
3155
3156
3159
3161
3162
3163
3164
3168
3169
3170
3171
3172
3173
3174
3175
3176
3177
3179
3181
3182
3183
3184
3185
3186
3188
3191
3192
3196
3200
3203
3206
3211
3212
3213
3214
3215
3218
3223
3225
3226
3227
3228
3231
3232
3233
3234
3235
3236
3237
3238
3241
3246
3249
3250
3251
3252
3254
3255
3257
3259
3260
3261
3262
3264
3266
3267
3269
3270
3271
3272
3274
3275
3277
3278
3279
3281
3282
3283
3285
3289
3290
3291
3294
3295
3296
3299
3301
3302
3303
3304
3307
3309
3310
3311
3312
3313
3314
3315
3316
3317
3319
3320
3321
3323
3324
3325
3327
3337
3339
3340
3343
3344
3350
3351
3353
3354
3357
3358
3359
3360
3361
3362
3363
3364
3366
3367
3368
3369
3370
3371
3372
3376
3377
3378
3379
3381
3382
3383
3384
3385
3388
3390
3391
3393
3394
3395
3396
3397
3398
3399
3400
3401
3402
3403
3404
3405
3406
3407
3408
3409
3410
3411
3412
3413
3414
3415
3416
3417
3418
3419
3421
3423
3427
3429
3430
3431
3432
3433
3434
3438
3440
3441
3443
3446
3447
3448
3449
3450
3451
3453
3455
3456
3457
3458
3459
3460
3461
3464
3465
3466
3468
3472
3473
3474
3475
3477
3480
3483
3486
3487
3488
3489
3491
3492
3493
3494
3497
3498
3499
3502
3503
3504
3506
3507
3509
3513
3514
3515
3516
3520
3521
3524
3526
3527
3529
3531
3532
3533
3534
3535
3540
3546
3547
3549
3554
3555
3557
3559
3560
3561
3562
3563
3564
3565
3567
3568
3569
3570
3571
3572
3574
3577
3578
3581
3582
3583
3584
3586
3588
3589
3590
3591
3592
3593
3594
3595
3596
3597
3598
3600
3601
3603
3604
3606
3607
3608
3609
3612
3613
3617
3618
3619
3620
3621
3623
3624
3626
3628
3629
3630
3631
3633
3635
3636
3637
3638
3639
3640
3641
3642
3643
3644
3645
3646
3647
3648
3650
3651
3653
3654
3655
3656
3657
3658
3660
3662
3664
3665
3666
3667
3668
3670
3671
3672
3679
3684
3686
3687
3688
3690
3691
3693
3694
3695
3696
3697
3698
3699
3700
3701
3702
3703
3704
3705
3708
3709
3716
3717
3725
3726
3727
3728
3729
3730
3731
3732
3733
3737
3739
3741
3743
3744
3746
3747
3749
3750
3751
3752
3753
3754
3755
3756
3757
3758
3761
3762
3763
3764
3765
3766
3768
3770
3774
3775
3777
3779
3781
3783
3787
3789
3792
3793
3794
3795
3796
3800
3801
3802
3803
3804
3807
3808
3811
3812
3813
3814
3815
3817
3819
3821
3824
3826
3828
3830
3831
3832
3833
3835
3836
3838
3839
3840
3841
3842
3843
3845
3846
3848
3849
3851
3852
3853
3854
3855
3856
3857
3865
3871
3872
3873
3874
3876
3877
3878
3879
3880
3881
3883
3885
3886
3887
3888
3890
3897
3898
3899
3900
3902
3903
3904
3905
3906
3907
3909
3911
3912
3913
3914
3915
3916
3918
3919
3921
3922
3923
3924
3925
3929
3930
3931
3934
3935
3936
3937
3938
3940
3942
3943
3944
3945
3946
3947
3948
3949
3950
3951
3952
3953
3956
3957
3958
3959
3960
3961
3962
3963
3964
3965
3966
3969
3971
3973
3974
3975
3976
3977
3978
3981
3982
3985
3986
3987
3988
3990
3991
3992
3993
3994
3997
3998
3999
4000
4001
4002
4003
4006
4007
4008
4011
4012
4015
4016
4017
4018
4019
4020
4021
4022
4023
4024
4025
4026
4027
4028
4029
4030
4031
4032
4033
4034
4035
4036
4040
4041
4042
4043
4044
4045
4046
4047
4050
4052
4053
4054
4055
4056
4059
4060
4061
4063
4064
4069
4070
4071
4072
4073
4074
4075
4076
4077
4078
4079
4081
4082
4083
4084
4085
4086
4088
4089
4090
4091
4092
4093
4094
4095
4096
4097
4099
4101
4102
4103
4104
4105
4107
4108
4109
4110
4113
4115
4117
4118
4119
4120
4121
4122
4123
4124
4125
4127
4128
4129
4130
4131
4132
4133
4136
4137
4139
4140
4141
4143
4144
4145
4146
4147
4149
4150
4151
4153
4154
4157
4158
4159
4160
4162
4163
4165
4166
4169
4170
4172
4173
4175
4176
4177
4179
4181
4182
4183
4184
4186
4188
4190
4191
4192
4194
4195
4197
4200
4201
4202
4203
4204
4205
4207
4208
4209
4213
4214
4215
4216
4219
4221
4222
4223
4224
4225
4227
4228
4229
4232
4233
4234
4236
4237
4238
4241
4242
4243
4244
4246
4248
4250
4251
4252
4253
4254
4259
4260
4261
4262
4263
4266
4268
4269
4271
4272
4274
4275
4276
4277
4278
4279
4280
4281
4283
4286
4287
4289
4290
4291
4292
4295
4300
4301
4302
4303
4304
4305
4306
4307
4308
4309
4312
4314
4315
4316
4317
4319
4320
4322
4323
4324
4325
4326
4328
4329
4330
4332
4333
4334
4335
4336
4337
4338
4339
4340
4341
4342
4343
4345
4347
4348
4350
4351
4355
4356
4357
4361
4362
4363
4364
4369
4370
4371
4372
4374
4375
4377
4378
4379
4380
4381
4382
4383
4384
4385
4386
4387
4388
4392
4397
4398
4399
4401
4402
4403
4404
4405
4406
4407
4409
4411
4412
4417
4419
4420
4421
4423
4424
4427
4430
4431
4432
4434
4435
4437
4438
4439
4440
4442
4444
4445
4446
4448
4450
4451
4452
4454
4456
4457
4458
4459
4460
4461
4462
4463
4464
4465
4467
4468
4473
4474
4476
4477
4478
4479
4480
4481
4482
4483
4484
4485
4486
4487
4488
4489
4490
4493
4494
4495
4496
4497
4498
4499
4501
4502
4503
4504
4505
4506
4507
4509
4510
4511
4513
4514
4515
4516
4517
4521
4522
4523
4524
4525
4526
4528
4529
4530
4531
4532
4533
4534
4535
4537
4538
4539
4540
4542
4544
4546
4548
4549
4551
4554
4555
4556
4558
4561
4562
4563
4564
4565
4569
4570
4571
4572
4573
4574
4575
4576
4577
4578
4579
4580
4581
4582
4583
4584
4585
4586
4587
4588
4589
4590
4591
4592
4593
4594
4595
4596
4598
4599
4601
4602
4603
4605
4609
4610
4612
4613
4614
4615
4616
4618
4620
4621
4622
4623
4624
4625
4626
4627
4628
4629
4630
4631
4633
4634
4635
4636
4637
4638
4639
4640
4641
4643
4644
4650
4651
4652
4654
4655
4656
4658
4659
4660
4661
4662
4663
4664
4665
4666
4669
4670
4671
4672
4673
4675
4676
4677
4679
4680
4681
4682
4683
4684
4688
4692
4693
4694
4695
4696
4697
4698
4699
4700
4709
4710
4711
4713
4714
4715
4716
4717
4718
4720
4721
4723
4724
4725
4727
4728
4729
4730
4731
4732
4733
4734
4737
4738
4739
4744
4746
4748
4749
4750
4751
4752
4753
4755
4756
4758
4761
4765
4766
4767
4768
4769
4770
4771
4773
4774
4775
4776
4777
4779
4783
4784
4785
4787
4788
4790
4792
4793
4794
4795
4796
4797
4798
4799
4800
4801
4802
4803
4804
4805
4806
4807
4808
4810
4811
4812
4813
4815
4817
4818
4819
4820
4821
4822
4824
4825
4826
4827
4829
4831
4832
4833
4839
4840
4841
4842
4843
4845
4846
4847
4848
4849
4850
4851
4852
4853
4854
4855
4857
4858
4859
4860
4861
4862
4863
4864
4865
4866
4867
4868
4869
4871
4872
4873
4875
4877
4879
4880
4881
4882
4883
4884
4885
4886
4887
4894
4895
4896
4897
4898
4900
4903
4904
4905
4906
4907
4908
4909
4910
4911
4912
4913
4915
4916
4917
4918
4919
