727
3717
945
737
674
943
732
735
728
393
723
942
447
738
2243
671
1615
1847
1704
933
639
2231
1559
1855
709
1596
722
931
944
906
324
1680
1604
2769
849
1538
1611
934
1651
2077
1597
2764
1580
1586
1867
1692
851
1571
1527
949
1567
708
1577
927
1876
946
719
1593
4429
352
950
1562
293
2519
1827
1530
1529
635
1850
1600
1576
1830
2275
1691
395
2770
448
2433
1583
1603
1560
1660
394
1979
1590
634
378
1563
3438
3153
640
1327
1588
2271
204
1565
3154
2509
1641
3477
1619
1550
1624
1557
312
929
1552
1549
1608
1547
3485
645
720
638
1578
3872
948
1084
1091
2278
1832
1589
2276
1574
1690
1587
3181
1581
1592
1575
4042
1353
1548
1083
829
1346
1985
2325
522
797
1602
1617
4893
1556
2913
2033
37
1082
1087
579
729
1561
212
1572
986
1219
1585
730
1852
637
376
409
2335
1541
4419
932
1858
1833
1621
1731
1539
4
1551
796
1584
4507
3870
1878
1610
668
412
1657
1645
582
930
1880
673
1352
1332
731
330
1638
67
1566
141
392
333
1
1687
1354
525
1856
739
1626
1640
4381
1118
128
947
1839
136
12
734
1570
2145
1569
32
1318
1627
325
740
3284
585
1622
2518
377
332
240
1702
1558
1654
1854
45
1537
1735
1326
1937
964
2264
1844
205
1737
1631
348
1729
726
1339
1851
363
1534
2247
300
1594
611
2277
3605
410
1607
2198
334
1546
146
143
1166
1828
417
711
1568
1754
2082
4730
586
1874
4297
52
1089
474
1204
303
3240
54
578
2899
686
652
4501
1933
1543
1220
7
408
1535
2099
1863
889
1110
994
275
2205
3865
15
3734
1554
1579
774
863
214
1656
1355
313
1319
1056
641
1542
580
2491
581
2436
1092
1441
922
411
1859
2766
331
56
4427
1730
3670
291
68
551
993
523
107
643
1829
725
583
3599
414
476
213
2283
724
856
44
834
1733
0
41
1936
521
1081
953
1848
1620
1728
2801
2609
2273
3094
1113
102
1342
39
142
2274
749
1324
1121
73
2340
1868
3195
225
1683
243
685
4912
4544
1860
990
432
1672
181
1004
2270
89
401
33
59
1012
8
1340
2537
2123
1952
246
4426
672
121
278
1865
1329
178
1255
1834
4665
1028
848
1681
1423
1743
1616
733
524
1825
49
88
1628
140
176
3508
416
82
1555
1632
2036
1862
1629
3228
150
3133
292
145
1306
435
166
4382
4178
2430
157
3081
370
31
390
526
1124
542
689
167
55
636
279
2768
812
237
2687
1738
242
628
310
4428
3023
1151
546
1684
1033
421
741
426
2441
1034
133
78
2723
62
405
2267
1368
854
877
209
63
540
644
208
3300
1732
34
3871
882
833
4444
101
868
1330
5009
905
1029
210
907
2038
1444
161
4425
434
1008
1305
1425
1027
832
16
366
4898
4162
1221
866
2147
27
855
2125
1094
1249
87
83
2203
1774
379
182
169
1317
1266
2507
1875
1347
75
14
1334
564
22
28
1840
234
2114
2027
717
211
1540
38
519
1005
249
2419
470
472
458
215
465
1338
2562
1287
1996
3913
1308
2484
3073
2602
91
1020
2762
1165
462
2428
699
1751
1181
799
1343
3307
486
2121
1685
5012
2422
1872
752
51
745
2136
1528
2013
4485
179
251
3097
218
46
2418
2673
4393
600
2635
1250
4553
1158
250
217
721
2530
690
842
1473
1429
2242
487
1969
1049
754
1650
2248
3385
95
845
202
1043
3489
3792
3783
147
454
2124
1186
3995
3520
90
2550
1163
2241
2693
1623
820
2368
1060
449
4887
9
1202
1742
1449
3379
1442
4610
3795
4628
1618
2049
1861
2034
1161
1097
1057
4117
1741
1039
76
2138
314
170
1046
627
2037
2139
992
893
1533
159
1096
1203
2102
98
1337
198
4968
2561
2103
4196
1642
2763
356
3162
2512
2411
194
1849
4124
1495
155
642
2068
2429
2725
13
630
229
2891
197
1964
149
2438
1016
341
1722
74
2570
2774
11
1655
190
2884
2707
2179
5035
2414
824
207
276
2442
503
1993
2713
1283
65
191
2792
3174
1065
776
3163
177
1053
1658
224
823
3095
538
453
491
1322
285
1477
456
2140
1532
3003
1180
413
4093
152
3299
3380
419
4051
954
3119
3427
2538
288
1715
3374
2572
2721
1015
917
254
2346
1545
2580
3242
821
2152
844
549
4390
284
1609
3791
199
1781
4499
1052
2446
4154
4986
1233
1304
69
1905
1496
1526
1038
871
134
1055
221
195
3581
891
86
1162
1134
4741
958
1476
2080
862
256
1312
1365
1582
2443
94
1489
2575
3964
439
4317
139
3978
2595
878
4809
196
1599
1646
483
4156
464
267
459
1156
1625
2593
1301
4129
939
520
1439
1573
2557
455
2559
1649
193
64
1544
286
1686
1030
537
4676
2669
2867
1063
1362
10
3440
2086
452
289
3675
1536
3983
184
180
1023
336
4018
223
2524
239
1035
1135
3862
2579
2787
1307
2596
2893
1955
2025
1010
47
4843
716
158
5
1513
852
1045
222
492
4900
3984
3621
468
2664
1257
71
108
1246
2814
1261
1245
1292
688
248
3007
4580
2074
1017
1688
3214
183
3746
66
1679
1437
3054
1841
172
1276
1630
2483
1210
2601
2185
898
4487
2597
469
967
556
3452
1348
876
1201
79
109
1125
353
151
1553
4977
272
4463
397
1120
3232
819
1144
2532
4149
1130
1405
489
742
1175
2333
4933
406
269
2469
1836
3542
3788
1225
2348
3175
1598
1085
874
3476
1103
1682
3526
26
1606
2142
2076
1448
4860
30
404
1501
1591
2668
1479
186
1006
620
658
1440
466
1443
3546
614
1746
1782
676
1601
4433
1648
2127
4520
153
909
1677
3573
3677
916
3314
1331
629
148
2590
3187
81
1698
1712
2956
4551
2051
2690
1799
750
381
746
4122
2748
61
744
857
2091
365
3622
747
1157
2137
281
2014
602
982
2795
4123
1941
3882
2898
2915
3220
2569
2092
3673
189
617
70
364
2529
3264
138
1531
2822
1288
1695
3497
4303
1177
802
3521
714
539
4266
1021
1147
1671
2141
29
1766
2188
2393
3083
4482
1697
4486
4850
185
2084
552
1123
2730
2546
4552
1564
160
926
24
201
1041
2663
751
3959
535
703
1403
2740
778
1689
1032
3058
3547
1814
1661
2531
3057
761
1025
1487
4696
273
174
2193
647
2744
4013
1013
2458
1048
1786
2050
1031
1635
1637
433
1772
4120
1333
2900
115
2112
3350
3830
100
112
951
114
3266
4111
25
2169
2083
2196
4016
4247
988
3397
1014
596
1502
1977
2584
3026
1003
2170
5036
920
510
3329
2615
1277
3538
4728
36
1100
2151
3572
164
2095
2758
1252
3392
427
428
587
837
1777
498
4532
2118
2886
4100
3617
3745
4662
4994
1763
1838
2692
4453
2199
2689
4635
743
2350
4118
3606
610
1989
2190
1254
6
1837
4007
2818
188
1059
1112
1349
2892
4691
991
667
1018
258
403
684
1845
2047
2330
2534
748
1148
1503
2071
2839
2986
1335
270
1959
3160
4605
1311
1291
168
1445
2927
1857
3126
3469
3571
3876
4025
5003
5030
1447
1696
2499
2928
887
2406
2631
230
2054
1150
1313
1879
2018
1815
3261
2376
563
1633
2066
2375
2890
3072
4668
175
1808
4990
80
622
858
925
1102
1360
1427
1864
3033
329
615
825
1454
2061
3000
3394
818
1770
236
873
2130
3303
507
1176
2903
2946
1791
1897
4701
626
780
914
1515
2885
473
736
975
1128
1647
2134
2497
3762
4502
442
529
1260
1968
2105
2523
2643
3090
3376
4952
1846
2461
3668
3957
386
1783
2672
1019
2459
2460
280
512
879
1129
2017
2941
4002
4276
1419
4993
590
1396
2148
2182
1926
2156
2226
2608
2782
3993
4130
1745
2517
618
895
2821
3616
57
509
530
595
787
880
1042
1500
2023
2462
2979
3157
3375
3377
4386
4468
826
1050
1970
2353
3651
4565
1371
1886
2736
1179
1296
2640
3888
846
869
2528
2714
4795
1244
1366
1636
1668
2374
2396
3166
881
1516
1665
1960
2012
2221
2742
902
1820
2062
2072
2101
2384
661
793
1054
1869
2135
104
755
1131
1719
1853
1871
2064
2398
2594
3525
4265
4522
2755
2791
2901
3395
3956
425
707
1191
1511
2011
2088
2217
2804
3005
3360
4563
4566
1022
3356
4873
247
883
1075
1364
2085
2592
2805
3065
3603
3832
461
560
1819
1940
2464
3078
4314
4392
4806
4849
388
571
575
1310
1325
1676
1842
2187
3656
42
603
872
1450
1644
1757
1835
2225
2962
3332
4017
4138
4288
4536
756
1670
40
113
753
900
1178
1242
1258
1389
1667
1718
1910
1923
1972
2895
2957
3347
3535
3631
4534
4919
18
105
383
516
548
607
786
1011
1344
1801
1811
2030
2057
2759
2797
2908
3085
3340
3492
3632
3756
4496
767
867
1190
1241
2453
2910
3331
3557
3741
3977
4422
481
533
1132
1664
3021
3346
499
555
1040
1384
1639
1643
1789
1997
2410
2781
2920
2997
3587
3593
4275
4564
60
96
624
656
765
885
956
1363
1381
1724
1773
1785
1888
1967
1995
2005
2120
2150
2371
2948
3145
3351
3454
3843
3930
4015
4020
4443
4802
50
92
135
192
335
441
536
657
1519
2008
2113
2197
2625
2722
2944
2958
3028
3328
3442
3628
4019
4718
137
163
165
290
438
681
760
762
850
960
1058
1356
1433
2039
2109
2416
2706
2800
4067
4299
171
429
511
901
1061
1067
1194
1394
1755
1756
1764
2007
2078
2106
2417
2456
2472
2563
2564
2638
2639
2991
3345
3577
3807
3873
3936
4080
124
430
463
544
545
557
566
567
609
763
843
853
865
987
1037
1240
1382
1446
1517
1634
1694
1779
1787
1788
1790
1870
1881
1887
2004
2228
2496
2566
2697
2734
2767
2776
2777
2784
2894
2940
2975
2977
3122
3182
3245
3250
3336
3337
3363
3431
3596
3641
3683
3739
3853
4014
4229
4863
547
985
1397
1400
1720
1762
1866
2009
2019
2060
2065
2075
2111
2186
2399
2984
3236
3311
3343
3453
3495
3644
4445
4562
4568
4920
4930
53
77
93
99
125
127
129
130
131
132
144
154
156
3105
2888
2229
2230
4865
1205
4194
4430
4413
2028
2041
4864
2651
4654
3044
4412
2307
4942
2314
391
3711
830
2315
1931
1930
2322
2515
2303
2042
1090
2319
2336
2942
3096
1939
941
1932
446
1938
4946
2320
2681
2323
3045
831
2299
1929
2302
2321
2035
888
1935
5039
2921
216
2263
2324
4431
4945
1928
1328
2728
4508
4944
2317
2305
110
2200
2311
2316
3866
3449
3885
2337
2249
2255
2266
1734
4997
2262
3946
4941
2313
1740
3615
2939
2253
1421
4058
206
1947
2260
2269
4061
910
1088
2261
1256
691
2318
2214
2211
3701
4367
3025
4378
836
219
2252
1345
1727
2251
1080
861
5014
1007
2444
103
3940
584
2257
1316
1736
4432
2688
3972
2213
1169
3693
1934
904
2268
1404
2574
111
117
4226
2
1976
2434
4619
4684
1341
2310
2828
1949
2306
1302
3731
2970
4221
23
233
963
3787
3443
4514
2202
3186
3714
3405
2916
1944
2560
2291
1268
4817
1467
2286
3
4213
2475
4731
1506
4505
4195
2280
577
2502
2990
2829
2304
2987
1079
4603
2577
238
2403
5015
1206
2259
2288
3602
3733
3944
4637
4488
2043
1945
2937
3101
3831
1262
4369
3660
835
2334
2578
2864
3786
4636
2726
3487
2258
477
2297
2128
17
3428
605
1159
4818
2208
4732
4298
1981
20
3124
3114
4869
1948
3720
3979
4609
1279
3564
3565
3941
21
187
810
2938
3006
1164
1466
244
1078
2650
4040
4500
4868
2153
2215
1432
2435
2621
875
2551
2527
2630
2641
2826
3302
3202
3493
4876
262
2963
3161
3600
2571
231
1214
3011
3279
4461
274
1259
2367
2694
3159
3692
241
1514
2836
4866
3035
3292
3293
3698
252
860
1350
1461
3384
4584
5010
1950
4142
2662
2830
2326
2936
1217
2040
2773
3383
4724
4734
2250
2845
1212
1286
1452
2445
1119
1170
4744
4916
1416
1508
3790
1456
2265
2447
2558
2732
2843
3263
3548
3607
4274
2209
2981
3960
4998
228
253
2282
2794
3029
3121
3864
4542
4814
4999
814
1739
2618
2815
2840
2857
4168
4816
621
1107
1270
1758
1800
3931
4495
4670
670
679
804
1475
2465
2889
3652
4348
1321
3382
4504
504
1373
1383
2279
2657
3050
3370
3409
3486
3650
261
859
1000
1036
1372
1953
2498
2943
3912
4006
4200
4935
402
485
892
965
1951
1998
2661
2879
3367
3949
4327
4608
5007
5008
2146
666
937
1375
1974
1975
1990
2048
2827
3215
3441
3614
3658
4503
4936
5016
653
663
884
1117
1269
1367
1505
1925
2126
2149
2254
2309
2423
2533
2582
2865
3034
3171
3260
3280
3283
3549
4284
4478
4641
4881
4917
4924
72
287
715
822
897
1510
1904
2239
2349
2733
3117
3120
3479
3482
3985
4005
4239
4356
4457
4515
4576
4845
5028
543
764
952
1146
1216
1518
1666
1823
2000
2097
2132
2194
2201
2339
2824
3043
3047
3158
3851
4112
4778
518
935
936
1457
1459
1898
1956
2157
2287
3168
3270
3301
3353
4260
4308
4323
4540
4719
4988
4989
382
785
915
1109
1116
1122
1149
1160
1303
1377
1391
1705
1717
1721
1883
1946
1957
1994
2168
2206
2210
2272
2281
2412
2448
2467
2614
2813
2993
3024
3191
3206
3455
3484
3551
3664
3728
3986
4523
4634
4645
4647
4722
4862
450
1073
1187
1222
1229
1232
1248
1323
1361
1512
1753
1942
2207
2285
2290
2450
2581
3018
3480
3488
3620
3678
3971
4048
4125
4225
4255
4301
4322
4395
4398
4416
4621
4679
4844
4890
5024
43
387
475
940
1070
1388
1490
1498
1714
1902
1927
2032
2212
2347
2454
2508
2636
2724
2935
3002
3089
3107
3116
3156
3185
3197
3221
3366
3445
3481
3588
3709
3758
3793
3801
3884
4000
4185
4220
4489
4512
4782
4943
35
259
440
692
838
870
1002
1064
1145
1184
1188
1215
1227
1263
1351
1379
1674
1803
2006
2158
2256
2358
2599
2629
2649
2667
2696
2729
2761
2785
2834
2856
2866
3127
3256
3288
3403
3466
3507
3553
3611
3729
3785
3898
3973
3976
3997
4010
4027
4211
4302
4320
4346
4415
4733
4858
4911
162
203
220
260
389
506
562
588
589
601
604
669
713
775
896
976
983
999
1009
1026
1051
1071
1093
1136
1152
1167
1185
1226
1230
1231
1238
1271
1275
1386
1488
1521
1673
1678
1706
1725
1802
1804
1813
1899
1901
1915
2117
2155
2162
2176
2181
2189
2222
2233
2379
2387
2392
2409
2451
2539
2573
2586
2588
2600
2626
2655
2700
2745
2753
2790
2809
2819
2833
2838
2869
2887
2909
2949
2973
2999
3016
3019
3032
3063
3093
3118
3150
3164
3213
3218
3222
3231
3235
3237
3259
3265
3286
3296
3368
3381
3389
3399
3404
3413
3429
3446
3510
3623
3648
3659
3676
3742
3743
3804
3842
3883
3886
3943
3975
4049
4069
4134
4171
4252
4264
4268
4293
4338
4405
4454
4455
4465
4470
4481
4524
4537
4600
4604
4677
4708
4779
4867
4871
4927
4953
4973
5006
5029
5031
245
265
266
480
675
839
886
938
1111
1237
1247
1380
1392
1393
1399
1401
1412
1480
1924
1988
2312
2351
2400
2408
2470
2490
2549
2685
2823
2912
2929
3027
3113
3318
3430
3433
3499
3527
3531
3560
3578
3630
3715
3727
3752
3852
3924
3961
3998
4004
4045
4089
4307
4389
4420
4533
4659
4748
4749
4783
4910
19
48
58
84
85
97
106
116
118
119
120
122
123
126
173
200
226
227
232
235
255
257
263
264
268
271
277
282
283
294
295
296
297
298
299
301
302
304
305
306
307
308
309
311
315
316
317
318
319
320
321
322
323
326
327
328
337
338
339
340
342
343
344
345
346
347
349
350
351
354
355
357
358
359
360
361
362
367
368
369
371
372
373
374
375
380
384
385
396
398
399
400
407
415
418
420
422
423
424
431
436
437
443
444
445
451
457
460
467
471
478
479
482
484
488
490
493
494
495
496
497
500
501
502
505
508
513
514
515
517
527
528
531
532
534
541
550
553
554
558
559
561
565
568
569
570
572
573
574
576
591
592
593
594
597
598
599
606
608
612
613
616
619
623
625
631
632
633
646
648
649
650
651
654
655
659
660
662
664
665
677
678
680
682
683
687
693
694
695
696
697
698
700
701
702
704
705
706
710
712
718
757
758
759
766
768
769
770
771
772
773
777
779
781
782
783
784
788
789
790
791
792
794
795
798
800
801
803
805
806
807
808
809
811
813
815
816
817
827
828
840
841
847
864
890
894
899
903
908
911
912
913
918
919
921
923
924
928
955
957
959
961
962
966
968
969
970
971
972
973
974
977
978
979
980
981
984
989
995
996
997
998
1001
1024
1044
1047
1062
1066
1068
1069
1072
1074
1076
1077
1086
1095
1098
1099
1101
1104
1105
1106
1108
1114
1115
1126
1127
1133
1137
1138
1139
1140
1141
1142
1143
1153
1154
1155
1168
1171
1172
1173
1174
1182
1183
1189
1192
1193
1195
1196
1197
1198
1199
1200
1207
1208
1209
1211
1213
1218
1223
1224
1228
1234
1235
1236
1239
1243
1251
1253
1264
1265
1267
1272
1273
1274
1278
1280
1281
1282
1284
1285
1289
1290
1293
1294
1295
1297
1298
1299
1300
1309
1314
1315
1320
1336
1357
1358
1359
1369
1370
1374
1376
1378
1385
1387
1390
1395
1398
1402
1406
1407
1408
1409
1410
1411
1413
1414
1415
1417
1418
1420
1422
1424
1426
1428
1430
1431
1434
1435
1436
1438
1451
1453
1455
1458
1460
1462
1463
1464
1465
1468
1469
1470
1471
1472
1474
1478
1481
1482
1483
1484
1485
1486
1491
1492
1493
1494
1497
1499
1504
1507
1509
1520
1522
1523
1524
1525
1595
1605
1612
1613
1614
1652
1653
1659
1662
1663
1669
1675
1693
1699
1700
1701
1703
1707
1708
1709
1710
1711
1713
1716
1723
1726
1744
1747
1748
1749
1750
1752
1759
1760
1761
1765
1767
1768
1769
1771
1775
1776
1778
1780
1784
1792
1793
1794
1795
1796
1797
1798
1805
1806
1807
1809
1810
1812
1816
1817
1818
1821
1822
1824
1826
1831
1843
1873
1877
1882
1884
1885
1889
1890
1891
1892
1893
1894
1895
1896
1900
1903
1906
1907
1908
1909
1911
1912
1913
1914
1916
1917
1918
1919
1920
1921
1922
1943
1954
1958
1961
1962
1963
1965
1966
1971
1973
1978
1980
1982
1983
1984
1986
1987
1991
1992
1999
2001
2002
2003
2010
2015
2016
2020
2021
2022
2024
2026
2029
2031
2044
2045
2046
2052
2053
2055
2056
2058
2059
2063
2067
2069
2070
2073
2079
2081
2087
2089
2090
2093
2094
2096
2098
2100
2104
2107
2108
2110
2115
2116
2119
2122
2129
2131
2133
2143
2144
2154
2159
2160
2161
2163
2164
2165
2166
2167
2171
2172
2173
2174
2175
2177
2178
2180
2183
2184
2191
2192
2195
2204
2216
2218
2219
2220
2223
2224
2227
2232
2234
2235
2236
2237
2238
2240
2244
2245
2246
2284
2289
2292
2293
2294
2295
2296
2298
2300
2301
2308
2327
2328
2329
2331
2332
2338
2341
2342
2343
2344
2345
2352
2354
2355
2356
2357
2359
2360
2361
2362
2363
2364
2365
2366
2369
2370
2372
2373
2377
2378
2380
2381
2382
2383
2385
2386
2388
2389
2390
2391
2394
2395
2397
2401
2402
2404
2405
2407
2413
2415
2420
2421
2424
2425
2426
2427
2431
2432
2437
2439
2440
2449
2452
2455
2457
2463
2466
2468
2471
2473
2474
2476
2477
2478
2479
2480
2481
2482
2485
2486
2487
2488
2489
2492
2493
2494
2495
2500
2501
2503
2504
2505
2506
2510
2511
2513
2514
2516
2520
2521
2522
2525
2526
2535
2536
2540
2541
2542
2543
2544
2545
2547
2548
2552
2553
2554
2555
2556
2565
2567
2568
2576
2583
2585
2587
2589
2591
2598
2603
2604
2605
2606
2607
2610
2611
2612
2613
2616
2617
2619
2620
2622
2623
2624
2627
2628
2632
2633
2634
2637
2642
2644
2645
2646
2647
2648
2652
2653
2654
2656
2658
2659
2660
2665
2666
2670
2671
2674
2675
2676
2677
2678
2679
2680
2682
2683
2684
2686
2691
2695
2698
2699
2701
2702
2703
2704
2705
2708
2709
2710
2711
2712
2715
2716
2717
2718
2719
2720
2727
2731
2735
2737
2738
2739
2741
2743
2746
2747
2749
2750
2751
2752
2754
2756
2757
2760
2765
2771
2772
2775
2778
2779
2780
2783
2786
2788
2789
2793
2796
2798
2799
2802
2803
2806
2807
2808
2810
2811
2812
2816
2817
2820
2825
2831
2832
2835
2837
2841
2842
2844
2846
2847
2848
2849
2850
2851
2852
2853
2854
2855
2858
2859
2860
2861
2862
2863
2868
2870
2871
2872
2873
2874
2875
2876
2877
2878
2880
2881
2882
2883
2896
2897
2902
2904
2905
2906
2907
2911
2914
2917
2918
2919
2922
2923
2924
2925
2926
2930
2931
2932
2933
2934
2945
2947
2950
2951
2952
2953
2954
2955
2959
2960
2961
2964
2965
2966
2967
2968
2969
2971
2972
2974
2976
2978
2980
2982
2983
2985
2988
2989
2992
2994
2995
2996
2998
3001
3004
3008
3009
3010
3012
3013
3014
3015
3017
3020
3022
3030
3031
3036
3037
3038
3039
3040
3041
3042
3046
3048
3049
3051
3052
3053
3055
3056
3059
3060
3061
3062
3064
3066
3067
3068
3069
3070
3071
3074
3075
3076
3077
3079
3080
3082
3084
3086
3087
3088
3091
3092
3098
3099
3100
3102
3103
3104
3106
3108
3109
3110
3111
3112
3115
3123
3125
3128
3129
3130
3131
3132
3134
3135
3136
3137
3138
3139
3140
3141
3142
3143
3144
3146
3147
3148
3149
3151
3152
3155
3165
3167
3169
3170
3172
3173
3176
3177
3178
3179
3180
3183
3184
3188
3189
3190
3192
3193
3194
3196
3198
3199
3200
3201
3203
3204
3205
3207
3208
3209
3210
3211
3212
3216
3217
3219
3223
3224
3225
3226
3227
3229
3230
3233
3234
3238
3239
3241
3243
3244
3246
3247
3248
3249
3251
3252
3253
3254
3255
3257
3258
3262
3267
3268
3269
3271
3272
3273
3274
3275
3276
3277
3278
3281
3282
3285
3287
3289
3290
3291
3294
3295
3297
3298
3304
3305
3306
3308
3309
3310
3312
3313
3315
3316
3317
3319
3320
3321
3322
3323
3324
3325
3326
3327
3330
3333
3334
3335
3338
3339
3341
3342
3344
3348
3349
3352
3354
3355
3357
3358
3359
3361
3362
3364
3365
3369
3371
3372
3373
3378
3386
3387
3388
3390
3391
3393
3396
3398
3400
3401
3402
3406
3407
3408
3410
3411
3412
3414
3415
3416
3417
3418
3419
3420
3421
3422
3423
3424
3425
3426
3432
3434
3435
3436
3437
3439
3444
3447
3448
3450
3451
3456
3457
3458
3459
3460
3461
3462
3463
3464
3465
3467
3468
3470
3471
3472
3473
3474
3475
3478
3483
3490
3491
3494
3496
3498
3500
3501
3502
3503
3504
3505
3506
3509
3511
3512
3513
3514
3515
3516
3517
3518
3519
3522
3523
3524
3528
3529
3530
3532
3533
3534
3536
3537
3539
3540
3541
3543
3544
3545
3550
3552
3554
3555
3556
3558
3559
3561
3562
3563
3566
3567
3568
3569
3570
3574
3575
3576
3579
3580
3582
3583
3584
3585
3586
3589
3590
3591
3592
3594
3595
3597
3598
3601
3604
3608
3609
3610
3612
3613
3618
3619
3624
3625
3626
3627
3629
3633
3634
3635
3636
3637
3638
3639
3640
3642
3643
3645
3646
3647
3649
3653
3654
3655
3657
3661
3662
3663
3665
3666
3667
3669
3671
3672
3674
3679
3680
3681
3682
3684
3685
3686
3687
3688
3689
3690
3691
3694
3695
3696
3697
3699
3700
3702
3703
3704
3705
3706
3707
3708
3710
3712
3713
3716
3718
3719
3721
3722
3723
3724
3725
3726
3730
3732
3735
3736
3737
3738
3740
3744
3747
3748
3749
3750
3751
3753
3754
3755
3757
3759
3760
3761
3763
3764
3765
3766
3767
3768
3769
3770
3771
3772
3773
3774
3775
3776
3777
3778
3779
3780
3781
3782
3784
3789
3794
3796
3797
3798
3799
3800
3802
3803
3805
3806
3808
3809
3810
3811
3812
3813
3814
3815
3816
3817
3818
3819
3820
3821
3822
3823
3824
3825
3826
3827
3828
3829
3833
3834
3835
3836
3837
3838
3839
3840
3841
3844
3845
3846
3847
3848
3849
3850
3854
3855
3856
3857
3858
3859
3860
3861
3863
3867
3868
3869
3874
3875
3877
3878
3879
3880
3881
3887
3889
3890
3891
3892
3893
3894
3895
3896
3897
3899
3900
3901
3902
3903
3904
3905
3906
3907
3908
3909
3910
3911
3914
3915
3916
3917
3918
3919
3920
3921
3922
3923
3925
3926
3927
3928
3929
3932
3933
3934
3935
3937
3938
3939
3942
3945
3947
3948
3950
3951
3952
3953
3954
3955
3958
3962
3963
3965
3966
3967
3968
3969
3970
3974
3980
3981
3982
3987
3988
3989
3990
3991
3992
3994
3996
3999
4001
4003
4008
4009
4011
4012
4021
4022
4023
4024
4026
4028
4029
4030
4031
4032
4033
4034
4035
4036
4037
4038
4039
4041
4043
4044
4046
4047
4050
4052
4053
4054
4055
4056
4057
4059
4060
4062
4063
4064
4065
4066
4068
4070
4071
4072
4073
4074
4075
4076
4077
4078
4079
4081
4082
4083
4084
4085
4086
4087
4088
4090
4091
4092
4094
4095
4096
4097
4098
4099
4101
4102
4103
4104
4105
4106
4107
4108
4109
4110
4113
4114
4115
4116
4119
4121
4126
4127
4128
4131
4132
4133
4135
4136
4137
4139
4140
4141
4143
4144
4145
4146
4147
4148
4150
4151
4152
4153
4155
4157
4158
4159
4160
4161
4163
4164
4165
4166
4167
4169
4170
4172
4173
4174
4175
4176
4177
4179
4180
4181
4182
4183
4184
4186
4187
4188
4189
4190
4191
4192
4193
4197
4198
4199
4201
4202
4203
4204
4205
4206
4207
4208
4209
4210
4212
4214
4215
4216
4217
4218
4219
4222
4223
4224
4227
4228
4230
4231
4232
4233
4234
4235
4236
4237
4238
4240
4241
4242
4243
4244
4245
4246
4248
4249
4250
4251
4253
4254
4256
4257
4258
4259
4261
4262
4263
4267
4269
4270
4271
4272
4273
4277
4278
4279
4280
4281
4282
4283
4285
4286
4287
4289
4290
4291
4292
4294
4295
4296
4300
4304
4305
4306
4309
4310
4311
4312
4313
4315
4316
4318
4319
4321
4324
4325
4326
4328
4329
4330
4331
4332
4333
4334
4335
4336
4337
4339
4340
4341
4342
4343
4344
4345
4347
4349
4350
4351
4352
4353
4354
4355
4357
4358
4359
4360
4361
4362
4363
4364
4365
4366
4368
4370
4371
4372
4373
4374
4375
4376
4377
4379
4380
4383
4384
4385
4387
4388
4391
4394
4396
4397
4399
4400
4401
4402
4403
4404
4406
4407
4408
4409
4410
4411
4414
4417
4418
4421
4423
4424
4434
4435
4436
4437
4438
4439
4440
4441
4442
4446
4447
4448
4449
4450
4451
4452
4456
4458
4459
4460
4462
4464
4466
4467
4469
4471
4472
4473
4474
4475
4476
4477
4479
4480
4483
4484
4490
4491
4492
4493
4494
4497
4498
4506
4509
4510
4511
4513
4516
4517
4518
4519
4521
4525
4526
4527
4528
4529
4530
4531
4535
4538
4539
4541
4543
4545
4546
4547
4548
4549
4550
4554
4555
4556
4557
4558
4559
4560
4561
4567
4569
4570
4571
4572
4573
4574
4575
4577
4578
4579
4581
4582
4583
4585
4586
4587
4588
4589
4590
4591
4592
4593
4594
4595
4596
4597
4598
4599
4601
4602
4606
4607
4611
4612
4613
4614
4615
4616
4617
4618
4620
4622
4623
4624
4625
4626
4627
4629
4630
4631
4632
4633
4638
4639
4640
4642
4643
4644
4646
4648
4649
4650
4651
4652
4653
4655
4656
4657
4658
4660
4661
4663
4664
4666
4667
4669
4671
4672
4673
4674
4675
4678
4680
4681
4682
4683
4685
4686
4687
4688
4689
4690
4692
4693
4694
4695
4697
4698
4699
4700
4702
4703
4704
4705
4706
4707
4709
4710
4711
4712
4713
4714
4715
4716
4717
4720
4721
4723
4725
4726
4727
4729
4735
4736
4737
4738
4739
4740
4742
4743
4745
4746
4747
4750
4751
4752
4753
4754
4755
4756
4757
4758
4759
4760
4761
4762
4763
4764
4765
4766
4767
4768
4769
4770
4771
4772
4773
4774
4775
4776
4777
4780
4781
4784
4785
4786
4787
4788
4789
4790
4791
4792
4793
4794
4796
4797
4798
4799
4800
4801
4803
4804
4805
4807
4808
4810
4811
4812
4813
4815
4819
4820
4821
4822
4823
4824
4825
4826
4827
4828
4829
4830
4831
4832
4833
4834
4835
4836
4837
4838
4839
4840
4841
4842
4846
4847
4848
4851
4852
4853
4854
4855
4856
4857
4859
4861
4870
4872
4874
4875
4877
4878
4879
4880
4882
4883
4884
4885
4886
4888
4889
4891
4892
4894
4895
4896
4897
4899
4901
4902
4903
4904
4905
4906
4907
4908
4909
4913
4914
4915
4918
4921
4922
4923
4925
4926
4928
4929
4931
4932
4934
4937
4938
4939
4940
4947
4948
4949
4950
4951
4954
4955
4956
4957
4958
4959
4960
4961
4962
4963
4964
4965
4966
4967
4969
4970
4971
4972
4974
4975
4976
4978
4979
4980
4981
4982
4983
4984
4985
4987
4991
4992
4995
4996
5000
5001
5002
5004
5005
5011
5013
5017
5018
5019
5020
5021
5022
5023
5025
5026
5027
5032
5033
5034
5037
5038
