113
3018
845
1558
809
1756
1565
1742
1531
1491
290
1754
1547
1453
1188
1779
1166
1767
1698
1720
1719
2577
1780
1728
1747
1974
587
1550
1707
271
1789
1762
1749
520
940
3741
1207
2420
1564
1972
1507
2293
1766
1486
1750
3726
1552
1537
583
1755
1788
1740
1544
1723
837
1424
1731
835
800
1548
1165
1757
1763
1433
1945
828
1784
1451
1471
1532
1845
1563
380
90
272
3032
1535
1586
589
1455
4824
1562
1694
786
1186
1444
604
1495
1696
1758
3739
1428
1724
1480
1427
3313
843
1708
1787
1454
3021
1567
1733
3033
1778
4559
1769
2150
1549
1445
1494
249
1739
1193
1713
519
1481
374
2042
3728
1472
1449
1477
1697
486
1489
1461
392
3557
830
1199
1555
3108
1553
1741
4336
1606
1508
1475
599
1783
4026
1462
109
1561
1771
931
581
1546
523
602
1446
1443
1773
273
1441
603
1704
426
1785
1469
1425
317
597
1502
1751
784
110
810
2769
1725
1423
4368
1078
1777
719
941
4487
934
594
1085
98
534
3349
303
376
1434
1888
590
787
373
460
1559
302
746
1578
1700
1432
381
1457
1492
2419
1442
3019
1164
1439
1456
1533
104
1844
1566
592
30
1179
181
1764
938
2173
1167
1191
1503
550
1136
750
1476
600
1054
2718
232
1786
1163
1924
2779
595
17
1781
1568
1702
1086
1842
183
1487
648
4271
420
1190
930
4374
2147
429
1411
1512
2024
1020
1168
1435
968
1730
1203
1470
1474
1576
465
292
2132
1448
3088
838
36
1838
4338
286
1497
844
287
716
4337
1752
1716
4413
4722
29
1693
1509
1880
4697
2200
588
1484
222
937
605
178
1180
1938
372
1530
1473
1737
6
1194
725
1452
8
3559
3253
1500
4290
4308
972
1775
2106
805
4871
2736
1846
2130
4926
1511
1540
521
0
1614
1774
424
643
1748
1028
1192
1745
1050
3802
468
698
2137
193
721
596
7
4089
829
1105
569
1479
248
1029
1695
2086
1283
789
1202
318
1184
4228
2759
1485
330
1768
1841
3069
1536
1936
1848
1200
4690
391
582
2395
1459
3731
136
544
384
191
2355
371
1346
952
1421
1772
3344
54
537
2133
3725
3256
1195
301
1198
722
463
1932
2141
942
2682
190
1988
2138
1744
1940
727
953
1450
1025
2935
362
1765
3483
1185
813
591
3296
182
4648
2723
1623
13
988
2421
510
2276
1426
309
201
1170
33
1087
681
2153
471
647
1611
2
1543
2504
2405
2166
1601
1602
343
1857
3740
1420
2142
467
442
4564
1743
2353
2296
836
1049
3070
1095
4325
1490
382
708
461
1083
1024
645
1617
3959
166
1201
1437
598
3461
2131
1612
2344
1510
1187
752
12
3293
1023
1429
893
2767
2857
797
1169
3862
3017
1298
40
2196
1625
606
4108
4
791
932
1026
1701
2757
1604
1603
2833
4000
4927
2117
19
68
11
717
2611
3263
3868
720
1235
3078
2510
4300
37
459
1285
291
2112
3863
1226
1173
724
801
783
464
1373
1609
127
624
1488
2021
2210
378
2197
1917
607
462
354
964
379
3084
3639
4399
4913
2366
2202
1498
1482
126
3780
652
4177
903
124
4817
3850
185
897
533
2499
153
1916
2399
2652
1081
3541
404
2758
423
77
2383
1082
1030
4795
1405
320
375
978
887
4923
112
1591
943
3852
710
325
1209
1557
1022
2686
21
2143
3390
2201
4836
3955
3002
395
522
1782
410
1734
549
4162
342
1345
107
4587
2828
959
886
685
4925
284
167
1371
2856
14
417
1926
1080
34
321
416
518
1430
4928
3743
2760
1381
2408
785
1394
422
16
556
790
4016
142
948
72
15
1954
3336
508
1343
2886
4165
862
718
1753
1356
53
1240
285
1342
221
2198
1304
684
1358
974
709
3686
2019
804
552
869
137
3103
2731
219
4156
73
646
3121
559
2517
888
2114
749
195
101
1669
2945
1582
1189
138
3508
3937
586
1581
146
3378
1301
2229
2180
779
4406
59
3589
3975
767
3322
1692
2774
3540
152
3485
4004
4749
4433
859
754
715
63
3251
1217
574
632
3174
885
2817
3288
1594
1256
1370
377
141
3848
1493
2345
728
2948
175
315
511
495
2571
2199
548
506
1712
213
3511
397
144
2542
337
3790
884
823
822
1732
516
2525
1274
27
2446
3389
327
1276
821
778
2037
323
4461
524
812
3252
1653
134
792
96
4815
439
1642
879
2028
71
2317
1305
1989
364
1458
1898
850
967
1539
2784
570
3984
1197
1145
3051
211
3888
1225
1032
2616
1867
896
2177
3097
2036
1714
160
1031
915
4507
946
2039
3282
2636
514
892
1399
965
3003
105
197
425
1915
745
312
314
2661
1396
3240
985
3880
50
1941
3379
2745
950
408
1885
3094
1027
731
1402
2447
2297
513
1935
1144
2023
428
2642
1397
651
1483
3262
2193
2629
4941
25
1042
1308
4408
2384
1823
1119
2618
2787
899
9
2351
198
2450
95
1147
4599
2597
2721
4415
1055
1065
2953
4038
2008
35
954
170
346
2346
67
2889
3801
2617
4371
1365
500
815
3007
811
4289
2609
4107
4432
129
1384
4655
1113
1627
2240
1006
1933
949
1703
1887
982
4821
412
4361
905
1796
322
2712
3882
2445
2470
334
956
1008
1089
353
1505
2330
1137
1403
1864
1929
2352
3555
85
4207
2654
435
2050
22
2259
340
4174
3460
642
1348
3858
275
2901
200
1501
3813
3031
4395
3081
4769
773
2018
736
3290
1294
543
2780
4287
794
2192
294
1077
102
1395
480
1944
1735
4149
186
891
1066
2284
38
396
1131
351
2244
631
1009
3705
333
1019
1760
555
911
1206
781
196
349
1057
1300
3879
1538
18
3448
1620
1699
55
980
2834
214
1253
793
2253
2479
1
3106
1677
4247
2217
3851
1224
1284
2469
1138
734
1091
2014
3456
2555
45
1255
894
2178
32
611
756
1311
1919
220
714
2320
1717
526
692
762
393
612
1951
2724
3610
3719
1738
2017
122
2641
944
515
2800
824
10
143
512
846
1596
3429
635
1390
3170
108
121
981
4481
1918
2459
2520
1379
310
1295
3260
4464
313
989
546
5
1727
763
775
1790
2906
111
2094
3704
3292
3479
925
1072
3062
535
2607
1830
174
1374
1139
983
706
986
1099
2083
3041
585
774
682
2748
2823
1521
2389
3800
3881
1706
2043
498
2781
2985
3885
913
1104
147
751
961
4292
1722
729
64
1334
1736
883
4737
1761
2699
2980
4161
4206
419
1389
3875
66
644
3199
2782
2426
2626
2030
4921
43
345
628
1376
2416
2973
3233
1478
2287
626
366
976
4352
753
1590
1662
1721
1879
2465
3173
2254
1174
2414
3911
3912
205
641
808
1159
816
2762
4030
1818
1363
1545
2526
4186
1506
1560
2530
4785
1277
1665
2148
2610
2981
910
433
1383
3781
172
3513
3588
3327
2015
2453
56
99
902
1053
1393
3194
1382
1715
2208
759
1162
4687
155
1634
2316
2505
4098
4405
608
145
610
627
1647
3489
76
3268
4017
1221
23
770
1093
2099
2315
3244
4382
2075
1595
2029
3120
3614
2016
42
405
1107
1172
1979
1998
2471
3205
871
1705
2534
609
777
977
1215
2424
2746
3637
4299
3217
3518
365
1815
1891
52
1386
1832
971
2362
2687
613
834
2000
2214
3861
760
2268
4633
1152
2500
979
2902
189
898
1130
3283
1331
3499
4020
755
996
1447
1466
1672
1855
1968
2556
184
491
636
711
1178
1710
2048
3025
4088
470
1142
1528
1894
3008
3548
3812
446
895
1977
2737
3437
3630
329
625
2578
2797
4818
69
765
827
914
1103
1372
2323
3089
3653
4418
139
218
479
3294
3473
3860
3834
1330
1404
1961
350
732
1746
2025
2027
46
771
2282
156
492
673
1222
1239
3992
564
1422
2527
3636
4743
769
2080
2750
352
640
853
1516
1554
1776
2608
3093
3764
947
1237
1499
1654
1681
1965
2477
3685
3721
3742
4675
532
1160
163
1171
1258
1971
2631
406
501
782
1044
1883
1978
2318
2603
3117
3928
951
1467
1579
1906
2040
2053
2224
2462
2807
157
490
849
901
1684
3695
151
814
1275
1361
1401
2011
2046
2444
2612
3892
1158
1299
1360
1661
1817
1908
4369
4589
4951
733
1148
2010
2956
3286
4291
128
666
1046
1088
2602
3580
75
450
851
1140
1928
2840
3889
485
617
1035
1232
1638
2273
2554
2733
120
130
672
735
923
1117
1196
1297
1375
1406
1496
1597
1939
2035
2108
2708
2960
3477
3712
4122
4123
4674
61
149
447
449
855
1070
1656
1791
2007
2476
3155
3225
3654
31
579
866
1067
1121
1385
1527
1541
1718
1966
2034
2258
2441
2735
3009
3182
168
776
1626
3727
3891
669
969
1079
1369
1651
1824
1990
3152
4237
44
796
912
1102
1387
1962
2212
2496
2898
3046
3651
368
1127
1153
1327
1542
1593
2361
2776
2952
3503
4032
4353
4387
633
857
881
1058
1350
1357
1641
2358
2553
2594
2615
2622
2786
3649
4552
62
296
916
1534
1643
1801
2047
2328
4005
4037
4400
344
407
665
1037
1513
1630
1711
2001
3188
3337
3386
3757
103
150
335
493
577
649
867
1110
1132
1519
1571
1599
1729
1902
1909
1934
2004
2045
2390
2435
2503
3138
3285
3581
3729
86
326
1045
1388
1709
1759
1834
2272
2314
2552
2701
2783
2894
2955
3082
3967
4734
4918
20
82
305
740
1120
1246
1398
1524
1525
1837
1973
2443
2635
2927
3172
4497
339
369
621
766
909
991
1409
1589
1640
1650
2064
2624
2648
2679
2864
3628
3990
4669
4816
496
772
795
945
1223
1408
1504
1646
1770
1994
2005
2274
2368
2589
2630
2698
3141
3299
4034
4091
4912
26
370
1247
1302
1518
1529
1655
1726
1899
2364
2474
2528
2947
3333
3623
3808
3829
3853
3883
4473
4716
39
79
100
856
1043
1090
1106
1291
1359
1364
1522
1893
1970
2052
2081
2211
2283
2310
2425
2432
2660
3077
3762
3919
3939
4024
4163
4688
4778
123
132
452
629
704
764
768
889
995
1112
1154
1367
1380
1391
1517
1520
1583
1820
1905
1907
1910
1991
1992
2002
2006
2055
2169
2397
2398
2404
2685
2690
2874
2888
3006
3524
3648
3794
3797
3827
4301
4332
49
51
93
118
328
503
573
696
933
970
1108
1111
1218
1229
1230
1244
1290
1377
1400
1440
1631
1632
1637
1644
1659
1882
1920
1921
1960
1963
1967
1975
1980
1982
1985
2076
2313
2319
2325
2429
2430
2434
2537
2598
2634
2702
2715
2726
2753
2799
2810
2811
2882
2929
3012
3122
3176
3203
3215
3226
3234
3249
3494
3720
3972
4033
4072
4229
4488
4491
4575
4833
4932
738
858
1097
1261
1588
1904
1969
1984
1993
2013
2252
2326
2567
2647
2716
2871
3126
3357
3495
3869
3904
4187
4305
4348
4489
4490
4514
4516
4535
4608
4796
28
48
58
70
74
91
92
94
140
148
223
224
225
226
227
228
229
230
231
233
2997
4294
4714
4760
2513
2184
4713
2145
383
1624
3941
2396
1286
2175
1622
1849
3759
2744
2146
601
4085
2140
2183
2581
2152
1847
2107
2512
2093
4794
2134
4729
2237
4339
3899
3758
1858
2151
4411
2186
4439
2121
1856
2139
3340
1854
1839
939
3558
4869
421
3020
4707
4708
1608
57
2182
1925
4866
1843
4002
2667
390
4262
3618
2136
2181
2135
1840
2170
2058
929
2090
1610
1181
3391
3733
4847
2165
3132
4830
2119
656
1021
1607
2113
4448
2168
4826
3556
4867
1051
788
1282
3339
2149
3760
1335
3248
2144
1615
4041
1953
300
3940
2669
3291
3447
3768
394
558
3348
1942
1600
1580
2032
1860
1957
4195
3706
3754
3576
2096
2619
1943
3061
4952
2127
2120
3542
1092
2722
3641
3642
1859
2057
4131
3970
551
653
1320
3806
4860
4868
700
3171
4241
2548
536
987
2472
654
1613
2088
4397
4378
3
179
194
2455
2501
3583
4788
3060
2118
173
529
676
1952
2887
3343
3620
2179
24
904
660
3600
4320
4412
1293
3549
2161
3072
3601
2533
3457
2777
4360
319
1861
4040
2176
3458
358
1052
2959
3059
4545
1134
180
2367
2457
3819
4272
1010
2162
4238
2128
41
1033
2580
65
842
1183
2122
4802
431
1047
2154
3105
3571
2831
3341
1871
2129
2360
3467
3470
4422
4937
707
4553
4649
2411
3125
3246
3536
202
466
541
780
2778
3156
47
1671
2155
2270
2907
2926
3325
4595
4772
4898
2916
2307
2454
2516
3466
4208
4404
4938
658
1584
4347
4783
4829
4875
539
2308
2377
3537
4825
2885
3769
4363
2343
3192
2674
2900
2967
3100
3311
2124
3756
204
2448
2979
3816
4216
4245
4596
441
2051
2230
2884
2892
2917
4440
497
840
1303
1314
2290
2508
2596
2925
2934
542
634
1116
1124
1850
2632
3509
4209
4742
4827
557
723
2091
2770
316
1616
2089
3459
4124
4428
4725
4733
4748
4831
125
505
1868
2102
4500
1813
2116
2606
4759
192
432
553
1114
2115
2264
3582
4451
203
2087
2550
2804
3124
4295
4449
4526
4546
4793
841
1205
1668
2092
2666
2672
2995
2996
4099
4264
4593
4862
4948
445
1068
1071
1259
1281
2062
2522
3245
3351
4021
4561
489
619
1056
1061
1151
1344
2163
2294
2452
2519
3022
3507
3818
4434
4435
4436
4563
4640
4843
448
458
494
560
712
726
848
890
1048
1126
1257
2125
2164
2171
2324
2583
2739
2768
3063
3380
3387
3404
3708
4302
4386
4597
4728
531
680
928
1278
1666
1667
2100
2394
2536
2968
3130
3531
3683
3815
3845
4080
4110
4324
4897
973
1125
1175
1177
1351
2187
2305
2710
3302
3440
3647
3825
4081
4142
4192
4437
361
687
1877
2033
2356
2563
2584
2623
2707
2756
2836
3044
3054
3129
3137
3338
3367
3431
3443
3918
4079
4197
78
187
212
336
639
686
761
819
854
865
877
957
984
1310
1332
1352
1353
2225
2376
2451
2720
2883
3080
3261
3376
3493
3522
3744
3765
3793
3855
3907
4114
4280
4456
4872
4936
437
657
817
832
864
878
921
1243
1673
1897
2159
2174
2219
2299
2327
2413
2475
2495
2511
2514
2529
2614
2709
2819
3016
3168
3250
3314
3406
3451
3763
3971
4132
4330
164
299
331
540
563
748
833
1060
1306
1333
1827
2256
2535
2585
2592
2637
2822
2867
3029
3092
3128
3169
3424
3796
4029
4066
4119
4135
4307
4666
4858
4915
80
131
133
341
507
699
713
906
1118
1254
1329
1347
1585
1605
1675
1799
1802
1804
1814
1831
1836
1852
1948
2068
2070
2074
2123
2126
2195
2407
2440
2518
2538
2564
2633
2643
2664
2668
2671
2717
2755
2829
2838
2854
2866
2872
2880
2921
2931
2951
2957
2972
2989
3050
3053
3091
3175
3265
3335
3384
3432
3444
3449
3464
3512
3544
3604
3629
3650
3747
3791
3817
3837
3867
4001
4067
4069
4084
4106
4201
4211
4370
4373
4558
4582
4588
4600
4775
4842
4855
4874
60
83
97
158
165
324
454
472
473
568
575
584
659
806
826
872
908
918
935
963
1241
1242
1251
1263
1312
1526
1577
1598
1663
1685
1805
1889
1890
1914
2038
2060
2069
2097
2101
2158
2194
2209
2213
2231
2257
2260
2261
2263
2278
2279
2285
2302
2348
2375
2449
2491
2566
2590
2593
2600
2646
2673
2675
2763
2771
2788
2792
2793
2852
2897
2970
2971
3043
3065
3104
3206
3247
3264
3275
3280
3363
3365
3407
3455
3500
3501
3502
3515
3519
3521
3539
3543
3567
3615
3638
3691
3702
3703
3707
3724
3755
3766
3770
3833
3835
3839
3864
3871
3890
3916
3988
4048
4049
4053
4134
4143
4166
4167
4168
4183
4275
4326
4329
4351
4401
4407
4469
4543
4598
4601
4652
4701
4740
4741
4752
4801
4820
4828
4865
4902
4903
4910
4949
119
208
209
210
571
655
661
694
820
868
1002
1040
1063
1129
1146
1219
1233
1248
1249
1271
1321
1464
1629
1816
1819
1865
1886
1892
1900
1986
1987
2020
2031
2044
2049
2071
2218
2288
2295
2300
2378
2433
2487
2587
2689
2714
2766
2785
2808
2815
2893
2918
3015
3047
3071
3090
3098
3111
3113
3160
3197
3201
3297
3328
3345
3346
3520
3575
3608
3673
3692
3709
3748
3814
3840
3887
3921
3926
4043
4164
4178
4253
4303
4391
4574
4662
4678
4702
4786
4799
4922
4929
81
84
87
88
89
106
114
115
116
117
135
154
159
161
162
169
171
176
177
188
199
206
207
215
216
217
234
235
236
237
238
239
240
241
242
243
244
245
246
247
250
251
252
253
254
255
256
257
258
259
260
261
262
263
264
265
266
267
268
269
270
274
276
277
278
279
280
281
282
283
288
289
293
295
297
298
304
306
307
308
311
332
338
347
348
355
356
357
359
360
363
367
385
386
387
388
389
398
399
400
401
402
403
409
411
413
414
415
418
427
430
434
436
438
440
443
444
451
453
455
456
457
469
474
475
476
477
478
481
482
483
484
487
488
499
502
504
509
517
525
527
528
530
538
545
547
554
561
562
565
566
567
572
576
578
580
593
614
615
616
618
620
622
623
630
637
638
650
662
663
664
667
668
670
671
674
675
677
678
679
683
688
689
690
691
693
695
697
701
702
703
705
730
737
739
741
742
743
744
747
757
758
798
799
802
803
807
818
825
831
839
847
852
860
861
863
870
873
874
875
876
880
882
900
907
917
919
920
922
924
926
927
936
955
958
960
962
966
975
990
992
993
994
997
998
999
1000
1001
1003
1004
1005
1007
1011
1012
1013
1014
1015
1016
1017
1018
1034
1036
1038
1039
1041
1059
1062
1064
1069
1073
1074
1075
1076
1084
1094
1096
1098
1100
1101
1109
1115
1122
1123
1128
1133
1135
1141
1143
1149
1150
1155
1156
1157
1161
1176
1182
1204
1208
1210
1211
1212
1213
1214
1216
1220
1227
1228
1231
1234
1236
1238
1245
1250
1252
1260
1262
1264
1265
1266
1267
1268
1269
1270
1272
1273
1279
1280
1287
1288
1289
1292
1296
1307
1309
1313
1315
1316
1317
1318
1319
1322
1323
1324
1325
1326
1328
1336
1337
1338
1339
1340
1341
1349
1354
1355
1362
1366
1368
1378
1392
1407
1410
1412
1413
1414
1415
1416
1417
1418
1419
1431
1436
1438
1460
1463
1465
1468
1514
1515
1523
1551
1556
1569
1570
1572
1573
1574
1575
1587
1592
1618
1619
1621
1628
1633
1635
1636
1639
1645
1648
1649
1652
1657
1658
1660
1664
1670
1674
1676
1678
1679
1680
1682
1683
1686
1687
1688
1689
1690
1691
1792
1793
1794
1795
1797
1798
1800
1803
1806
1807
1808
1809
1810
1811
1812
1821
1822
1825
1826
1828
1829
1833
1835
1851
1853
1862
1863
1866
1869
1870
1872
1873
1874
1875
1876
1878
1881
1884
1895
1896
1901
1903
1911
1912
1913
1922
1923
1927
1930
1931
1937
1946
1947
1949
1950
1955
1956
1958
1959
1964
1976
1981
1983
1995
1996
1997
1999
2003
2009
2012
2022
2026
2041
2054
2056
2059
2061
2063
2065
2066
2067
2072
2073
2077
2078
2079
2082
2084
2085
2095
2098
2103
2104
2105
2109
2110
2111
2156
2157
2160
2167
2172
2185
2188
2189
2190
2191
2203
2204
2205
2206
2207
2215
2216
2220
2221
2222
2223
2226
2227
2228
2232
2233
2234
2235
2236
2238
2239
2241
2242
2243
2245
2246
2247
2248
2249
2250
2251
2255
2262
2265
2266
2267
2269
2271
2275
2277
2280
2281
2286
2289
2291
2292
2298
2301
2303
2304
2306
2309
2311
2312
2321
2322
2329
2331
2332
2333
2334
2335
2336
2337
2338
2339
2340
2341
2342
2347
2349
2350
2354
2357
2359
2363
2365
2369
2370
2371
2372
2373
2374
2379
2380
2381
2382
2385
2386
2387
2388
2391
2392
2393
2400
2401
2402
2403
2406
2409
2410
2412
2415
2417
2418
2422
2423
2427
2428
2431
2436
2437
2438
2439
2442
2456
2458
2460
2461
2463
2464
2466
2467
2468
2473
2478
2480
2481
2482
2483
2484
2485
2486
2488
2489
2490
2492
2493
2494
2497
2498
2502
2506
2507
2509
2515
2521
2523
2524
2531
2532
2539
2540
2541
2543
2544
2545
2546
2547
2549
2551
2557
2558
2559
2560
2561
2562
2565
2568
2569
2570
2572
2573
2574
2575
2576
2579
2582
2586
2588
2591
2595
2599
2601
2604
2605
2613
2620
2621
2625
2627
2628
2638
2639
2640
2644
2645
2649
2650
2651
2653
2655
2656
2657
2658
2659
2662
2663
2665
2670
2676
2677
2678
2680
2681
2683
2684
2688
2691
2692
2693
2694
2695
2696
2697
2700
2703
2704
2705
2706
2711
2713
2719
2725
2727
2728
2729
2730
2732
2734
2738
2740
2741
2742
2743
2747
2749
2751
2752
2754
2761
2764
2765
2772
2773
2775
2789
2790
2791
2794
2795
2796
2798
2801
2802
2803
2805
2806
2809
2812
2813
2814
2816
2818
2820
2821
2824
2825
2826
2827
2830
2832
2835
2837
2839
2841
2842
2843
2844
2845
2846
2847
2848
2849
2850
2851
2853
2855
2858
2859
2860
2861
2862
2863
2865
2868
2869
2870
2873
2875
2876
2877
2878
2879
2881
2890
2891
2895
2896
2899
2903
2904
2905
2908
2909
2910
2911
2912
2913
2914
2915
2919
2920
2922
2923
2924
2928
2930
2932
2933
2936
2937
2938
2939
2940
2941
2942
2943
2944
2946
2949
2950
2954
2958
2961
2962
2963
2964
2965
2966
2969
2974
2975
2976
2977
2978
2982
2983
2984
2986
2987
2988
2990
2991
2992
2993
2994
2998
2999
3000
3001
3004
3005
3010
3011
3013
3014
3023
3024
3026
3027
3028
3030
3034
3035
3036
3037
3038
3039
3040
3042
3045
3048
3049
3052
3055
3056
3057
3058
3064
3066
3067
3068
3073
3074
3075
3076
3079
3083
3085
3086
3087
3095
3096
3099
3101
3102
3107
3109
3110
3112
3114
3115
3116
3118
3119
3123
3127
3131
3133
3134
3135
3136
3139
3140
3142
3143
3144
3145
3146
3147
3148
3149
3150
3151
3153
3154
3157
3158
3159
3161
3162
3163
3164
3165
3166
3167
3177
3178
3179
3180
3181
3183
3184
3185
3186
3187
3189
3190
3191
3193
3195
3196
3198
3200
3202
3204
3207
3208
3209
3210
3211
3212
3213
3214
3216
3218
3219
3220
3221
3222
3223
3224
3227
3228
3229
3230
3231
3232
3235
3236
3237
3238
3239
3241
3242
3243
3254
3255
3257
3258
3259
3266
3267
3269
3270
3271
3272
3273
3274
3276
3277
3278
3279
3281
3284
3287
3289
3295
3298
3300
3301
3303
3304
3305
3306
3307
3308
3309
3310
3312
3315
3316
3317
3318
3319
3320
3321
3323
3324
3326
3329
3330
3331
3332
3334
3342
3347
3350
3352
3353
3354
3355
3356
3358
3359
3360
3361
3362
3364
3366
3368
3369
3370
3371
3372
3373
3374
3375
3377
3381
3382
3383
3385
3388
3392
3393
3394
3395
3396
3397
3398
3399
3400
3401
3402
3403
3405
3408
3409
3410
3411
3412
3413
3414
3415
3416
3417
3418
3419
3420
3421
3422
3423
3425
3426
3427
3428
3430
3433
3434
3435
3436
3438
3439
3441
3442
3445
3446
3450
3452
3453
3454
3462
3463
3465
3468
3469
3471
3472
3474
3475
3476
3478
3480
3481
3482
3484
3486
3487
3488
3490
3491
3492
3496
3497
3498
3504
3505
3506
3510
3514
3516
3517
3523
3525
3526
3527
3528
3529
3530
3532
3533
3534
3535
3538
3545
3546
3547
3550
3551
3552
3553
3554
3560
3561
3562
3563
3564
3565
3566
3568
3569
3570
3572
3573
3574
3577
3578
3579
3584
3585
3586
3587
3590
3591
3592
3593
3594
3595
3596
3597
3598
3599
3602
3603
3605
3606
3607
3609
3611
3612
3613
3616
3617
3619
3621
3622
3624
3625
3626
3627
3631
3632
3633
3634
3635
3640
3643
3644
3645
3646
3652
3655
3656
3657
3658
3659
3660
3661
3662
3663
3664
3665
3666
3667
3668
3669
3670
3671
3672
3674
3675
3676
3677
3678
3679
3680
3681
3682
3684
3687
3688
3689
3690
3693
3694
3696
3697
3698
3699
3700
3701
3710
3711
3713
3714
3715
3716
3717
3718
3722
3723
3730
3732
3734
3735
3736
3737
3738
3745
3746
3749
3750
3751
3752
3753
3761
3767
3771
3772
3773
3774
3775
3776
3777
3778
3779
3782
3783
3784
3785
3786
3787
3788
3789
3792
3795
3798
3799
3803
3804
3805
3807
3809
3810
3811
3820
3821
3822
3823
3824
3826
3828
3830
3831
3832
3836
3838
3841
3842
3843
3844
3846
3847
3849
3854
3856
3857
3859
3865
3866
3870
3872
3873
3874
3876
3877
3878
3884
3886
3893
3894
3895
3896
3897
3898
3900
3901
3902
3903
3905
3906
3908
3909
3910
3913
3914
3915
3917
3920
3922
3923
3924
3925
3927
3929
3930
3931
3932
3933
3934
3935
3936
3938
3942
3943
3944
3945
3946
3947
3948
3949
3950
3951
3952
3953
3954
3956
3957
3958
3960
3961
3962
3963
3964
3965
3966
3968
3969
3973
3974
3976
3977
3978
3979
3980
3981
3982
3983
3985
3986
3987
3989
3991
3993
3994
3995
3996
3997
3998
3999
4003
4006
4007
4008
4009
4010
4011
4012
4013
4014
4015
4018
4019
4022
4023
4025
4027
4028
4031
4035
4036
4039
4042
4044
4045
4046
4047
4050
4051
4052
4054
4055
4056
4057
4058
4059
4060
4061
4062
4063
4064
4065
4068
4070
4071
4073
4074
4075
4076
4077
4078
4082
4083
4086
4087
4090
4092
4093
4094
4095
4096
4097
4100
4101
4102
4103
4104
4105
4109
4111
4112
4113
4115
4116
4117
4118
4120
4121
4125
4126
4127
4128
4129
4130
4133
4136
4137
4138
4139
4140
4141
4144
4145
4146
4147
4148
4150
4151
4152
4153
4154
4155
4157
4158
4159
4160
4169
4170
4171
4172
4173
4175
4176
4179
4180
4181
4182
4184
4185
4188
4189
4190
4191
4193
4194
4196
4198
4199
4200
4202
4203
4204
4205
4210
4212
4213
4214
4215
4217
4218
4219
4220
4221
4222
4223
4224
4225
4226
4227
4230
4231
4232
4233
4234
4235
4236
4239
4240
4242
4243
4244
4246
4248
4249
4250
4251
4252
4254
4255
4256
4257
4258
4259
4260
4261
4263
4265
4266
4267
4268
4269
4270
4273
4274
4276
4277
4278
4279
4281
4282
4283
4284
4285
4286
4288
4293
4296
4297
4298
4304
4306
4309
4310
4311
4312
4313
4314
4315
4316
4317
4318
4319
4321
4322
4323
4327
4328
4331
4333
4334
4335
4340
4341
4342
4343
4344
4345
4346
4349
4350
4354
4355
4356
4357
4358
4359
4362
4364
4365
4366
4367
4372
4375
4376
4377
4379
4380
4381
4383
4384
4385
4388
4389
4390
4392
4393
4394
4396
4398
4402
4403
4409
4410
4414
4416
4417
4419
4420
4421
4423
4424
4425
4426
4427
4429
4430
4431
4438
4441
4442
4443
4444
4445
4446
4447
4450
4452
4453
4454
4455
4457
4458
4459
4460
4462
4463
4465
4466
4467
4468
4470
4471
4472
4474
4475
4476
4477
4478
4479
4480
4482
4483
4484
4485
4486
4492
4493
4494
4495
4496
4498
4499
4501
4502
4503
4504
4505
4506
4508
4509
4510
4511
4512
4513
4515
4517
4518
4519
4520
4521
4522
4523
4524
4525
4527
4528
4529
4530
4531
4532
4533
4534
4536
4537
4538
4539
4540
4541
4542
4544
4547
4548
4549
4550
4551
4554
4555
4556
4557
4560
4562
4565
4566
4567
4568
4569
4570
4571
4572
4573
4576
4577
4578
4579
4580
4581
4583
4584
4585
4586
4590
4591
4592
4594
4602
4603
4604
4605
4606
4607
4609
4610
4611
4612
4613
4614
4615
4616
4617
4618
4619
4620
4621
4622
4623
4624
4625
4626
4627
4628
4629
4630
4631
4632
4634
4635
4636
4637
4638
4639
4641
4642
4643
4644
4645
4646
4647
4650
4651
4653
4654
4656
4657
4658
4659
4660
4661
4663
4664
4665
4667
4668
4670
4671
4672
4673
4676
4677
4679
4680
4681
4682
4683
4684
4685
4686
4689
4691
4692
4693
4694
4695
4696
4698
4699
4700
4703
4704
4705
4706
4709
4710
4711
4712
4715
4717
4718
4719
4720
4721
4723
4724
4726
4727
4730
4731
4732
4735
4736
4738
4739
4744
4745
4746
4747
4750
4751
4753
4754
4755
4756
4757
4758
4761
4762
4763
4764
4765
4766
4767
4768
4770
4771
4773
4774
4776
4777
4779
4780
4781
4782
4784
4787
4789
4790
4791
4792
4797
4798
4800
4803
4804
4805
4806
4807
4808
4809
4810
4811
4812
4813
4814
4819
4822
4823
4832
4834
4835
4837
4838
4839
4840
4841
4844
4845
4846
4848
4849
4850
4851
4852
4853
4854
4856
4857
4859
4861
4863
4864
4870
4873
4876
4877
4878
4879
4880
4881
4882
4883
4884
4885
4886
4887
4888
4889
4890
4891
4892
4893
4894
4895
4896
4899
4900
4901
4904
4905
4906
4907
4908
4909
4911
4914
4916
4917
4919
4920
4924
4930
4931
4933
4934
4935
4939
4940
4942
4943
4944
4945
4946
4947
4950
4953
4954
