3359
3788
3402
3825
3888
3412
3387
3408
3472
3553
3351
3401
2431
2276
2287
3891
1137
2459
3742
2426
3856
3871
1189
851
433
3414
3501
3381
2418
2310
2537
3804
597
3276
1195
3449
3409
3823
3399
3320
974
3400
3289
3421
3348
674
2054
3090
3342
652
1037
3544
1173
3333
3343
3323
445
3443
647
3796
547
1130
528
1263
2343
3337
2195
3801
3422
3269
3370
3338
2273
3426
3552
3385
2411
3353
3393
3242
3434
2518
3457
3433
859
546
3345
3373
553
721
2549
46
2092
3314
670
3397
2235
1756
3545
3456
858
949
3854
3241
3486
3458
1129
650
3713
2714
939
649
3415
3766
3884
403
3374
3558
3489
724
556
1080
3497
651
937
3244
94
3287
535
3377
19
2883
440
3294
3832
3440
723
3555
3293
3391
3380
525
3557
676
3226
663
3432
288
3344
47
338
3360
3386
3311
3255
2169
437
3547
1156
678
653
428
548
3367
1928
3446
3559
3563
3339
592
645
3228
416
1060
3266
3429
610
673
1027
622
1128
3831
954
2683
3227
664
953
435
1127
3562
268
906
2313
661
3465
337
3372
2065
3498
3424
540
3258
3379
413
88
1300
2032
3248
3797
3232
3423
3321
3447
737
414
180
3406
3554
3413
182
1952
679
3229
3307
555
3336
648
3455
331
716
33
3310
3341
3375
3539
3551
1923
3537
309
771
613
997
3451
841
521
3335
2956
3322
1126
3556
1922
3794
1324
1294
3462
3388
3803
3354
273
595
536
1394
3297
3435
3392
562
3319
672
439
2228
412
1530
336
719
438
2863
1448
1709
3482
1131
3042
3427
1051
3711
1188
809
2156
3268
568
1103
2449
2417
3349
258
908
3288
668
153
910
2220
2624
3324
565
3548
532
1400
1121
662
520
3500
3712
429
3430
44
3505
731
357
3364
3067
3468
2440
1987
3267
430
3346
564
946
1986
210
797
1028
3330
1675
3051
419
155
675
3461
3425
1317
1266
3867
431
3568
766
2461
3350
738
1310
3496
3282
1184
23
1044
538
2681
1606
344
646
1058
572
464
2218
1920
1176
1411
397
1921
2227
689
1483
1953
207
341
3273
332
596
1450
677
1404
2221
729
3471
443
3454
3284
2051
1828
3475
1561
534
3450
345
162
74
2067
3306
527
3396
2345
415
704
43
530
1056
306
695
2225
340
558
3313
120
833
353
3477
436
692
3398
1049
280
330
554
3439
1254
3316
1755
3494
665
2592
448
694
3357
850
3485
601
1488
257
3371
3635
1563
2302
3437
1422
772
703
3463
3894
396
2145
3672
3358
3355
1136
1035
709
4
1459
812
446
265
3153
108
669
763
2764
667
3327
233
3233
2458
863
1602
3112
1487
573
1757
1054
181
1904
432
978
529
422
3503
323
1112
101
2052
1880
178
3448
299
3637
778
602
3331
2589
1461
1608
2254
1676
3155
3706
2306
83
3253
3581
1647
2794
129
122
293
608
1567
1892
3484
3325
1539
1517
190
2068
748
3175
99
3820
909
3382
3052
557
3815
3332
3389
2357
1931
3616
1322
339
3643
3542
3300
1111
3550
3416
1494
2972
2036
1603
773
781
1753
2229
3444
864
2213
3394
3690
234
149
1190
3536
2530
128
671
1985
260
1067
1070
533
3538
1924
3787
639
510
542
3326
2462
1325
1526
3464
660
115
3328
969
736
666
1426
3863
550
2533
302
3403
581
329
1458
3480
2658
346
274
955
3506
3535
1191
1194
90
426
718
456
1528
3868
45
598
3404
3376
3470
3715
3709
1042
2212
1029
3405
383
559
2649
119
2430
3340
76
2018
2309
959
81
1218
1484
3546
112
3296
1124
2675
1155
72
3080
206
549
1748
929
106
1634
640
394
113
290
686
3286
116
2604
3356
232
3362
577
933
2538
1061
1200
632
79
1117
587
1230
2950
1307
1568
1533
2238
2236
179
2338
51
434
308
427
922
1791
3231
3495
3445
1181
3007
688
3277
791
1449
3639
458
466
304
1822
38
1641
1057
2774
198
2154
2180
593
3466
73
952
267
1228
730
3491
991
398
1610
3520
185
1965
1085
3256
86
741
488
3260
739
7
1843
541
925
881
384
2463
105
186
599
923
1765
163
313
158
3479
582
480
2078
2224
3044
8
324
3419
1424
1031
2230
1232
3369
727
137
2371
2767
2958
380
2849
3493
2935
125
145
28
3549
1063
2219
3642
368
624
1884
2433
228
1457
965
3778
223
2043
61
1784
1032
1984
111
1059
2947
80
1419
71
2711
765
1006
3541
2456
523
1039
1268
3366
3252
2216
453
1513
883
524
1217
1198
683
1708
516
212
187
626
927
849
3441
3499
3245
770
1830
1066
172
3329
753
3710
636
3734
2263
472
118
926
2970
693
3833
3618
584
3363
375
1197
3347
513
1594
1607
3476
3768
3733
3644
305
277
1512
1720
3858
713
140
1743
204
1395
1864
460
1674
235
1416
85
154
3212
2131
2636
3418
3247
425
1428
2364
141
3543
701
1465
2342
1493
2196
979
2214
264
3365
977
3827
195
77
1149
1115
289
3488
957
423
728
2545
110
1186
1405
891
2114
183
447
1052
1429
945
1689
2850
658
1185
1237
3629
2070
3410
1966
619
2832
3225
2150
2233
907
474
690
552
3654
1235
1761
654
3623
25
911
1566
417
473
966
379
1893
395
3106
1055
3137
3438
2084
164
3628
1175
1551
1446
3384
130
1158
325
219
169
2587
1696
1542
485
173
1101
1048
1196
1256
224
621
1030
404
393
874
1222
2989
284
3395
3789
217
1229
1824
271
1782
5
2184
2830
783
789
1113
507
623
342
3502
278
92
1584
12
1899
97
1033
6
617
1423
1875
1431
777
1236
594
2249
3726
518
896
1102
1617
1890
3765
1990
1221
98
509
1323
1781
2149
1658
78
139
2074
1104
948
1132
1686
2206
1022
333
11
1413
1414
1434
1267
3865
776
1208
52
292
1316
1269
1565
1443
1989
1848
1047
3271
811
1206
1157
117
905
1740
1625
370
2541
479
1841
2017
2027
2851
3676
1107
2753
815
321
1721
471
1651
986
1619
2407
381
174
844
316
880
3783
310
2246
1034
2910
2201
971
684
846
2896
1874
3452
1467
784
817
2069
2494
1707
170
3627
2014
796
1914
374
2355
1342
3791
2079
3053
715
1559
1883
3272
2055
2785
2192
999
3869
3504
26
3473
625
202
2416
30
2480
989
615
964
988
768
291
1749
1642
888
3624
295
100
705
211
1492
1621
1836
66
200
1233
630
3508
315
1785
3234
825
2891
1332
818
868
3603
2952
1192
1622
1534
1562
322
612
1718
1543
1019
3802
3510
2678
2372
1901
171
758
272
3512
1772
571
1787
956
3509
941
1418
1050
1234
70
914
20
1638
2787
1182
1835
56
3658
3123
3285
1490
1140
2491
3146
1343
22
2066
1820
1463
2558
151
2544
944
807
372
2542
487
82
2848
1296
2029
2185
386
1590
2679
785
1661
3054
1742
159
2010
48
1326
29
2526
3431
2521
1160
1652
3040
2564
1988
2483
3775
1501
3511
2037
828
2597
95
3240
2563
2618
42
1941
2096
189
3516
659
936
9
1475
3113
199
635
96
522
123
281
620
1500
208
2809
1938
373
3780
885
1005
2453
3829
714
3657
931
348
107
2053
2475
1519
3597
1205
160
2019
1601
1861
3790
1210
875
894
680
631
2479
3848
312
2617
865
87
297
2682
2716
124
2080
982
798
2188
2620
452
2191
2791
2778
980
2651
1038
1193
2880
1090
1476
301
960
3896
3897
1023
2657
2183
3474
3540
1737
1538
146
486
1537
862
887
2531
3601
2244
1021
400
2144
2822
1723
762
816
3653
1412
1657
3725
114
871
3514
1586
3088
3870
3235
1201
3478
1100
3707
454
1881
637
3249
10
14
1474
3614
317
3065
230
1074
1209
54
2178
2361
1297
3246
1341
3826
388
1724
1169
2555
209
700
157
303
2982
1305
1667
2520
126
2522
65
442
420
2473
2922
2548
697
282
1639
1583
1713
39
222
1248
2707
1167
148
1714
1961
2193
2038
3118
1545
823
1469
940
958
1479
2176
165
2504
3143
3237
161
1775
2519
827
1105
1783
1337
2485
3864
84
192
932
1177
1203
1204
1564
3378
1489
1717
1903
634
1482
1873
2632
3056
132
2033
194
2583
767
1716
3442
231
399
3469
642
2198
64
1361
2215
3368
142
156
1738
2591
638
1382
1777
2262
2187
837
2831
3770
628
1793
3063
882
103
746
3730
184
1335
2476
298
930
3608
511
761
972
283
856
3651
176
421
3264
847
916
3022
1473
1882
2117
2527
2984
31
152
943
2988
3890
1627
240
359
605
928
1249
2265
3800
266
782
831
942
1199
2472
2509
355
913
1091
1153
1293
1589
2268
3183
3492
1283
1362
967
1180
1477
1902
2881
53
138
478
1331
1654
1845
3261
3420
3641
3700
3855
287
408
884
1183
1491
1636
1871
2
616
1582
1792
1939
2189
2525
2730
276
376
747
810
878
1119
1818
1876
1879
2056
2072
2197
2341
2751
3062
3609
3751
3892
67
239
285
757
848
973
1075
1168
1187
1357
1438
1580
1683
1684
1962
2208
2248
2340
2375
2684
3383
3417
3626
3703
3795
3798
3872
3873
3898
0
286
641
702
756
1308
1480
1799
2258
2259
2260
2374
2404
2515
2652
2656
2676
2723
3020
3074
3299
3309
3688
3716
1
16
17
21
24
32
34
35
75
93
102
193
543
3224
3230
3236
3238
3239
3243
2297
1002
2161
1950
609
2663
1949
869
2741
870
3035
3124
1946
3109
3574
2429
560
441
1064
3586
1982
2441
1174
2308
3675
2298
644
1264
1265
3697
2420
2414
1926
2546
2915
2442
2536
1766
2311
3154
3100
2148
603
3799
2419
3776
3777
1387
457
569
2821
537
2858
2270
963
2872
2454
459
1769
484
1053
2783
3178
1225
2415
1086
2164
2743
711
2421
2977
1983
2217
444
2448
1089
2163
1432
1767
2152
3201
1951
1678
1679
2637
2650
3033
1227
3887
1262
2635
576
563
1891
687
3569
1076
1123
1574
2057
2013
1036
2425
1148
3879
2294
2041
1072
1430
742
2286
2539
3656
3160
3640
2499
512
994
2738
1321
216
1082
2535
367
3102
551
712
1927
1646
2543
1172
1770
780
449
1842
2638
902
1768
539
256
2073
899
3103
2780
3034
2446
3169
2496
1278
3107
1069
2077
2003
1114
2771
3159
1062
2482
2089
1043
1456
229
2424
2450
2423
468
1099
618
897
614
455
2772
843
1068
2804
3104
3203
733
2444
2639
996
1007
1750
567
2861
3038
707
3722
469
1752
2605
2570
49
2640
629
1421
2547
3213
2035
2460
2490
1287
1081
515
1971
1838
1999
2001
3681
2471
1660
1306
2381
2327
717
2205
3736
3524
3859
1120
1531
1520
3636
1758
1270
514
424
1231
275
483
2776
2319
2906
3174
411
1974
1084
1614
2953
369
1312
2434
1945
3561
2540
2328
1932
1728
2093
2481
2232
2949
41
2438
2739
526
2553
561
2762
2775
1460
2034
2134
1691
2761
2799
2321
1133
1161
2132
1613
934
1065
2153
1088
2172
2505
2755
3041
1125
743
744
895
2397
3210
467
1415
726
802
803
1303
363
2464
681
732
1754
3006
3184
786
1292
3649
1687
1159
3671
1518
2729
3570
3779
1591
1599
1142
2062
1595
2452
1527
1726
832
2323
685
2045
2781
2839
62
583
3134
995
2763
2798
1271
1592
2981
3816
3817
3834
205
566
2721
59
2882
600
3607
1499
1510
2612
3648
1077
1397
2076
1108
2432
1094
1098
1505
720
3148
463
1445
2666
2920
1026
2242
2980
517
1503
1555
1829
1997
2436
3567
362
1977
3185
3632
3683
2829
3117
506
1704
2750
2611
3
58
177
570
990
1918
2234
2410
2890
1122
1635
3764
175
270
801
1219
1653
3186
708
461
725
2130
779
1786
2630
3579
167
1681
1831
1834
2050
2099
3037
343
740
1241
2422
2437
63
2412
787
1170
1805
1844
2245
2614
735
962
1166
2318
2484
2752
2754
3694
519
1862
1934
1972
2333
2901
3646
55
385
2104
2500
2662
2803
50
1832
1546
1547
1727
2561
2719
1549
1672
1964
2312
2691
2934
606
904
1452
1948
2000
2116
2182
3743
2102
2226
2383
2659
2660
2704
2786
69
755
845
1863
1991
2075
2332
633
814
1655
1995
2873
2874
475
574
1095
1496
1497
2175
2445
2892
813
1814
1867
2898
950
1406
1609
1744
1817
1919
2623
2647
2718
2720
3164
3523
3577
3582
3689
1973
2147
2991
3150
352
418
912
1118
1548
1701
1925
2005
2231
2237
2305
2468
2667
2876
2998
3576
3727
218
752
806
27
682
710
1041
1837
1967
1969
2086
2559
2894
2895
3012
3083
3145
3584
3600
203
328
1046
1220
1226
1850
1888
1996
2030
2088
2108
2365
2435
2713
2737
3010
3580
3686
3737
462
544
799
1116
1252
1286
1383
1511
1688
2004
2269
2274
2334
2613
2801
3223
60
334
390
824
855
947
1144
1970
2386
3719
3721
147
364
961
1536
1540
1593
1628
1823
2040
2330
2451
2478
2807
2827
2933
2936
2937
2938
3202
3217
3774
89
508
749
750
788
860
1096
1152
1320
1364
1425
1427
1722
1860
1887
2278
2370
2502
2534
2628
2661
2665
2796
2878
2879
2971
3000
3084
3121
3168
3615
3652
36
477
852
981
985
1612
2028
2275
2289
2489
2497
2768
2819
2942
3111
3513
3740
993
1083
1295
1739
1745
1804
2107
2127
2129
2403
3025
3204
3206
3208
3602
3687
3814
15
252
585
774
808
826
886
1644
1702
1955
2123
2128
2247
2326
2455
2653
2690
2693
2758
2797
2802
2818
2852
2940
3116
3207
3518
3519
3599
3718
37
196
314
493
496
579
580
591
691
790
872
918
1087
1214
1216
1272
1309
1313
1328
1504
1524
1554
1560
1600
1615
1620
1659
1807
1833
1915
1958
2002
2006
2011
2015
2058
2151
2210
2251
2266
2288
2290
2291
2292
2293
2324
2325
2346
2466
2467
2625
2700
2724
2725
2726
2736
2757
2759
2760
2769
2784
2817
2869
2893
2916
2919
2969
3066
3089
3093
3099
3166
3617
3678
3679
3717
3729
3878
133
829
861
992
1093
1138
1211
1212
1311
1327
1673
1898
1900
1929
2008
2046
2322
2398
2581
2897
2905
2941
3098
3170
3565
3763
3886
13
18
40
57
68
91
104
109
121
127
131
134
135
136
143
144
150
166
168
188
191
197
201
213
214
215
220
221
225
226
227
236
237
238
241
242
243
244
245
246
247
248
249
250
251
253
254
255
259
261
262
263
269
279
294
296
300
307
311
318
319
320
326
327
335
347
349
350
351
354
356
358
360
361
365
366
371
377
378
382
387
389
391
392
401
402
405
406
407
409
410
450
451
465
470
476
481
482
489
490
491
492
494
495
497
498
499
500
501
502
503
504
505
531
545
575
578
586
588
589
590
604
607
611
627
643
655
656
657
696
698
699
706
722
734
745
751
754
759
760
764
769
775
792
793
794
795
800
804
805
819
820
821
822
830
834
835
836
838
839
840
842
853
854
857
866
867
873
876
877
879
889
890
892
893
898
900
901
903
915
917
919
920
921
924
935
938
951
968
970
975
976
983
984
987
998
1000
1001
1003
1004
1008
1009
1010
1011
1012
1013
1014
1015
1016
1017
1018
1020
1024
1025
1040
1045
1071
1073
1078
1079
1092
1097
1106
1109
1110
1134
1135
1139
1141
1143
1145
1146
1147
1150
1151
1154
1162
1163
1164
1165
1171
1178
1179
1202
1207
1213
1215
1223
1224
1238
1239
1240
1242
1243
1244
1245
1246
1247
1250
1251
1253
1255
1257
1258
1259
1260
1261
1273
1274
1275
1276
1277
1279
1280
1281
1282
1284
1285
1288
1289
1290
1291
1298
1299
1301
1302
1304
1314
1315
1318
1319
1329
1330
1333
1334
1336
1338
1339
1340
1344
1345
1346
1347
1348
1349
1350
1351
1352
1353
1354
1355
1356
1358
1359
1360
1363
1365
1366
1367
1368
1369
1370
1371
1372
1373
1374
1375
1376
1377
1378
1379
1380
1381
1384
1385
1386
1388
1389
1390
1391
1392
1393
1396
1398
1399
1401
1402
1403
1407
1408
1409
1410
1417
1420
1433
1435
1436
1437
1439
1440
1441
1442
1444
1447
1451
1453
1454
1455
1462
1464
1466
1468
1470
1471
1472
1478
1481
1485
1486
1495
1498
1502
1506
1507
1508
1509
1514
1515
1516
1521
1522
1523
1525
1529
1532
1535
1541
1544
1550
1552
1553
1556
1557
1558
1569
1570
1571
1572
1573
1575
1576
1577
1578
1579
1581
1585
1587
1588
1596
1597
1598
1604
1605
1611
1616
1618
1623
1624
1626
1629
1630
1631
1632
1633
1637
1640
1643
1645
1648
1649
1650
1656
1662
1663
1664
1665
1666
1668
1669
1670
1671
1677
1680
1682
1685
1690
1692
1693
1694
1695
1697
1698
1699
1700
1703
1705
1706
1710
1711
1712
1715
1719
1725
1729
1730
1731
1732
1733
1734
1735
1736
1741
1746
1747
1751
1759
1760
1762
1763
1764
1771
1773
1774
1776
1778
1779
1780
1788
1789
1790
1794
1795
1796
1797
1798
1800
1801
1802
1803
1806
1808
1809
1810
1811
1812
1813
1815
1816
1819
1821
1825
1826
1827
1839
1840
1846
1847
1849
1851
1852
1853
1854
1855
1856
1857
1858
1859
1865
1866
1868
1869
1870
1872
1877
1878
1885
1886
1889
1894
1895
1896
1897
1905
1906
1907
1908
1909
1910
1911
1912
1913
1916
1917
1930
1933
1935
1936
1937
1940
1942
1943
1944
1947
1954
1956
1957
1959
1960
1963
1968
1975
1976
1978
1979
1980
1981
1992
1993
1994
1998
2007
2009
2012
2016
2020
2021
2022
2023
2024
2025
2026
2031
2039
2042
2044
2047
2048
2049
2059
2060
2061
2063
2064
2071
2081
2082
2083
2085
2087
2090
2091
2094
2095
2097
2098
2100
2101
2103
2105
2106
2109
2110
2111
2112
2113
2115
2118
2119
2120
2121
2122
2124
2125
2126
2133
2135
2136
2137
2138
2139
2140
2141
2142
2143
2146
2155
2157
2158
2159
2160
2162
2165
2166
2167
2168
2170
2171
2173
2174
2177
2179
2181
2186
2190
2194
2199
2200
2202
2203
2204
2207
2209
2211
2222
2223
2239
2240
2241
2243
2250
2252
2253
2255
2256
2257
2261
2264
2267
2271
2272
2277
2279
2280
2281
2282
2283
2284
2285
2295
2296
2299
2300
2301
2303
2304
2307
2314
2315
2316
2317
2320
2329
2331
2335
2336
2337
2339
2344
2347
2348
2349
2350
2351
2352
2353
2354
2356
2358
2359
2360
2362
2363
2366
2367
2368
2369
2373
2376
2377
2378
2379
2380
2382
2384
2385
2387
2388
2389
2390
2391
2392
2393
2394
2395
2396
2399
2400
2401
2402
2405
2406
2408
2409
2413
2427
2428
2439
2443
2447
2457
2465
2469
2470
2474
2477
2486
2487
2488
2492
2493
2495
2498
2501
2503
2506
2507
2508
2510
2511
2512
2513
2514
2516
2517
2523
2524
2528
2529
2532
2550
2551
2552
2554
2556
2557
2560
2562
2565
2566
2567
2568
2569
2571
2572
2573
2574
2575
2576
2577
2578
2579
2580
2582
2584
2585
2586
2588
2590
2593
2594
2595
2596
2598
2599
2600
2601
2602
2603
2606
2607
2608
2609
2610
2615
2616
2619
2621
2622
2626
2627
2629
2631
2633
2634
2641
2642
2643
2644
2645
2646
2648
2654
2655
2664
2668
2669
2670
2671
2672
2673
2674
2677
2680
2685
2686
2687
2688
2689
2692
2694
2695
2696
2697
2698
2699
2701
2702
2703
2705
2706
2708
2709
2710
2712
2715
2717
2722
2727
2728
2731
2732
2733
2734
2735
2740
2742
2744
2745
2746
2747
2748
2749
2756
2765
2766
2770
2773
2777
2779
2782
2788
2789
2790
2792
2793
2795
2800
2805
2806
2808
2810
2811
2812
2813
2814
2815
2816
2820
2823
2824
2825
2826
2828
2833
2834
2835
2836
2837
2838
2840
2841
2842
2843
2844
2845
2846
2847
2853
2854
2855
2856
2857
2859
2860
2862
2864
2865
2866
2867
2868
2870
2871
2875
2877
2884
2885
2886
2887
2888
2889
2899
2900
2902
2903
2904
2907
2908
2909
2911
2912
2913
2914
2917
2918
2921
2923
2924
2925
2926
2927
2928
2929
2930
2931
2932
2939
2943
2944
2945
2946
2948
2951
2954
2955
2957
2959
2960
2961
2962
2963
2964
2965
2966
2967
2968
2973
2974
2975
2976
2978
2979
2983
2985
2986
2987
2990
2992
2993
2994
2995
2996
2997
2999
3001
3002
3003
3004
3005
3008
3009
3011
3013
3014
3015
3016
3017
3018
3019
3021
3023
3024
3026
3027
3028
3029
3030
3031
3032
3036
3039
3043
3045
3046
3047
3048
3049
3050
3055
3057
3058
3059
3060
3061
3064
3068
3069
3070
3071
3072
3073
3075
3076
3077
3078
3079
3081
3082
3085
3086
3087
3091
3092
3094
3095
3096
3097
3101
3105
3108
3110
3114
3115
3119
3120
3122
3125
3126
3127
3128
3129
3130
3131
3132
3133
3135
3136
3138
3139
3140
3141
3142
3144
3147
3149
3151
3152
3156
3157
3158
3161
3162
3163
3165
3167
3171
3172
3173
3176
3177
3179
3180
3181
3182
3187
3188
3189
3190
3191
3192
3193
3194
3195
3196
3197
3198
3199
3200
3205
3209
3211
3214
3215
3216
3218
3219
3220
3221
3222
3250
3251
3254
3257
3259
3262
3263
3265
3270
3274
3275
3278
3279
3280
3281
3283
3290
3291
3292
3295
3298
3301
3302
3303
3304
3305
3308
3312
3315
3317
3318
3334
3352
3361
3390
3407
3411
3428
3436
3453
3459
3460
3467
3481
3483
3487
3490
3507
3515
3517
3521
3522
3525
3526
3527
3528
3529
3530
3531
3532
3533
3534
3560
3564
3566
3571
3572
3573
3575
3578
3583
3585
3587
3588
3589
3590
3591
3592
3593
3594
3595
3596
3598
3604
3605
3606
3610
3611
3612
3613
3619
3620
3621
3622
3625
3630
3631
3633
3634
3638
3645
3647
3650
3655
3659
3660
3661
3662
3663
3664
3665
3666
3667
3668
3669
3670
3673
3674
3677
3680
3682
3684
3685
3691
3692
3693
3695
3696
3698
3699
3701
3702
3704
3705
3708
3714
3720
3723
3724
3728
3731
3732
3735
3738
3739
3741
3744
3745
3746
3747
3748
3749
3750
3752
3753
3754
3755
3756
3757
3758
3759
3760
3761
3762
3767
3769
3771
3772
3773
3781
3782
3784
3785
3786
3792
3793
3805
3806
3807
3808
3809
3810
3811
3812
3813
3818
3819
3821
3822
3824
3828
3830
3835
3836
3837
3838
3839
3840
3841
3842
3843
3844
3845
3846
3847
3849
3850
3851
3852
3853
3857
3860
3861
3862
3866
3874
3875
3876
3877
3880
3881
3882
3883
3885
3889
3893
3895
