2900
2721
2698
2703
2661
2642
2935
2704
2901
2523
2637
2725
1767
1743
1755
1759
1769
1762
2711
2601
1376
1377
2588
1781
407
2917
2925
1773
2544
2573
1774
2712
140
1684
2724
402
1128
1737
2632
2555
595
2623
2480
1378
323
2567
2630
1494
2606
2597
2587
2700
79
2477
2631
16
2619
2660
2535
2613
458
415
155
1574
2521
2618
1032
2643
2701
2591
543
159
2585
2530
758
2538
208
2898
2500
2578
2612
2576
1501
615
2621
75
2733
35
2378
343
2577
2602
416
2734
2707
1753
1040
2414
1503
2646
2510
2388
2571
306
390
2640
2484
2716
2575
2459
1039
1575
1785
315
501
2532
622
2574
2173
70
2457
1277
380
89
136
2380
731
1807
2451
461
2527
496
2656
313
2649
2645
1751
2706
269
2505
509
2568
2431
2513
132
2427
166
2442
2519
33
2769
2569
91
2564
439
2539
2664
2509
2626
2478
716
288
2540
2557
2504
2533
88
2528
2616
1037
1016
2537
2551
151
2605
1730
2633
1784
2386
457
611
2867
1093
2805
431
2498
2384
82
2495
2423
322
937
2518
2543
2382
2659
1340
1035
67
2611
2447
2718
2595
2723
409
1288
1466
460
2650
2586
1498
2690
408
2607
2338
1734
1566
2594
879
2462
1006
1046
2889
2772
2809
2668
483
2583
2662
2516
1910
2599
2722
2546
2003
2449
2731
2205
2450
324
1603
290
2499
385
2592
684
2411
1356
2598
292
2476
712
2590
15
1488
2565
243
18
2689
2620
2421
2566
387
2628
2559
2179
72
395
2652
2657
235
2520
2696
58
2502
2011
2905
2491
1813
1366
779
2208
2522
2430
2629
2321
500
2454
2529
2524
2413
2600
284
510
2473
2624
123
920
2456
2492
384
393
301
354
2046
2545
869
386
1970
240
2418
881
523
238
1361
545
389
2658
2541
1817
190
2446
304
1033
484
23
122
316
503
2561
1727
320
1857
172
628
318
780
2554
715
2547
472
143
317
1976
121
36
1042
2441
2638
150
119
112
498
2428
2746
2438
149
251
31
1573
138
38
1906
191
1825
485
1856
1380
1120
241
2697
1185
2622
2584
2306
1480
2728
381
2490
1418
398
278
2834
481
2636
1297
145
2455
163
2714
1974
2472
757
2483
505
22
2639
307
1284
161
2177
1832
1085
637
432
2694
1106
280
429
302
1414
474
1021
514
2493
602
946
1309
689
158
994
2705
1855
32
2593
2482
43
2558
2422
2531
447
2896
357
168
2625
1149
2415
24
265
1830
1313
550
992
2884
2603
875
2609
142
1458
952
2227
68
1178
2416
755
2515
2604
144
2066
34
2562
479
546
877
270
1036
544
282
2770
2726
2780
2750
1683
139
991
634
2727
271
274
521
147
2497
10
1023
639
599
2914
56
482
2525
531
2496
668
1500
1367
559
1544
1696
1511
1364
2893
148
1018
86
495
1383
633
2832
2214
2444
1615
2142
732
2426
629
2178
1088
1964
2614
1207
231
2635
840
1398
2364
1471
2692
222
2647
50
647
1951
2627
596
80
78
827
2876
635
2924
321
1126
130
601
81
826
1836
127
40
729
126
539
2466
2471
25
21
497
1858
2443
2810
250
1873
209
2589
638
2708
1513
1001
196
92
2363
666
882
1396
2883
2686
1022
300
880
451
1489
2556
102
632
178
725
713
2508
283
502
1645
636
558
743
450
2102
2651
1050
65
29
1990
2118
352
287
2808
1048
2570
983
2506
644
309
818
254
988
200
985
131
2092
261
311
2225
2460
76
659
53
252
1606
711
1051
680
2903
48
2417
2272
2655
2514
667
333
2398
678
41
2634
2553
1148
1834
124
152
598
39
2238
2802
535
2435
1186
1143
1219
449
2790
1447
943
111
819
1161
239
66
1926
492
156
672
2580
2922
440
1321
1056
2452
133
677
379
1958
1075
861
2224
1878
331
609
2002
229
137
1123
1450
1546
2552
1877
141
2849
154
2242
1
1688
1703
552
1355
135
662
2784
694
1560
607
1611
560
1063
1119
2439
1816
2429
64
1005
1563
2501
744
1084
1228
915
726
1141
1545
2432
266
630
1194
2610
2831
118
756
761
1687
2670
2048
2778
1368
1078
466
3
1399
1668
210
2766
125
1497
2335
234
255
264
28
682
2229
233
93
624
1043
691
1401
63
277
1538
2512
610
237
336
1938
658
1388
51
227
236
293
2679
1118
186
641
1880
74
335
30
257
337
1881
303
193
1689
203
226
5
2146
2615
568
45
329
1966
204
830
176
1338
1268
232
529
1175
1211
1233
129
935
2735
1064
1122
1523
1134
1561
2222
551
557
1320
1934
2077
258
608
717
964
1232
184
565
891
1217
224
718
836
846
1675
60
267
328
653
811
1224
1262
1395
2100
2353
46
117
192
857
878
1008
1571
1627
2274
170
175
247
268
1553
2370
2781
195
426
643
884
967
1135
1142
2151
194
205
256
262
263
813
1028
1163
1164
1440
103
174
427
1794
1797
1805
1276
1791
1739
1652
1693
1760
1771
1778
874
1789
1736
1793
2339
1752
1800
1761
410
1651
1630
1757
1732
1341
2886
1798
1799
1744
400
1783
527
2320
413
1802
1804
1766
1066
1779
2771
1685
399
1103
2847
1548
921
1764
1780
2015
2773
1758
1945
404
679
1741
1763
1733
1316
1729
17
392
1803
2806
373
375
2324
1324
1104
1027
372
2885
2902
1686
1740
1782
1775
1776
1777
1806
1029
396
2159
465
412
1750
528
2085
2053
1045
463
1208
1772
319
1786
1765
594
1312
1183
2843
146
405
2325
2216
1278
1147
1315
1790
2754
1099
2892
1746
2323
391
1452
314
873
526
876
1111
2305
1215
1455
428
418
2821
1831
1823
308
2739
730
699
295
1749
2842
1025
1130
1551
2749
1131
1216
2887
522
676
430
382
1311
1413
1701
2359
1754
1044
1391
448
475
1876
631
841
842
865
2292
1568
2875
1826
1747
1354
2014
446
1184
1814
1965
388
1240
1748
1177
1246
2004
1220
1946
1080
1294
2302
411
625
2864
1882
1792
14
1710
1745
1110
1206
2115
2880
2881
473
1188
1247
171
1912
1925
1927
2012
2054
2113
2114
2144
2823
1071
1348
1350
1360
1848
2275
2871
414
1339
582
660
1818
2738
1833
27
120
600
606
1248
1735
2026
2028
2260
1165
1167
1723
350
520
742
944
452
1031
370
1599
2025
516
566
1597
1815
1874
2253
777
1151
2682
406
499
547
1279
1300
1394
2336
276
351
417
927
981
1742
1822
690
695
999
868
936
1594
1885
493
781
1105
1187
1547
2107
1202
1400
1820
2160
534
612
1090
1323
1795
1884
2104
401
934
984
2161
47
530
616
710
1612
1694
1827
1068
1456
2017
2209
291
464
504
508
564
997
1129
1465
1721
1924
2123
2158
2486
69
462
525
555
646
888
993
1420
1584
1711
1905
2083
2517
2596
369
650
663
1351
1417
1514
1673
1674
1908
2184
2732
2857
478
652
673
853
1083
1209
1540
1787
1788
1801
1835
2163
285
296
403
675
1000
1059
1318
1862
2037
2699
2730
2833
84
294
536
614
664
698
728
1072
1192
1205
1256
1541
1582
1604
1605
1608
1665
2034
2035
2036
2050
2153
2207
2219
2283
2448
62
73
87
164
467
487
789
1260
1263
1308
1310
1334
1600
1719
1859
2096
2463
2835
356
383
468
490
681
778
785
817
866
956
1019
1112
1125
1173
1200
1225
1363
1365
1464
1576
1587
1879
1962
2008
2013
2105
2137
2213
2337
2419
2674
2797
2895
12
13
42
57
59
90
157
165
476
494
538
549
578
619
651
704
733
740
759
791
851
871
929
945
1041
1160
1470
1610
1819
1900
1968
1996
2024
2180
2186
2232
2354
2420
2458
2579
2717
2744
2801
2826
2854
2870
2891
2894
2921
49
61
153
299
305
325
334
441
455
488
533
579
580
597
604
649
696
700
737
739
837
839
904
912
928
933
941
951
1049
1089
1101
1102
1226
1270
1322
1337
1342
1375
1581
1595
1692
1851
1883
1920
1929
1933
1942
1953
2027
2112
2169
2185
2200
2218
2228
2234
2244
2300
2307
2334
2355
2376
2406
2753
2777
2785
2786
2787
2803
2811
100
342
442
489
511
515
519
561
563
571
575
581
645
703
775
845
872
903
905
909
910
914
954
1013
1038
1047
1082
1140
1155
1182
1229
1305
1381
1461
1479
1512
1623
1811
1909
2016
2022
2090
2106
2152
2223
2233
2270
2347
2729
2796
0
2
4
6
7
8
9
11
19
20
26
37
44
52
54
55
71
77
83
85
94
95
96
97
98
99
101
104
105
106
107
108
109
110
113
114
115
116
128
134
160
162
167
169
173
177
179
180
181
182
183
185
187
188
189
197
198
199
201
202
206
207
211
212
213
214
215
216
217
218
219
220
221
223
225
228
230
242
244
245
246
248
249
253
259
260
272
273
275
279
281
286
289
297
298
310
312
326
327
330
332
338
339
340
341
344
345
346
347
348
349
353
355
358
359
360
361
362
363
364
365
366
367
368
371
374
376
377
378
394
397
419
420
421
422
423
424
425
433
434
435
436
437
438
443
444
445
453
454
456
459
469
470
471
477
480
486
491
506
507
512
513
517
518
524
532
537
540
541
542
548
553
554
556
562
567
569
570
572
573
574
576
577
583
584
585
586
587
588
589
590
591
592
593
603
605
613
617
618
620
621
623
626
627
640
642
648
654
655
656
657
661
665
669
670
671
674
683
685
686
687
688
692
693
697
701
702
705
706
707
708
709
714
719
720
721
722
723
724
727
734
735
736
738
741
745
746
747
748
749
750
751
752
753
754
760
762
763
764
765
766
767
768
769
770
771
772
773
774
776
782
783
784
786
787
788
790
792
793
794
795
796
797
798
799
800
801
802
803
804
805
806
807
808
809
810
812
814
815
816
820
821
822
823
824
825
828
829
831
832
833
834
835
838
843
844
847
848
849
850
852
854
855
856
858
859
860
862
863
864
867
870
883
885
886
887
889
890
892
893
894
895
896
897
898
899
900
901
902
906
907
908
911
913
916
917
918
919
922
923
924
925
926
930
931
932
938
939
940
942
947
948
949
950
953
955
957
958
959
960
961
962
963
965
966
968
969
970
971
972
973
974
975
976
977
978
979
980
982
986
987
989
990
995
996
998
1002
1003
1004
1007
1009
1010
1011
1012
1014
1015
1017
1020
1024
1026
1030
1034
1052
1053
1054
1055
1057
1058
1060
1061
1062
1065
1067
1069
1070
1073
1074
1076
1077
1079
1081
1086
1087
1091
1092
1094
1095
1096
1097
1098
1100
1107
1108
1109
1113
1114
1115
1116
1117
1121
1124
1127
1132
1133
1136
1137
1138
1139
1144
1145
1146
1150
1152
1153
1154
1156
1157
1158
1159
1162
1166
1168
1169
1170
1171
1172
1174
1176
1179
1180
1181
1189
1190
1191
1193
1195
1196
1197
1198
1199
1201
1203
1204
1210
1212
1213
1214
1218
1221
1222
1223
1227
1230
1231
1234
1235
1236
1237
1238
1239
1241
1242
1243
1244
1245
1249
1250
1251
1252
1253
1254
1255
1257
1258
1259
1261
1264
1265
1266
1267
1269
1271
1272
1273
1274
1275
1280
1281
1282
1283
1285
1286
1287
1289
1290
1291
1292
1293
1295
1296
1298
1299
1301
1302
1303
1304
1306
1307
1314
1317
1319
1325
1326
1327
1328
1329
1330
1331
1332
1333
1335
1336
1343
1344
1345
1346
1347
1349
1352
1353
1357
1358
1359
1362
1369
1370
1371
1372
1373
1374
1379
1382
1384
1385
1386
1387
1389
1390
1392
1393
1397
1402
1403
1404
1405
1406
1407
1408
1409
1410
1411
1412
1415
1416
1419
1421
1422
1423
1424
1425
1426
1427
1428
1429
1430
1431
1432
1433
1434
1435
1436
1437
1438
1439
1441
1442
1443
1444
1445
1446
1448
1449
1451
1453
1454
1457
1459
1460
1462
1463
1467
1468
1469
1472
1473
1474
1475
1476
1477
1478
1481
1482
1483
1484
1485
1486
1487
1490
1491
1492
1493
1495
1496
1499
1502
1504
1505
1506
1507
1508
1509
1510
1515
1516
1517
1518
1519
1520
1521
1522
1524
1525
1526
1527
1528
1529
1530
1531
1532
1533
1534
1535
1536
1537
1539
1542
1543
1549
1550
1552
1554
1555
1556
1557
1558
1559
1562
1564
1565
1567
1569
1570
1572
1577
1578
1579
1580
1583
1585
1586
1588
1589
1590
1591
1592
1593
1596
1598
1601
1602
1607
1609
1613
1614
1616
1617
1618
1619
1620
1621
1622
1624
1625
1626
1628
1629
1631
1632
1633
1634
1635
1636
1637
1638
1639
1640
1641
1642
1643
1644
1646
1647
1648
1649
1650
1653
1654
1655
1656
1657
1658
1659
1660
1661
1662
1663
1664
1666
1667
1669
1670
1671
1672
1676
1677
1678
1679
1680
1681
1682
1690
1691
1695
1697
1698
1699
1700
1702
1704
1705
1706
1707
1708
1709
1712
1713
1714
1715
1716
1717
1718
1720
1722
1724
1725
1726
1728
1731
1738
1756
1768
1770
1796
1808
1809
1810
1812
1821
1824
1828
1829
1837
1838
1839
1840
1841
1842
1843
1844
1845
1846
1847
1849
1850
1852
1853
1854
1860
1861
1863
1864
1865
1866
1867
1868
1869
1870
1871
1872
1875
1886
1887
1888
1889
1890
1891
1892
1893
1894
1895
1896
1897
1898
1899
1901
1902
1903
1904
1907
1911
1913
1914
1915
1916
1917
1918
1919
1921
1922
1923
1928
1930
1931
1932
1935
1936
1937
1939
1940
1941
1943
1944
1947
1948
1949
1950
1952
1954
1955
1956
1957
1959
1960
1961
1963
1967
1969
1971
1972
1973
1975
1977
1978
1979
1980
1981
1982
1983
1984
1985
1986
1987
1988
1989
1991
1992
1993
1994
1995
1997
1998
1999
2000
2001
2005
2006
2007
2009
2010
2018
2019
2020
2021
2023
2029
2030
2031
2032
2033
2038
2039
2040
2041
2042
2043
2044
2045
2047
2049
2051
2052
2055
2056
2057
2058
2059
2060
2061
2062
2063
2064
2065
2067
2068
2069
2070
2071
2072
2073
2074
2075
2076
2078
2079
2080
2081
2082
2084
2086
2087
2088
2089
2091
2093
2094
2095
2097
2098
2099
2101
2103
2108
2109
2110
2111
2116
2117
2119
2120
2121
2122
2124
2125
2126
2127
2128
2129
2130
2131
2132
2133
2134
2135
2136
2138
2139
2140
2141
2143
2145
2147
2148
2149
2150
2154
2155
2156
2157
2162
2164
2165
2166
2167
2168
2170
2171
2172
2174
2175
2176
2181
2182
2183
2187
2188
2189
2190
2191
2192
2193
2194
2195
2196
2197
2198
2199
2201
2202
2203
2204
2206
2210
2211
2212
2215
2217
2220
2221
2226
2230
2231
2235
2236
2237
2239
2240
2241
2243
2245
2246
2247
2248
2249
2250
2251
2252
2254
2255
2256
2257
2258
2259
2261
2262
2263
2264
2265
2266
2267
2268
2269
2271
2273
2276
2277
2278
2279
2280
2281
2282
2284
2285
2286
2287
2288
2289
2290
2291
2293
2294
2295
2296
2297
2298
2299
2301
2303
2304
2308
2309
2310
2311
2312
2313
2314
2315
2316
2317
2318
2319
2322
2326
2327
2328
2329
2330
2331
2332
2333
2340
2341
2342
2343
2344
2345
2346
2348
2349
2350
2351
2352
2356
2357
2358
2360
2361
2362
2365
2366
2367
2368
2369
2371
2372
2373
2374
2375
2377
2379
2381
2383
2385
2387
2389
2390
2391
2392
2393
2394
2395
2396
2397
2399
2400
2401
2402
2403
2404
2405
2407
2408
2409
2410
2412
2424
2425
2433
2434
2436
2437
2440
2445
2453
2461
2464
2465
2467
2468
2469
2470
2474
2475
2479
2481
2485
2487
2488
2489
2494
2503
2507
2511
2526
2534
2536
2542
2548
2549
2550
2560
2563
2572
2581
2582
2608
2617
2641
2644
2648
2653
2654
2663
2665
2666
2667
2669
2671
2672
2673
2675
2676
2677
2678
2680
2681
2683
2684
2685
2687
2688
2691
2693
2695
2702
2709
2710
2713
2715
2719
2720
2736
2737
2740
2741
2742
2743
2745
2747
2748
2751
2752
2755
2756
2757
2758
2759
2760
2761
2762
2763
2764
2765
2767
2768
2774
2775
2776
2779
2782
2783
2788
2789
2791
2792
2793
2794
2795
2798
2799
2800
2804
2807
2812
2813
2814
2815
2816
2817
2818
2819
2820
2822
2824
2825
2827
2828
2829
2830
2836
2837
2838
2839
2840
2841
2844
2845
2846
2848
2850
2851
2852
2853
2855
2856
2858
2859
2860
2861
2862
2863
2865
2866
2868
2869
2872
2873
2874
2877
2878
2879
2882
2888
2890
2897
2899
2904
2906
2907
2908
2909
2910
2911
2912
2913
2915
2916
2918
2919
2920
2923
2926
2927
2928
2929
2930
2931
2932
2933
2934
2936
2937
