2635
2642
2566
2654
2678
2958
2609
2931
2855
2686
2735
2724
2911
2639
2659
2743
2680
2723
2613
2538
2681
2612
2689
2608
2637
2641
2578
2558
2736
2582
2607
2930
2914
2688
2565
2690
2936
2733
2476
2535
1843
2550
2638
2561
2950
2537
1025
188
2231
2516
2514
82
2497
2542
1852
2500
2575
198
1869
2602
1710
2529
2616
2549
421
2718
1735
2676
2682
2620
859
729
2591
2523
386
2664
1523
2751
2493
1502
1580
2669
2826
425
2661
2673
1593
1697
2513
2581
705
1851
1719
1279
427
2490
2318
1693
2237
2621
2338
437
2617
1583
2885
429
2580
1703
2907
2545
2938
2532
2747
2666
1705
1707
2610
487
2487
2618
1503
2234
1278
2756
1704
2882
2932
724
723
721
1841
1717
598
2728
2576
1706
2615
2548
2893
2731
2739
1724
2605
1833
2871
914
2791
1498
1277
1275
2569
2719
2522
590
1455
2685
2311
1700
2560
2963
1276
2599
1242
2909
2652
1461
1457
2935
1850
1459
2672
1501
726
300
2929
1460
2594
438
1479
1688
1689
2577
2483
2622
2587
2887
2524
1508
2729
2544
2646
2518
1686
787
1702
2571
2563
1832
2595
2583
727
435
2846
1222
720
1252
2498
2760
1720
2737
2658
2510
424
2243
589
2745
2645
1280
2762
213
2647
423
703
196
1391
1822
2665
704
2337
2541
2957
1839
2649
1173
1430
2547
434
1418
2875
2910
2908
2420
916
2600
1690
436
416
1509
881
1505
2554
2699
432
1581
1281
426
2668
377
2466
1133
1857
1858
2586
2170
2603
1723
1827
1592
2625
606
584
2564
2596
725
2122
1715
1716
2519
160
2453
430
2138
2172
1848
2533
2598
1254
2032
1468
1865
2800
2614
921
1785
221
1518
609
1481
2684
1737
2165
1005
1734
1456
1590
574
1511
10
428
431
2199
1836
1687
772
433
1521
2132
299
1625
933
2574
1713
2873
2332
380
518
2761
2515
1519
144
2807
1053
2630
154
1291
2236
2725
2708
1711
2840
254
1504
507
197
1926
37
32
1255
922
24
2702
2105
1718
634
1846
2717
2593
11
611
2540
1633
1829
2555
243
1500
1579
977
1712
1003
1490
2567
239
2089
467
1024
140
1499
516
953
2506
1143
2235
126
307
1969
1052
68
2775
717
27
505
538
1417
443
2572
2590
2573
25
2619
2790
949
1513
1582
69
71
1778
1244
1854
2884
2732
2839
663
2206
671
1725
1247
509
882
798
1249
2694
821
2640
1419
1443
2145
2626
1454
1377
2585
506
702
993
457
106
30
261
810
2624
137
2133
2734
186
2530
1397
1522
1239
2445
1140
1855
1828
655
293
2372
31
594
2137
2956
847
763
2177
1934
2789
2211
417
2455
1795
2897
838
333
255
2700
2662
2730
1485
1248
1736
353
650
709
2886
2801
2107
773
1072
2528
1486
161
2892
898
2029
1054
1510
1903
1238
1007
1258
2727
2698
2679
2749
792
1047
209
2742
2888
1013
1103
1367
2270
2292
2811
1376
1517
648
1997
486
2276
145
917
1627
1336
1945
666
9
2601
633
481
422
1408
2017
2750
412
375
1317
2903
2091
38
952
989
1109
1974
791
1260
843
503
252
2959
2546
1164
951
730
1318
2273
2584
580
206
1512
1146
508
954
400
1963
2520
223
12
1415
413
920
595
194
1957
1191
919
651
72
2744
1048
793
108
1338
382
1507
1483
403
759
2003
2175
2797
1669
575
1600
480
49
2759
2450
22
455
632
861
814
531
29
5
7
133
1017
199
76
1002
1102
1341
222
925
950
476
1666
376
2543
214
1864
334
231
304
585
986
240
2687
997
2143
1586
20
1145
2200
208
406
2349
1086
2401
2670
2536
1520
17
678
4
2552
693
1793
2526
1019
226
1444
831
2194
1257
474
711
2588
478
479
995
228
2220
1245
576
407
2517
668
1406
1654
649
514
1412
1905
303
216
497
189
712
842
2214
1159
1299
442
1161
415
2210
2798
820
1585
128
458
2352
1321
215
2539
1588
2527
643
1064
813
36
665
1233
837
1228
1074
103
190
358
53
811
2031
762
1794
2570
797
1487
23
728
998
1506
14
1152
886
2720
2449
2305
2309
1527
653
613
2579
230
641
90
301
1394
1184
2456
1001
2375
2463
1284
2081
107
1535
1428
305
561
1055
337
2562
326
201
279
992
2308
462
1220
1181
1349
2597
800
2877
156
388
2056
47
157
311
1790
1200
302
890
2774
549
224
2559
1901
2507
1407
33
1641
829
2849
314
192
999
185
251
61
654
652
889
217
782
805
846
2512
547
2359
523
817
1154
445
945
2336
697
900
342
887
1516
2310
109
2714
2149
114
499
2776
338
2312
56
1642
167
419
152
143
395
675
1345
1524
803
816
113
546
2713
483
1189
1492
121
1956
1061
751
101
860
1515
183
162
1482
207
1882
191
495
1050
1834
2333
799
801
804
80
236
566
1212
328
583
2169
404
1416
2090
2400
129
905
3
833
460
984
2788
1660
477
396
565
1305
2217
1891
280
557
1906
947
2704
1060
2843
1386
539
418
454
948
1436
329
530
1240
1310
1860
35
1335
2033
233
409
1059
2828
105
309
321
359
1526
2816
125
1863
180
661
1094
1887
316
2026
274
1016
1192
1362
1357
1979
2360
2847
77
1113
1350
184
461
707
835
1334
1532
253
306
357
1772
88
65
237
485
494
529
878
885
1635
1789
2300
118
331
1363
1530
1738
78
420
981
1018
1058
1237
1621
1774
1875
2315
691
1283
348
2114
2779
2901
28
204
741
761
825
870
1293
1380
1388
1544
2258
2335
131
275
355
401
510
706
716
1466
1467
1925
166
310
319
809
1124
1650
1873
2247
2294
263
308
317
411
640
1250
1968
1984
2054
2100
2259
2706
2778
2894
2900
66
67
127
265
564
639
700
906
1027
1155
1168
1273
2048
370
371
2611
1698
372
1708
271
276
2242
695
1721
1722
1699
941
1696
2787
1694
1462
722
1591
1691
1692
1458
978
2339
1729
1730
1732
1727
1728
1731
1733
1815
1577
2692
664
1801
1695
2955
1818
2103
971
970
1714
1564
195
2319
2454
2178
1576
1563
1787
181
2874
1006
1835
2174
578
2268
1567
957
960
1126
2355
607
1108
602
2794
1179
182
2266
1378
258
2868
2052
2134
384
360
958
959
8
1402
1087
964
385
504
1340
987
1820
2354
2703
54
2049
1825
2862
1569
2848
955
1333
249
2870
1907
2721
581
642
2441
2695
2115
2556
593
2655
1709
2534
2606
225
937
659
1175
2674
2060
322
1204
1219
139
692
1568
2696
2636
2027
381
1320
2482
1044
1062
2889
2896
2374
2592
2802
1587
1384
1780
2291
1046
1800
2891
378
2842
2525
2551
313
2153
256
1962
2712
994
2351
2
1263
2042
2280
672
828
220
2002
2018
2207
2752
670
1106
234
918
1153
1156
1662
1817
1955
2271
645
2080
2531
788
789
907
1265
1767
2829
97
818
1157
2151
991
1057
1325
1326
1539
2104
2250
2403
2833
1409
2274
2275
2949
6
644
646
1000
1434
1640
1792
1808
1930
1999
2240
2241
2370
2667
522
597
1215
1285
1821
2016
2059
2209
2327
2650
2912
26
86
379
845
1374
1488
1964
2850
758
826
1678
2127
2353
2362
48
122
232
696
1091
1232
2265
2508
519
608
690
884
1370
1491
1776
1831
2368
2501
2947
352
363
667
790
1031
1123
1171
1288
1312
1331
1383
1469
1537
2124
2154
2198
2328
2345
2391
2836
2869
149
527
802
1301
1304
1311
1348
1573
1574
2176
2385
2631
2701
2856
2872
2878
250
459
534
551
674
689
708
1056
1180
1209
1223
1234
1271
1400
1453
1651
1665
1766
1768
1788
1847
1870
1982
1985
2050
2171
2325
2350
2402
2857
15
34
41
70
135
138
150
155
336
475
524
525
526
533
571
582
586
662
710
770
784
785
795
796
851
853
854
858
862
927
946
1004
1034
1092
1110
1137
1166
1176
1211
1270
1290
1476
1480
1538
1540
1596
1620
1622
1624
1649
1659
1675
1763
1983
2055
2061
2168
2283
2326
2334
2361
2364
2504
2509
2521
2604
2738
2827
2944
21
46
87
141
142
242
281
330
346
361
444
453
465
599
605
656
676
688
713
731
832
836
872
956
974
979
1020
1066
1127
1130
1138
1163
1182
1268
1282
1322
1355
1364
1392
1475
1566
1584
1610
1616
1619
1741
1749
1753
1804
1959
1965
1978
1981
2019
2024
2155
2221
2257
2263
2267
2272
2282
2302
2322
2331
2346
2356
2395
2411
2413
2448
2505
2557
2568
2627
2656
2863
2933
2939
1
92
151
235
268
332
669
673
682
694
738
815
839
840
841
855
899
902
923
996
1026
1170
1185
1195
1210
1241
1253
1289
1346
1351
1358
1371
1401
1536
1643
1664
1681
1683
1777
1941
1953
1960
1975
1977
1992
1996
2007
2094
2156
2238
2304
2376
2663
2677
2766
2773
0
13
16
18
19
39
40
42
43
44
45
50
51
52
55
57
58
59
60
62
63
64
73
74
75
79
81
83
84
85
89
91
93
94
95
96
98
99
100
102
104
110
111
112
115
116
117
119
120
123
124
130
132
134
136
146
147
148
153
158
159
163
164
165
168
169
170
171
172
173
174
175
176
177
178
179
187
193
200
202
203
205
210
211
212
218
219
227
229
238
241
244
245
246
247
248
257
259
260
262
264
266
267
269
270
272
273
277
278
282
283
284
285
286
287
288
289
290
291
292
294
295
296
297
298
312
315
318
320
323
324
325
327
335
339
340
341
343
344
345
347
349
350
351
354
356
362
364
365
366
367
368
369
373
374
383
387
389
390
391
392
393
394
397
398
399
402
405
408
410
414
439
440
441
446
447
448
449
450
451
452
456
463
464
466
468
469
470
471
472
473
482
484
488
489
490
491
492
493
496
498
500
501
502
511
512
513
515
517
520
521
528
532
535
536
537
540
541
542
543
544
545
548
550
552
553
554
555
556
558
559
560
562
563
567
568
569
570
572
573
577
579
587
588
591
592
596
600
601
603
604
610
612
614
615
616
617
618
619
620
621
622
623
624
625
626
627
628
629
630
631
635
636
637
638
647
657
658
660
677
679
680
681
683
684
685
686
687
698
699
701
714
715
718
719
732
733
734
735
736
737
739
740
742
743
744
745
746
747
748
749
750
752
753
754
755
756
757
760
764
765
766
767
768
769
771
774
775
776
777
778
779
780
781
783
786
794
806
807
808
812
819
822
823
824
827
830
834
844
848
849
850
852
856
857
863
864
865
866
867
868
869
871
873
874
875
876
877
879
880
883
888
891
892
893
894
895
896
897
901
903
904
908
909
910
911
912
913
915
924
926
928
929
930
931
932
934
935
936
938
939
940
942
943
944
961
962
963
965
966
967
968
969
972
973
975
976
980
982
983
985
988
990
1008
1009
1010
1011
1012
1014
1015
1021
1022
1023
1028
1029
1030
1032
1033
1035
1036
1037
1038
1039
1040
1041
1042
1043
1045
1049
1051
1063
1065
1067
1068
1069
1070
1071
1073
1075
1076
1077
1078
1079
1080
1081
1082
1083
1084
1085
1088
1089
1090
1093
1095
1096
1097
1098
1099
1100
1101
1104
1105
1107
1111
1112
1114
1115
1116
1117
1118
1119
1120
1121
1122
1125
1128
1129
1131
1132
1134
1135
1136
1139
1141
1142
1144
1147
1148
1149
1150
1151
1158
1160
1162
1165
1167
1169
1172
1174
1177
1178
1183
1186
1187
1188
1190
1193
1194
1196
1197
1198
1199
1201
1202
1203
1205
1206
1207
1208
1213
1214
1216
1217
1218
1221
1224
1225
1226
1227
1229
1230
1231
1235
1236
1243
1246
1251
1256
1259
1261
1262
1264
1266
1267
1269
1272
1274
1286
1287
1292
1294
1295
1296
1297
1298
1300
1302
1303
1306
1307
1308
1309
1313
1314
1315
1316
1319
1323
1324
1327
1328
1329
1330
1332
1337
1339
1342
1343
1344
1347
1352
1353
1354
1356
1359
1360
1361
1365
1366
1368
1369
1372
1373
1375
1379
1381
1382
1385
1387
1389
1390
1393
1395
1396
1398
1399
1403
1404
1405
1410
1411
1413
1414
1420
1421
1422
1423
1424
1425
1426
1427
1429
1431
1432
1433
1435
1437
1438
1439
1440
1441
1442
1445
1446
1447
1448
1449
1450
1451
1452
1463
1464
1465
1470
1471
1472
1473
1474
1477
1478
1484
1489
1493
1494
1495
1496
1497
1514
1525
1528
1529
1531
1533
1534
1541
1542
1543
1545
1546
1547
1548
1549
1550
1551
1552
1553
1554
1555
1556
1557
1558
1559
1560
1561
1562
1565
1570
1571
1572
1575
1578
1589
1594
1595
1597
1598
1599
1601
1602
1603
1604
1605
1606
1607
1608
1609
1611
1612
1613
1614
1615
1617
1618
1623
1626
1628
1629
1630
1631
1632
1634
1636
1637
1638
1639
1644
1645
1646
1647
1648
1652
1653
1655
1656
1657
1658
1661
1663
1667
1668
1670
1671
1672
1673
1674
1676
1677
1679
1680
1682
1684
1685
1701
1726
1739
1740
1742
1743
1744
1745
1746
1747
1748
1750
1751
1752
1754
1755
1756
1757
1758
1759
1760
1761
1762
1764
1765
1769
1770
1771
1773
1775
1779
1781
1782
1783
1784
1786
1791
1796
1797
1798
1799
1802
1803
1805
1806
1807
1809
1810
1811
1812
1813
1814
1816
1819
1823
1824
1826
1830
1837
1838
1840
1842
1844
1845
1849
1853
1856
1859
1861
1862
1866
1867
1868
1871
1872
1874
1876
1877
1878
1879
1880
1881
1883
1884
1885
1886
1888
1889
1890
1892
1893
1894
1895
1896
1897
1898
1899
1900
1902
1904
1908
1909
1910
1911
1912
1913
1914
1915
1916
1917
1918
1919
1920
1921
1922
1923
1924
1927
1928
1929
1931
1932
1933
1935
1936
1937
1938
1939
1940
1942
1943
1944
1946
1947
1948
1949
1950
1951
1952
1954
1958
1961
1966
1967
1970
1971
1972
1973
1976
1980
1986
1987
1988
1989
1990
1991
1993
1994
1995
1998
2000
2001
2004
2005
2006
2008
2009
2010
2011
2012
2013
2014
2015
2020
2021
2022
2023
2025
2028
2030
2034
2035
2036
2037
2038
2039
2040
2041
2043
2044
2045
2046
2047
2051
2053
2057
2058
2062
2063
2064
2065
2066
2067
2068
2069
2070
2071
2072
2073
2074
2075
2076
2077
2078
2079
2082
2083
2084
2085
2086
2087
2088
2092
2093
2095
2096
2097
2098
2099
2101
2102
2106
2108
2109
2110
2111
2112
2113
2116
2117
2118
2119
2120
2121
2123
2125
2126
2128
2129
2130
2131
2135
2136
2139
2140
2141
2142
2144
2146
2147
2148
2150
2152
2157
2158
2159
2160
2161
2162
2163
2164
2166
2167
2173
2179
2180
2181
2182
2183
2184
2185
2186
2187
2188
2189
2190
2191
2192
2193
2195
2196
2197
2201
2202
2203
2204
2205
2208
2212
2213
2215
2216
2218
2219
2222
2223
2224
2225
2226
2227
2228
2229
2230
2232
2233
2239
2244
2245
2246
2248
2249
2251
2252
2253
2254
2255
2256
2260
2261
2262
2264
2269
2277
2278
2279
2281
2284
2285
2286
2287
2288
2289
2290
2293
2295
2296
2297
2298
2299
2301
2303
2306
2307
2313
2314
2316
2317
2320
2321
2323
2324
2329
2330
2340
2341
2342
2343
2344
2347
2348
2357
2358
2363
2365
2366
2367
2369
2371
2373
2377
2378
2379
2380
2381
2382
2383
2384
2386
2387
2388
2389
2390
2392
2393
2394
2396
2397
2398
2399
2404
2405
2406
2407
2408
2409
2410
2412
2414
2415
2416
2417
2418
2419
2421
2422
2423
2424
2425
2426
2427
2428
2429
2430
2431
2432
2433
2434
2435
2436
2437
2438
2439
2440
2442
2443
2444
2446
2447
2451
2452
2457
2458
2459
2460
2461
2462
2464
2465
2467
2468
2469
2470
2471
2472
2473
2474
2475
2477
2478
2479
2480
2481
2484
2485
2486
2488
2489
2491
2492
2494
2495
2496
2499
2502
2503
2511
2553
2589
2623
2628
2629
2632
2633
2634
2643
2644
2648
2651
2653
2657
2660
2671
2675
2683
2691
2693
2697
2705
2707
2709
2710
2711
2715
2716
2722
2726
2740
2741
2746
2748
2753
2754
2755
2757
2758
2763
2764
2765
2767
2768
2769
2770
2771
2772
2777
2780
2781
2782
2783
2784
2785
2786
2792
2793
2795
2796
2799
2803
2804
2805
2806
2808
2809
2810
2812
2813
2814
2815
2817
2818
2819
2820
2821
2822
2823
2824
2825
2830
2831
2832
2834
2835
2837
2838
2841
2844
2845
2851
2852
2853
2854
2858
2859
2860
2861
2864
2865
2866
2867
2876
2879
2880
2881
2883
2890
2895
2898
2899
2902
2904
2905
2906
2913
2915
2916
2917
2918
2919
2920
2921
2922
2923
2924
2925
2926
2927
2928
2934
2937
2940
2941
2942
2943
2945
2946
2948
2951
2952
2953
2954
2960
2961
2962
2964
