2667
2723
2945
2917
2603
2543
2944
2416
1386
2885
2961
2890
2649
865
2873
2708
2984
2941
1779
2919
2916
1622
1637
2572
405
406
2869
2652
401
2982
357
2718
254
2653
2623
2068
540
2643
2546
183
1067
440
2103
2598
301
255
267
2338
2976
2566
2581
2700
2724
2663
2553
2529
2238
2475
2940
272
2483
299
2665
834
2648
2570
2424
2577
2610
376
302
2659
2662
2552
2694
1593
2741
2651
2920
2576
2664
2644
2606
1149
2456
2452
320
2614
2631
2431
2963
334
2532
473
1829
1103
2578
2632
340
315
510
2689
335
471
331
339
2654
2510
2470
2515
1528
2423
2446
2538
521
2607
2066
867
2569
2584
333
2655
2658
2622
2474
1598
2496
2707
2590
2486
16
2589
2692
362
2624
1517
2640
2695
2588
2355
1495
2436
12
2613
2611
122
794
2604
2511
2500
2609
2551
2669
206
2641
597
43
2557
442
2459
2440
2638
2493
2522
2472
2645
2484
2561
297
2712
262
441
2687
882
2442
2434
617
779
2508
294
409
2422
2559
765
350
2545
269
2884
2151
2415
353
1880
514
788
2488
136
1824
714
2556
2710
264
1060
763
2630
32
2516
2661
2454
2599
768
2587
2660
149
2742
2691
753
2635
2629
2464
2703
2814
266
345
2209
38
2489
203
1311
2601
2023
360
151
2627
711
2476
2335
2460
574
2555
783
781
137
600
2487
715
2693
423
121
2152
519
2923
608
2264
342
259
855
773
159
182
10
2688
1588
1592
2605
2608
2575
2531
2530
754
539
2517
336
1375
1144
46
9
2586
2520
341
1801
193
1805
1810
1812
1838
2639
833
349
2573
663
2497
2616
844
260
2583
2336
2265
275
2574
1664
89
691
2503
459
95
2600
900
780
147
2027
469
2526
2737
723
1891
1244
717
66
920
1814
1544
701
2582
1893
2970
13
713
2234
552
215
2567
2899
146
939
382
337
398
2378
220
1872
2619
2595
554
2634
2642
2221
1751
145
444
1804
177
1273
1585
2558
2592
2915
263
712
2429
2709
466
2025
188
84
1180
2966
1322
1414
475
153
285
2565
2001
2439
2637
2684
1458
1054
1799
2975
1239
2844
1256
670
1590
1120
669
2371
414
2039
2672
2704
676
194
1027
258
2571
545
226
19
303
470
2602
2593
2235
1121
1428
2337
755
840
356
548
2367
2594
619
2451
292
131
2005
2715
141
2633
1441
2205
2818
2680
70
22
190
657
313
2498
1285
1604
1825
2512
2794
1408
87
1750
2636
415
622
1554
412
462
8
1852
2093
873
1338
1312
56
2128
2524
2045
1591
2717
173
1504
1696
219
1066
34
722
185
496
814
2495
314
2560
261
361
1875
307
460
216
1192
1366
1655
2519
347
1897
586
321
1851
257
728
2173
2018
110
845
1419
759
1051
1465
2007
846
1267
2340
2282
408
2145
447
233
224
727
1482
1282
402
239
1576
2618
601
2554
2425
2491
2518
457
1111
2802
2462
2030
2596
1065
1543
1861
2257
2514
211
835
2612
2564
752
587
2931
2563
639
919
681
874
1356
1826
1429
581
1672
2788
1184
132
2296
627
2701
7
1651
2050
94
2674
2702
448
2698
1461
2705
2528
179
2681
450
150
505
731
1308
1073
618
1542
144
2407
2447
652
152
1477
1301
2716
2675
2711
1337
393
651
1602
2668
1177
490
650
2490
764
39
621
4
655
1320
14
553
774
1223
2047
812
1536
638
458
609
1245
1082
72
128
560
1725
1358
474
1942
2048
674
24
757
2494
467
623
931
2719
1876
2150
2177
20
71
2058
481
1808
2948
1447
427
2230
40
620
1302
2925
317
580
2435
41
2485
464
180
178
635
108
130
588
17
1081
2040
1262
2311
1502
2261
1277
1434
62
100
192
338
223
686
2419
436
892
195
942
1112
1249
1365
1390
2727
2962
585
1550
23
207
2540
690
2078
160
2547
21
158
716
741
887
1480
2421
2713
2886
148
2444
2455
381
792
494
1140
2625
1575
2441
98
102
1671
2617
171
1145
2650
434
2979
63
86
1691
2186
2686
227
366
648
2657
1212
327
424
614
1409
1433
2022
2076
214
310
615
704
847
2842
85
323
432
477
1376
1584
2477
316
584
817
2722
693
2461
2914
2973
2443
816
51
99
495
692
1483
2003
2958
1138
2562
2580
113
543
936
1721
1871
2478
176
566
1098
2111
2420
2535
212
443
603
1479
2241
2275
915
1306
2685
0
191
202
1183
2021
3
547
633
687
688
935
937
2046
689
35
485
498
616
1918
189
445
598
607
637
851
1143
1743
2176
2222
101
243
433
456
493
550
703
1391
1392
1393
2305
911
910
1093
2192
355
912
786
793
1355
1347
512
1541
523
2803
2356
511
1188
373
348
1698
2194
1094
1170
2017
2291
2828
184
367
1113
2219
387
1837
785
2927
2026
265
354
1616
386
2870
1186
1802
374
1890
2210
1648
1115
2366
2368
2121
2740
1003
529
363
1216
787
784
1839
526
2357
2237
271
1114
2872
1246
1828
2239
1806
2871
385
2359
1589
724
1800
1811
2268
65
276
1689
524
2810
2142
710
719
2314
364
369
1116
225
927
282
296
2232
2392
721
2064
1998
343
344
528
2390
2217
2411
1803
104
2208
1361
1050
2236
2365
726
1055
2089
1369
2820
1002
1269
1881
1099
1291
281
903
2817
2159
2168
520
277
287
2212
869
465
756
2211
2862
777
868
761
1677
280
1259
2861
2160
2216
2673
372
1362
1649
1798
1889
876
877
881
1809
778
2755
626
854
883
1418
451
888
1411
1621
2196
2773
1133
558
1275
305
411
2082
2083
2148
2348
2819
1238
2207
322
1448
2185
352
525
2105
2157
1758
1980
2369
134
921
1883
2901
501
1310
1551
1552
1557
775
675
61
358
517
559
1413
186
368
1030
1281
2902
568
1553
1309
1466
365
736
1959
2670
240
1545
1548
2138
154
575
718
870
1119
1258
1539
1603
1993
2270
2271
2272
791
862
878
1095
2183
1087
1682
1683
1912
1958
1960
286
1470
96
228
399
771
1537
1827
2240
2881
351
371
662
766
946
1187
1420
1652
1841
1842
2204
2405
93
143
370
577
725
743
1117
1377
1660
1741
1840
1857
157
410
1546
1850
1932
2051
2396
2397
2765
2880
161
279
468
533
823
943
944
1464
1525
1556
1793
1795
1836
1856
2144
125
583
611
656
707
795
815
1125
1547
1559
1705
1969
2278
2579
2840
2959
2964
2987
2988
283
384
400
760
864
1222
1431
1485
1815
1878
1925
2509
2738
2739
2972
11
222
394
557
641
647
673
1086
1242
1294
1321
1394
1636
1693
2141
2391
2759
2883
2897
129
174
199
256
319
359
439
492
513
522
527
536
537
546
551
610
636
720
872
889
891
906
907
995
1100
1124
1250
1276
1292
1295
1296
1353
1368
1422
1475
1513
1532
1569
1594
1892
2016
2140
2174
2188
2273
2276
2339
2379
2380
2384
2385
2626
2647
2921
114
181
205
210
231
236
242
268
278
295
395
435
437
535
604
654
848
945
1104
1252
1266
1367
1379
1668
1730
1770
1796
1807
1830
1831
1833
1846
2000
2006
2024
2049
2055
2129
2233
2266
2269
2277
2370
2389
2699
2728
2766
2777
2778
2851
2876
2882
2900
2983
2985
26
197
200
253
318
564
582
590
645
646
740
820
839
1062
1118
1162
1164
1199
1224
1313
1364
1371
1395
1580
1597
1605
1821
1867
2035
2090
2147
2167
2591
2621
2678
2978
1
2
5
6
15
18
25
27
28
29
30
31
33
36
37
42
44
45
47
48
49
50
52
53
54
55
57
58
59
60
64
67
68
69
73
74
75
76
77
78
79
80
81
82
83
88
90
91
92
97
103
105
106
107
109
111
112
115
116
117
118
119
120
123
124
126
127
133
135
138
139
140
142
155
156
162
163
164
165
166
167
168
169
170
172
175
187
196
198
201
204
208
209
213
217
218
221
229
230
232
234
235
237
238
241
244
245
246
247
248
249
250
251
252
270
273
274
284
288
289
290
291
293
298
300
304
306
308
309
311
312
324
325
326
328
329
330
332
346
375
377
378
379
380
383
388
389
390
391
392
396
397
403
404
407
413
416
417
418
419
420
421
422
425
426
428
429
430
431
438
446
449
452
453
454
455
461
463
472
476
478
479
480
482
483
484
486
487
488
489
491
497
499
500
502
503
504
506
507
508
509
515
516
518
530
531
532
534
538
541
542
544
549
555
556
561
562
563
565
567
569
570
571
572
573
576
578
579
589
591
592
593
594
595
596
599
602
605
606
612
613
624
625
628
629
630
631
632
634
640
642
643
644
649
653
658
659
660
661
664
665
666
667
668
671
672
677
678
679
680
682
683
684
685
694
695
696
697
698
699
700
702
705
706
708
709
729
730
732
733
734
735
737
738
739
742
744
745
746
747
748
749
750
751
758
762
767
769
770
772
776
782
789
790
796
797
798
799
800
801
802
803
804
805
806
807
808
809
810
811
813
818
819
821
822
824
825
826
827
828
829
830
831
832
836
837
838
841
842
843
849
850
852
853
856
857
858
859
860
861
863
866
871
875
879
880
884
885
886
890
893
894
895
896
897
898
899
901
902
904
905
908
909
913
914
916
917
918
922
923
924
925
926
928
929
930
932
933
934
938
940
941
947
948
949
950
951
952
953
954
955
956
957
958
959
960
961
962
963
964
965
966
967
968
969
970
971
972
973
974
975
976
977
978
979
980
981
982
983
984
985
986
987
988
989
990
991
992
993
994
996
997
998
999
1000
1001
1004
1005
1006
1007
1008
1009
1010
1011
1012
1013
1014
1015
1016
1017
1018
1019
1020
1021
1022
1023
1024
1025
1026
1028
1029
1031
1032
1033
1034
1035
1036
1037
1038
1039
1040
1041
1042
1043
1044
1045
1046
1047
1048
1049
1052
1053
1056
1057
1058
1059
1061
1063
1064
1068
1069
1070
1071
1072
1074
1075
1076
1077
1078
1079
1080
1083
1084
1085
1088
1089
1090
1091
1092
1096
1097
1101
1102
1105
1106
1107
1108
1109
1110
1122
1123
1126
1127
1128
1129
1130
1131
1132
1134
1135
1136
1137
1139
1141
1142
1146
1147
1148
1150
1151
1152
1153
1154
1155
1156
1157
1158
1159
1160
1161
1163
1165
1166
1167
1168
1169
1171
1172
1173
1174
1175
1176
1178
1179
1181
1182
1185
1189
1190
1191
1193
1194
1195
1196
1197
1198
1200
1201
1202
1203
1204
1205
1206
1207
1208
1209
1210
1211
1213
1214
1215
1217
1218
1219
1220
1221
1225
1226
1227
1228
1229
1230
1231
1232
1233
1234
1235
1236
1237
1240
1241
1243
1247
1248
1251
1253
1254
1255
1257
1260
1261
1263
1264
1265
1268
1270
1271
1272
1274
1278
1279
1280
1283
1284
1286
1287
1288
1289
1290
1293
1297
1298
1299
1300
1303
1304
1305
1307
1314
1315
1316
1317
1318
1319
1323
1324
1325
1326
1327
1328
1329
1330
1331
1332
1333
1334
1335
1336
1339
1340
1341
1342
1343
1344
1345
1346
1348
1349
1350
1351
1352
1354
1357
1359
1360
1363
1370
1372
1373
1374
1378
1380
1381
1382
1383
1384
1385
1387
1388
1389
1396
1397
1398
1399
1400
1401
1402
1403
1404
1405
1406
1407
1410
1412
1415
1416
1417
1421
1423
1424
1425
1426
1427
1430
1432
1435
1436
1437
1438
1439
1440
1442
1443
1444
1445
1446
1449
1450
1451
1452
1453
1454
1455
1456
1457
1459
1460
1462
1463
1467
1468
1469
1471
1472
1473
1474
1476
1478
1481
1484
1486
1487
1488
1489
1490
1491
1492
1493
1494
1496
1497
1498
1499
1500
1501
1503
1505
1506
1507
1508
1509
1510
1511
1512
1514
1515
1516
1518
1519
1520
1521
1522
1523
1524
1526
1527
1529
1530
1531
1533
1534
1535
1538
1540
1549
1555
1558
1560
1561
1562
1563
1564
1565
1566
1567
1568
1570
1571
1572
1573
1574
1577
1578
1579
1581
1582
1583
1586
1587
1595
1596
1599
1600
1601
1606
1607
1608
1609
1610
1611
1612
1613
1614
1615
1617
1618
1619
1620
1623
1624
1625
1626
1627
1628
1629
1630
1631
1632
1633
1634
1635
1638
1639
1640
1641
1642
1643
1644
1645
1646
1647
1650
1653
1654
1656
1657
1658
1659
1661
1662
1663
1665
1666
1667
1669
1670
1673
1674
1675
1676
1678
1679
1680
1681
1684
1685
1686
1687
1688
1690
1692
1694
1695
1697
1699
1700
1701
1702
1703
1704
1706
1707
1708
1709
1710
1711
1712
1713
1714
1715
1716
1717
1718
1719
1720
1722
1723
1724
1726
1727
1728
1729
1731
1732
1733
1734
1735
1736
1737
1738
1739
1740
1742
1744
1745
1746
1747
1748
1749
1752
1753
1754
1755
1756
1757
1759
1760
1761
1762
1763
1764
1765
1766
1767
1768
1769
1771
1772
1773
1774
1775
1776
1777
1778
1780
1781
1782
1783
1784
1785
1786
1787
1788
1789
1790
1791
1792
1794
1797
1813
1816
1817
1818
1819
1820
1822
1823
1832
1834
1835
1843
1844
1845
1847
1848
1849
1853
1854
1855
1858
1859
1860
1862
1863
1864
1865
1866
1868
1869
1870
1873
1874
1877
1879
1882
1884
1885
1886
1887
1888
1894
1895
1896
1898
1899
1900
1901
1902
1903
1904
1905
1906
1907
1908
1909
1910
1911
1913
1914
1915
1916
1917
1919
1920
1921
1922
1923
1924
1926
1927
1928
1929
1930
1931
1933
1934
1935
1936
1937
1938
1939
1940
1941
1943
1944
1945
1946
1947
1948
1949
1950
1951
1952
1953
1954
1955
1956
1957
1961
1962
1963
1964
1965
1966
1967
1968
1970
1971
1972
1973
1974
1975
1976
1977
1978
1979
1981
1982
1983
1984
1985
1986
1987
1988
1989
1990
1991
1992
1994
1995
1996
1997
1999
2002
2004
2008
2009
2010
2011
2012
2013
2014
2015
2019
2020
2028
2029
2031
2032
2033
2034
2036
2037
2038
2041
2042
2043
2044
2052
2053
2054
2056
2057
2059
2060
2061
2062
2063
2065
2067
2069
2070
2071
2072
2073
2074
2075
2077
2079
2080
2081
2084
2085
2086
2087
2088
2091
2092
2094
2095
2096
2097
2098
2099
2100
2101
2102
2104
2106
2107
2108
2109
2110
2112
2113
2114
2115
2116
2117
2118
2119
2120
2122
2123
2124
2125
2126
2127
2130
2131
2132
2133
2134
2135
2136
2137
2139
2143
2146
2149
2153
2154
2155
2156
2158
2161
2162
2163
2164
2165
2166
2169
2170
2171
2172
2175
2178
2179
2180
2181
2182
2184
2187
2189
2190
2191
2193
2195
2197
2198
2199
2200
2201
2202
2203
2206
2213
2214
2215
2218
2220
2223
2224
2225
2226
2227
2228
2229
2231
2242
2243
2244
2245
2246
2247
2248
2249
2250
2251
2252
2253
2254
2255
2256
2258
2259
2260
2262
2263
2267
2274
2279
2280
2281
2283
2284
2285
2286
2287
2288
2289
2290
2292
2293
2294
2295
2297
2298
2299
2300
2301
2302
2303
2304
2306
2307
2308
2309
2310
2312
2313
2315
2316
2317
2318
2319
2320
2321
2322
2323
2324
2325
2326
2327
2328
2329
2330
2331
2332
2333
2334
2341
2342
2343
2344
2345
2346
2347
2349
2350
2351
2352
2353
2354
2358
2360
2361
2362
2363
2364
2372
2373
2374
2375
2376
2377
2381
2382
2383
2386
2387
2388
2393
2394
2395
2398
2399
2400
2401
2402
2403
2404
2406
2408
2409
2410
2412
2413
2414
2417
2418
2426
2427
2428
2430
2432
2433
2437
2438
2445
2448
2449
2450
2453
2457
2458
2463
2465
2466
2467
2468
2469
2471
2473
2479
2480
2481
2482
2492
2499
2501
2502
2504
2505
2506
2507
2513
2521
2523
2525
2527
2533
2534
2536
2537
2539
2541
2542
2544
2548
2549
2550
2568
2585
2597
2615
2620
2628
2646
2656
2666
2671
2676
2677
2679
2682
2683
2690
2696
2697
2706
2714
2720
2721
2725
2726
2729
2730
2731
2732
2733
2734
2735
2736
2743
2744
2745
2746
2747
2748
2749
2750
2751
2752
2753
2754
2756
2757
2758
2760
2761
2762
2763
2764
2767
2768
2769
2770
2771
2772
2774
2775
2776
2779
2780
2781
2782
2783
2784
2785
2786
2787
2789
2790
2791
2792
2793
2795
2796
2797
2798
2799
2800
2801
2804
2805
2806
2807
2808
2809
2811
2812
2813
2815
2816
2821
2822
2823
2824
2825
2826
2827
2829
2830
2831
2832
2833
2834
2835
2836
2837
2838
2839
2841
2843
2845
2846
2847
2848
2849
2850
2852
2853
2854
2855
2856
2857
2858
2859
2860
2863
2864
2865
2866
2867
2868
2874
2875
2877
2878
2879
2887
2888
2889
2891
2892
2893
2894
2895
2896
2898
2903
2904
2905
2906
2907
2908
2909
2910
2911
2912
2913
2918
2922
2924
2926
2928
2929
2930
2932
2933
2934
2935
2936
2937
2938
2939
2942
2943
2946
2947
2949
2950
2951
2952
2953
2954
2955
2956
2957
2960
2965
2967
2968
2969
2971
2974
2977
2980
2981
2986
