763
1047
1022
1027
1016
1051
1061
762
1017
760
1054
1018
1026
1600
1053
1044
1025
1078
1042
1070
1036
1049
1088
1060
824
1031
32
685
1024
1050
686
854
1033
835
1046
494
1021
1045
559
764
1023
1019
1071
1093
1040
1107
1030
752
837
840
1028
829
753
1104
60
1645
1052
1105
1084
96
1234
964
687
832
1100
1128
483
627
465
28
1222
976
1082
1184
969
92
504
1029
500
1085
1099
688
568
595
953
839
820
561
287
848
61
965
439
1089
413
158
845
841
1101
382
821
1281
565
1208
1041
962
398
91
113
1059
1075
401
1103
958
621
463
1091
555
196
114
1140
1102
293
963
542
406
1079
462
553
474
862
208
256
525
415
946
852
1073
836
1755
1413
1139
40
475
59
1034
62
1095
142
1153
1098
543
1327
224
566
1156
557
734
314
25
1074
1648
945
409
37
479
583
1200
209
174
1316
844
977
1043
1048
1005
959
558
518
947
989
1032
201
370
526
315
111
1149
1214
974
464
136
509
478
435
98
334
251
394
512
541
1114
265
378
1318
629
594
1297
770
252
328
888
167
523
630
849
204
488
496
178
380
1141
128
259
125
171
1199
569
14
190
381
393
1671
352
303
550
266
570
607
15
712
237
498
499
397
384
445
109
195
909
1159
446
164
620
70
391
1650
584
310
291
655
122
159
301
383
154
286
1204
991
115
1315
1646
75
1740
651
1209
39
1400
487
102
761
307
1425
192
396
1136
511
1762
179
544
1150
579
633
1072
1714
308
540
120
100
538
126
900
108
243
288
737
1319
564
786
392
603
81
261
267
495
653
1062
79
183
424
586
1152
254
313
253
180
127
12
264
184
97
578
1419
26
141
298
601
312
877
1171
44
340
784
219
1271
322
1210
4
186
443
489
45
639
879
205
497
357
1815
1698
1705
1563
1595
1726
1471
1802
1470
1569
1750
1776
1542
1813
1795
1519
1787
1830
1626
1614
1814
1576
1579
1701
1580
930
1746
1535
1607
1534
1590
1539
1487
1567
1766
1806
1529
1431
1822
1502
1627
1511
1582
1570
1829
1523
1451
1547
1709
1708
1509
1803
1560
1774
1525
1826
1447
1532
1545
1492
1575
1751
1775
1481
1538
1725
1513
1724
1521
1769
1495
1500
1550
1578
1584
1522
1805
1464
1517
1566
1516
1597
1810
1530
1831
1540
1730
926
1501
1611
1623
1559
1797
1788
1777
928
1728
1504
1707
1729
1745
1618
1557
1811
1460
1752
1436
1094
822
1721
1508
1556
846
1544
1588
1753
1824
1466
1548
1622
1743
1801
1515
857
1463
1617
1455
1773
1771
1465
1087
1780
1767
1474
1587
1768
1718
1819
1593
825
1796
1609
1619
1606
1458
1823
1484
1571
1605
1616
1833
933
859
1489
1528
1092
1498
1488
1594
1461
1080
1546
1472
1695
1475
1549
1512
1624
1770
1483
1527
1537
1083
1533
1493
823
861
1444
1581
1625
1510
1518
1554
1591
1446
1710
1603
562
1613
1490
1494
1462
1552
1573
1485
864
1520
1524
1499
1583
1077
1808
1453
967
1577
1468
1514
954
961
1491
1479
1476
1503
1586
1142
1507
411
1621
1732
239
1572
755
345
347
1477
1809
1478
735
1551
386
1531
1596
1427
1486
428
410
416
826
970
1055
1056
1057
343
379
853
1450
847
554
202
827
650
654
656
657
1454
1168
1827
1505
715
1799
867
1069
1711
412
1398
644
1741
95
403
1401
838
414
884
1473
292
652
698
1115
238
1812
1440
982
999
577
1620
1457
1480
330
429
521
716
830
831
833
863
1428
1536
530
1402
563
906
886
995
1553
1592
834
444
1135
519
520
522
1772
1783
539
567
69
375
1668
1700
587
699
1301
1555
427
693
722
170
1438
1218
1320
692
349
354
451
1541
1717
1765
459
510
787
789
791
938
43
117
318
608
731
782
1228
1589
333
580
1644
1
72
94
124
1219
1437
1703
387
1742
181
1326
63
64
351
353
355
604
828
860
865
936
957
960
966
968
978
1124
1628
49
493
937
165
260
374
713
785
1295
1377
1807
99
151
484
556
1035
1037
1138
1174
1190
1299
1335
1336
1415
1723
46
110
295
331
371
372
423
667
858
1137
1631
57
152
628
754
892
1117
1647
157
407
408
638
676
726
796
856
874
931
932
1273
1302
1328
1412
1526
1612
1615
1663
1702
1789
38
55
182
211
247
271
377
524
1058
1238
1405
1568
86
112
263
269
447
448
449
454
513
605
672
934
1675
17
116
262
339
442
456
515
517
700
798
800
808
872
998
1278
1404
13
29
30
31
33
34
149
162
166
168
172
206
215
223
257
278
284
290
294
311
344
359
376
437
455
508
527
590
593
599
765
780
806
807
809
810
811
816
873
902
903
1004
1020
1109
1167
1179
1370
1467
1602
1665
1712
16
35
56
66
71
104
107
119
131
132
133
134
139
140
143
147
148
175
240
246
268
270
272
277
279
302
305
319
363
390
438
452
453
505
516
534
575
591
606
622
637
659
717
795
812
890
891
893
897
898
910
914
927
979
983
1000
1064
1067
1110
1112
1113
1145
1146
1147
1148
1175
1205
1279
1288
1294
1313
1325
1332
1340
1355
1363
1365
1367
1368
1369
1388
1391
1426
1430
1443
1543
1630
1680
1694
1782
76
101
173
177
185
188
193
197
200
203
207
255
258
304
385
422
457
460
506
528
681
724
790
889
904
918
992
1063
1065
1236
1392
1393
1395
1482
1659
1683
1692
1737
1764
0
2
3
5
6
7
8
9
10
11
18
19
20
21
22
23
24
27
36
41
42
47
48
50
51
52
53
54
58
65
67
68
73
74
77
78
80
82
83
84
85
87
88
89
90
93
103
105
106
118
121
123
129
130
135
137
138
144
145
146
150
153
155
156
160
161
163
169
176
187
189
191
194
198
199
210
212
213
214
216
217
218
220
221
222
225
226
227
228
229
230
231
232
233
234
235
236
241
242
244
245
248
249
250
273
274
275
276
280
281
282
283
285
289
296
297
299
300
306
309
316
317
320
321
323
324
325
326
327
329
332
335
336
337
338
341
342
346
348
350
356
358
360
361
362
364
365
366
367
368
369
373
388
389
395
399
400
402
404
405
417
418
419
420
421
425
426
430
431
432
433
434
436
440
441
450
458
461
466
467
468
469
470
471
472
473
476
477
480
481
482
485
486
490
491
492
501
502
503
507
514
529
531
532
533
535
536
537
545
546
547
548
549
551
552
560
571
572
573
574
576
581
582
585
588
589
592
596
597
598
600
602
609
610
611
612
613
614
615
616
617
618
619
623
624
625
626
631
632
634
635
636
640
641
642
643
645
646
647
648
649
658
660
661
662
663
664
665
666
668
669
670
671
673
674
675
677
678
679
680
682
683
684
689
690
691
694
695
696
697
701
702
703
704
705
706
707
708
709
710
711
714
718
719
720
721
723
725
727
728
729
730
732
733
736
738
739
740
741
742
743
744
745
746
747
748
749
750
751
756
757
758
759
766
767
768
769
771
772
773
774
775
776
777
778
779
781
783
788
792
793
794
797
799
801
802
803
804
805
813
814
815
817
818
819
842
843
850
851
855
866
868
869
870
871
875
876
878
880
881
882
883
885
887
894
895
896
899
901
905
907
908
911
912
913
915
916
917
919
920
921
922
923
924
925
929
935
939
940
941
942
943
944
948
949
950
951
952
955
956
971
972
973
975
980
981
984
985
986
987
988
990
993
994
996
997
1001
1002
1003
1006
1007
1008
1009
1010
1011
1012
1013
1014
1015
1038
1039
1066
1068
1076
1081
1086
1090
1096
1097
1106
1108
1111
1116
1118
1119
1120
1121
1122
1123
1125
1126
1127
1129
1130
1131
1132
1133
1134
1143
1144
1151
1154
1155
1157
1158
1160
1161
1162
1163
1164
1165
1166
1169
1170
1172
1173
1176
1177
1178
1180
1181
1182
1183
1185
1186
1187
1188
1189
1191
1192
1193
1194
1195
1196
1197
1198
1201
1202
1203
1206
1207
1211
1212
1213
1215
1216
1217
1220
1221
1223
1224
1225
1226
1227
1229
1230
1231
1232
1233
1235
1237
1239
1240
1241
1242
1243
1244
1245
1246
1247
1248
1249
1250
1251
1252
1253
1254
1255
1256
1257
1258
1259
1260
1261
1262
1263
1264
1265
1266
1267
1268
1269
1270
1272
1274
1275
1276
1277
1280
1282
1283
1284
1285
1286
1287
1289
1290
1291
1292
1293
1296
1298
1300
1303
1304
1305
1306
1307
1308
1309
1310
1311
1312
1314
1317
1321
1322
1323
1324
1329
1330
1331
1333
1334
1337
1338
1339
1341
1342
1343
1344
1345
1346
1347
1348
1349
1350
1351
1352
1353
1354
1356
1357
1358
1359
1360
1361
1362
1364
1366
1371
1372
1373
1374
1375
1376
1378
1379
1380
1381
1382
1383
1384
1385
1386
1387
1389
1390
1394
1396
1397
1399
1403
1406
1407
1408
1409
1410
1411
1414
1416
1417
1418
1420
1421
1422
1423
1424
1429
1432
1433
1434
1435
1439
1441
1442
1445
1448
1449
1452
1456
1459
1469
1496
1497
1506
1558
1561
1562
1564
1565
1574
1585
1598
1599
1601
1604
1608
1610
1629
1632
1633
1634
1635
1636
1637
1638
1639
1640
1641
1642
1643
1649
1651
1652
1653
1654
1655
1656
1657
1658
1660
1661
1662
1664
1666
1667
1669
1670
1672
1673
1674
1676
1677
1678
1679
1681
1682
1684
1685
1686
1687
1688
1689
1690
1691
1693
1696
1697
1699
1704
1706
1713
1715
1716
1719
1720
1722
1727
1731
1733
1734
1735
1736
1738
1739
1744
1747
1748
1749
1754
1756
1757
1758
1759
1760
1761
1763
1778
1779
1781
1784
1785
1786
1790
1791
1792
1793
1794
1798
1800
1804
1816
1817
1818
1820
1821
1825
1828
1832
