702
671
1046
425
867
448
520
956
413
707
124
533
419
61
607
420
732
935
424
1510
99
697
751
889
475
524
446
445
601
881
1068
17
591
1199
1015
918
316
706
916
846
773
477
529
1126
434
914
712
589
825
53
306
214
1000
602
220
522
64
539
701
479
1045
534
518
15
535
872
9
519
512
755
700
442
1070
100
1014
824
400
44
437
318
1309
474
1030
160
73
498
698
1047
1551
657
11
411
1456
438
135
915
1246
1159
161
103
309
693
486
1021
826
1527
8
128
530
514
97
478
865
513
260
312
433
440
235
1497
612
457
319
510
321
58
212
1066
699
1031
480
435
237
605
521
292
603
1117
1517
21
412
423
501
317
1002
608
856
500
670
891
1204
692
1127
167
430
527
302
485
735
101
1009
213
320
129
229
484
458
1181
691
125
1122
234
845
431
1049
868
827
1140
1001
1003
193
94
194
301
917
277
499
89
410
1509
476
662
12
1141
490
783
1201
1048
758
196
541
1553
528
14
415
1044
153
432
233
26
470
409
197
35
148
1091
377
78
278
154
1248
1039
1225
1349
305
926
736
517
373
210
428
649
750
42
443
127
232
611
132
444
523
613
126
599
1195
633
37
133
75
502
303
80
3
269
973
66
784
1111
221
421
429
279
166
1256
195
1255
497
72
1237
55
91
1226
102
1263
775
29
69
545
427
858
862
1548
1591
544
184
546
927
206
1566
441
1521
850
119
538
1034
375
439
307
515
134
270
376
219
488
404
516
59
644
761
851
60
7
379
494
1133
1508
71
451
236
88
62
1139
647
669
422
216
880
1056
1178
1190
293
690
890
223
244
245
257
339
343
350
351
354
566
1069
1121
1295
294
632
363
187
27
1389
1495
1411
1471
1445
1400
1448
509
1421
1408
1558
1475
1432
1628
1649
1373
1427
1372
1368
1416
1623
1371
1391
1378
1423
1387
1570
1481
1641
1439
1409
1601
1379
1418
1370
1358
1410
1468
1401
1470
1479
1441
1472
1430
1390
1040
1413
1405
1633
1402
1383
1361
1602
573
1487
575
1357
615
1367
1431
1557
719
1605
1496
1473
1486
1424
1485
637
1032
1437
1433
1420
525
526
791
1419
1652
1494
1640
1429
1438
1474
1428
1642
895
1406
1469
1236
1404
769
834
1388
162
1381
606
747
52
313
228
1646
169
1593
1005
1013
104
1498
1490
1491
1606
733
1200
933
211
1619
1062
1610
1396
1061
1574
941
489
1515
1518
756
866
531
536
1376
1073
1653
752
704
1453
1192
1193
1638
1650
1632
532
731
718
1025
1360
1580
43
1007
1024
636
1636
925
630
1398
1019
1554
1555
703
1183
829
830
1634
666
1179
1170
1394
1572
951
481
592
1516
896
899
163
138
627
366
1124
911
631
843
847
290
311
308
336
323
614
511
449
689
1635
192
1018
1257
668
1528
1116
1511
1265
1385
1412
1417
1125
1042
849
741
143
543
1245
1004
597
897
898
900
902
1160
1452
137
1615
447
1011
1377
584
585
586
942
1186
1187
165
365
766
854
1037
508
1285
1286
1345
417
837
971
972
991
993
4
130
683
156
274
1386
367
737
1214
1444
1541
642
77
646
743
859
861
903
964
1022
1182
1229
1308
1425
1513
68
107
638
665
1077
1239
1561
869
870
871
1363
1369
1374
1375
1380
1382
1399
1407
1447
1462
1463
1464
1466
1467
1477
1480
1493
1654
1655
1658
1659
831
1287
1317
1318
1320
1451
1564
41
109
324
688
894
906
908
954
1268
118
131
180
189
201
247
266
289
300
340
341
353
355
357
641
658
776
785
844
848
852
904
1006
1035
1054
1058
1123
1135
1137
1241
1253
1301
1322
1325
1326
1327
1549
28
48
54
79
84
136
186
256
284
337
344
352
717
962
1422
1426
110
117
175
261
264
275
349
496
648
661
728
754
877
882
892
952
967
969
998
1152
1173
1304
1316
23
25
70
93
105
112
139
145
198
217
248
249
250
255
263
287
347
359
372
426
542
551
552
554
558
564
567
568
569
570
598
604
610
778
779
782
806
836
855
912
959
1113
1136
1247
1384
1460
1465
1476
1482
1483
1484
1604
87
116
146
157
158
226
265
271
304
342
356
374
450
454
456
459
461
462
463
464
466
468
482
594
616
645
651
660
722
753
762
780
781
796
840
853
857
860
961
1057
1059
1072
1079
1088
1092
1156
1180
1189
1234
1243
1289
1302
1364
1454
1478
1504
1526
1530
1531
1532
1536
39
111
149
150
252
262
332
360
378
455
553
556
563
577
579
681
748
757
950
965
1033
1041
1145
1151
1215
1250
1276
1303
1350
1351
1352
1353
1503
1507
1524
0
1
2
5
6
10
13
16
18
19
20
22
24
30
31
32
33
34
36
38
40
45
46
47
49
50
51
56
57
63
65
67
74
76
81
82
83
85
86
90
92
95
96
98
106
108
113
114
115
120
121
122
123
140
141
142
144
147
151
152
155
159
164
168
170
171
172
173
174
176
177
178
179
181
182
183
185
188
190
191
199
200
202
203
204
205
207
208
209
215
218
222
224
225
227
230
231
238
239
240
241
242
243
246
251
253
254
258
259
267
268
272
273
276
280
281
282
283
285
286
288
291
295
296
297
298
299
310
314
315
322
325
326
327
328
329
330
331
333
334
335
338
345
346
348
358
361
362
364
368
369
370
371
380
381
382
383
384
385
386
387
388
389
390
391
392
393
394
395
396
397
398
399
401
402
403
405
406
407
408
414
416
418
436
452
453
460
465
467
469
471
472
473
483
487
491
492
493
495
503
504
505
506
507
537
540
547
548
549
550
555
557
559
560
561
562
565
571
572
574
576
578
580
581
582
583
587
588
590
593
595
596
600
609
617
618
619
620
621
622
623
624
625
626
628
629
634
635
639
640
643
650
652
653
654
655
656
659
663
664
667
672
673
674
675
676
677
678
679
680
682
684
685
686
687
694
695
696
705
708
709
710
711
713
714
715
716
720
721
723
724
725
726
727
729
730
734
738
739
740
742
744
745
746
749
759
760
763
764
765
767
768
770
771
772
774
777
786
787
788
789
790
792
793
794
795
797
798
799
800
801
802
803
804
805
807
808
809
810
811
812
813
814
815
816
817
818
819
820
821
822
823
828
832
833
835
838
839
841
842
863
864
873
874
875
876
878
879
883
884
885
886
887
888
893
901
905
907
909
910
913
919
920
921
922
923
924
928
929
930
931
932
934
936
937
938
939
940
943
944
945
946
947
948
949
953
955
957
958
960
963
966
968
970
974
975
976
977
978
979
980
981
982
983
984
985
986
987
988
989
990
992
994
995
996
997
999
1008
1010
1012
1016
1017
1020
1023
1026
1027
1028
1029
1036
1038
1043
1050
1051
1052
1053
1055
1060
1063
1064
1065
1067
1071
1074
1075
1076
1078
1080
1081
1082
1083
1084
1085
1086
1087
1089
1090
1093
1094
1095
1096
1097
1098
1099
1100
1101
1102
1103
1104
1105
1106
1107
1108
1109
1110
1112
1114
1115
1118
1119
1120
1128
1129
1130
1131
1132
1134
1138
1142
1143
1144
1146
1147
1148
1149
1150
1153
1154
1155
1157
1158
1161
1162
1163
1164
1165
1166
1167
1168
1169
1171
1172
1174
1175
1176
1177
1184
1185
1188
1191
1194
1196
1197
1198
1202
1203
1205
1206
1207
1208
1209
1210
1211
1212
1213
1216
1217
1218
1219
1220
1221
1222
1223
1224
1227
1228
1230
1231
1232
1233
1235
1238
1240
1242
1244
1249
1251
1252
1254
1258
1259
1260
1261
1262
1264
1266
1267
1269
1270
1271
1272
1273
1274
1275
1277
1278
1279
1280
1281
1282
1283
1284
1288
1290
1291
1292
1293
1294
1296
1297
1298
1299
1300
1305
1306
1307
1310
1311
1312
1313
1314
1315
1319
1321
1323
1324
1328
1329
1330
1331
1332
1333
1334
1335
1336
1337
1338
1339
1340
1341
1342
1343
1344
1346
1347
1348
1354
1355
1356
1359
1362
1365
1366
1392
1393
1395
1397
1403
1414
1415
1434
1435
1436
1440
1442
1443
1446
1449
1450
1455
1457
1458
1459
1461
1488
1489
1492
1499
1500
1501
1502
1505
1506
1512
1514
1519
1520
1522
1523
1525
1529
1533
1534
1535
1537
1538
1539
1540
1542
1543
1544
1545
1546
1547
1550
1552
1556
1559
1560
1562
1563
1565
1567
1568
1569
1571
1573
1575
1576
1577
1578
1579
1581
1582
1583
1584
1585
1586
1587
1588
1589
1590
1592
1594
1595
1596
1597
1598
1599
1600
1603
1607
1608
1609
1611
1612
1613
1614
1616
1617
1618
1620
1621
1622
1624
1625
1626
1627
1629
1630
1631
1637
1639
1643
1644
1645
1647
1648
1651
1656
1657
1660
1661
