2691
2704
2724
2465
2644
2707
2460
2638
2639
2445
2687
2375
2473
2455
2399
1235
1500
1987
1236
2305
2324
1233
2709
2725
2386
2729
2706
2614
2685
827
2701
2686
1237
2657
1234
2461
2643
2357
2663
2365
2355
2056
2641
2634
2418
829
2393
2351
83
2453
2366
2728
2312
2383
2363
1302
2392
2272
2690
2248
2314
2390
2380
2352
2323
2382
2698
2313
2456
2367
2402
2332
2404
2727
2435
2403
1474
1469
2470
2633
2481
2290
2384
2344
1570
2353
2735
2715
2281
2439
1493
2726
2322
2713
2692
2379
2368
2451
2406
2370
2342
2682
2335
2684
2648
2218
390
2480
2389
2307
2356
2316
2391
2436
2395
2214
101
2311
2243
1732
2619
2407
2479
546
2336
2304
2642
2329
2419
2443
2442
2315
2346
2267
2298
1584
2463
681
1672
2631
2334
2449
2215
2362
2372
2413
2246
2440
2387
1079
1720
2452
2477
2276
902
2396
2613
2271
804
2251
2414
2371
2308
2359
2444
2454
2405
2309
2345
2611
2662
1488
2317
2719
2661
2610
2320
2708
810
1389
2331
2410
66
2471
2244
2377
717
337
2289
2321
2330
2441
1966
2250
2273
2609
2401
2369
2416
1797
2731
2269
2099
1358
2293
660
1192
2394
2737
1651
2280
388
1999
413
2326
2302
2279
1494
2469
322
548
2400
2288
771
2354
1708
2116
2300
2303
2409
139
2360
2343
131
1646
2376
2378
198
2338
2734
2325
2472
2640
888
1140
589
2381
1078
2531
2664
844
92
2478
2660
1200
2291
484
95
1746
2339
37
959
2412
2417
1202
1338
184
2347
35
1996
395
1429
2350
107
2219
2462
1710
2738
2292
2265
513
2705
2459
271
209
2434
743
894
108
1130
2002
2577
389
2415
532
2464
2580
2530
889
2348
471
1817
826
2398
215
2606
2286
84
688
2247
447
196
1153
391
828
2072
694
93
646
2264
861
1699
1252
2333
544
2340
1850
2101
2672
564
1529
185
338
1650
2296
393
2048
67
85
2374
9
148
63
903
2468
2739
91
379
645
2518
1745
1014
722
2683
2554
2411
718
109
487
368
98
200
2466
744
340
830
1253
465
649
931
2285
382
1114
2196
562
773
1814
2385
616
1619
192
29
426
2740
613
2364
2525
23
612
1339
1328
524
1621
39
1435
399
141
384
2528
592
806
1705
892
1164
298
726
1433
90
290
772
1334
1623
2076
49
1335
234
246
371
851
1919
112
1016
715
2168
505
73
466
238
850
504
167
757
1811
317
2733
470
1084
410
692
181
723
102
499
890
103
1552
1739
299
291
1145
48
407
549
1818
992
130
2098
1277
331
957
1113
1347
2191
264
123
220
357
756
25
1178
1300
2581
595
1738
26
120
133
1378
1384
1695
728
88
2493
1406
396
1251
394
255
1012
1124
690
768
149
1635
2005
2119
652
1151
56
1418
57
406
70
284
355
2060
75
333
348
408
526
529
2529
531
186
174
266
901
1072
1828
295
634
1736
2171
2426
51
81
146
304
324
474
636
1911
78
963
1737
2532
24
316
520
614
622
955
1046
28
281
335
527
2091
99
361
1407
171
259
312
387
602
666
713
1015
1137
1471
43
47
117
497
811
898
956
1330
1833
2431
2476
214
301
1914
159
166
479
1221
245
315
376
423
431
689
977
1403
1409
1533
1554
2165
143
385
774
2669
22
36
55
208
236
265
679
727
803
976
1065
1212
1295
0
45
124
263
282
419
475
493
498
508
609
632
724
812
1209
1361
1456
1661
2617
41
116
173
195
216
268
287
309
429
442
482
510
637
657
759
1900
2208
21
72
89
111
248
252
256
260
270
272
273
289
297
308
483
568
961
2132
2164
2557
2588
2678
1
3
15
18
19
74
76
125
129
132
135
136
138
218
222
230
233
702
1993
1591
1572
1600
2736
1594
1592
1557
1601
1603
825
1401
1571
1578
1201
1298
1948
2568
2073
1232
1388
1580
1590
1569
2057
1581
639
8
1588
1501
1579
1639
1644
1888
1628
1364
1414
2361
2319
2556
547
2257
2045
2277
349
1583
1607
342
2274
1366
1636
1158
1960
1627
1304
2425
86
1733
1585
2258
1606
2630
1597
1631
1640
871
1616
1595
2438
1596
605
1671
2608
341
788
1057
2373
1432
1853
876
2607
2658
1625
1902
2066
2067
1138
1613
693
1530
6
1589
13
770
1611
1612
1815
1649
1576
2014
545
2615
2702
1573
1575
1844
610
2651
1417
875
1421
1622
1851
2064
201
1141
1642
638
2095
1593
1614
650
1626
1740
1868
1871
1967
2130
10
703
704
887
1109
1329
1675
1994
1995
2120
2500
27
1037
1499
1462
1634
1823
1875
2283
7
860
1511
79
1091
1117
648
1310
1424
1577
1849
1859
1918
2710
2711
969
14
603
968
1587
1867
175
1157
1303
1618
2582
2659
2730
2732
203
210
212
1416
2526
64
145
356
691
944
1405
1430
1431
1434
1473
1711
1794
1907
1959
2062
2266
34
46
147
197
332
334
343
409
502
535
543
552
553
556
557
621
776
784
817
819
859
936
1053
1268
1269
1396
1404
1436
1437
1598
1599
1602
1604
1605
1608
1609
1610
1667
1796
1857
1876
1922
2086
2087
2088
2193
2328
2717
5
38
106
127
202
206
207
374
488
530
551
641
668
886
893
950
1052
1105
1210
1211
1438
1476
1479
1536
1586
1696
1703
1707
2113
2137
2190
2306
2388
2427
2527
2579
2635
2636
2667
2696
2714
2716
31
71
183
586
687
820
852
899
1115
1135
1217
1467
1582
1802
1845
2084
2457
2533
2539
2712
2
4
11
12
16
17
20
30
32
33
40
42
44
50
52
53
54
58
59
60
61
62
65
68
69
77
80
82
87
94
96
97
100
104
105
110
113
114
115
118
119
121
122
126
128
134
137
140
142
144
150
151
152
153
154
155
156
157
158
160
161
162
163
164
165
168
169
170
172
176
177
178
179
180
182
187
188
189
190
191
193
194
199
204
205
211
213
217
219
221
223
224
225
226
227
228
229
231
232
235
237
239
240
241
242
243
244
247
249
250
251
253
254
257
258
261
262
267
269
274
275
276
277
278
279
280
283
285
286
288
292
293
294
296
300
302
303
305
306
307
310
311
313
314
318
319
320
321
323
325
326
327
328
329
330
336
339
344
345
346
347
350
351
352
353
354
358
359
360
362
363
364
365
366
367
369
370
372
373
375
377
378
380
381
383
386
392
397
398
400
401
402
403
404
405
411
412
414
415
416
417
418
420
421
422
424
425
427
428
430
432
433
434
435
436
437
438
439
440
441
443
444
445
446
448
449
450
451
452
453
454
455
456
457
458
459
460
461
462
463
464
467
468
469
472
473
476
477
478
480
481
485
486
489
490
491
492
494
495
496
500
501
503
506
507
509
511
512
514
515
516
517
518
519
521
522
523
525
528
533
534
536
537
538
539
540
541
542
550
554
555
558
559
560
561
563
565
566
567
569
570
571
572
573
574
575
576
577
578
579
580
581
582
583
584
585
587
588
590
591
593
594
596
597
598
599
600
601
604
606
607
608
611
615
617
618
619
620
623
624
625
626
627
628
629
630
631
633
635
640
642
643
644
647
651
653
654
655
656
658
659
661
662
663
664
665
667
669
670
671
672
673
674
675
676
677
678
680
682
683
684
685
686
695
696
697
698
699
700
701
705
706
707
708
709
710
711
712
714
716
719
720
721
725
729
730
731
732
733
734
735
736
737
738
739
740
741
742
745
746
747
748
749
750
751
752
753
754
755
758
760
761
762
763
764
765
766
767
769
775
777
778
779
780
781
782
783
785
786
787
789
790
791
792
793
794
795
796
797
798
799
800
801
802
805
807
808
809
813
814
815
816
818
821
822
823
824
831
832
833
834
835
836
837
838
839
840
841
842
843
845
846
847
848
849
853
854
855
856
857
858
862
863
864
865
866
867
868
869
870
872
873
874
877
878
879
880
881
882
883
884
885
891
895
896
897
900
904
905
906
907
908
909
910
911
912
913
914
915
916
917
918
919
920
921
922
923
924
925
926
927
928
929
930
932
933
934
935
937
938
939
940
941
942
943
945
946
947
948
949
951
952
953
954
958
960
962
964
965
966
967
970
971
972
973
974
975
978
979
980
981
982
983
984
985
986
987
988
989
990
991
993
994
995
996
997
998
999
1000
1001
1002
1003
1004
1005
1006
1007
1008
1009
1010
1011
1013
1017
1018
1019
1020
1021
1022
1023
1024
1025
1026
1027
1028
1029
1030
1031
1032
1033
1034
1035
1036
1038
1039
1040
1041
1042
1043
1044
1045
1047
1048
1049
1050
1051
1054
1055
1056
1058
1059
1060
1061
1062
1063
1064
1066
1067
1068
1069
1070
1071
1073
1074
1075
1076
1077
1080
1081
1082
1083
1085
1086
1087
1088
1089
1090
1092
1093
1094
1095
1096
1097
1098
1099
1100
1101
1102
1103
1104
1106
1107
1108
1110
1111
1112
1116
1118
1119
1120
1121
1122
1123
1125
1126
1127
1128
1129
1131
1132
1133
1134
1136
1139
1142
1143
1144
1146
1147
1148
1149
1150
1152
1154
1155
1156
1159
1160
1161
1162
1163
1165
1166
1167
1168
1169
1170
1171
1172
1173
1174
1175
1176
1177
1179
1180
1181
1182
1183
1184
1185
1186
1187
1188
1189
1190
1191
1193
1194
1195
1196
1197
1198
1199
1203
1204
1205
1206
1207
1208
1213
1214
1215
1216
1218
1219
1220
1222
1223
1224
1225
1226
1227
1228
1229
1230
1231
1238
1239
1240
1241
1242
1243
1244
1245
1246
1247
1248
1249
1250
1254
1255
1256
1257
1258
1259
1260
1261
1262
1263
1264
1265
1266
1267
1270
1271
1272
1273
1274
1275
1276
1278
1279
1280
1281
1282
1283
1284
1285
1286
1287
1288
1289
1290
1291
1292
1293
1294
1296
1297
1299
1301
1305
1306
1307
1308
1309
1311
1312
1313
1314
1315
1316
1317
1318
1319
1320
1321
1322
1323
1324
1325
1326
1327
1331
1332
1333
1336
1337
1340
1341
1342
1343
1344
1345
1346
1348
1349
1350
1351
1352
1353
1354
1355
1356
1357
1359
1360
1362
1363
1365
1367
1368
1369
1370
1371
1372
1373
1374
1375
1376
1377
1379
1380
1381
1382
1383
1385
1386
1387
1390
1391
1392
1393
1394
1395
1397
1398
1399
1400
1402
1408
1410
1411
1412
1413
1415
1419
1420
1422
1423
1425
1426
1427
1428
1439
1440
1441
1442
1443
1444
1445
1446
1447
1448
1449
1450
1451
1452
1453
1454
1455
1457
1458
1459
1460
1461
1463
1464
1465
1466
1468
1470
1472
1475
1477
1478
1480
1481
1482
1483
1484
1485
1486
1487
1489
1490
1491
1492
1495
1496
1497
1498
1502
1503
1504
1505
1506
1507
1508
1509
1510
1512
1513
1514
1515
1516
1517
1518
1519
1520
1521
1522
1523
1524
1525
1526
1527
1528
1531
1532
1534
1535
1537
1538
1539
1540
1541
1542
1543
1544
1545
1546
1547
1548
1549
1550
1551
1553
1555
1556
1558
1559
1560
1561
1562
1563
1564
1565
1566
1567
1568
1574
1615
1617
1620
1624
1629
1630
1632
1633
1637
1638
1641
1643
1645
1647
1648
1652
1653
1654
1655
1656
1657
1658
1659
1660
1662
1663
1664
1665
1666
1668
1669
1670
1673
1674
1676
1677
1678
1679
1680
1681
1682
1683
1684
1685
1686
1687
1688
1689
1690
1691
1692
1693
1694
1697
1698
1700
1701
1702
1704
1706
1709
1712
1713
1714
1715
1716
1717
1718
1719
1721
1722
1723
1724
1725
1726
1727
1728
1729
1730
1731
1734
1735
1741
1742
1743
1744
1747
1748
1749
1750
1751
1752
1753
1754
1755
1756
1757
1758
1759
1760
1761
1762
1763
1764
1765
1766
1767
1768
1769
1770
1771
1772
1773
1774
1775
1776
1777
1778
1779
1780
1781
1782
1783
1784
1785
1786
1787
1788
1789
1790
1791
1792
1793
1795
1798
1799
1800
1801
1803
1804
1805
1806
1807
1808
1809
1810
1812
1813
1816
1819
1820
1821
1822
1824
1825
1826
1827
1829
1830
1831
1832
1834
1835
1836
1837
1838
1839
1840
1841
1842
1843
1846
1847
1848
1852
1854
1855
1856
1858
1860
1861
1862
1863
1864
1865
1866
1869
1870
1872
1873
1874
1877
1878
1879
1880
1881
1882
1883
1884
1885
1886
1887
1889
1890
1891
1892
1893
1894
1895
1896
1897
1898
1899
1901
1903
1904
1905
1906
1908
1909
1910
1912
1913
1915
1916
1917
1920
1921
1923
1924
1925
1926
1927
1928
1929
1930
1931
1932
1933
1934
1935
1936
1937
1938
1939
1940
1941
1942
1943
1944
1945
1946
1947
1949
1950
1951
1952
1953
1954
1955
1956
1957
1958
1961
1962
1963
1964
1965
1968
1969
1970
1971
1972
1973
1974
1975
1976
1977
1978
1979
1980
1981
1982
1983
1984
1985
1986
1988
1989
1990
1991
1992
1997
1998
2000
2001
2003
2004
2006
2007
2008
2009
2010
2011
2012
2013
2015
2016
2017
2018
2019
2020
2021
2022
2023
2024
2025
2026
2027
2028
2029
2030
2031
2032
2033
2034
2035
2036
2037
2038
2039
2040
2041
2042
2043
2044
2046
2047
2049
2050
2051
2052
2053
2054
2055
2058
2059
2061
2063
2065
2068
2069
2070
2071
2074
2075
2077
2078
2079
2080
2081
2082
2083
2085
2089
2090
2092
2093
2094
2096
2097
2100
2102
2103
2104
2105
2106
2107
2108
2109
2110
2111
2112
2114
2115
2117
2118
2121
2122
2123
2124
2125
2126
2127
2128
2129
2131
2133
2134
2135
2136
2138
2139
2140
2141
2142
2143
2144
2145
2146
2147
2148
2149
2150
2151
2152
2153
2154
2155
2156
2157
2158
2159
2160
2161
2162
2163
2166
2167
2169
2170
2172
2173
2174
2175
2176
2177
2178
2179
2180
2181
2182
2183
2184
2185
2186
2187
2188
2189
2192
2194
2195
2197
2198
2199
2200
2201
2202
2203
2204
2205
2206
2207
2209
2210
2211
2212
2213
2216
2217
2220
2221
2222
2223
2224
2225
2226
2227
2228
2229
2230
2231
2232
2233
2234
2235
2236
2237
2238
2239
2240
2241
2242
2245
2249
2252
2253
2254
2255
2256
2259
2260
2261
2262
2263
2268
2270
2275
2278
2282
2284
2287
2294
2295
2297
2299
2301
2310
2318
2327
2337
2341
2349
2358
2397
2408
2420
2421
2422
2423
2424
2428
2429
2430
2432
2433
2437
2446
2447
2448
2450
2458
2467
2474
2475
2482
2483
2484
2485
2486
2487
2488
2489
2490
2491
2492
2494
2495
2496
2497
2498
2499
2501
2502
2503
2504
2505
2506
2507
2508
2509
2510
2511
2512
2513
2514
2515
2516
2517
2519
2520
2521
2522
2523
2524
2534
2535
2536
2537
2538
2540
2541
2542
2543
2544
2545
2546
2547
2548
2549
2550
2551
2552
2553
2555
2558
2559
2560
2561
2562
2563
2564
2565
2566
2567
2569
2570
2571
2572
2573
2574
2575
2576
2578
2583
2584
2585
2586
2587
2589
2590
2591
2592
2593
2594
2595
2596
2597
2598
2599
2600
2601
2602
2603
2604
2605
2612
2616
2618
2620
2621
2622
2623
2624
2625
2626
2627
2628
2629
2632
2637
2645
2646
2647
2649
2650
2652
2653
2654
2655
2656
2665
2666
2668
2670
2671
2673
2674
2675
2676
2677
2679
2680
2681
2688
2689
2693
2694
2695
2697
2699
2700
2703
2718
2720
2721
2722
2723
