1152
1162
1134
1140
1155
239
290
1388
1448
182
621
1127
270
1042
1547
1139
441
1164
1432
1476
637
1145
1136
1131
691
1143
1163
1133
598
1881
283
1766
1150
1020
1130
981
984
84
86
864
268
1147
1115
1123
1121
624
1125
125
1149
323
1138
1738
961
1132
964
515
1122
403
1457
1327
976
949
341
1040
197
397
1877
681
1254
1255
1257
600
1743
131
987
1445
1010
1160
160
193
1528
867
974
551
1120
979
432
690
1253
1256
878
1873
187
1126
661
1119
604
663
965
978
708
648
171
340
535
278
202
1876
1124
172
1129
871
758
248
676
971
866
1008
662
668
276
50
1142
1006
199
136
140
1757
126
1148
975
1112
1128
82
165
1005
386
1117
1446
77
1156
1157
176
787
1500
372
1041
186
1114
411
552
609
170
383
179
154
1333
108
217
665
1258
1137
205
693
191
1159
1113
280
169
294
124
1724
380
1018
203
410
1342
476
1756
1755
827
307
320
122
1259
896
834
1838
138
1777
209
159
1007
1229
605
506
438
1334
1158
164
194
473
747
120
161
1311
308
162
384
135
310
1013
657
673
1118
1527
295
173
1009
1542
1557
331
958
385
279
664
596
1135
554
318
137
405
655
675
1033
1146
158
616
275
1205
1839
553
597
247
413
210
1721
168
579
375
518
378
483
1520
263
319
1153
1173
1244
1380
1412
610
123
387
517
680
55
189
277
404
1515
1144
1561
660
1525
26
731
163
586
293
355
650
1323
1550
399
1346
67
262
467
1024
1501
1503
21
259
260
264
669
1141
117
564
1207
20
41
343
423
461
1230
1322
909
27
107
174
414
757
1726
1727
1732
1734
1735
242
243
659
1413
1725
180
590
685
80
883
890
68
424
1530
60
237
297
525
703
755
875
291
379
422
428
817
1563
1845
218
1202
1842
261
748
850
9
759
870
1189
1565
924
15
56
196
560
1026
1027
1266
1398
1487
1558
849
1021
1526
10
28
156
167
289
313
332
333
335
338
409
444
493
494
544
623
626
629
842
1178
1242
1349
1441
1532
1560
1711
1752
1872
6
51
114
222
312
426
684
768
894
910
915
916
926
1025
1187
1236
1391
1562
49
216
223
363
582
788
882
895
908
1307
1663
116
141
388
619
654
666
677
756
813
814
815
816
861
876
880
885
922
927
934
944
950
951
952
998
1002
1012
1206
1494
1495
1496
1497
1498
1534
1665
1754
1840
88
142
143
144
146
519
845
857
897
945
1310
5
63
213
356
362
524
572
656
739
754
858
874
1389
1513
22
43
201
299
651
707
812
1028
1186
24
48
69
212
219
235
249
250
430
431
433
434
435
437
440
443
527
528
550
636
722
828
1590
1855
1856
1858
1871
1892
2026
1682
1691
1817
1852
1906
1963
1972
2028
1582
1818
1848
1903
1952
1953
1591
1822
1886
1945
2025
1601
1809
1835
2001
1807
1980
1890
1669
2015
1579
1821
1982
1674
1830
1831
1977
1618
1849
1999
1803
2000
1687
1583
1974
1996
1683
2030
1617
1820
1684
1869
1775
1985
1884
1782
1826
1620
1585
1866
1621
1905
1800
1690
1825
1854
1853
1891
2012
1944
1969
1604
1832
1588
1615
1644
1616
1643
1679
1611
1623
1900
1634
601
2021
1802
1804
1673
1685
1610
1473
1628
1671
1680
1625
1799
1998
1836
1885
1639
1790
904
967
972
973
1057
682
1793
1887
1318
1816
1805
1812
1630
1605
983
1874
1632
1627
1768
2013
2029
2027
1672
1896
970
1990
1847
408
1791
986
1587
2014
2006
466
1723
1736
1774
1824
1642
1781
1529
1700
1641
1316
1670
2020
1688
959
1270
370
957
1862
1860
1968
1789
1883
321
74
555
1808
2017
402
1181
980
1810
1640
1678
474
1776
1595
1959
73
532
1624
1508
1626
1850
211
1597
1636
1762
1612
1973
900
744
784
1554
1555
1633
134
1834
152
694
1815
267
271
1442
1863
1234
1888
468
1221
1460
1461
1895
42
1011
1406
1596
1657
1837
1742
204
2002
1185
1833
1475
471
1635
700
2022
292
317
599
617
639
699
1317
516
835
969
1058
1232
1352
1353
1357
1358
1361
272
475
777
946
1320
1338
1340
258
692
968
1015
1458
1459
1731
1829
1851
1870
1897
1955
1956
1960
1967
1978
71
110
111
188
472
642
1747
64
90
281
364
705
706
1696
79
347
445
491
520
538
589
613
710
713
714
733
1319
1780
1846
633
643
1203
1638
1652
1792
8
492
521
577
881
892
966
1297
1313
1384
1409
1444
1514
1538
1539
1559
1573
1647
1708
1947
44
93
95
97
98
109
121
128
149
166
178
184
185
208
214
233
314
327
336
348
390
398
427
442
452
453
460
480
502
530
541
556
565
568
612
649
696
721
745
749
765
769
785
833
846
851
855
859
865
868
912
913
925
956
982
1004
1016
1017
1034
1035
1036
1045
1050
1066
1068
1073
1075
1078
1080
1081
1082
1083
1086
1089
1090
1091
1092
1094
1096
1098
1100
1101
1105
1107
1108
1170
1180
1215
1225
1231
1233
1277
1283
1285
1286
1290
1293
1294
1296
1298
1300
1301
1339
1341
1348
1356
1359
1362
1390
1408
1451
1488
1516
1519
1543
1570
1662
1713
1801
1878
1949
2
7
11
14
29
46
47
57
58
66
148
151
157
175
183
207
215
226
236
238
298
311
339
342
357
358
389
392
396
407
450
454
486
507
509
510
512
513
543
561
562
563
571
607
611
614
622
625
627
628
631
632
671
674
683
689
704
715
736
751
762
772
776
791
792
804
806
807
809
822
823
824
831
853
854
863
869
873
879
891
923
928
930
936
941
988
991
992
1051
1065
1093
1110
1182
1184
1213
1226
1235
1299
1303
1305
1306
1308
1343
1367
1371
1375
1376
1378
1379
1392
1395
1407
1411
1443
1452
1463
1479
1480
1482
1483
1484
1491
1517
1533
1629
1631
1714
1715
1717
1745
1753
1759
1779
1786
1787
1844
1867
1901
12
31
200
244
416
481
496
559
575
595
652
698
719
778
799
800
801
914
1019
1023
1062
1177
1211
1335
1336
1344
1345
1364
1381
1431
2004
0
1
3
4
13
16
17
18
19
23
25
30
32
33
34
35
36
37
38
39
40
45
52
53
54
59
61
62
65
70
72
75
76
78
81
83
85
87
89
91
92
94
96
99
100
101
102
103
104
105
106
112
113
115
118
119
127
129
130
132
133
139
145
147
150
153
155
177
181
190
192
195
198
206
220
221
224
225
227
228
229
230
231
232
234
240
241
245
246
251
252
253
254
255
256
257
265
266
269
273
274
282
284
285
286
287
288
296
300
301
302
303
304
305
306
309
315
316
322
324
325
326
328
329
330
334
337
344
345
346
349
350
351
352
353
354
359
360
361
365
366
367
368
369
371
373
374
376
377
381
382
391
393
394
395
400
401
406
412
415
417
418
419
420
421
425
429
436
439
446
447
448
449
451
455
456
457
458
459
462
463
464
465
469
470
477
478
479
482
484
485
487
488
489
490
495
497
498
499
500
501
503
504
505
508
511
514
522
523
526
529
531
533
534
536
537
539
540
542
545
546
547
548
549
557
558
566
567
569
570
573
574
576
578
580
581
583
584
585
587
588
591
592
593
594
602
603
606
608
615
618
620
630
634
635
638
640
641
644
645
646
647
653
658
667
670
672
678
679
686
687
688
695
697
701
702
709
711
712
716
717
718
720
723
724
725
726
727
728
729
730
732
734
735
737
738
740
741
742
743
746
750
752
753
760
761
763
764
766
767
770
771
773
774
775
779
780
781
782
783
786
789
790
793
794
795
796
797
798
802
803
805
808
810
811
818
819
820
821
825
826
829
830
832
836
837
838
839
840
841
843
844
847
848
852
856
860
862
872
877
884
886
887
888
889
893
898
899
901
902
903
905
906
907
911
917
918
919
920
921
929
931
932
933
935
937
938
939
940
942
943
947
948
953
954
955
960
962
963
977
985
989
990
993
994
995
996
997
999
1000
1001
1003
1014
1022
1029
1030
1031
1032
1037
1038
1039
1043
1044
1046
1047
1048
1049
1052
1053
1054
1055
1056
1059
1060
1061
1063
1064
1067
1069
1070
1071
1072
1074
1076
1077
1079
1084
1085
1087
1088
1095
1097
1099
1102
1103
1104
1106
1109
1111
1116
1151
1154
1161
1165
1166
1167
1168
1169
1171
1172
1174
1175
1176
1179
1183
1188
1190
1191
1192
1193
1194
1195
1196
1197
1198
1199
1200
1201
1204
1208
1209
1210
1212
1214
1216
1217
1218
1219
1220
1222
1223
1224
1227
1228
1237
1238
1239
1240
1241
1243
1245
1246
1247
1248
1249
1250
1251
1252
1260
1261
1262
1263
1264
1265
1267
1268
1269
1271
1272
1273
1274
1275
1276
1278
1279
1280
1281
1282
1284
1287
1288
1289
1291
1292
1295
1302
1304
1309
1312
1314
1315
1321
1324
1325
1326
1328
1329
1330
1331
1332
1337
1347
1350
1351
1354
1355
1360
1363
1365
1366
1368
1369
1370
1372
1373
1374
1377
1382
1383
1385
1386
1387
1393
1394
1396
1397
1399
1400
1401
1402
1403
1404
1405
1410
1414
1415
1416
1417
1418
1419
1420
1421
1422
1423
1424
1425
1426
1427
1428
1429
1430
1433
1434
1435
1436
1437
1438
1439
1440
1447
1449
1450
1453
1454
1455
1456
1462
1464
1465
1466
1467
1468
1469
1470
1471
1472
1474
1477
1478
1481
1485
1486
1489
1490
1492
1493
1499
1502
1504
1505
1506
1507
1509
1510
1511
1512
1518
1521
1522
1523
1524
1531
1535
1536
1537
1540
1541
1544
1545
1546
1548
1549
1551
1552
1553
1556
1564
1566
1567
1568
1569
1571
1572
1574
1575
1576
1577
1578
1580
1581
1584
1586
1589
1592
1593
1594
1598
1599
1600
1602
1603
1606
1607
1608
1609
1613
1614
1619
1622
1637
1645
1646
1648
1649
1650
1651
1653
1654
1655
1656
1658
1659
1660
1661
1664
1666
1667
1668
1675
1676
1677
1681
1686
1689
1692
1693
1694
1695
1697
1698
1699
1701
1702
1703
1704
1705
1706
1707
1709
1710
1712
1716
1718
1719
1720
1722
1728
1729
1730
1733
1737
1739
1740
1741
1744
1746
1748
1749
1750
1751
1758
1760
1761
1763
1764
1765
1767
1769
1770
1771
1772
1773
1778
1783
1784
1785
1788
1794
1795
1796
1797
1798
1806
1811
1813
1814
1819
1823
1827
1828
1841
1843
1857
1859
1861
1864
1865
1868
1875
1879
1880
1882
1889
1893
1894
1898
1899
1902
1904
1907
1908
1909
1910
1911
1912
1913
1914
1915
1916
1917
1918
1919
1920
1921
1922
1923
1924
1925
1926
1927
1928
1929
1930
1931
1932
1933
1934
1935
1936
1937
1938
1939
1940
1941
1942
1943
1946
1948
1950
1951
1954
1957
1958
1961
1962
1964
1965
1966
1970
1971
1975
1976
1979
1981
1983
1984
1986
1987
1988
1989
1991
1992
1993
1994
1995
1997
2003
2005
2007
2008
2009
2010
2011
2016
2018
2019
2023
2024
