843
835
845
669
670
355
573
1320
500
1095
398
579
907
672
1212
259
538
994
501
40
100
99
178
503
768
60
461
297
320
177
180
626
569
837
179
292
1255
965
567
115
314
243
9
98
124
79
81
414
685
258
1089
122
67
125
620
711
146
97
48
840
502
289
85
139
109
1007
410
176
568
186
839
357
86
372
43
37
25
110
319
114
164
196
119
182
892
290
371
976
353
121
202
61
15
810
104
185
756
113
171
354
135
58
65
157
886
459
806
1039
537
1088
667
75
219
108
642
130
368
397
1044
317
10
909
144
173
356
112
458
1119
1120
601
838
1076
304
737
1201
20
105
2
535
64
221
59
1059
47
225
743
559
470
106
363
3
102
107
230
239
1241
223
961
5
49
268
199
152
741
143
12
744
1010
836
539
163
181
220
376
564
590
333
608
740
329
641
978
1223
616
17
605
574
614
369
148
1
95
536
916
159
377
156
162
628
987
946
209
615
155
66
24
386
596
696
224
864
690
462
758
860
141
525
249
592
375
589
828
208
1018
190
201
817
831
988
709
218
706
986
1017
89
360
364
366
367
412
426
517
852
856
857
861
862
863
865
867
872
908
979
981
1118
1198
1244
1245
217
399
508
930
1324
868
54
222
389
145
1191
1144
1329
1315
1287
1259
1307
1317
1179
1330
1340
1277
1286
1169
1356
782
1354
1152
1175
727
1369
716
1190
1192
1180
1177
1137
1263
1188
726
719
1327
1332
1290
1138
1310
1370
1161
729
1168
1167
1149
1283
1187
725
1165
1163
717
1143
1337
1172
1371
1142
1157
1326
1306
1139
647
1309
728
783
1265
1154
1363
1350
1366
1284
1170
1141
722
889
1174
1365
1038
409
1124
1173
1351
1276
1328
126
1318
120
811
35
38
927
718
715
117
942
1294
1291
172
436
128
132
1280
131
1009
413
465
1325
269
193
41
649
1300
1028
1214
1215
1011
1272
490
1112
1171
527
910
1282
358
1257
1258
270
42
1027
1111
1229
652
1268
45
129
443
1162
1219
324
651
958
586
22
23
96
153
452
1295
138
1155
572
784
936
1220
759
1164
83
123
373
1116
1117
62
227
451
0
133
1092
161
441
710
941
911
1256
291
540
943
959
1003
1090
1091
1109
1267
1296
57
154
361
585
645
705
915
1311
21
142
575
1158
1321
621
44
248
262
381
416
720
378
625
634
891
1209
1211
7
296
306
935
250
775
1147
1269
1338
328
484
593
613
619
635
686
966
1316
842
1331
1357
6
8
14
246
576
750
751
1115
1313
1319
1348
1368
76
168
183
195
228
298
351
352
370
384
931
1281
267
323
1234
150
210
516
580
583
668
671
673
676
677
683
1042
1297
1298
1299
295
300
382
511
609
765
777
873
964
968
1231
1235
240
340
391
402
457
597
603
607
612
624
752
755
879
1058
1087
1099
1345
103
252
299
415
480
548
587
618
653
1021
1062
1080
1081
1082
197
212
226
229
293
334
380
388
395
406
433
434
531
533
643
754
781
901
1073
1166
1176
1178
1189
1292
1346
1358
1367
26
80
82
84
88
149
184
238
251
305
307
346
362
400
439
474
492
497
521
524
594
598
721
767
821
823
824
830
844
878
928
974
1033
1040
1102
1260
52
74
87
90
187
198
211
244
261
287
288
301
327
347
405
407
464
466
467
468
469
475
485
493
512
542
543
553
554
556
558
560
571
595
630
663
674
675
679
681
695
698
704
707
713
733
761
764
772
809
841
849
882
898
899
900
903
904
905
919
922
937
947
948
950
951
952
962
977
992
1000
1006
1043
1045
1057
1069
1079
1128
1153
1208
1210
1216
1228
1240
1305
1343
1347
1359
1361
28
29
31
33
51
70
73
191
192
204
206
260
309
310
350
359
365
379
408
420
422
435
437
438
453
454
455
460
495
496
505
506
513
515
529
530
541
552
561
562
565
640
644
680
682
760
762
813
833
834
858
869
870
874
875
890
896
897
906
913
921
934
939
970
972
973
975
980
989
996
997
1002
1013
1016
1022
1049
1050
1052
1053
1054
1074
1101
1105
1106
1107
1122
1123
1126
1130
1132
1136
1159
1182
1186
1197
1222
1248
1252
1261
1270
1275
1293
1302
1303
1323
1334
1353
1364
4
11
13
16
18
19
27
30
32
34
36
39
46
50
53
55
56
63
68
69
71
72
77
78
91
92
93
94
101
111
116
118
127
134
136
137
140
147
151
158
160
165
166
167
169
170
174
175
188
189
194
200
203
205
207
213
214
215
216
231
232
233
234
235
236
237
241
242
245
247
253
254
255
256
257
263
264
265
266
271
272
273
274
275
276
277
278
279
280
281
282
283
284
285
286
294
302
303
308
311
312
313
315
316
318
321
322
325
326
330
331
332
335
336
337
338
339
341
342
343
344
345
348
349
374
383
385
387
390
392
393
394
396
401
403
404
411
417
418
419
421
423
424
425
427
428
429
430
431
432
440
442
444
445
446
447
448
449
450
456
463
471
472
473
476
477
478
479
481
482
483
486
487
488
489
491
494
498
499
504
507
509
510
514
518
519
520
522
523
526
528
532
534
544
545
546
547
549
550
551
555
557
563
566
570
577
578
581
582
584
588
591
599
600
602
604
606
610
611
617
622
623
627
629
631
632
633
636
637
638
639
646
648
650
654
655
656
657
658
659
660
661
662
664
665
666
678
684
687
688
689
691
692
693
694
697
699
700
701
702
703
708
712
714
723
724
730
731
732
734
735
736
738
739
742
745
746
747
748
749
753
757
763
766
769
770
771
773
774
776
778
779
780
785
786
787
788
789
790
791
792
793
794
795
796
797
798
799
800
801
802
803
804
805
807
808
812
814
815
816
818
819
820
822
825
826
827
829
832
846
847
848
850
851
853
854
855
859
866
871
876
877
880
881
883
884
885
887
888
893
894
895
902
912
914
917
918
920
923
924
925
926
929
932
933
938
940
944
945
949
953
954
955
956
957
960
963
967
969
971
982
983
984
985
990
991
993
995
998
999
1001
1004
1005
1008
1012
1014
1015
1019
1020
1023
1024
1025
1026
1029
1030
1031
1032
1034
1035
1036
1037
1041
1046
1047
1048
1051
1055
1056
1060
1061
1063
1064
1065
1066
1067
1068
1070
1071
1072
1075
1077
1078
1083
1084
1085
1086
1093
1094
1096
1097
1098
1100
1103
1104
1108
1110
1113
1114
1121
1125
1127
1129
1131
1133
1134
1135
1140
1145
1146
1148
1150
1151
1156
1160
1181
1183
1184
1185
1193
1194
1195
1196
1199
1200
1202
1203
1204
1205
1206
1207
1213
1217
1218
1221
1224
1225
1226
1227
1230
1232
1233
1236
1237
1238
1239
1242
1243
1246
1247
1249
1250
1251
1253
1254
1262
1264
1266
1271
1273
1274
1278
1279
1285
1288
1289
1301
1304
1308
1312
1314
1322
1333
1335
1336
1339
1341
1342
1344
1349
1352
1355
1360
1362
1372
