1745
122
991
1000
855
1099
1760
1364
1557
1522
1768
2581
269
1366
223
259
190
1512
278
639
1463
273
1411
1471
1472
1473
405
1499
1520
284
548
645
1442
207
2016
1347
1335
1239
2718
1351
2074
2012
1247
545
1326
674
306
563
990
811
1758
767
546
1462
2119
1505
308
1344
1296
650
1328
1339
301
1466
1478
1483
197
1501
1340
1353
1330
1342
2081
2582
1524
571
559
276
1872
1341
544
1281
1336
324
212
1966
319
1348
325
1332
285
568
2071
1523
631
2098
638
188
1153
641
2697
557
2720
1526
655
1447
567
738
2721
1517
71
1500
264
960
1333
1056
115
582
266
1357
260
323
1338
776
1358
1058
272
763
1659
1502
120
1439
220
2609
1323
322
646
1657
1327
867
672
678
1337
1189
742
1516
203
1508
1210
1363
1324
1356
329
1329
1334
1156
2073
1355
1155
210
1661
1575
1354
199
271
1506
1154
1452
331
143
320
552
1454
642
315
1134
2014
937
575
283
1468
1484
303
471
658
350
643
100
561
2580
215
312
333
1222
1078
2072
446
18
1256
1349
753
1345
1408
194
287
560
307
1616
1444
833
699
421
289
1511
514
1513
1497
376
447
2196
15
267
1331
1365
299
189
2018
13
167
648
1221
739
640
843
305
195
549
196
5
542
427
842
1301
61
191
202
1869
1032
1518
601
834
98
2531
1249
311
317
114
1933
211
165
268
316
1074
914
67
1485
2013
539
1236
505
1414
1615
101
1631
1560
2567
2568
104
235
1360
282
1429
808
58
192
346
551
270
1656
931
355
438
1415
1469
840
861
898
309
1658
420
68
501
412
2719
594
778
1359
277
1220
185
760
1094
1539
779
256
2556
429
1537
1891
1191
2109
932
344
2085
761
1064
495
691
1002
310
2188
129
2734
1676
1773
435
94
1043
1218
1887
743
1229
187
1899
798
764
959
1096
1614
1864
318
198
823
321
99
226
159
2120
342
510
1558
1389
647
133
636
1039
1569
2699
974
1732
1346
434
286
88
327
381
193
2001
386
1834
54
208
296
1662
1038
1316
29
119
617
59
494
1228
328
1401
93
411
265
83
496
759
37
499
1948
1811
452
290
1694
1413
2644
2560
354
2110
795
755
521
2112
347
1217
1652
555
766
831
832
828
2649
1496
258
1269
874
1140
1260
1193
771
448
433
936
97
66
453
1765
2089
221
141
787
127
1665
1306
907
365
524
693
1467
1470
1479
410
775
174
1634
868
2090
432
2416
304
353
168
131
966
169
455
897
1244
78
492
754
1041
170
275
1873
378
484
1082
70
145
134
377
95
389
2533
1238
902
458
1865
986
56
217
1080
565
1052
1248
1219
449
1801
1416
369
341
610
348
703
2008
2011
73
668
1546
1922
1068
343
748
1480
1201
36
910
461
150
1057
1635
2569
540
1142
368
10
292
970
291
1477
1988
173
470
1912
947
528
485
659
896
142
1012
19
263
314
2086
1309
139
118
1670
60
175
459
1216
2002
516
965
616
457
1029
710
1427
1307
1258
2643
526
1808
1311
252
255
302
992
993
1835
1412
770
946
476
967
1481
465
1027
146
951
1787
1482
623
335
176
1362
1698
245
1702
2035
254
809
952
1788
1906
860
534
1774
394
598
758
905
1986
472
1127
69
962
1128
1464
895
2638
858
909
656
728
2628
128
969
2571
246
863
23
443
1756
1955
2107
250
375
1265
249
334
553
725
274
483
409
477
1643
1538
1686
445
2181
2774
637
702
975
613
9
1857
34
1917
437
887
2193
866
715
569
570
573
574
1830
2526
2215
200
508
622
1465
527
1235
773
1079
1785
1250
408
683
2650
721
91
474
293
1283
493
1945
89
625
680
984
752
2619
430
475
1654
1279
1700
1767
564
781
1170
248
1395
2551
612
797
749
1225
2
356
1208
1684
244
1424
1204
1918
2003
2147
466
481
1818
2433
2434
372
660
859
451
77
135
467
2094
2775
385
723
1251
232
857
1555
1805
373
1898
422
535
886
140
513
872
65
87
530
1461
2143
1271
1425
550
635
1129
1905
63
1101
1669
630
864
50
138
371
1008
1431
682
733
80
116
262
692
1731
1770
2097
2219
2655
92
336
395
532
1299
1683
1695
1921
4
6
17
76
85
428
440
782
1133
1973
75
172
363
498
651
804
1125
1214
1474
1726
2431
2625
1
400
912
1050
1640
2698
20
130
500
547
664
852
885
976
1504
1515
654
661
734
865
1042
1503
1764
2010
2651
90
444
541
629
1294
1410
1813
1952
2114
2155
2419
21
25
382
511
971
988
1047
1139
1300
1422
1803
253
572
724
783
913
2763
2439
2759
2765
2758
2760
2359
2768
2787
2667
2792
2350
2404
2460
2484
2500
2716
2444
2486
2487
2358
2478
2483
2512
2320
2762
2389
2448
2319
2510
2269
2337
2761
2499
2710
2754
2479
2276
2447
2376
2344
2496
2314
2489
2785
2354
2375
2438
2271
2289
2385
2505
2246
2380
2474
2365
2306
2254
2342
2455
2300
2267
2766
2341
2711
2383
2343
2388
2335
2681
2442
2338
2458
2456
2516
2340
2349
2326
2291
2506
2675
2507
2331
2441
2488
2293
2357
2327
2498
2673
2303
2260
2356
2315
2677
2374
2257
2355
2361
2680
2513
2491
2665
2794
2482
2381
2777
2493
2325
2451
2322
2348
2470
2256
2400
2472
2497
2399
2278
2755
2372
2304
2317
2485
2403
2757
2379
2753
2245
2669
2333
2282
2406
2253
2336
2714
1343
2234
2740
2258
2346
2495
2324
2492
2437
2511
2279
1180
2465
2471
2280
1525
2742
2390
2393
2722
2396
2255
2724
2347
2367
2371
2248
2288
2329
2378
2387
2453
2308
2351
2244
2391
2386
2795
2382
2401
2290
2281
2272
2270
2362
2239
1350
2231
2445
2752
1325
1519
2466
2232
2452
2353
2311
1507
2268
2310
2670
2283
2397
2262
2477
2402
2384
2395
665
1831
2250
2242
2334
1577
2508
2299
349
1880
2657
2392
2369
1387
2312
1636
2360
2407
2454
2277
1003
1458
673
1729
2273
1833
2309
2313
108
2042
2307
2305
2292
2473
2494
2265
2735
2366
2259
2274
2502
2364
1440
757
2440
2449
2266
1453
2339
1576
1632
2462
2287
2537
2446
1097
2656
938
939
2630
2741
2469
2237
1540
597
2332
1315
2751
1934
2243
504
2284
313
1886
1854
1181
1624
1706
1707
1709
2481
2236
2501
2352
1025
1423
2241
2321
1509
2249
366
604
2252
1996
1705
2083
603
2682
102
2459
2194
1629
121
1379
1382
1383
1385
1584
2063
2515
595
178
413
605
1455
736
106
772
2213
968
1800
431
1715
1902
153
1033
1445
30
1672
1802
989
836
1417
2092
746
177
1420
829
838
1031
2323
1419
1862
204
209
214
2184
1784
2165
2238
2557
2770
747
1179
1182
1697
611
839
848
1376
1456
228
846
1852
1628
1866
837
2561
1714
1620
2264
2457
345
1107
1920
1459
2146
1987
1570
2251
744
1690
2696
2709
279
1449
1881
1618
1957
1377
802
849
2548
566
164
181
2240
330
1024
2743
31
675
732
901
1223
2692
745
819
1373
1374
2558
740
751
602
1310
1648
2363
2736
1211
55
480
1060
1586
2140
2645
609
1106
2694
157
536
943
964
1275
1703
756
820
340
357
454
730
107
230
750
961
1022
1183
1829
1929
2191
2585
2668
124
507
512
1571
1673
2036
2113
2161
2562
2564
2565
442
491
576
580
671
737
926
2037
2088
2642
1863
1969
2043
2418
137
251
473
790
934
973
994
1040
1126
1213
1915
2192
2275
2298
367
618
624
667
2576
2729
35
518
841
1023
1545
1716
1720
2713
788
2639
1145
1396
1436
1777
1890
2173
2187
2549
2563
222
155
419
543
581
695
825
1059
1171
1205
1215
1451
1949
163
393
407
983
1044
1108
1241
1403
1430
1476
1722
1884
1913
1914
1916
2624
123
300
462
844
945
1053
1234
1434
1457
2093
2302
229
439
1055
1111
1322
1487
1779
1935
2050
2575
12
33
503
824
1119
1158
1646
1810
1839
1876
1901
1931
2522
2626
2633
2712
213
247
294
688
727
835
889
891
1016
1017
1066
1369
1392
1541
1562
1568
1585
1874
1961
2091
2149
2206
2521
2577
57
86
298
441
450
529
698
794
803
1252
1380
1384
1527
1544
1639
1885
1968
2057
2058
2059
2573
144
149
364
464
537
777
821
1188
1556
1623
1675
1737
2040
2070
2534
2566
2685
44
81
109
362
383
387
497
690
714
722
729
735
741
796
955
1006
1037
1100
1206
1207
1404
1407
1437
1438
1645
1651
1653
1712
1992
2020
2115
2138
2159
2167
2186
2217
2468
2532
2579
22
26
49
105
117
132
148
154
156
166
171
201
218
233
238
280
332
401
425
436
456
460
468
479
488
590
620
666
677
681
731
765
774
780
800
810
869
871
883
890
958
985
995
996
1021
1054
1076
1115
1117
1130
1138
1141
1150
1160
1245
1280
1282
1317
1378
1381
1402
1486
1510
1532
1543
1553
1627
1630
1664
1711
1713
1725
1738
1740
1741
1746
1747
1752
1753
1754
1755
1761
1763
1775
1782
1790
1798
1840
1855
1953
1962
1963
1970
1977
2044
2052
2056
2095
2116
2156
2164
2185
2211
2212
2216
2286
2547
2588
2589
2595
2601
2602
2604
2612
2623
2641
2663
2691
28
53
297
478
522
593
679
706
707
888
904
911
915
918
919
923
933
987
1011
1091
1121
1135
1137
1261
1262
1270
1272
1305
1521
1533
1579
1582
1583
1612
1701
1832
1836
1842
1843
1845
1848
1850
1851
1856
1894
1907
1926
2021
2054
2069
2166
2168
2170
2432
2490
2504
2541
2688
2747
0
3
7
8
11
14
16
24
27
32
38
39
40
41
42
43
45
46
47
48
51
52
62
64
72
74
79
82
84
96
103
110
111
112
113
125
126
136
147
151
152
158
160
161
162
179
180
182
183
184
186
205
206
216
219
224
225
227
231
234
236
237
239
240
241
242
243
257
261
281
288
295
326
337
338
339
351
352
358
359
360
361
370
374
379
380
384
388
390
391
392
396
397
398
399
402
403
404
406
414
415
416
417
418
423
424
426
463
469
482
486
487
489
490
502
506
509
515
517
519
520
523
525
531
533
538
554
556
558
562
577
578
579
583
584
585
586
587
588
589
591
592
596
599
600
606
607
608
614
615
619
621
626
627
628
632
633
634
644
649
652
653
657
662
663
669
670
676
684
685
686
687
689
694
696
697
700
701
704
705
708
709
711
712
713
716
717
718
719
720
726
762
768
769
784
785
786
789
791
792
793
799
801
805
806
807
812
813
814
815
816
817
818
822
826
827
830
845
847
850
851
853
854
856
862
870
873
875
876
877
878
879
880
881
882
884
892
893
894
899
900
903
906
908
916
917
920
921
922
924
925
927
928
929
930
935
940
941
942
944
948
949
950
953
954
956
957
963
972
977
978
979
980
981
982
997
998
999
1001
1004
1005
1007
1009
1010
1013
1014
1015
1018
1019
1020
1026
1028
1030
1034
1035
1036
1045
1046
1048
1049
1051
1061
1062
1063
1065
1067
1069
1070
1071
1072
1073
1075
1077
1081
1083
1084
1085
1086
1087
1088
1089
1090
1092
1093
1095
1098
1102
1103
1104
1105
1109
1110
1112
1113
1114
1116
1118
1120
1122
1123
1124
1131
1132
1136
1143
1144
1146
1147
1148
1149
1151
1152
1157
1159
1161
1162
1163
1164
1165
1166
1167
1168
1169
1172
1173
1174
1175
1176
1177
1178
1184
1185
1186
1187
1190
1192
1194
1195
1196
1197
1198
1199
1200
1202
1203
1209
1212
1224
1226
1227
1230
1231
1232
1233
1237
1240
1242
1243
1246
1253
1254
1255
1257
1259
1263
1264
1266
1267
1268
1273
1274
1276
1277
1278
1284
1285
1286
1287
1288
1289
1290
1291
1292
1293
1295
1297
1298
1302
1303
1304
1308
1312
1313
1314
1318
1319
1320
1321
1352
1361
1367
1368
1370
1371
1372
1375
1386
1388
1390
1391
1393
1394
1397
1398
1399
1400
1405
1406
1409
1418
1421
1426
1428
1432
1433
1435
1441
1443
1446
1448
1450
1460
1475
1488
1489
1490
1491
1492
1493
1494
1495
1498
1514
1528
1529
1530
1531
1534
1535
1536
1542
1547
1548
1549
1550
1551
1552
1554
1559
1561
1563
1564
1565
1566
1567
1572
1573
1574
1578
1580
1581
1587
1588
1589
1590
1591
1592
1593
1594
1595
1596
1597
1598
1599
1600
1601
1602
1603
1604
1605
1606
1607
1608
1609
1610
1611
1613
1617
1619
1621
1622
1625
1626
1633
1637
1638
1641
1642
1644
1647
1649
1650
1655
1660
1663
1666
1667
1668
1671
1674
1677
1678
1679
1680
1681
1682
1685
1687
1688
1689
1691
1692
1693
1696
1699
1704
1708
1710
1717
1718
1719
1721
1723
1724
1727
1728
1730
1733
1734
1735
1736
1739
1742
1743
1744
1748
1749
1750
1751
1757
1759
1762
1766
1769
1771
1772
1776
1778
1780
1781
1783
1786
1789
1791
1792
1793
1794
1795
1796
1797
1799
1804
1806
1807
1809
1812
1814
1815
1816
1817
1819
1820
1821
1822
1823
1824
1825
1826
1827
1828
1837
1838
1841
1844
1846
1847
1849
1853
1858
1859
1860
1861
1867
1868
1870
1871
1875
1877
1878
1879
1882
1883
1888
1889
1892
1893
1895
1896
1897
1900
1903
1904
1908
1909
1910
1911
1919
1923
1924
1925
1927
1928
1930
1932
1936
1937
1938
1939
1940
1941
1942
1943
1944
1946
1947
1950
1951
1954
1956
1958
1959
1960
1964
1965
1967
1971
1972
1974
1975
1976
1978
1979
1980
1981
1982
1983
1984
1985
1989
1990
1991
1993
1994
1995
1997
1998
1999
2000
2004
2005
2006
2007
2009
2015
2017
2019
2022
2023
2024
2025
2026
2027
2028
2029
2030
2031
2032
2033
2034
2038
2039
2041
2045
2046
2047
2048
2049
2051
2053
2055
2060
2061
2062
2064
2065
2066
2067
2068
2075
2076
2077
2078
2079
2080
2082
2084
2087
2096
2099
2100
2101
2102
2103
2104
2105
2106
2108
2111
2117
2118
2121
2122
2123
2124
2125
2126
2127
2128
2129
2130
2131
2132
2133
2134
2135
2136
2137
2139
2141
2142
2144
2145
2148
2150
2151
2152
2153
2154
2157
2158
2160
2162
2163
2169
2171
2172
2174
2175
2176
2177
2178
2179
2180
2182
2183
2189
2190
2195
2197
2198
2199
2200
2201
2202
2203
2204
2205
2207
2208
2209
2210
2214
2218
2220
2221
2222
2223
2224
2225
2226
2227
2228
2229
2230
2233
2235
2247
2261
2263
2285
2294
2295
2296
2297
2301
2316
2318
2328
2330
2345
2368
2370
2373
2377
2394
2398
2405
2408
2409
2410
2411
2412
2413
2414
2415
2417
2420
2421
2422
2423
2424
2425
2426
2427
2428
2429
2430
2435
2436
2443
2450
2461
2463
2464
2467
2475
2476
2480
2503
2509
2514
2517
2518
2519
2520
2523
2524
2525
2527
2528
2529
2530
2535
2536
2538
2539
2540
2542
2543
2544
2545
2546
2550
2552
2553
2554
2555
2559
2570
2572
2574
2578
2583
2584
2586
2587
2590
2591
2592
2593
2594
2596
2597
2598
2599
2600
2603
2605
2606
2607
2608
2610
2611
2613
2614
2615
2616
2617
2618
2620
2621
2622
2627
2629
2631
2632
2634
2635
2636
2637
2640
2646
2647
2648
2652
2653
2654
2658
2659
2660
2661
2662
2664
2666
2671
2672
2674
2676
2678
2679
2683
2684
2686
2687
2689
2690
2693
2695
2700
2701
2702
2703
2704
2705
2706
2707
2708
2715
2717
2723
2725
2726
2727
2728
2730
2731
2732
2733
2737
2738
2739
2744
2745
2746
2748
2749
2750
2756
2764
2767
2769
2771
2772
2773
2776
2778
2779
2780
2781
2782
2783
2784
2786
2788
2789
2790
2791
2793
2796
